Ship_data/Irminger/Irminger-1/ctd/process/dkn22104001.cnv
* Sea-Bird SBE 9 Data File:
* FileName = C:\Data\ctd\KN22104001.hdr
* Software Version Seasave V 7.21k
* Temperature SN = 4195
* Conductivity SN = 2147
* Number of Bytes Per Scan = 40
* Number of Voltage Words = 5
* Number of Scans Averaged by the Deck Unit = 1
* NMEA Latitude = 62 06.42 N
* NMEA Longitude = 031 22.90 W
* NMEA UTC (Time) = Sep 08 2014 11:39:06
** KN221-03 Chief Scientist: Bob Pickart
** OSNAP August 2014
** Station: 001
** Knudsen Depth: 2401
# nquan = 19
# nvalues = 1488                        
# units = specified
# name 0 = prDM: Pressure, Digiquartz [db]
# name 1 = t090C: Temperature [ITS-90, deg C]
# name 2 = t190C: Temperature, 2 [ITS-90, deg C]
# name 3 = c0S/m: Conductivity [S/m]
# name 4 = c1S/m: Conductivity, 2 [S/m]
# name 5 = sbeox0V: Oxygen raw, SBE 43 [V]
# name 6 = flECO-AFL: Fluorescence, WET Labs ECO-AFL/FL [mg/m^3]
# name 7 = CStarAt0: Beam Attenuation, WET Labs C-Star [1/m]
# name 8 = sbeox0ML/L: Oxygen, SBE 43 [ml/l]
# name 9 = depSM: Depth [salt water, m], lat = 62.107
# name 10 = sal00: Salinity, Practical [PSU]
# name 11 = sal11: Salinity, Practical, 2 [PSU]
# name 12 = svDM: Sound Velocity [Delgrosso, m/s]
# name 13 = sbeox0ML/L: Oxygen, SBE 43 [ml/l], WS = 2
# name 14 = density00: Density [density, Kg/m^3]
# name 15 = density11: Density, 2 [density, Kg/m^3]
# name 16 = dz/dtM: Descent Rate [m/s], WS = 2
# name 17 = oxsatML/L: Oxygen Saturation, Weiss [ml/l]
# name 18 = flag: flag
# span 0 =      3.029,   1509.879       
# span 1 =     3.6505,    10.9402       
# span 2 =     3.6493,    10.9470       
# span 3 =   3.277961,   3.880888       
# span 4 =   3.278105,   3.881914       
# span 5 =     1.8795,     2.6835       
# span 6 =     0.0100,     1.5411       
# span 7 =     0.0847,     0.3930       
# span 8 =    5.89342,    7.20063       
# span 9 =      3.000,   1490.000       
# span 10 =    34.7935,    35.0448      
# span 11 =    34.7977,    35.0473      
# span 12 =    1475.32,    1493.07      
# span 13 =    5.89327,    7.20034      
# span 14 =  1026.6639,  1034.7104      
# span 15 =  1026.6664,  1034.7130      
# span 16 =     -0.188,      1.459      
# span 17 =    6.19701,    7.32944      
# span 18 = 0.0000e+00, 0.0000e+00      
# interval = meters: 1                  
# start_time = Sep 08 2014 11:39:06 [NMEA time, header]
# bad_flag = -9.990e-29
*END*
[from data line 762]
    773.850     3.9562     3.9555   3.279001   3.279188     2.1425     0.0233     0.0878    6.41252    765.000    34.9129    34.9158    1478.77    6.41235  1031.2965  1031.2988      1.339    7.27571 0.0000e+00
    774.864     3.9563     3.9558   3.279062   3.279214     2.1483     0.0226     0.0870    6.43601    766.000    34.9130    34.9154    1478.79    6.43585  1031.3011  1031.3031      1.299    7.27569 0.0000e+00
    775.877     3.9564     3.9557   3.279098   3.279245     2.1142     0.0338     0.0873    6.30407    767.000    34.9128    34.9153    1478.80    6.30391  1031.3057  1031.3077      1.101    7.27568 0.0000e+00
    776.891     3.9554     3.9544   3.279035   3.279170     2.1633     0.0360     0.0874    6.49636    768.000    34.9126    34.9152    1478.82    6.49620  1031.3102  1031.3125      0.841    7.27587 0.0000e+00
    777.904     3.9554     3.9549   3.278751   3.279246     2.1178     0.0440     0.0873    6.32038    769.000    34.9087    34.9152    1478.83    6.32022  1031.3118  1031.3170      0.814    7.27606 0.0000e+00
    778.918     3.9559     3.9548   3.279185   3.279301     2.1506     0.0307     0.0872    6.44846    770.000    34.9128    34.9153    1478.85    6.44830  1031.3197  1031.3218      0.909    7.27578 0.0000e+00
    779.931     3.9581     3.9571   3.279466   3.279571     2.1089     0.0224     0.0878    6.28681    771.000    34.9133    34.9155    1478.88    6.28665  1031.3245  1031.3263      1.013    7.27536 0.0000e+00
    780.945     3.9580     3.9571   3.279508   3.279642     2.1785     0.0273     0.0870    6.55820    772.000    34.9134    34.9159    1478.89    6.55803  1031.3291  1031.3312      1.173    7.27537 0.0000e+00
    781.958     3.9571     3.9560   3.279476   3.279611     2.1309     0.0348     0.0872    6.37402    773.000    34.9134    34.9162    1478.91    6.37386  1031.3339  1031.3362      1.259    7.27553 0.0000e+00
    782.972     3.9556     3.9546   3.279385   3.279528     2.0920     0.0348     0.0880    6.22365    774.000    34.9134    34.9161    1478.92    6.22350  1031.3387  1031.3409      1.206    7.27580 0.0000e+00
    783.985     3.9542     3.9532   3.279297   3.279426     2.1349     0.0348     0.0871    6.39171    775.000    34.9133    34.9159    1478.93    6.39155  1031.3435  1031.3457      0.991    7.27606 0.0000e+00
    784.999     3.9527     3.9518   3.279202   3.279337     2.1262     0.0420     0.0869    6.35922    776.000    34.9132    34.9157    1478.94    6.35906  1031.3481  1031.3503      0.720    7.27632 0.0000e+00
    786.012     3.9513     3.9504   3.279113   3.279247     2.1398     0.0283     0.0869    6.41291    777.000    34.9131    34.9157    1478.95    6.41275  1031.3530  1031.3551      0.783    7.27658 0.0000e+00
    787.026     3.9499     3.9489   3.279057   3.279182     2.1653     0.0352     0.0869    6.51354    778.000    34.9134    34.9160    1478.96    6.51337  1031.3580  1031.3601      1.162    7.27681 0.0000e+00
    788.039     3.9504     3.9496   3.279162   3.279316     2.0969     0.0348     0.0869    6.24772    779.000    34.9136    34.9163    1478.98    6.24756  1031.3627  1031.3650      1.361    7.27671 0.0000e+00
    789.053     3.9500     3.9493   3.279156   3.279311     2.1663     0.0355     0.0869    6.51925    780.000    34.9135    34.9160    1478.99    6.51909  1031.3673  1031.3694      1.350    7.27680 0.0000e+00
    790.066     3.9501     3.9494   3.279215   3.279362     2.1102     0.0238     0.0869    6.30139    781.000    34.9135    34.9160    1479.01    6.30123  1031.3719  1031.3740      1.166    7.27677 0.0000e+00
    791.080     3.9500     3.9498   3.279242   3.279442     2.1052     0.0337     0.0870    6.28260    782.000    34.9134    34.9160    1479.03    6.28244  1031.3765  1031.3787      0.898    7.27679 0.0000e+00
    792.093     3.9509     3.9507   3.279376   3.279577     2.1142     0.0357     0.0869    6.31858    783.000    34.9135    34.9161    1479.05    6.31842  1031.3812  1031.3832      0.802    7.27664 0.0000e+00
    793.107     3.9523     3.9515   3.279572   3.279741     2.1510     0.0390     0.0872    6.46262    784.000    34.9139    34.9166    1479.07    6.46245  1031.3859  1031.3882      0.941    7.27637 0.0000e+00
    794.120     3.9506     3.9494   3.279458   3.279561     2.1021     0.0412     0.0876    6.27287    785.000    34.9137    34.9162    1479.08    6.27271  1031.3906  1031.3928      1.045    7.27667 0.0000e+00
    795.134     3.9500     3.9492   3.279437   3.279586     2.1499     0.0231     0.0870    6.46044    786.000    34.9136    34.9163    1479.09    6.46027  1031.3953  1031.3975      1.079    7.27679 0.0000e+00
    796.147     3.9500     3.9491   3.279470   3.279623     2.1460     0.0226     0.0869    6.44574    787.000    34.9135    34.9163    1479.11    6.44558  1031.3999  1031.4021      1.053    7.27680 0.0000e+00
    797.161     3.9493     3.9486   3.279456   3.279611     2.1032     0.0241     0.0869    6.27985    788.000    34.9136    34.9161    1479.12    6.27969  1031.4047  1031.4067      0.972    7.27692 0.0000e+00
    798.174     3.9493     3.9486   3.279495   3.279644     2.1512     0.0319     0.0869    6.46794    789.000    34.9135    34.9160    1479.14    6.46777  1031.4092  1031.4113      0.943    7.27693 0.0000e+00
    799.188     3.9501     3.9493   3.279624   3.279770     2.1383     0.0225     0.0869    6.41825    790.000    34.9137    34.9162    1479.16    6.41809  1031.4139  1031.4160      1.072    7.27678 0.0000e+00
    800.202     3.9498     3.9488   3.279653   3.279768     2.1003     0.0226     0.0869    6.27111    791.000    34.9138    34.9161    1479.17    6.27096  1031.4187  1031.4207      1.167    7.27682 0.0000e+00
    801.215     3.9522     3.9516   3.279967   3.280117     2.1360     0.0355     0.0869    6.41073    792.000    34.9144    34.9168    1479.20    6.41057  1031.4235  1031.4254      1.087    7.27635 0.0000e+00
    802.229     3.9523     3.9515   3.280032   3.280182     2.1414     0.0240     0.0872    6.43254    793.000    34.9146    34.9172    1479.22    6.43237  1031.4282  1031.4304      0.852    7.27634 0.0000e+00
    803.242     3.9524     3.9516   3.280081   3.280230     2.1153     0.0266     0.0870    6.33150    794.000    34.9145    34.9172    1479.24    6.33134  1031.4327  1031.4351      0.807    7.27632 0.0000e+00
    804.256     3.9520     3.9512   3.280094   3.280245     2.1327     0.0311     0.0869    6.40034    795.000    34.9146    34.9172    1479.25    6.40018  1031.4376  1031.4397      1.083    7.27639 0.0000e+00
    805.270     3.9512     3.9502   3.280066   3.280191     2.1393     0.0243     0.0869    6.42712    796.000    34.9146    34.9171    1479.26    6.42695  1031.4423  1031.4445      1.258    7.27654 0.0000e+00
    806.283     3.9489     3.9483   3.279880   3.280068     2.1036     0.0357     0.0869    6.28905    797.000    34.9143    34.9171    1479.27    6.28889  1031.4470  1031.4492      1.265    7.27696 0.0000e+00
    807.297     3.9484     3.9475   3.279881   3.280025     2.1115     0.0348     0.0872    6.32083    798.000    34.9143    34.9169    1479.28    6.32067  1031.4517  1031.4539      1.120    7.27705 0.0000e+00
    808.310     3.9481     3.9472   3.279896   3.280025     2.1242     0.0352     0.0869    6.37120    799.000    34.9142    34.9167    1479.30    6.37104  1031.4563  1031.4584      0.877    7.27710 0.0000e+00
    809.324     3.9480     3.9472   3.279930   3.280070     2.1332     0.0265     0.0870    6.40726    800.000    34.9142    34.9168    1479.32    6.40710  1031.4609  1031.4631      0.754    7.27712 0.0000e+00
    810.338     3.9470     3.9461   3.279879   3.280018     2.1049     0.0349     0.0869    6.29775    801.000    34.9142    34.9168    1479.33    6.29759  1031.4657  1031.4679      0.828    7.27731 0.0000e+00
    811.351     3.9450     3.9441   3.279743   3.279877     2.1365     0.0353     0.0870    6.42241    802.000    34.9141    34.9167    1479.34    6.42225  1031.4706  1031.4728      1.028    7.27766 0.0000e+00
    812.365     3.9435     3.9425   3.279661   3.279794     2.1254     0.0299     0.0869    6.37998    803.000    34.9143    34.9168    1479.35    6.37982  1031.4755  1031.4777      1.194    7.27793 0.0000e+00
    813.379     3.9429     3.9420   3.279652   3.279773     2.1049     0.0252     0.0869    6.30072    804.000    34.9142    34.9166    1479.36    6.30056  1031.4801  1031.4822      1.254    7.27803 0.0000e+00
    814.392     3.9427     3.9418   3.279680   3.279814     2.1358     0.0351     0.0869    6.42277    805.000    34.9142    34.9167    1479.38    6.42260  1031.4849  1031.4869      1.209    7.27806 0.0000e+00
    815.406     3.9427     3.9418   3.279712   3.279854     2.1097     0.0365     0.0869    6.32130    806.000    34.9141    34.9167    1479.39    6.32114  1031.4894  1031.4916      1.096    7.27808 0.0000e+00
    816.419     3.9418     3.9409   3.279675   3.279807     2.1330     0.0353     0.0869    6.41330    807.000    34.9141    34.9166    1479.41    6.41314  1031.4941  1031.4962      0.999    7.27824 0.0000e+00
    817.433     3.9412     3.9402   3.279661   3.279786     2.1133     0.0244     0.0869    6.33751    808.000    34.9141    34.9166    1479.42    6.33735  1031.4988  1031.5010      0.893    7.27835 0.0000e+00
    818.447     3.9404     3.9395   3.279639   3.279761     2.1551     0.0345     0.0869    6.50202    809.000    34.9140    34.9165    1479.43    6.50185  1031.5035  1031.5056      0.719    7.27848 0.0000e+00
    819.460     3.9402     3.9394   3.279661   3.279803     2.0949     0.0353     0.0869    6.26734    810.000    34.9140    34.9166    1479.45    6.26718  1031.5082  1031.5103      0.843    7.27852 0.0000e+00
    820.474     3.9403     3.9393   3.279718   3.279853     2.1315     0.0354     0.0869    6.41122    811.000    34.9141    34.9167    1479.47    6.41106  1031.5129  1031.5150      1.081    7.27850 0.0000e+00
    821.488     3.9394     3.9384   3.279680   3.279805     2.1017     0.0404     0.0869    6.29572    812.000    34.9141    34.9166    1479.48    6.29556  1031.5176  1031.5198      1.217    7.27867 0.0000e+00
    822.501     3.9387     3.9378   3.279664   3.279803     2.0980     0.0451     0.0869    6.28192    813.000    34.9141    34.9166    1479.49    6.28177  1031.5223  1031.5245      1.257    7.27879 0.0000e+00
    823.515     3.9386     3.9377   3.279696   3.279841     2.1458     0.0355     0.0869    6.46985    814.000    34.9140    34.9167    1479.51    6.46969  1031.5270  1031.5292      1.194    7.27881 0.0000e+00
    824.529     3.9386     3.9377   3.279745   3.279886     2.1227     0.0231     0.0869    6.38061    815.000    34.9141    34.9168    1479.53    6.38045  1031.5317  1031.5339      1.047    7.27881 0.0000e+00
    825.543     3.9378     3.9370   3.279725   3.279876     2.0911     0.0449     0.0869    6.25747    816.000    34.9142    34.9169    1479.54    6.25732  1031.5365  1031.5387      0.889    7.27895 0.0000e+00
    826.556     3.9361     3.9353   3.279621   3.279761     2.1380     0.0249     0.0869    6.44231    817.000    34.9142    34.9168    1479.55    6.44215  1031.5413  1031.5435      0.864    7.27924 0.0000e+00
    827.570     3.9355     3.9346   3.279606   3.279749     2.1372     0.0322     0.0869    6.44041    818.000    34.9142    34.9168    1479.56    6.44024  1031.5460  1031.5482      0.969    7.27936 0.0000e+00
    828.584     3.9338     3.9332   3.279509   3.279667     2.1410     0.0269     0.0869    6.45630    819.000    34.9143    34.9168    1479.57    6.45614  1031.5509  1031.5531      1.020    7.27965 0.0000e+00
    829.597     3.9334     3.9327   3.279505   3.279662     2.1407     0.0296     0.0869    6.45617    820.000    34.9141    34.9168    1479.59    6.45601  1031.5555  1031.5577      1.074    7.27973 0.0000e+00
    830.611     3.9335     3.9327   3.279561   3.279709     2.0797     0.0113     0.0869    6.21772    821.000    34.9141    34.9168    1479.60    6.21756  1031.5602  1031.5624      1.158    7.27971 0.0000e+00
    831.625     3.9334     3.9326   3.279593   3.279742     2.1299     0.0376     0.0869    6.41534    822.000    34.9141    34.9167    1479.62    6.41518  1031.5648  1031.5669      1.196    7.27973 0.0000e+00
    832.638     3.9333     3.9325   3.279638   3.279768     2.0948     0.0246     0.0869    6.27869    823.000    34.9143    34.9167    1479.64    6.27853  1031.5696  1031.5715      1.109    7.27975 0.0000e+00
    833.652     3.9335     3.9327   3.279694   3.279841     2.1102     0.0334     0.0869    6.33975    824.000    34.9142    34.9168    1479.65    6.33959  1031.5741  1031.5763      0.897    7.27972 0.0000e+00
    834.666     3.9339     3.9331   3.279778   3.279919     2.1391     0.0233     0.0869    6.45410    825.000    34.9142    34.9168    1479.67    6.45394  1031.5787  1031.5808      0.726    7.27965 0.0000e+00
    835.680     3.9341     3.9332   3.279839   3.279986     2.0903     0.0280     0.0866    6.26338    826.000    34.9143    34.9169    1479.69    6.26322  1031.5834  1031.5856      0.906    7.27961 0.0000e+00
    836.693     3.9342     3.9333   3.279907   3.280043     2.0707     0.0356     0.0869    6.18717    827.000    34.9144    34.9170    1479.71    6.18701  1031.5881  1031.5902      1.153    7.27959 0.0000e+00
    837.707     3.9344     3.9335   3.279969   3.280111     2.1151     0.0348     0.0869    6.36218    828.000    34.9144    34.9170    1479.72    6.36202  1031.5928  1031.5950      1.215    7.27955 0.0000e+00
    838.721     3.9344     3.9335   3.280019   3.280161     2.0958     0.0348     0.0868    6.28725    829.000    34.9145    34.9170    1479.74    6.28710  1031.5974  1031.5996      1.165    7.27955 0.0000e+00
    839.735     3.9338     3.9329   3.280005   3.280158     2.0964     0.0359     0.0869    6.29054    830.000    34.9144    34.9172    1479.75    6.29038  1031.6021  1031.6044      1.135    7.27966 0.0000e+00
    840.748     3.9333     3.9325   3.280025   3.280174     2.1229     0.0360     0.0869    6.39550    831.000    34.9146    34.9172    1479.77    6.39534  1031.6069  1031.6091      1.180    7.27972 0.0000e+00
    841.762     3.9333     3.9324   3.280086   3.280216     2.1217     0.0348     0.0869    6.39152    832.000    34.9149    34.9173    1479.79    6.39136  1031.6118  1031.6138      1.175    7.27973 0.0000e+00
    842.776     3.9350     3.9344   3.280306   3.280463     2.1268     0.0417     0.0869    6.41230    833.000    34.9151    34.9176    1479.81    6.41214  1031.6165  1031.6184      0.971    7.27941 0.0000e+00
    843.790     3.9360     3.9358   3.280446   3.280646     2.1058     0.0329     0.0868    6.33048    834.000    34.9152    34.9178    1479.83    6.33032  1031.6210  1031.6230      0.639    7.27922 0.0000e+00
    844.804     3.9363     3.9355   3.280543   3.280706     2.0707     0.0442     0.0864    6.19336    835.000    34.9155    34.9183    1479.85    6.19320  1031.6259  1031.6281      0.891    7.27915 0.0000e+00
    845.817     3.9357     3.9349   3.280543   3.280683     2.1550     0.0363     0.0867    6.52533    836.000    34.9156    34.9181    1479.86    6.52517  1031.6306  1031.6327      1.182    7.27925 0.0000e+00
    846.831     3.9394     3.9381   3.280979   3.281037     2.0847     0.0348     0.0869    6.24944    837.000    34.9163    34.9184    1479.90    6.24928  1031.6354  1031.6371      1.284    7.27856 0.0000e+00
    847.845     3.9409     3.9401   3.281177   3.281310     2.0777     0.0348     0.0868    6.22262    838.000    34.9166    34.9190    1479.92    6.22246  1031.6400  1031.6420      1.262    7.27828 0.0000e+00
    848.859     3.9399     3.9389   3.281111   3.281294     2.1492     0.0256     0.0869    6.50441    839.000    34.9164    34.9196    1479.93    6.50424  1031.6447  1031.6472      1.156    7.27847 0.0000e+00
    849.873     3.9339     3.9335   3.280588   3.280786     2.0687     0.0312     0.0868    6.18993    840.000    34.9160    34.9187    1479.92    6.18977  1031.6497  1031.6519      1.014    7.27956 0.0000e+00
