Ship_data/Irminger/Irminger-1/ctd/process/dkn22104007.cnv
* Sea-Bird SBE 9 Data File:
* FileName = C:\Data\ctd\KN22104007.hdr
* Software Version Seasave V 7.21k
* Temperature SN = 4195
* Conductivity SN = 2147
* Number of Bytes Per Scan = 40
* Number of Voltage Words = 5
* Number of Scans Averaged by the Deck Unit = 1
* NMEA Latitude = 59 55.13 N
* NMEA Longitude = 039 25.73 W
* NMEA UTC (Time) = Sep 15 2014 15:50:10
** KN221-04 Chief Scientist: Bob Weller
** OOI Irminger Sea Sept. 2014
** Station: 007
** Knudsen Depth: 2737
# nquan = 19
# nvalues = 1476                        
# units = specified
# name 0 = prDM: Pressure, Digiquartz [db]
# name 1 = t090C: Temperature [ITS-90, deg C]
# name 2 = t190C: Temperature, 2 [ITS-90, deg C]
# name 3 = c0S/m: Conductivity [S/m]
# name 4 = c1S/m: Conductivity, 2 [S/m]
# name 5 = sbeox0V: Oxygen raw, SBE 43 [V]
# name 6 = flECO-AFL: Fluorescence, WET Labs ECO-AFL/FL [mg/m^3]
# name 7 = CStarAt0: Beam Attenuation, WET Labs C-Star [1/m]
# name 8 = sbeox0ML/L: Oxygen, SBE 43 [ml/l]
# name 9 = depSM: Depth [salt water, m], lat = 59.9188
# name 10 = sal00: Salinity, Practical [PSU]
# name 11 = sal11: Salinity, Practical, 2 [PSU]
# name 12 = svDM: Sound Velocity [Delgrosso, m/s]
# name 13 = sbeox0ML/L: Oxygen, SBE 43 [ml/l], WS = 2
# name 14 = density00: Density [density, Kg/m^3]
# name 15 = density11: Density, 2 [density, Kg/m^3]
# name 16 = dz/dtM: Descent Rate [m/s], WS = 2
# name 17 = oxsatML/L: Oxygen Saturation, Weiss [ml/l]
# name 18 = flag: flag
# span 0 =     15.143,   1509.620       
# span 1 =     3.4798,     7.8713       
# span 2 =     3.4790,     7.8701       
# span 3 =   3.237224,   3.592994       
# span 4 =   3.237367,   3.593075       
# span 5 =     1.6535,     2.1673       
# span 6 =     0.0018,     1.0725       
# span 7 =     0.0753,     0.3000       
# span 8 =    4.65099,    5.08728       
# span 9 =     15.000,   1490.000       
# span 10 =    34.8125,    34.9227      
# span 11 =    34.8167,    34.9258      
# span 12 =    1469.73,    1488.86      
# span 13 =    4.65088,    5.08717      
# span 14 =  1027.2181,  1034.7136      
# span 15 =  1027.2197,  1034.7159      
# span 16 =     -0.015,      2.084      
# span 17 =    6.63480,    7.36146      
# span 18 = 0.0000e+00, 0.0000e+00      
# interval = meters: 1                  
# start_time = Sep 15 2014 15:50:10 [NMEA time, header]
# bad_flag = -9.990e-29
*END*
[from data line 1372]
   1404.915     3.5800     3.5793   3.273308   3.273476     1.6709     0.0348     0.0760    4.65418   1387.000    34.9222    34.9249    1487.56    4.65407  1034.2268  1034.2291      1.677    7.34314 0.0000e+00
   1405.932     3.5796     3.5789   3.273315   3.273493     1.6709     0.0348     0.0760    4.65483   1388.000    34.9222    34.9251    1487.57    4.65472  1034.2316  1034.2339      1.978    7.34322 0.0000e+00
   1406.948     3.5791     3.5782   3.273309   3.273493     1.6708     0.0348     0.0768    4.65503   1389.000    34.9222    34.9252    1487.59    4.65492  1034.2362  1034.2388      2.084    7.34332 0.0000e+00
   1407.964     3.5772     3.5765   3.273181   3.273377     1.6704     0.0379     0.0769    4.65433   1390.000    34.9221    34.9252    1487.60    4.65422  1034.2410  1034.2435      2.023    7.34366 0.0000e+00
   1408.981     3.5756     3.5748   3.273073   3.273274     1.6701     0.0310     0.0760    4.65386   1391.000    34.9221    34.9253    1487.61    4.65376  1034.2458  1034.2484      1.775    7.34396 0.0000e+00
   1409.997     3.5745     3.5738   3.273009   3.273196     1.6700     0.0257     0.0760    4.65422   1392.000    34.9219    34.9249    1487.62    4.65411  1034.2505  1034.2529      1.201    7.34416 0.0000e+00
   1411.013     3.5756     3.5755   3.273119   3.273341     1.6698     0.0535     0.0761    4.65377   1393.000    34.9216    34.9243    1487.64    4.65366  1034.2546  1034.2568      0.177    7.34398 0.0000e+00
   1412.030     3.5726     3.5719   3.272935   3.273113     1.6698     0.0383     0.0760    4.65481   1394.000    34.9220    34.9249    1487.64    4.65470  1034.2600  1034.2623      1.306    7.34450 0.0000e+00
   1413.046     3.5720     3.5712   3.272928   3.273097     1.6697     0.0402     0.0760    4.65526   1395.000    34.9221    34.9249    1487.66    4.65516  1034.2648  1034.2670      1.300    7.34462 0.0000e+00
   1414.062     3.5705     3.5697   3.272831   3.273012     1.6694     0.0469     0.0764    4.65464   1396.000    34.9220    34.9250    1487.67    4.65453  1034.2694  1034.2719      1.096    7.34488 0.0000e+00
   1415.079     3.5698     3.5691   3.272808   3.272989     1.6692     0.0435     0.0760    4.65456   1397.000    34.9220    34.9249    1487.68    4.65445  1034.2742  1034.2765      0.949    7.34502 0.0000e+00
   1416.095     3.5687     3.5681   3.272751   3.272940     1.6689     0.0349     0.0760    4.65411   1398.000    34.9219    34.9248    1487.69    4.65400  1034.2788  1034.2813      1.048    7.34521 0.0000e+00
   1417.111     3.5681     3.5674   3.272735   3.272916     1.6685     0.0355     0.0760    4.65343   1399.000    34.9219    34.9248    1487.71    4.65332  1034.2836  1034.2859      1.189    7.34533 0.0000e+00
   1418.128     3.5655     3.5648   3.272543   3.272754     1.6685     0.0360     0.0760    4.65444   1400.000    34.9218    34.9251    1487.71    4.65433  1034.2883  1034.2910      1.231    7.34580 0.0000e+00
   1419.144     3.5638     3.5631   3.272419   3.272613     1.6685     0.0348     0.0760    4.65509   1401.000    34.9217    34.9247    1487.72    4.65498  1034.2931  1034.2957      1.163    7.34612 0.0000e+00
   1420.160     3.5632     3.5626   3.272422   3.272601     1.6679     0.0363     0.0760    4.65364   1402.000    34.9218    34.9246    1487.74    4.65353  1034.2979  1034.3002      1.011    7.34622 0.0000e+00
   1421.177     3.5626     3.5619   3.272405   3.272579     1.6680     0.0450     0.0760    4.65452   1403.000    34.9217    34.9245    1487.75    4.65441  1034.3025  1034.3048      0.842    7.34633 0.0000e+00
   1422.193     3.5622     3.5616   3.272404   3.272586     1.6679     0.0361     0.0760    4.65467   1404.000    34.9216    34.9245    1487.77    4.65456  1034.3071  1034.3094      0.751    7.34641 0.0000e+00
   1423.209     3.5616     3.5610   3.272391   3.272575     1.6675     0.0356     0.0765    4.65404   1405.000    34.9216    34.9244    1487.78    4.65393  1034.3118  1034.3141      0.767    7.34653 0.0000e+00
   1424.226     3.5601     3.5594   3.272315   3.272494     1.6675     0.0353     0.0759    4.65458   1406.000    34.9218    34.9247    1487.79    4.65447  1034.3168  1034.3191      1.066    7.34679 0.0000e+00
   1425.242     3.5594     3.5587   3.272299   3.272487     1.6675     0.0355     0.0760    4.65557   1407.000    34.9219    34.9249    1487.81    4.65546  1034.3214  1034.3239      1.359    7.34692 0.0000e+00
   1426.259     3.5588     3.5581   3.272283   3.272466     1.6670     0.0348     0.0760    4.65428   1408.000    34.9219    34.9247    1487.82    4.65417  1034.3262  1034.3285      1.506    7.34703 0.0000e+00
   1427.275     3.5585     3.5578   3.272304   3.272496     1.6672     0.0225     0.0762    4.65554   1409.000    34.9218    34.9249    1487.84    4.65543  1034.3308  1034.3333      1.488    7.34708 0.0000e+00
   1428.292     3.5583     3.5576   3.272323   3.272515     1.6669     0.0375     0.0760    4.65508   1410.000    34.9218    34.9248    1487.85    4.65497  1034.3354  1034.3378      1.283    7.34712 0.0000e+00
   1429.308     3.5566     3.5561   3.272207   3.272421     1.6668     0.0407     0.0761    4.65531   1411.000    34.9217    34.9248    1487.86    4.65520  1034.3401  1034.3427      0.823    7.34743 0.0000e+00
   1430.324     3.5510     3.5504   3.271734   3.271931     1.6663     0.0361     0.0761    4.65469   1412.000    34.9214    34.9244    1487.85    4.65458  1034.3452  1034.3477      0.528    7.34846 0.0000e+00
   1431.341     3.5501     3.5495   3.271706   3.271896     1.6663     0.0312     0.0760    4.65545   1413.000    34.9216    34.9245    1487.87    4.65534  1034.3501  1034.3524      1.167    7.34862 0.0000e+00
   1432.357     3.5487     3.5480   3.271618   3.271816     1.6663     0.0349     0.0760    4.65628   1414.000    34.9216    34.9246    1487.88    4.65617  1034.3549  1034.3574      1.479    7.34888 0.0000e+00
   1433.374     3.5481     3.5475   3.271610   3.271802     1.6662     0.0348     0.0760    4.65667   1415.000    34.9216    34.9245    1487.89    4.65656  1034.3596  1034.3619      1.566    7.34899 0.0000e+00
   1434.390     3.5476     3.5468   3.271592   3.271778     1.6661     0.0355     0.0760    4.65712   1416.000    34.9214    34.9244    1487.91    4.65701  1034.3641  1034.3666      1.423    7.34909 0.0000e+00
   1435.406     3.5465     3.5459   3.271547   3.271739     1.6661     0.0353     0.0760    4.65750   1417.000    34.9215    34.9244    1487.92    4.65739  1034.3689  1034.3712      0.978    7.34928 0.0000e+00
   1436.423     3.5463     3.5458   3.271548   3.271732     1.6653     0.0350     0.0760    4.65533   1418.000    34.9212    34.9240    1487.93    4.65522  1034.3733  1034.3756      0.501    7.34933 0.0000e+00
   1437.439     3.5452     3.5446   3.271507   3.271704     1.6651     0.0425     0.0760    4.65495   1419.000    34.9214    34.9244    1487.95    4.65484  1034.3782  1034.3806      1.087    7.34953 0.0000e+00
   1438.456     3.5435     3.5428   3.271397   3.271590     1.6651     0.0470     0.0760    4.65613   1420.000    34.9214    34.9244    1487.96    4.65602  1034.3831  1034.3855      1.202    7.34984 0.0000e+00
   1439.472     3.5421     3.5414   3.271312   3.271500     1.6651     0.0440     0.0760    4.65670   1421.000    34.9213    34.9243    1487.97    4.65659  1034.3878  1034.3903      1.206    7.35009 0.0000e+00
   1440.489     3.5416     3.5409   3.271306   3.271482     1.6651     0.0344     0.0760    4.65741   1422.000    34.9213    34.9241    1487.98    4.65730  1034.3925  1034.3948      1.191    7.35019 0.0000e+00
   1441.505     3.5412     3.5406   3.271327   3.271507     1.6648     0.0232     0.0760    4.65697   1423.000    34.9214    34.9242    1488.00    4.65686  1034.3972  1034.3994      1.163    7.35024 0.0000e+00
   1442.522     3.5403     3.5396   3.271271   3.271460     1.6643     0.0226     0.0760    4.65561   1424.000    34.9213    34.9242    1488.01    4.65550  1034.4017  1034.4042      1.134    7.35043 0.0000e+00
   1443.538     3.5401     3.5394   3.271297   3.271477     1.6643     0.0226     0.0760    4.65624   1425.000    34.9213    34.9242    1488.03    4.65613  1034.4064  1034.4088      1.137    7.35046 0.0000e+00
   1444.555     3.5393     3.5386   3.271264   3.271445     1.6642     0.0226     0.0760    4.65645   1426.000    34.9212    34.9241    1488.04    4.65634  1034.4111  1034.4135      1.125    7.35061 0.0000e+00
   1445.571     3.5392     3.5386   3.271304   3.271480     1.6639     0.0367     0.0762    4.65621   1427.000    34.9212    34.9241    1488.06    4.65610  1034.4156  1034.4180      0.999    7.35062 0.0000e+00
   1446.588     3.5388     3.5381   3.271299   3.271479     1.6639     0.0466     0.0768    4.65656   1428.000    34.9211    34.9240    1488.07    4.65645  1034.4203  1034.4226      0.714    7.35070 0.0000e+00
   1447.604     3.5375     3.5369   3.271224   3.271407     1.6639     0.0287     0.0760    4.65730   1429.000    34.9211    34.9239    1488.08    4.65719  1034.4250  1034.4274      0.554    7.35094 0.0000e+00
   1448.621     3.5369     3.5361   3.271229   3.271381     1.6637     0.0350     0.0760    4.65728   1430.000    34.9213    34.9240    1488.10    4.65718  1034.4299  1034.4321      0.963    7.35104 0.0000e+00
   1449.637     3.5368     3.5361   3.271260   3.271441     1.6639     0.0355     0.0756    4.65862   1431.000    34.9212    34.9242    1488.11    4.65851  1034.4344  1034.4368      1.358    7.35106 0.0000e+00
   1450.654     3.5363     3.5355   3.271267   3.271451     1.6633     0.0356     0.0760    4.65725   1432.000    34.9214    34.9245    1488.13    4.65714  1034.4392  1034.4418      1.597    7.35115 0.0000e+00
   1451.670     3.5344     3.5336   3.271136   3.271324     1.6632     0.0348     0.0785    4.65765   1433.000    34.9214    34.9244    1488.14    4.65754  1034.4441  1034.4465      1.704    7.35150 0.0000e+00
   1452.687     3.5328     3.5321   3.271050   3.271225     1.6630     0.0357     0.0765    4.65741   1434.000    34.9214    34.9243    1488.15    4.65730  1034.4490  1034.4513      1.692    7.35177 0.0000e+00
   1453.703     3.5341     3.5334   3.271215   3.271385     1.6629     0.0348     0.0760    4.65776   1435.000    34.9216    34.9243    1488.17    4.65766  1034.4535  1034.4557      1.549    7.35154 0.0000e+00
   1454.720     3.5346     3.5339   3.271306   3.271489     1.6627     0.0361     0.0758    4.65717   1436.000    34.9216    34.9245    1488.19    4.65706  1034.4580  1034.4604      1.228    7.35145 0.0000e+00
   1455.736     3.5346     3.5339   3.271341   3.271523     1.6624     0.0293     0.0759    4.65690   1437.000    34.9215    34.9244    1488.20    4.65679  1034.4625  1034.4648      0.565    7.35145 0.0000e+00
   1456.753     3.5341     3.5335   3.271349   3.271531     1.6620     0.0304     0.0760    4.65568   1438.000    34.9216    34.9244    1488.22    4.65557  1034.4673  1034.4696      0.688    7.35153 0.0000e+00
   1457.769     3.5326     3.5320   3.271264   3.271456     1.6617     0.0355     0.0760    4.65531   1439.000    34.9217    34.9246    1488.23    4.65521  1034.4722  1034.4745      1.101    7.35180 0.0000e+00
   1458.786     3.5315     3.5308   3.271207   3.271383     1.6616     0.0423     0.0760    4.65576   1440.000    34.9217    34.9245    1488.24    4.65565  1034.4769  1034.4792      1.286    7.35201 0.0000e+00
   1459.802     3.5307     3.5300   3.271164   3.271361     1.6615     0.0470     0.0761    4.65623   1441.000    34.9216    34.9246    1488.25    4.65612  1034.4816  1034.4840      1.343    7.35216 0.0000e+00
   1460.819     3.5295     3.5288   3.271106   3.271292     1.6615     0.0477     0.0763    4.65674   1442.000    34.9216    34.9246    1488.27    4.65663  1034.4863  1034.4888      1.326    7.35238 0.0000e+00
   1461.836     3.5292     3.5285   3.271137   3.271305     1.6615     0.0247     0.0761    4.65768   1443.000    34.9217    34.9245    1488.28    4.65757  1034.4911  1034.4933      1.305    7.35242 0.0000e+00
   1462.852     3.5274     3.5267   3.270999   3.271200     1.6615     0.0393     0.0760    4.65829   1444.000    34.9215    34.9246    1488.29    4.65818  1034.4957  1034.4983      1.271    7.35276 0.0000e+00
   1463.869     3.5256     3.5249   3.270871   3.271070     1.6613     0.0527     0.0760    4.65849   1445.000    34.9214    34.9245    1488.30    4.65838  1034.5005  1034.5031      1.152    7.35309 0.0000e+00
   1464.885     3.5233     3.5227   3.270693   3.270877     1.6604     0.0476     0.0760    4.65590   1446.000    34.9212    34.9241    1488.31    4.65580  1034.5052  1034.5076      0.820    7.35352 0.0000e+00
   1465.902     3.5230     3.5224   3.270689   3.270869     1.6605     0.0345     0.0759    4.65687   1447.000    34.9209    34.9238    1488.32    4.65676  1034.5096  1034.5120      0.513    7.35359 0.0000e+00
   1466.919     3.5225     3.5219   3.270711   3.270894     1.6603     0.0353     0.0758    4.65685   1448.000    34.9212    34.9241    1488.34    4.65674  1034.5145  1034.5168      1.103    7.35366 0.0000e+00
   1467.935     3.5216     3.5209   3.270667   3.270856     1.6603     0.0348     0.0760    4.65731   1449.000    34.9212    34.9242    1488.35    4.65720  1034.5193  1034.5217      1.380    7.35384 0.0000e+00
   1468.952     3.5195     3.5188   3.270518   3.270710     1.6603     0.0355     0.0758    4.65851   1450.000    34.9212    34.9242    1488.36    4.65840  1034.5240  1034.5266      1.440    7.35422 0.0000e+00
   1469.968     3.5176     3.5169   3.270392   3.270581     1.6601     0.0139     0.0760    4.65833   1451.000    34.9212    34.9242    1488.37    4.65823  1034.5289  1034.5314      1.309    7.35457 0.0000e+00
   1470.985     3.5173     3.5166   3.270414   3.270589     1.6601     0.0280     0.0756    4.65904   1452.000    34.9212    34.9240    1488.38    4.65893  1034.5337  1034.5360      0.981    7.35462 0.0000e+00
   1472.002     3.5175     3.5169   3.270473   3.270648     1.6594     0.0439     0.0760    4.65681   1453.000    34.9212    34.9239    1488.40    4.65670  1034.5382  1034.5404      0.780    7.35458 0.0000e+00
   1473.018     3.5176     3.5170   3.270535   3.270710     1.6594     0.0353     0.0759    4.65762   1454.000    34.9213    34.9241    1488.42    4.65751  1034.5430  1034.5452      1.120    7.35456 0.0000e+00
   1474.035     3.5174     3.5167   3.270561   3.270744     1.6591     0.0232     0.0758    4.65678   1455.000    34.9214    34.9243    1488.43    4.65667  1034.5476  1034.5499      1.309    7.35460 0.0000e+00
   1475.052     3.5152     3.5145   3.270416   3.270622     1.6591     0.0139     0.0760    4.65768   1456.000    34.9214    34.9246    1488.44    4.65757  1034.5525  1034.5551      1.298    7.35499 0.0000e+00
   1476.068     3.5122     3.5114   3.270167   3.270374     1.6590     0.0291     0.0760    4.65842   1457.000    34.9211    34.9245    1488.44    4.65831  1034.5573  1034.5601      1.112    7.35555 0.0000e+00
   1477.085     3.5094     3.5086   3.269948   3.270115     1.6587     0.0367     0.0760    4.65823   1458.000    34.9210    34.9238    1488.45    4.65812  1034.5621  1034.5645      0.719    7.35607 0.0000e+00
   1478.101     3.5088     3.5082   3.269922   3.270113     1.6585     0.0374     0.0759    4.65799   1459.000    34.9208    34.9237    1488.46    4.65789  1034.5667  1034.5691      0.772    7.35619 0.0000e+00
   1479.118     3.5083     3.5076   3.269923   3.270111     1.6585     0.0447     0.0754    4.65863   1460.000    34.9209    34.9239    1488.48    4.65852  1034.5714  1034.5739      1.096    7.35628 0.0000e+00
   1480.135     3.5071     3.5066   3.269873   3.270066     1.6580     0.0354     0.0760    4.65753   1461.000    34.9210    34.9239    1488.49    4.65742  1034.5763  1034.5786      1.147    7.35648 0.0000e+00
