Ship_data/Irminger/Irminger-1/ctd/process/dkn22104007.cnv
* Sea-Bird SBE 9 Data File:
* FileName = C:\Data\ctd\KN22104007.hdr
* Software Version Seasave V 7.21k
* Temperature SN = 4195
* Conductivity SN = 2147
* Number of Bytes Per Scan = 40
* Number of Voltage Words = 5
* Number of Scans Averaged by the Deck Unit = 1
* NMEA Latitude = 59 55.13 N
* NMEA Longitude = 039 25.73 W
* NMEA UTC (Time) = Sep 15 2014 15:50:10
** KN221-04 Chief Scientist: Bob Weller
** OOI Irminger Sea Sept. 2014
** Station: 007
** Knudsen Depth: 2737
# nquan = 19
# nvalues = 1476                        
# units = specified
# name 0 = prDM: Pressure, Digiquartz [db]
# name 1 = t090C: Temperature [ITS-90, deg C]
# name 2 = t190C: Temperature, 2 [ITS-90, deg C]
# name 3 = c0S/m: Conductivity [S/m]
# name 4 = c1S/m: Conductivity, 2 [S/m]
# name 5 = sbeox0V: Oxygen raw, SBE 43 [V]
# name 6 = flECO-AFL: Fluorescence, WET Labs ECO-AFL/FL [mg/m^3]
# name 7 = CStarAt0: Beam Attenuation, WET Labs C-Star [1/m]
# name 8 = sbeox0ML/L: Oxygen, SBE 43 [ml/l]
# name 9 = depSM: Depth [salt water, m], lat = 59.9188
# name 10 = sal00: Salinity, Practical [PSU]
# name 11 = sal11: Salinity, Practical, 2 [PSU]
# name 12 = svDM: Sound Velocity [Delgrosso, m/s]
# name 13 = sbeox0ML/L: Oxygen, SBE 43 [ml/l], WS = 2
# name 14 = density00: Density [density, Kg/m^3]
# name 15 = density11: Density, 2 [density, Kg/m^3]
# name 16 = dz/dtM: Descent Rate [m/s], WS = 2
# name 17 = oxsatML/L: Oxygen Saturation, Weiss [ml/l]
# name 18 = flag: flag
# span 0 =     15.143,   1509.620       
# span 1 =     3.4798,     7.8713       
# span 2 =     3.4790,     7.8701       
# span 3 =   3.237224,   3.592994       
# span 4 =   3.237367,   3.593075       
# span 5 =     1.6535,     2.1673       
# span 6 =     0.0018,     1.0725       
# span 7 =     0.0753,     0.3000       
# span 8 =    4.65099,    5.08728       
# span 9 =     15.000,   1490.000       
# span 10 =    34.8125,    34.9227      
# span 11 =    34.8167,    34.9258      
# span 12 =    1469.73,    1488.86      
# span 13 =    4.65088,    5.08717      
# span 14 =  1027.2181,  1034.7136      
# span 15 =  1027.2197,  1034.7159      
# span 16 =     -0.015,      2.084      
# span 17 =    6.63480,    7.36146      
# span 18 = 0.0000e+00, 0.0000e+00      
# interval = meters: 1                  
# start_time = Sep 15 2014 15:50:10 [NMEA time, header]
# bad_flag = -9.990e-29
*END*
[from data line 229]
    246.468     4.1023     4.1016   3.267574   3.267688     1.9845     0.0261     0.0813    5.00261    244.000    34.9017    34.9038    1470.80    5.00248  1028.8414  1028.8431      1.052    7.25019 0.0000e+00
    247.479     4.0995     4.0982   3.267352   3.267367     1.9839     0.0375     0.0814    5.00189    245.000    34.9015    34.9031    1470.81    5.00176  1028.8463  1028.8477      1.170    7.25070 0.0000e+00
    248.489     4.0973     4.0958   3.267188   3.267193     1.9833     0.0329     0.0814    5.00079    246.000    34.9013    34.9030    1470.81    5.00066  1028.8511  1028.8525      1.218    7.25110 0.0000e+00
    249.500     4.0903     4.0888   3.266565   3.266626     1.9832     0.0201     0.0814    5.00192    247.000    34.9008    34.9031    1470.80    5.00179  1028.8561  1028.8580      1.204    7.25236 0.0000e+00
    250.511     4.0881     4.0872   3.266385   3.266468     1.9831     0.0121     0.0812    5.00266    248.000    34.9005    34.9024    1470.81    5.00253  1028.8607  1028.8624      1.080    7.25277 0.0000e+00
    251.521     4.0906     4.0888   3.266683   3.266618     1.9831     0.0285     0.0813    5.00281    249.000    34.9009    34.9020    1470.83    5.00268  1028.8655  1028.8666      0.822    7.25232 0.0000e+00
    252.532     4.0944     4.0934   3.267100   3.267145     1.9832     0.0451     0.0810    5.00332    250.000    34.9012    34.9028    1470.87    5.00319  1028.8700  1028.8713      0.731    7.25162 0.0000e+00
    253.543     4.0963     4.0953   3.267351   3.267379     1.9836     0.0424     0.0807    5.00529    251.000    34.9016    34.9030    1470.89    5.00516  1028.8748  1028.8760      0.991    7.25127 0.0000e+00
    254.554     4.0936     4.0925   3.267135   3.267209     1.9839     0.0269     0.0806    5.00718    252.000    34.9013    34.9034    1470.90    5.00705  1028.8795  1028.8813      1.108    7.25175 0.0000e+00
    255.564     4.0928     4.0919   3.267100   3.267151     1.9840     0.0340     0.0809    5.00838    253.000    34.9012    34.9028    1470.91    5.00825  1028.8842  1028.8856      1.057    7.25190 0.0000e+00
    256.575     4.0935     4.0926   3.267220   3.267248     1.9841     0.0299     0.0810    5.00929    254.000    34.9013    34.9027    1470.93    5.00916  1028.8889  1028.8901      1.025    7.25176 0.0000e+00
    257.586     4.0934     4.0900   3.267263   3.267104     1.9841     0.0349     0.0805    5.00988    255.000    34.9015    34.9031    1470.94    5.00975  1028.8937  1028.8954      1.111    7.25178 0.0000e+00
    258.597     4.0892     4.0869   3.266914   3.266848     1.9837     0.0379     0.0805    5.00969    256.000    34.9012    34.9029    1470.94    5.00956  1028.8987  1028.9003      1.225    7.25254 0.0000e+00
    259.608     4.0870     4.0859   3.266739   3.266791     1.9837     0.0248     0.0810    5.01074    257.000    34.9009    34.9027    1470.95    5.01061  1028.9033  1028.9049      1.253    7.25294 0.0000e+00
    260.618     4.0847     4.0839   3.266564   3.266659     1.9833     0.0434     0.0809    5.01032    258.000    34.9007    34.9028    1470.96    5.01019  1028.9081  1028.9099      1.170    7.25336 0.0000e+00
    261.629     4.0807     4.0799   3.266206   3.266314     1.9832     0.0400     0.0806    5.01123    259.000    34.9002    34.9023    1470.96    5.01110  1028.9128  1028.9146      0.995    7.25410 0.0000e+00
    262.640     4.0693     4.0677   3.265133   3.265203     1.9831     0.0438     0.0807    5.01299    260.000    34.8990    34.9016    1470.92    5.01286  1028.9178  1028.9202      0.797    7.25618 0.0000e+00
    263.651     4.0566     4.0564   3.263937   3.264100     1.9830     0.0432     0.0808    5.01512    261.000    34.8978    34.8999    1470.88    5.01499  1028.9230  1028.9247      0.753    7.25851 0.0000e+00
    264.661     4.0538     4.0521   3.263692   3.263681     1.9830     0.0428     0.0807    5.01627    262.000    34.8973    34.8990    1470.89    5.01614  1028.9276  1028.9292      0.903    7.25903 0.0000e+00
    265.672     4.0527     4.0508   3.263627   3.263618     1.9829     0.0398     0.0802    5.01668    263.000    34.8972    34.8991    1470.90    5.01655  1028.9323  1028.9341      1.081    7.25923 0.0000e+00
    266.683     4.0467     4.0456   3.263083   3.263218     1.9824     0.0310     0.0817    5.01645    264.000    34.8966    34.8993    1470.89    5.01632  1028.9373  1028.9395      1.194    7.26034 0.0000e+00
    267.694     4.0396     4.0382   3.262438   3.262472     1.9824     0.0316     0.0816    5.01819    265.000    34.8959    34.8978    1470.88    5.01806  1028.9421  1028.9438      1.198    7.26163 0.0000e+00
    268.705     4.0375     4.0365   3.262274   3.262336     1.9820     0.0365     0.0813    5.01775    266.000    34.8957    34.8974    1470.88    5.01762  1028.9469  1028.9484      1.103    7.26202 0.0000e+00
    269.716     4.0335     4.0323   3.261925   3.262016     1.9819     0.0266     0.0810    5.01839    267.000    34.8952    34.8976    1470.88    5.01826  1028.9515  1028.9536      1.027    7.26275 0.0000e+00
    270.726     4.0283     4.0274   3.261486   3.261541     1.9816     0.0408     0.0807    5.01880    268.000    34.8950    34.8966    1470.88    5.01867  1028.9567  1028.9580      1.085    7.26369 0.0000e+00
    271.737     4.0356     4.0349   3.262254   3.262269     1.9818     0.0226     0.0809    5.01902    269.000    34.8958    34.8968    1470.92    5.01889  1028.9612  1028.9620      1.181    7.26236 0.0000e+00
    272.748     4.0377     4.0368   3.262505   3.262582     1.9817     0.0226     0.0810    5.01937    270.000    34.8960    34.8979    1470.95    5.01924  1028.9658  1028.9674      1.194    7.26197 0.0000e+00
    273.759     4.0400     4.0390   3.262783   3.262831     1.9819     0.0236     0.0812    5.02031    271.000    34.8963    34.8979    1470.98    5.02018  1028.9705  1028.9718      1.022    7.26154 0.0000e+00
    274.770     4.0424     4.0414   3.263067   3.263122     1.9827     0.0237     0.0809    5.02310    272.000    34.8966    34.8983    1471.00    5.02297  1028.9751  1028.9766      0.633    7.26110 0.0000e+00
    275.781     4.0427     4.0416   3.263151   3.263192     1.9828     0.0234     0.0808    5.02420    273.000    34.8967    34.8984    1471.02    5.02407  1028.9799  1028.9813      0.794    7.26104 0.0000e+00
    276.792     4.0398     4.0387   3.262926   3.263016     1.9823     0.0363     0.0807    5.02367    274.000    34.8966    34.8989    1471.03    5.02355  1028.9847  1028.9867      1.243    7.26157 0.0000e+00
    277.802     4.0370     4.0357   3.262734   3.262772     1.9821     0.0448     0.0809    5.02398    275.000    34.8968    34.8986    1471.03    5.02385  1028.9899  1028.9915      1.421    7.26206 0.0000e+00
    278.813     4.0349     4.0337   3.262573   3.262625     1.9821     0.0427     0.0812    5.02489    276.000    34.8966    34.8984    1471.04    5.02476  1028.9946  1028.9962      1.422    7.26245 0.0000e+00
    279.824     4.0321     4.0311   3.262356   3.262476     1.9823     0.0236     0.0807    5.02658    277.000    34.8963    34.8989    1471.04    5.02646  1028.9994  1029.0016      1.295    7.26294 0.0000e+00
    280.835     4.0226     4.0215   3.261478   3.261601     1.9819     0.0237     0.0807    5.02735    278.000    34.8955    34.8981    1471.02    5.02722  1029.0045  1029.0067      1.088    7.26468 0.0000e+00
    281.846     4.0158     4.0153   3.260862   3.260962     1.9816     0.0353     0.0809    5.02776    279.000    34.8948    34.8965    1471.00    5.02763  1029.0094  1029.0109      0.876    7.26592 0.0000e+00
    282.857     4.0181     4.0172   3.261113   3.261180     1.9819     0.0272     0.0805    5.02898    280.000    34.8948    34.8966    1471.03    5.02885  1029.0138  1029.0154      0.773    7.26551 0.0000e+00
    283.868     4.0185     4.0174   3.261191   3.261234     1.9819     0.0353     0.0809    5.02974    281.000    34.8948    34.8965    1471.05    5.02961  1029.0184  1029.0199      0.837    7.26545 0.0000e+00
    284.879     4.0141     4.0135   3.260809   3.260985     1.9827     0.0295     0.0801    5.03358    282.000    34.8944    34.8971    1471.05    5.03345  1029.0233  1029.0255      1.077    7.26625 0.0000e+00
    285.889     4.0058     4.0046   3.260051   3.260142     1.9824     0.0403     0.0803    5.03453    283.000    34.8936    34.8960    1471.03    5.03440  1029.0283  1029.0303      1.304    7.26777 0.0000e+00
    286.900     3.9990     3.9977   3.259432   3.259535     1.9822     0.0427     0.0807    5.03538    284.000    34.8930    34.8956    1471.01    5.03525  1029.0332  1029.0354      1.376    7.26902 0.0000e+00
    287.911     3.9940     3.9933   3.258990   3.259100     1.9817     0.0410     0.0806    5.03518    285.000    34.8925    34.8945    1471.01    5.03505  1029.0381  1029.0398      1.229    7.26993 0.0000e+00
    288.922     3.9911     3.9901   3.258739   3.258810     1.9818     0.0297     0.0804    5.03634    286.000    34.8921    34.8940    1471.01    5.03621  1029.0427  1029.0444      0.768    7.27048 0.0000e+00
    289.933     3.9872     3.9860   3.258387   3.258441     1.9821     0.0220     0.0803    5.03859    287.000    34.8916    34.8934    1471.01    5.03846  1029.0475  1029.0491      0.696    7.27121 0.0000e+00
    290.944     3.9838     3.9829   3.258126   3.258220     1.9819     0.0309     0.0804    5.03917    288.000    34.8915    34.8935    1471.01    5.03904  1029.0524  1029.0542      1.272    7.27181 0.0000e+00
    291.955     3.9800     3.9787   3.257811   3.257878     1.9818     0.0410     0.0803    5.04010    289.000    34.8912    34.8935    1471.01    5.03997  1029.0574  1029.0592      1.473    7.27250 0.0000e+00
    292.966     3.9769     3.9758   3.257563   3.257634     1.9820     0.0245     0.0804    5.04168    290.000    34.8910    34.8931    1471.02    5.04155  1029.0623  1029.0640      1.433    7.27307 0.0000e+00
    293.977     3.9732     3.9719   3.257245   3.257328     1.9817     0.0233     0.0802    5.04184    291.000    34.8906    34.8930    1471.02    5.04172  1029.0670  1029.0690      1.222    7.27375 0.0000e+00
    294.988     3.9690     3.9679   3.256884   3.256939     1.9818     0.0346     0.0802    5.04336    292.000    34.8903    34.8921    1471.02    5.04324  1029.0719  1029.0735      0.956    7.27451 0.0000e+00
    295.999     3.9666     3.9653   3.256679   3.256737     1.9818     0.0331     0.0799    5.04445    293.000    34.8898    34.8919    1471.02    5.04432  1029.0764  1029.0782      0.840    7.27497 0.0000e+00
    297.010     3.9629     3.9619   3.256384   3.256431     1.9816     0.0353     0.0797    5.04498    294.000    34.8897    34.8913    1471.02    5.04485  1029.0814  1029.0829      0.878    7.27563 0.0000e+00
    298.021     3.9642     3.9631   3.256542   3.256580     1.9819     0.0258     0.0804    5.04640    295.000    34.8896    34.8913    1471.04    5.04628  1029.0859  1029.0874      0.989    7.27540 0.0000e+00
    299.032     3.9643     3.9630   3.256599   3.256629     1.9818     0.0226     0.0798    5.04688    296.000    34.8897    34.8915    1471.06    5.04675  1029.0906  1029.0922      0.987    7.27538 0.0000e+00
    300.043     3.9647     3.9635   3.256679   3.256716     1.9821     0.0231     0.0794    5.04828    297.000    34.8896    34.8914    1471.08    5.04815  1029.0952  1029.0968      0.931    7.27531 0.0000e+00
    301.054     3.9646     3.9634   3.256715   3.256773     1.9819     0.0443     0.0864    5.04850    298.000    34.8897    34.8916    1471.09    5.04837  1029.1000  1029.1016      1.011    7.27534 0.0000e+00
    302.065     3.9629     3.9616   3.256608   3.256657     1.9819     0.0421     0.0798    5.04940    299.000    34.8896    34.8916    1471.10    5.04927  1029.1047  1029.1064      1.180    7.27563 0.0000e+00
    303.076     3.9631     3.9621   3.256689   3.256724     1.9817     0.0294     0.0801    5.04936    300.000    34.8899    34.8914    1471.12    5.04924  1029.1096  1029.1110      1.254    7.27559 0.0000e+00
    304.087     3.9635     3.9624   3.256772   3.256842     1.9817     0.0299     0.0827    5.04981    301.000    34.8898    34.8918    1471.14    5.04968  1029.1143  1029.1160      1.182    7.27551 0.0000e+00
    305.098     3.9631     3.9623   3.256775   3.256842     1.9818     0.0337     0.0817    5.05102    302.000    34.8898    34.8915    1471.15    5.05089  1029.1189  1029.1204      1.000    7.27559 0.0000e+00
    306.109     3.9689     3.9680   3.257385   3.257432     1.9816     0.0351     0.0794    5.05003    303.000    34.8904    34.8918    1471.20    5.04990  1029.1234  1029.1246      0.757    7.27453 0.0000e+00
    307.120     3.9742     3.9732   3.257976   3.258008     1.9817     0.0413     0.0791    5.05038    304.000    34.8912    34.8926    1471.23    5.05025  1029.1282  1029.1294      0.801    7.27354 0.0000e+00
    308.131     3.9824     3.9813   3.258853   3.258866     1.9815     0.0418     0.0791    5.04930    305.000    34.8923    34.8937    1471.29    5.04917  1029.1328  1029.1340      1.103    7.27201 0.0000e+00
    309.142     3.9840     3.9827   3.259080   3.259053     1.9814     0.0231     0.0792    5.04927    306.000    34.8928    34.8939    1471.31    5.04914  1029.1377  1029.1387      1.290    7.27171 0.0000e+00
    310.153     3.9926     3.9916   3.259977   3.260031     1.9815     0.0226     0.0793    5.04910    307.000    34.8938    34.8955    1471.36    5.04897  1029.1422  1029.1437      1.290    7.27013 0.0000e+00
    311.164     3.9930     3.9920   3.260077   3.260141     1.9815     0.0174     0.0792    5.04960    308.000    34.8940    34.8958    1471.38    5.04947  1029.1470  1029.1486      1.115    7.27004 0.0000e+00
    312.175     3.9926     3.9919   3.260088   3.260174     1.9816     0.0162     0.0792    5.05080    309.000    34.8940    34.8958    1471.40    5.05067  1029.1517  1029.1532      0.903    7.27011 0.0000e+00
    313.186     3.9917     3.9906   3.260049   3.260112     1.9811     0.0342     0.0793    5.04988    310.000    34.8939    34.8959    1471.41    5.04975  1029.1565  1029.1581      0.985    7.27028 0.0000e+00
    314.197     3.9914     3.9905   3.260075   3.260153     1.9807     0.0282     0.0789    5.04924    311.000    34.8940    34.8959    1471.42    5.04911  1029.1611  1029.1628      1.183    7.27032 0.0000e+00
    315.208     4.0016     4.0004   3.261172   3.261121     1.9809     0.0184     0.0793    5.04894    312.000    34.8957    34.8963    1471.49    5.04882  1029.1660  1029.1667      1.198    7.26843 0.0000e+00
    316.219     4.0034     4.0026   3.261393   3.261492     1.9808     0.0379     0.0792    5.04913    313.000    34.8959    34.8979    1471.51    5.04900  1029.1707  1029.1724      0.970    7.26810 0.0000e+00
    317.230     4.0050     4.0038   3.261585   3.261630     1.9807     0.0175     0.0790    5.04942    314.000    34.8959    34.8977    1471.53    5.04929  1029.1753  1029.1768      0.672    7.26782 0.0000e+00
    318.241     4.0058     4.0047   3.261724   3.261779     1.9806     0.0403     0.0794    5.04947    315.000    34.8962    34.8980    1471.55    5.04934  1029.1801  1029.1815      0.925    7.26766 0.0000e+00
    319.252     4.0054     4.0043   3.261744   3.261819     1.9803     0.0262     0.0788    5.04901    316.000    34.8963    34.8983    1471.57    5.04888  1029.1848  1029.1865      1.187    7.26772 0.0000e+00
    320.263     4.0038     4.0027   3.261646   3.261720     1.9800     0.0367     0.0792    5.04894    317.000    34.8962    34.8983    1471.58    5.04881  1029.1896  1029.1914      1.260    7.26800 0.0000e+00
    321.274     4.0008     3.9998   3.261410   3.261492     1.9796     0.0451     0.0791    5.04869    318.000    34.8961    34.8981    1471.58    5.04856  1029.1945  1029.1963      1.270    7.26854 0.0000e+00
