Ship_data/Irminger/Irminger-1/ctd/process/dkn22104007.cnv
* Sea-Bird SBE 9 Data File:
* FileName = C:\Data\ctd\KN22104007.hdr
* Software Version Seasave V 7.21k
* Temperature SN = 4195
* Conductivity SN = 2147
* Number of Bytes Per Scan = 40
* Number of Voltage Words = 5
* Number of Scans Averaged by the Deck Unit = 1
* NMEA Latitude = 59 55.13 N
* NMEA Longitude = 039 25.73 W
* NMEA UTC (Time) = Sep 15 2014 15:50:10
** KN221-04 Chief Scientist: Bob Weller
** OOI Irminger Sea Sept. 2014
** Station: 007
** Knudsen Depth: 2737
# nquan = 19
# nvalues = 1476                        
# units = specified
# name 0 = prDM: Pressure, Digiquartz [db]
# name 1 = t090C: Temperature [ITS-90, deg C]
# name 2 = t190C: Temperature, 2 [ITS-90, deg C]
# name 3 = c0S/m: Conductivity [S/m]
# name 4 = c1S/m: Conductivity, 2 [S/m]
# name 5 = sbeox0V: Oxygen raw, SBE 43 [V]
# name 6 = flECO-AFL: Fluorescence, WET Labs ECO-AFL/FL [mg/m^3]
# name 7 = CStarAt0: Beam Attenuation, WET Labs C-Star [1/m]
# name 8 = sbeox0ML/L: Oxygen, SBE 43 [ml/l]
# name 9 = depSM: Depth [salt water, m], lat = 59.9188
# name 10 = sal00: Salinity, Practical [PSU]
# name 11 = sal11: Salinity, Practical, 2 [PSU]
# name 12 = svDM: Sound Velocity [Delgrosso, m/s]
# name 13 = sbeox0ML/L: Oxygen, SBE 43 [ml/l], WS = 2
# name 14 = density00: Density [density, Kg/m^3]
# name 15 = density11: Density, 2 [density, Kg/m^3]
# name 16 = dz/dtM: Descent Rate [m/s], WS = 2
# name 17 = oxsatML/L: Oxygen Saturation, Weiss [ml/l]
# name 18 = flag: flag
# span 0 =     15.143,   1509.620       
# span 1 =     3.4798,     7.8713       
# span 2 =     3.4790,     7.8701       
# span 3 =   3.237224,   3.592994       
# span 4 =   3.237367,   3.593075       
# span 5 =     1.6535,     2.1673       
# span 6 =     0.0018,     1.0725       
# span 7 =     0.0753,     0.3000       
# span 8 =    4.65099,    5.08728       
# span 9 =     15.000,   1490.000       
# span 10 =    34.8125,    34.9227      
# span 11 =    34.8167,    34.9258      
# span 12 =    1469.73,    1488.86      
# span 13 =    4.65088,    5.08717      
# span 14 =  1027.2181,  1034.7136      
# span 15 =  1027.2197,  1034.7159      
# span 16 =     -0.015,      2.084      
# span 17 =    6.63480,    7.36146      
# span 18 = 0.0000e+00, 0.0000e+00      
# interval = meters: 1                  
# start_time = Sep 15 2014 15:50:10 [NMEA time, header]
# bad_flag = -9.990e-29
*END*
[from data line 534]
    554.965     3.7161     3.7142   3.244368   3.244518     1.9261     0.0226     0.0766    5.05579    549.000    34.8711    34.8749    1474.14    5.05567  1030.2861  1030.2893      1.767    7.32096 0.0000e+00
    555.977     3.7106     3.7092   3.243914   3.244009     1.9260     0.0226     0.0772    5.05697    550.000    34.8709    34.8735    1474.14    5.05685  1030.2913  1030.2935      1.768    7.32195 0.0000e+00
    556.989     3.7087     3.7074   3.243773   3.243853     1.9253     0.0234     0.0777    5.05552    551.000    34.8707    34.8731    1474.15    5.05539  1030.2959  1030.2980      1.524    7.32230 0.0000e+00
    558.002     3.7077     3.7067   3.243706   3.243819     1.9255     0.0345     0.0768    5.05693    552.000    34.8704    34.8729    1474.16    5.05681  1030.3005  1030.3026      0.980    7.32249 0.0000e+00
    559.014     3.7073     3.7063   3.243690   3.243804     1.9250     0.0364     0.0765    5.05600    553.000    34.8702    34.8726    1474.17    5.05588  1030.3051  1030.3070      0.677    7.32259 0.0000e+00
    560.026     3.7072     3.7063   3.243733   3.243852     1.9251     0.0265     0.0768    5.05674    554.000    34.8703    34.8727    1474.19    5.05662  1030.3098  1030.3118      1.060    7.32260 0.0000e+00
    561.038     3.7073     3.7063   3.243782   3.243898     1.9251     0.0233     0.0765    5.05741    555.000    34.8702    34.8726    1474.20    5.05729  1030.3143  1030.3164      1.215    7.32258 0.0000e+00
    562.051     3.7073     3.7063   3.243833   3.243936     1.9251     0.0282     0.0768    5.05808    556.000    34.8702    34.8726    1474.22    5.05796  1030.3191  1030.3210      1.052    7.32258 0.0000e+00
    563.063     3.7082     3.7073   3.243963   3.244069     1.9251     0.0356     0.0773    5.05864    557.000    34.8703    34.8725    1474.24    5.05851  1030.3237  1030.3256      0.669    7.32241 0.0000e+00
    564.075     3.7081     3.7069   3.244002   3.244114     1.9251     0.0249     0.0765    5.05934    558.000    34.8704    34.8730    1474.26    5.05922  1030.3285  1030.3307      0.883    7.32244 0.0000e+00
    565.087     3.7060     3.7055   3.243864   3.244028     1.9251     0.0350     0.0766    5.06030    559.000    34.8704    34.8729    1474.26    5.06018  1030.3334  1030.3354      1.315    7.32281 0.0000e+00
    566.100     3.7053     3.7038   3.243836   3.243920     1.9248     0.0348     0.0764    5.06023    560.000    34.8703    34.8729    1474.28    5.06011  1030.3380  1030.3403      1.485    7.32294 0.0000e+00
    567.112     3.7036     3.7027   3.243720   3.243864     1.9246     0.0348     0.0767    5.06019    561.000    34.8701    34.8728    1474.29    5.06007  1030.3428  1030.3450      1.416    7.32325 0.0000e+00
    568.124     3.6999     3.6991   3.243392   3.243564     1.9240     0.0353     0.0772    5.05931    562.000    34.8697    34.8726    1474.29    5.05919  1030.3475  1030.3499      1.115    7.32396 0.0000e+00
    569.136     3.6964     3.6955   3.243090   3.243213     1.9237     0.0352     0.0767    5.05934    563.000    34.8693    34.8717    1474.29    5.05922  1030.3523  1030.3542      0.781    7.32461 0.0000e+00
    570.149     3.6965     3.6954   3.243139   3.243245     1.9232     0.0278     0.0770    5.05822    564.000    34.8692    34.8716    1474.31    5.05810  1030.3568  1030.3589      0.972    7.32459 0.0000e+00
    571.161     3.6955     3.6947   3.243092   3.243239     1.9228     0.0308     0.0765    5.05755    565.000    34.8691    34.8717    1474.32    5.05743  1030.3616  1030.3636      1.123    7.32477 0.0000e+00
    572.173     3.6944     3.6936   3.243030   3.243159     1.9226     0.0349     0.0767    5.05796    566.000    34.8690    34.8715    1474.33    5.05784  1030.3662  1030.3683      1.061    7.32497 0.0000e+00
    573.186     3.6956     3.6950   3.243201   3.243308     1.9226     0.0242     0.0765    5.05848    567.000    34.8692    34.8712    1474.35    5.05835  1030.3710  1030.3726      0.918    7.32474 0.0000e+00
    574.198     3.7020     3.7010   3.243886   3.243990     1.9226     0.0144     0.0766    5.05826    568.000    34.8701    34.8724    1474.40    5.05814  1030.3756  1030.3776      0.900    7.32355 0.0000e+00
    575.210     3.7015     3.7005   3.243880   3.243988     1.9226     0.0309     0.0765    5.05869    569.000    34.8700    34.8724    1474.41    5.05857  1030.3802  1030.3822      0.928    7.32365 0.0000e+00
    576.222     3.7019     3.7009   3.243958   3.244058     1.9226     0.0268     0.0764    5.05930    570.000    34.8700    34.8723    1474.43    5.05918  1030.3849  1030.3867      0.931    7.32358 0.0000e+00
    577.235     3.7018     3.7009   3.243995   3.244117     1.9222     0.0225     0.0767    5.05857    571.000    34.8700    34.8724    1474.44    5.05844  1030.3895  1030.3915      0.999    7.32359 0.0000e+00
    578.247     3.7007     3.6997   3.243937   3.244055     1.9214     0.0231     0.0766    5.05666    572.000    34.8699    34.8724    1474.46    5.05654  1030.3943  1030.3964      1.131    7.32379 0.0000e+00
    579.259     3.6999     3.6990   3.243907   3.244047     1.9211     0.0226     0.0766    5.05646    573.000    34.8699    34.8725    1474.47    5.05634  1030.3989  1030.4011      1.188    7.32394 0.0000e+00
    580.272     3.6986     3.6971   3.243819   3.243895     1.9203     0.0282     0.0767    5.05446    574.000    34.8696    34.8722    1474.48    5.05434  1030.4036  1030.4058      1.188    7.32418 0.0000e+00
    581.284     3.6969     3.6955   3.243707   3.243794     1.9202     0.0385     0.0765    5.05500    575.000    34.8696    34.8721    1474.49    5.05488  1030.4084  1030.4105      1.162    7.32449 0.0000e+00
    582.297     3.6949     3.6943   3.243546   3.243717     1.9201     0.0459     0.0767    5.05540    576.000    34.8693    34.8720    1474.50    5.05528  1030.4131  1030.4153      1.085    7.32488 0.0000e+00
    583.309     3.6940     3.6932   3.243505   3.243642     1.9197     0.0333     0.0774    5.05502    577.000    34.8692    34.8717    1474.51    5.05490  1030.4177  1030.4198      0.884    7.32504 0.0000e+00
    584.321     3.6922     3.6914   3.243376   3.243515     1.9191     0.0294     0.0769    5.05357    578.000    34.8690    34.8716    1474.52    5.05345  1030.4225  1030.4247      0.690    7.32537 0.0000e+00
    585.334     3.6915     3.6906   3.243349   3.243464     1.9189     0.0256     0.0776    5.05369    579.000    34.8690    34.8713    1474.53    5.05356  1030.4272  1030.4292      0.815    7.32551 0.0000e+00
    586.346     3.6911     3.6901   3.243361   3.243470     1.9185     0.0226     0.0765    5.05314    580.000    34.8690    34.8713    1474.55    5.05302  1030.4319  1030.4340      1.042    7.32558 0.0000e+00
    587.358     3.6907     3.6899   3.243367   3.243494     1.9187     0.0450     0.0766    5.05455    581.000    34.8689    34.8713    1474.56    5.05443  1030.4365  1030.4386      1.163    7.32565 0.0000e+00
    588.371     3.6903     3.6895   3.243377   3.243508     1.9185     0.0303     0.0764    5.05448    582.000    34.8689    34.8713    1474.58    5.05436  1030.4413  1030.4432      1.242    7.32572 0.0000e+00
    589.383     3.6902     3.6890   3.243409   3.243507     1.9185     0.0231     0.0766    5.05533    583.000    34.8689    34.8713    1474.59    5.05521  1030.4459  1030.4480      1.312    7.32575 0.0000e+00
    590.395     3.6892     3.6883   3.243356   3.243479     1.9185     0.0245     0.0769    5.05600    584.000    34.8688    34.8712    1474.60    5.05587  1030.4507  1030.4526      1.351    7.32593 0.0000e+00
    591.408     3.6858     3.6848   3.243067   3.243215     1.9181     0.0352     0.0764    5.05563    585.000    34.8685    34.8713    1474.60    5.05551  1030.4554  1030.4578      1.267    7.32657 0.0000e+00
    592.420     3.6838     3.6829   3.242908   3.243023     1.9180     0.0254     0.0766    5.05611    586.000    34.8681    34.8704    1474.61    5.05599  1030.4601  1030.4620      0.976    7.32694 0.0000e+00
    593.433     3.6836     3.6828   3.242914   3.243049     1.9178     0.0238     0.0769    5.05631    587.000    34.8678    34.8703    1474.63    5.05619  1030.4645  1030.4666      0.601    7.32699 0.0000e+00
    594.445     3.6834     3.6824   3.242948   3.243057     1.9178     0.0230     0.0771    5.05686    588.000    34.8680    34.8703    1474.64    5.05674  1030.4692  1030.4712      0.850    7.32702 0.0000e+00
    595.457     3.6813     3.6802   3.242792   3.242900     1.9176     0.0332     0.0764    5.05709    589.000    34.8678    34.8703    1474.65    5.05697  1030.4740  1030.4761      1.140    7.32741 0.0000e+00
    596.470     3.6803     3.6792   3.242738   3.242856     1.9178     0.0280     0.0764    5.05882    590.000    34.8677    34.8702    1474.66    5.05870  1030.4788  1030.4808      1.226    7.32760 0.0000e+00
    597.482     3.6790     3.6784   3.242654   3.242825     1.9176     0.0231     0.0764    5.05899    591.000    34.8675    34.8702    1474.67    5.05887  1030.4834  1030.4856      1.197    7.32784 0.0000e+00
    598.495     3.6784     3.6775   3.242638   3.242759     1.9178     0.0226     0.0764    5.06022    592.000    34.8674    34.8698    1474.69    5.06010  1030.4880  1030.4901      1.130    7.32795 0.0000e+00
    599.507     3.6776     3.6766   3.242603   3.242731     1.9175     0.0285     0.0765    5.06007    593.000    34.8673    34.8699    1474.70    5.05995  1030.4928  1030.4950      1.053    7.32811 0.0000e+00
    600.520     3.6744     3.6736   3.242343   3.242496     1.9177     0.0426     0.0764    5.06180    594.000    34.8671    34.8697    1474.70    5.06168  1030.4977  1030.4998      0.991    7.32870 0.0000e+00
    601.532     3.6722     3.6714   3.242183   3.242311     1.9171     0.0242     0.0766    5.06054    595.000    34.8669    34.8694    1474.71    5.06042  1030.5024  1030.5044      0.943    7.32910 0.0000e+00
    602.544     3.6718     3.6709   3.242184   3.242301     1.9167     0.0309     0.0764    5.05985    596.000    34.8669    34.8692    1474.72    5.05973  1030.5071  1030.5090      0.993    7.32918 0.0000e+00
    603.557     3.6705     3.6694   3.242100   3.242220     1.9166     0.0451     0.0763    5.06055    597.000    34.8667    34.8693    1474.74    5.06043  1030.5117  1030.5139      1.120    7.32942 0.0000e+00
    604.569     3.6692     3.6677   3.242017   3.242115     1.9163     0.0343     0.0767    5.06018    598.000    34.8666    34.8693    1474.75    5.06006  1030.5165  1030.5188      1.136    7.32967 0.0000e+00
    605.582     3.6667     3.6658   3.241829   3.241936     1.9162     0.0232     0.0766    5.06098    599.000    34.8665    34.8687    1474.75    5.06086  1030.5214  1030.5232      0.969    7.33013 0.0000e+00
    606.594     3.6667     3.6660   3.241860   3.241996     1.9156     0.0229     0.0770    5.05934    600.000    34.8663    34.8686    1474.77    5.05922  1030.5259  1030.5277      0.688    7.33013 0.0000e+00
    607.607     3.6660     3.6653   3.241832   3.241972     1.9154     0.0320     0.0767    5.05949    601.000    34.8661    34.8685    1474.78    5.05937  1030.5305  1030.5325      0.796    7.33026 0.0000e+00
    608.619     3.6656     3.6647   3.241853   3.241967     1.9153     0.0358     0.0766    5.06002    602.000    34.8663    34.8686    1474.80    5.05990  1030.5353  1030.5372      1.147    7.33033 0.0000e+00
    609.632     3.6647     3.6637   3.241815   3.241914     1.9154     0.0274     0.0768    5.06108    603.000    34.8663    34.8685    1474.81    5.06096  1030.5400  1030.5420      1.331    7.33050 0.0000e+00
    610.644     3.6637     3.6627   3.241744   3.241886     1.9153     0.0269     0.0764    5.06163    604.000    34.8660    34.8687    1474.82    5.06151  1030.5447  1030.5469      1.423    7.33070 0.0000e+00
    611.657     3.6633     3.6623   3.241744   3.241862     1.9153     0.0363     0.0764    5.06211    605.000    34.8658    34.8683    1474.84    5.06199  1030.5492  1030.5513      1.412    7.33077 0.0000e+00
    612.669     3.6630     3.6621   3.241766   3.241879     1.9151     0.0348     0.0769    5.06220    606.000    34.8659    34.8682    1474.85    5.06208  1030.5540  1030.5559      1.270    7.33083 0.0000e+00
    613.682     3.6624     3.6614   3.241741   3.241857     1.9150     0.0348     0.0766    5.06247    607.000    34.8657    34.8681    1474.86    5.06235  1030.5585  1030.5605      0.984    7.33094 0.0000e+00
    614.694     3.6624     3.6614   3.241777   3.241903     1.9146     0.0272     0.0766    5.06180    608.000    34.8656    34.8681    1474.88    5.06168  1030.5631  1030.5652      0.753    7.33095 0.0000e+00
    615.707     3.6625     3.6616   3.241833   3.241951     1.9144     0.0359     0.0765    5.06172    609.000    34.8656    34.8680    1474.90    5.06160  1030.5677  1030.5697      0.820    7.33093 0.0000e+00
    616.719     3.6626     3.6618   3.241892   3.242015     1.9141     0.0360     0.0764    5.06148    610.000    34.8656    34.8680    1474.92    5.06136  1030.5724  1030.5743      0.797    7.33090 0.0000e+00
    617.732     3.6629     3.6619   3.241951   3.242075     1.9144     0.0356     0.0764    5.06296    611.000    34.8655    34.8680    1474.93    5.06284  1030.5770  1030.5791      0.792    7.33086 0.0000e+00
    618.744     3.6629     3.6620   3.242019   3.242134     1.9145     0.0258     0.0765    5.06391    612.000    34.8658    34.8681    1474.95    5.06379  1030.5818  1030.5837      1.181    7.33084 0.0000e+00
    619.757     3.6627     3.6619   3.242060   3.242178     1.9142     0.0226     0.0769    5.06376    613.000    34.8659    34.8683    1474.97    5.06364  1030.5867  1030.5886      1.523    7.33087 0.0000e+00
    620.769     3.6627     3.6618   3.242095   3.242210     1.9140     0.0226     0.0767    5.06381    614.000    34.8658    34.8681    1474.98    5.06369  1030.5912  1030.5931      1.656    7.33087 0.0000e+00
    621.782     3.6648     3.6638   3.242360   3.242446     1.9134     0.0345     0.0766    5.06186    615.000    34.8662    34.8683    1475.01    5.06174  1030.5959  1030.5978      1.556    7.33047 0.0000e+00
    622.794     3.6664     3.6654   3.242545   3.242659     1.9133     0.0291     0.0768    5.06201    616.000    34.8662    34.8687    1475.03    5.06189  1030.6005  1030.6025      1.183    7.33019 0.0000e+00
    623.807     3.6672     3.6663   3.242662   3.242780     1.9130     0.0333     0.0765    5.06144    617.000    34.8662    34.8686    1475.05    5.06132  1030.6050  1030.6069      0.501    7.33005 0.0000e+00
    624.819     3.6677     3.6669   3.242774   3.242888     1.9129     0.0244     0.0768    5.06152    618.000    34.8664    34.8687    1475.07    5.06140  1030.6097  1030.6116      0.979    7.32994 0.0000e+00
    625.832     3.6684     3.6675   3.242898   3.243008     1.9127     0.0335     0.0770    5.06144    619.000    34.8666    34.8690    1475.09    5.06132  1030.6145  1030.6165      1.390    7.32980 0.0000e+00
    626.845     3.6696     3.6686   3.243064   3.243167     1.9125     0.0371     0.0764    5.06143    620.000    34.8668    34.8691    1475.11    5.06130  1030.6191  1030.6211      1.509    7.32957 0.0000e+00
    627.857     3.6701     3.6692   3.243165   3.243278     1.9124     0.0356     0.0764    5.06147    621.000    34.8670    34.8693    1475.13    5.06135  1030.6239  1030.6259      1.391    7.32948 0.0000e+00
    628.870     3.6702     3.6691   3.243205   3.243310     1.9121     0.0362     0.0764    5.06098    622.000    34.8668    34.8693    1475.15    5.06086  1030.6284  1030.6305      0.979    7.32947 0.0000e+00
    629.882     3.6687     3.6679   3.243104   3.243226     1.9117     0.0284     0.0765    5.06048    623.000    34.8666    34.8690    1475.16    5.06036  1030.6332  1030.6351      0.605    7.32975 0.0000e+00
