Ship_data/Irminger/Irminger-1/ctd/process/kkn22104002.ros
* Sea-Bird SBE 9 Data File:
* FileName = C:\Data\ctd\KN22104002.hdr
* Software Version Seasave V 7.21k
* Temperature SN = 4195
* Conductivity SN = 2147
* Number of Bytes Per Scan = 40
* Number of Voltage Words = 5
* Number of Scans Averaged by the Deck Unit = 1
* NMEA Latitude = 61 59.72 N
* NMEA Longitude = 031 52.35 W
* NMEA UTC (Time) = Sep 08 2014 14:44:00
** KN221-04 Chief Scientist: Bob Weller
** OOI Irminger Sea Sept. 2014
** Station: 002
** Knudsen Depth: 2698
# nquan = 12
# nvalues = 588                                   
# units = specified
# name 0 = prDM: Pressure, Digiquartz [db]
# name 1 = t090C: Temperature [ITS-90, deg C]
# name 2 = t190C: Temperature, 2 [ITS-90, deg C]
# name 3 = c0S/m: Conductivity [S/m]
# name 4 = c1S/m: Conductivity, 2 [S/m]
# name 5 = sbeox0V: Oxygen raw, SBE 43 [V]
# name 6 = flECO-AFL: Fluorescence, WET Labs ECO-AFL/FL [mg/m^3]
# name 7 = CStarAt0: Beam Attenuation, WET Labs C-Star [1/m]
# name 8 = sbeox0ML/L: Oxygen, SBE 43 [ml/l]
# name 9 = scan: Scan Count
# name 10 = nbf: Bottles Fired
# name 11 = flag:  0.000e+00
# interval = seconds: 0.0416667
# start_time = Sep 08 2014 14:44:00 [NMEA time, header]
# bad_flag = -9.990e-29
*END*
[from data line 482]
    252.915     5.7890     5.7875   3.428647   3.428730     1.9648     0.0348     0.0912    4.72650     129123         10  0.000e+00
    252.757     5.7890     5.7875   3.428647   3.428775     1.9672     0.0348     0.0912    4.73427     129124         10  0.000e+00
    252.915     5.7891     5.7878   3.428622   3.428730     1.9648     0.0226     0.0912    4.72649     129125         10  0.000e+00
    252.852     5.7889     5.7875   3.428653   3.428775     1.9648     0.0226     0.0912    4.72646     129126         10  0.000e+00
    252.797     5.7891     5.7875   3.428659   3.428795     1.9660     0.0226     0.0923    4.73034     129127         10  0.000e+00
    252.852     5.7890     5.7875   3.428665   3.428717     1.9660     0.0226     0.0923    4.73039     129128         10  0.000e+00
    252.852     5.7890     5.7875   3.428672   3.428762     1.9660     0.0226     0.0912    4.73038     129129         10  0.000e+00
    252.797     5.7890     5.7876   3.428653   3.428743     1.9648     0.0226     0.0912    4.72642     129130         10  0.000e+00
      2.546    11.0403    11.0401   3.899359   3.899782     2.2431     1.5000     0.4286    4.81815     139277         11  0.000e+00
      2.546    11.0401    11.0400   3.899333   3.899782     2.2431     1.5000     0.4298    4.81816     139278         11  0.000e+00
      2.483    11.0397    11.0398   3.899314   3.899782     2.2419     1.4878     0.4310    4.81479     139279         11  0.000e+00
      2.562    11.0393    11.0398   3.899314   3.899748     2.2395     1.5000     0.4334    4.80813     139280         11  0.000e+00
      2.483    11.0394    11.0398   3.899320   3.899748     2.2395     1.4878     0.4334    4.80807     139281         11  0.000e+00
      2.483    11.0401    11.0396   3.899320   3.899714     2.2444     1.5000     0.4334    4.82150     139282         11  0.000e+00
      2.546    11.0401    11.0400   3.899320   3.899748     2.2456     1.4878     0.4322    4.82490     139283         11  0.000e+00
      2.483    11.0404    11.0397   3.899320   3.899714     2.2431     1.5000     0.4310    4.81810     139284         11  0.000e+00
      2.499    11.0401    11.0398   3.899346   3.899748     2.2419     1.4878     0.4298    4.81476     139285         11  0.000e+00
      2.483    11.0401    11.0398   3.899378   3.899714     2.2407     1.4878     0.4298    4.81137     139286         11  0.000e+00
      2.546    11.0399    11.0395   3.899372   3.899748     2.2419     1.5000     0.4298    4.81479     139287         11  0.000e+00
      2.428    11.0399    11.0394   3.899378   3.899714     2.2407     1.4878     0.4298    4.81135     139288         11  0.000e+00
      2.499    11.0396    11.0394   3.899339   3.899714     2.2407     1.4878     0.4298    4.81143     139289         11  0.000e+00
      2.483    11.0396    11.0395   3.899320   3.899741     2.2431     1.4878     0.4298    4.81816     139290         11  0.000e+00
      2.483    11.0397    11.0396   3.899320   3.899748     2.2419     1.4878     0.4298    4.81478     139291         11  0.000e+00
      2.483    11.0397    11.0397   3.899314   3.899680     2.2419     1.5000     0.4310    4.81478     139292         11  0.000e+00
      2.444    11.0396    11.0398   3.899314   3.899748     2.2444     1.5000     0.4310    4.82151     139293         11  0.000e+00
      2.483    11.0397    11.0398   3.899301   3.899714     2.2444     1.4878     0.4310    4.82153     139294         11  0.000e+00
      2.483    11.0396    11.0397   3.899242   3.899748     2.2444     1.5000     0.4286    4.82155     139295         11  0.000e+00
      2.483    11.0396    11.0396   3.899294   3.899714     2.2431     1.4878     0.4286    4.81817     139296         11  0.000e+00
      2.483    11.0397    11.0396   3.899320   3.899714     2.2431     1.5000     0.4286    4.81815     139297         11  0.000e+00
      2.499    11.0397    11.0397   3.899320   3.899782     2.2444     1.5000     0.4298    4.82153     139298         11  0.000e+00
      2.483    11.0397    11.0396   3.899320   3.899714     2.2431     1.4878     0.4286    4.81815     139299         11  0.000e+00
      2.546    11.0395    11.0394   3.899320   3.899748     2.2444     1.5000     0.4286    4.82158     139300         11  0.000e+00
      2.483    11.0396    11.0397   3.899320   3.899714     2.2444     1.5000     0.4286    4.82153     139301         11  0.000e+00
      2.499    11.0397    11.0394   3.899275   3.899680     2.2468     1.4878     0.4286    4.82828     139302         11  0.000e+00
      2.601    11.0397    11.0397   3.899301   3.899748     2.2468     1.5000     0.4286    4.82834     139303         11  0.000e+00
      2.483    11.0394    11.0396   3.899339   3.899714     2.2431     1.5000     0.4286    4.81817     139304         11  0.000e+00
      2.546    11.0399    11.0396   3.899327   3.899748     2.2431     1.5000     0.4286    4.81817     139305         11  0.000e+00
      2.617    11.0399    11.0398   3.899320   3.899748     2.2431     1.5000     0.4298    4.81822     139306         11  0.000e+00
      2.601    11.0401    11.0398   3.899320   3.899707     2.2444     1.4878     0.4310    4.82156     139307         11  0.000e+00
      2.601    11.0401    11.0398   3.899372   3.899748     2.2444     1.5000     0.4310    4.82154     139308         11  0.000e+00
      2.601    11.0404    11.0397   3.899391   3.899748     2.2444     1.5000     0.4334    4.82151     139309         11  0.000e+00
      2.601    11.0404    11.0398   3.899411   3.899748     2.2444     1.5000     0.4334    4.82151     139310         11  0.000e+00
      2.680    11.0403    11.0400   3.899404   3.899782     2.2444     1.4878     0.4334    4.82157     139311         11  0.000e+00
      2.601    11.0404    11.0398   3.899411   3.899782     2.2444     1.5000     0.4334    4.82151     139312         11  0.000e+00
      2.719    11.0401    11.0400   3.899378   3.899782     2.2431     1.5000     0.4334    4.81824     139313         11  0.000e+00
      2.656    11.0397    11.0402   3.899378   3.899782     2.2431     1.4878     0.4322    4.81824     139314         11  0.000e+00
      2.735    11.0399    11.0401   3.899340   3.899748     2.2431     1.4878     0.4322    4.81828     139315         11  0.000e+00
      2.719    11.0399    11.0400   3.899320   3.899782     2.2431     1.4878     0.4310    4.81828     139316         11  0.000e+00
      2.719    11.0399    11.0402   3.899359   3.899782     2.2431     1.4878     0.4310    4.81826     139317         11  0.000e+00
      2.719    11.0403    11.0401   3.899365   3.899782     2.2431     1.4878     0.4310    4.81824     139318         11  0.000e+00
      2.774    11.0403    11.0401   3.899404   3.899748     2.2431     1.4878     0.4322    4.81826     139319         11  0.000e+00
      2.790    11.0403    11.0402   3.899378   3.899782     2.2431     1.4878     0.4322    4.81828     139320         11  0.000e+00
      2.774    11.0403    11.0400   3.899378   3.899748     2.2444     1.4878     0.4322    4.82163     139321         11  0.000e+00
      2.774    11.0403    11.0400   3.899391   3.899748     2.2444     1.5000     0.4322    4.82163     139322         11  0.000e+00
      2.837    11.0404    11.0398   3.899391   3.899776     2.2431     1.5122     0.4310    4.81829     139323         11  0.000e+00
      2.790    11.0406    11.0400   3.899372   3.899782     2.2431     1.5122     0.4310    4.81825     139324         11  0.000e+00
      2.837    11.0403    11.0398   3.899378   3.899782     2.2431     1.5244     0.4298    4.81830     139325         11  0.000e+00
      2.894    11.0343    11.0313   3.898783   3.899061     2.2406     1.4634     0.4322    4.81213     139598         12  0.000e+00
      2.854    11.0335    11.0311   3.898732   3.899027     2.2394     1.4512     0.4322    4.80881     139599         12  0.000e+00
      2.839    11.0331    11.0303   3.898732   3.898993     2.2406     1.4512     0.4322    4.81219     139600         12  0.000e+00
      2.839    11.0333    11.0301   3.898764   3.898993     2.2394     1.4512     0.4310    4.80880     139601         12  0.000e+00
      2.839    11.0331    11.0303   3.898777   3.898952     2.2394     1.4634     0.4310    4.80881     139602         12  0.000e+00
      2.776    11.0335    11.0304   3.898757   3.898918     2.2394     1.4512     0.4310    4.80875     139603         12  0.000e+00
      2.972    11.0331    11.0303   3.898745   3.898918     2.2394     1.4512     0.4310    4.80890     139604         12  0.000e+00
      2.776    11.0335    11.0306   3.898764   3.898918     2.2394     1.4634     0.4322    4.80874     139605         12  0.000e+00
      2.839    11.0335    11.0306   3.898757   3.898918     2.2345     1.4634     0.4322    4.79531     139606         12  0.000e+00
      2.839    11.0336    11.0311   3.898745   3.898952     2.2382     1.4634     0.4322    4.80541     139607         12  0.000e+00
      2.792    11.0335    11.0313   3.898757   3.898952     2.2406     1.4634     0.4322    4.81213     139608         12  0.000e+00
      2.776    11.0335    11.0316   3.898751   3.898952     2.2406     1.4634     0.4322    4.81212     139609         12  0.000e+00
      2.839    11.0335    11.0320   3.898764   3.898952     2.2406     1.4512     0.4322    4.81215     139610         12  0.000e+00
      2.776    11.0336    11.0321   3.898757   3.898993     2.2394     1.4512     0.4322    4.80873     139611         12  0.000e+00
      2.776    11.0338    11.0321   3.898790   3.899027     2.2406     1.4634     0.4322    4.81208     139612         12  0.000e+00
      2.792    11.0339    11.0328   3.898809   3.899027     2.2406     1.4634     0.4322    4.81207     139613         12  0.000e+00
      2.721    11.0343    11.0333   3.898835   3.899095     2.2406     1.4878     0.4310    4.81200     139614         12  0.000e+00
      2.776    11.0344    11.0353   3.898867   3.899061     2.2394     1.5000     0.4298    4.80864     139615         12  0.000e+00
      2.776    11.0341    11.0355   3.898803   3.899163     2.2394     1.5122     0.4310    4.80868     139616         12  0.000e+00
      2.682    11.0344    11.0345   3.898777   3.899197     2.2394     1.5122     0.4346    4.80860     139617         12  0.000e+00
      2.776    11.0333    11.0335   3.898719   3.899163     2.2406     1.5000     0.4370    4.81214     139618         12  0.000e+00
      2.721    11.0329    11.0328   3.898706   3.899061     2.2431     1.5000     0.4358    4.81887     139619         12  0.000e+00
      2.721    11.0339    11.0328   3.898757   3.899129     2.2394     1.5000     0.4346    4.80867     139620         12  0.000e+00
      2.721    11.0348    11.0331   3.898854   3.899027     2.2394     1.5122     0.4334    4.80858     139621         12  0.000e+00
      2.737    11.0356    11.0328   3.898926   3.899061     2.2406     1.5122     0.4334    4.81187     139622         12  0.000e+00
      2.721    11.0356    11.0328   3.898945   3.899095     2.2419     1.5122     0.4334    4.81523     139623         12  0.000e+00
      2.721    11.0354    11.0329   3.898926   3.899027     2.2406     1.5000     0.4334    4.81188     139624         12  0.000e+00
      2.721    11.0353    11.0333   3.898932   3.899129     2.2394     1.5122     0.4322    4.80851     139625         12  0.000e+00
      2.737    11.0348    11.0328   3.898874   3.899095     2.2394     1.5122     0.4322    4.80858     139626         12  0.000e+00
      2.658    11.0351    11.0320   3.898867   3.899088     2.2406     1.5122     0.4322    4.81188     139627         12  0.000e+00
      2.721    11.0350    11.0318   3.898900   3.899027     2.2443     1.5000     0.4322    4.82203     139628         12  0.000e+00
      2.721    11.0353    11.0321   3.898880   3.899061     2.2431     1.5000     0.4370    4.81864     139629         12  0.000e+00
      2.721    11.0351    11.0329   3.898926   3.899095     2.2394     1.5000     0.4405    4.80853     139630         12  0.000e+00
      2.737    11.0351    11.0336   3.898900   3.899061     2.2382     1.5122     0.4394    4.80518     139631         12  0.000e+00
      2.658    11.0355    11.0341   3.898900   3.899129     2.2382     1.5122     0.4382    4.80510     139632         12  0.000e+00
      2.776    11.0356    11.0345   3.898913   3.899197     2.2406     1.5122     0.4382    4.81190     139633         12  0.000e+00
      2.721    11.0356    11.0346   3.898913   3.899197     2.2406     1.5122     0.4370    4.81186     139634         12  0.000e+00
      2.792    11.0356    11.0349   3.898932   3.899231     2.2382     1.5000     0.4358    4.80516     139635         12  0.000e+00
      2.721    11.0358    11.0349   3.898971   3.899231     2.2382     1.5000     0.4346    4.80509     139636         12  0.000e+00
      2.721    11.0359    11.0350   3.898984   3.899333     2.2394     1.5000     0.4346    4.80844     139637         12  0.000e+00
      2.776    11.0359    11.0348   3.898958   3.899265     2.2406     1.5000     0.4346    4.81186     139638         12  0.000e+00
      2.619    11.0356    11.0346   3.898945   3.899265     2.2406     1.5000     0.4334    4.81179     139639         12  0.000e+00
      2.957    11.0354    11.0348   3.898939   3.899265     2.2406     1.5000     0.4334    4.81201     139640         12  0.000e+00
      2.776    11.0351    11.0346   3.898919   3.899265     2.2394     1.4878     0.4322    4.80856     139641         12  0.000e+00
      2.839    11.0351    11.0340   3.898913   3.899265     2.2394     1.5000     0.4322    4.80860     139642         12  0.000e+00
      2.839    11.0350    11.0341   3.898893   3.899231     2.2419     1.5000     0.4334    4.81536     139643         12  0.000e+00
      2.792    11.0348    11.0338   3.898829   3.899197     2.2406     1.5000     0.4334    4.81199     139644         12  0.000e+00
      2.839    11.0339    11.0335   3.898790   3.899197     2.2394     1.5000     0.4334    4.80873     139645         12  0.000e+00
      2.839    11.0338    11.0338   3.898796   3.899163     2.2394     1.4878     0.4334    4.80873     139646         12  0.000e+00
