Ship_data/Irminger/Irminger-1/ctd/process/kkn22104004.ros
* Sea-Bird SBE 9 Data File:
* FileName = C:\Data\ctd\KN22104004.hdr
* Software Version Seasave V 7.21k
* Temperature SN = 4195
* Conductivity SN = 2147
* Number of Bytes Per Scan = 40
* Number of Voltage Words = 5
* Number of Scans Averaged by the Deck Unit = 1
* NMEA Latitude = 61 39.45 N
* NMEA Longitude = 033 04.60 W
* NMEA UTC (Time) = Sep 08 2014 23:19:14
** KN221-04 Chief Scientist: Bob Weller
** OOI Irminger Sea Sept. 2014
** Station: 004
** Knudsen Depth: 2976
# nquan = 12
# nvalues = 588                                   
# units = specified
# name 0 = prDM: Pressure, Digiquartz [db]
# name 1 = t090C: Temperature [ITS-90, deg C]
# name 2 = t190C: Temperature, 2 [ITS-90, deg C]
# name 3 = c0S/m: Conductivity [S/m]
# name 4 = c1S/m: Conductivity, 2 [S/m]
# name 5 = sbeox0V: Oxygen raw, SBE 43 [V]
# name 6 = flECO-AFL: Fluorescence, WET Labs ECO-AFL/FL [mg/m^3]
# name 7 = CStarAt0: Beam Attenuation, WET Labs C-Star [1/m]
# name 8 = sbeox0ML/L: Oxygen, SBE 43 [ml/l]
# name 9 = scan: Scan Count
# name 10 = nbf: Bottles Fired
# name 11 = flag:  0.000e+00
# interval = seconds: 0.0416667
# start_time = Sep 08 2014 23:19:14 [NMEA time, header]
# bad_flag = -9.990e-29
*END*
[from data line 241]
    152.196     5.4972     5.4956   3.394821   3.394784     2.0132     0.0226     0.0945    4.85613     120755          5  0.000e+00
    152.252     5.4971     5.4954   3.394760   3.394810     2.0132     0.0226     0.0945    4.85620     120756          5  0.000e+00
    152.196     5.4971     5.4955   3.394778   3.394848     2.0132     0.0226     0.0945    4.85616     120757          5  0.000e+00
    152.196     5.4972     5.4958   3.394797   3.394816     2.0144     0.0348     0.0945    4.86005     120758          5  0.000e+00
    152.315     5.4964     5.4946   3.394723   3.394777     2.0144     0.0226     0.0956    4.86022     120949          6  0.000e+00
    152.252     5.4969     5.4946   3.394736   3.394758     2.0144     0.0226     0.0956    4.86012     120950          6  0.000e+00
    152.315     5.4967     5.4948   3.394736   3.394758     2.0144     0.0226     0.0956    4.86018     120951          6  0.000e+00
    152.252     5.4967     5.4948   3.394736   3.394745     2.0144     0.0348     0.0956    4.86014     120952          6  0.000e+00
    152.260     5.4966     5.4946   3.394680   3.394726     2.0144     0.0348     0.0956    4.86018     120953          6  0.000e+00
    152.197     5.4964     5.4946   3.394693   3.394726     2.0144     0.0470     0.0956    4.86015     120954          6  0.000e+00
    152.252     5.4961     5.4948   3.394705   3.394745     2.0132     0.0348     0.0956    4.85629     120955          6  0.000e+00
    152.252     5.4959     5.4948   3.394723   3.394784     2.0132     0.0348     0.0956    4.85630     120956          6  0.000e+00
    152.197     5.4959     5.4946   3.394717   3.394713     2.0132     0.0348     0.0945    4.85627     120957          6  0.000e+00
    152.197     5.4961     5.4948   3.394705   3.394784     2.0144     0.0348     0.0945    4.86017     120958          6  0.000e+00
    152.197     5.4959     5.4948   3.394687   3.394758     2.0144     0.0348     0.0945    4.86019     120959          6  0.000e+00
    152.141     5.4956     5.4948   3.394687   3.394777     2.0144     0.0348     0.0945    4.86019     120960          6  0.000e+00
    152.141     5.4956     5.4948   3.394589   3.394726     2.0144     0.0348     0.0945    4.86022     120961          6  0.000e+00
    152.197     5.4953     5.4946   3.394570   3.394784     2.0144     0.0348     0.0945    4.86030     120962          6  0.000e+00
    152.078     5.4953     5.4948   3.394564   3.394745     2.0144     0.0348     0.0945    4.86022     120963          6  0.000e+00
    152.141     5.4951     5.4948   3.394595   3.394758     2.0144     0.0348     0.0945    4.86027     120964          6  0.000e+00
    152.078     5.4947     5.4946   3.394521   3.394784     2.0144     0.0348     0.0945    4.86029     120965          6  0.000e+00
    152.141     5.4948     5.4946   3.394509   3.394713     2.0132     0.0348     0.0945    4.85641     120966          6  0.000e+00
    152.078     5.4950     5.4946   3.394564   3.394726     2.0144     0.0348     0.0945    4.86025     120967          6  0.000e+00
    152.023     5.4950     5.4944   3.394595   3.394726     2.0144     0.0348     0.0945    4.86020     120968          6  0.000e+00
    152.086     5.4951     5.4946   3.394546   3.394745     2.0144     0.0348     0.0945    4.86025     120969          6  0.000e+00
    152.023     5.4953     5.4946   3.394564   3.394784     2.0144     0.0348     0.0945    4.86019     120970          6  0.000e+00
    152.023     5.4951     5.4948   3.394564   3.394758     2.0144     0.0348     0.0956    4.86020     120971          6  0.000e+00
    152.023     5.4951     5.4949   3.394552   3.394745     2.0144     0.0348     0.0945    4.86020     120972          6  0.000e+00
    152.023     5.4948     5.4950   3.394509   3.394726     2.0144     0.0348     0.0945    4.86025     120973          6  0.000e+00
    151.960     5.4945     5.4950   3.394533   3.394784     2.0144     0.0348     0.0945    4.86023     120974          6  0.000e+00
    152.023     5.4947     5.4948   3.394570   3.394713     2.0144     0.0348     0.0945    4.86024     120975          6  0.000e+00
    151.968     5.4947     5.4946   3.394576   3.394784     2.0144     0.0348     0.0945    4.86020     120976          6  0.000e+00
    151.960     5.4950     5.4948   3.394558   3.394784     2.0144     0.0348     0.0945    4.86018     120977          6  0.000e+00
    151.960     5.4951     5.4948   3.394533   3.394745     2.0144     0.0348     0.0945    4.86017     120978          6  0.000e+00
    151.905     5.4950     5.4945   3.394613   3.394726     2.0144     0.0348     0.0945    4.86012     120979          6  0.000e+00
    151.960     5.4948     5.4946   3.394552   3.394745     2.0144     0.0348     0.0945    4.86019     120980          6  0.000e+00
    151.905     5.4950     5.4948   3.394503   3.394726     2.0144     0.0348     0.0945    4.86016     120981          6  0.000e+00
    151.905     5.4948     5.4946   3.394533   3.394726     2.0144     0.0348     0.0945    4.86016     120982          6  0.000e+00
    151.913     5.4950     5.4948   3.394564   3.394713     2.0144     0.0348     0.0956    4.86014     120983          6  0.000e+00
    151.905     5.4947     5.4948   3.394558   3.394758     2.0144     0.0348     0.0956    4.86017     120984          6  0.000e+00
    151.905     5.4948     5.4948   3.394570   3.394758     2.0144     0.0348     0.0945    4.86015     120985          6  0.000e+00
    151.905     5.4948     5.4948   3.394564   3.394745     2.0144     0.0348     0.0945    4.86015     120986          6  0.000e+00
    151.842     5.4947     5.4950   3.394570   3.394758     2.0144     0.0348     0.0945    4.86012     120987          6  0.000e+00
    151.842     5.4950     5.4948   3.394515   3.394784     2.0144     0.0348     0.0945    4.86011     120988          6  0.000e+00
    151.905     5.4950     5.4949   3.394509   3.394745     2.0144     0.0470     0.0945    4.86016     120989          6  0.000e+00
    151.842     5.4948     5.4948   3.394564   3.394726     2.0144     0.0348     0.0945    4.86011     120990          6  0.000e+00
    151.913     5.4950     5.4946   3.394576   3.394726     2.0144     0.0348     0.0945    4.86014     120991          6  0.000e+00
    151.842     5.4950     5.4946   3.394533   3.394713     2.0144     0.0348     0.0956    4.86011     120992          6  0.000e+00
    151.842     5.4945     5.4948   3.394539   3.394726     2.0144     0.0348     0.0956    4.86015     120993          6  0.000e+00
    151.842     5.4945     5.4948   3.394552   3.394758     2.0144     0.0348     0.0945    4.86014     120994          6  0.000e+00
    151.842     5.4950     5.4946   3.394533   3.394745     2.0144     0.0348     0.0945    4.86011     120995          6  0.000e+00
    151.905     5.4950     5.4945   3.394521   3.394661     2.0144     0.0348     0.0945    4.86015     120996          6  0.000e+00
    151.842     5.4951     5.4944   3.394564   3.394726     2.0144     0.0348     0.0945    4.86008     120997          6  0.000e+00
     72.683     6.1134     6.1172   3.447499   3.448131     2.0495     0.1813     0.1121    4.84576     131711          7  0.000e+00
     72.690     6.1133     6.1169   3.447481   3.448105     2.0495     0.1813     0.1121    4.84578     131712          7  0.000e+00
     72.690     6.1128     6.1171   3.447376   3.448163     2.0495     0.1813     0.1110    4.84586     131713          7  0.000e+00
     72.745     6.1123     6.1174   3.447364   3.448131     2.0483     0.1813     0.1110    4.84214     131714          7  0.000e+00
     72.683     6.1120     6.1170   3.447376   3.448196     2.0495     0.1813     0.1121    4.84593     131715          7  0.000e+00
     72.801     6.1124     6.1173   3.447419   3.448163     2.0495     0.1813     0.1121    4.84595     131716          7  0.000e+00
     72.690     6.1128     6.1175   3.447481   3.448163     2.0495     0.1813     0.1132    4.84583     131717          7  0.000e+00
     72.745     6.1128     6.1178   3.447481   3.448131     2.0495     0.1813     0.1132    4.84586     131718          7  0.000e+00
     72.745     6.1126     6.1182   3.447450   3.448228     2.0495     0.1813     0.1132    4.84589     131719          7  0.000e+00
     72.738     6.1126     6.1182   3.447438   3.448261     2.0495     0.1813     0.1132    4.84589     131720          7  0.000e+00
     72.801     6.1124     6.1182   3.447456   3.448228     2.0495     0.1813     0.1121    4.84594     131721          7  0.000e+00
     72.801     6.1126     6.1182   3.447512   3.448228     2.0495     0.1813     0.1121    4.84590     131722          7  0.000e+00
     72.801     6.1128     6.1184   3.447512   3.448261     2.0495     0.1813     0.1121    4.84589     131723          7  0.000e+00
     72.793     6.1127     6.1180   3.447499   3.448261     2.0483     0.1813     0.1121    4.84208     131724          7  0.000e+00
     72.801     6.1128     6.1182   3.447456   3.448293     2.0483     0.1813     0.1132    4.84209     131725          7  0.000e+00
     72.864     6.1126     6.1184   3.447395   3.448261     2.0495     0.1813     0.1121    4.84599     131726          7  0.000e+00
     72.801     6.1123     6.1180   3.447358   3.448261     2.0495     0.1813     0.1121    4.84599     131727          7  0.000e+00
     72.864     6.1121     6.1180   3.447389   3.448293     2.0495     0.1813     0.1110    4.84603     131728          7  0.000e+00
     72.856     6.1123     6.1180   3.447339   3.448261     2.0495     0.1813     0.1110    4.84603     131729          7  0.000e+00
     72.919     6.1118     6.1182   3.447358   3.448228     2.0495     0.1813     0.1110    4.84610     131730          7  0.000e+00
     72.919     6.1119     6.1178   3.447395   3.448228     2.0495     0.1813     0.1110    4.84608     131731          7  0.000e+00
     72.864     6.1118     6.1169   3.447389   3.448228     2.0495     0.1935     0.1110    4.84605     131732          7  0.000e+00
     72.911     6.1117     6.1172   3.447333   3.448196     2.0495     0.1935     0.1110    4.84612     131733          7  0.000e+00
     72.919     6.1113     6.1170   3.447247   3.448163     2.0495     0.1935     0.1110    4.84618     131734          7  0.000e+00
     72.919     6.1109     6.1169   3.447222   3.448163     2.0495     0.1935     0.1121    4.84623     131735          7  0.000e+00
     72.982     6.1107     6.1167   3.447204   3.448131     2.0495     0.1935     0.1121    4.84630     131736          7  0.000e+00
     72.974     6.1104     6.1153   3.447191   3.448105     2.0495     0.1935     0.1121    4.84632     131737          7  0.000e+00
     72.982     6.1104     6.1151   3.447191   3.448073     2.0495     0.1935     0.1132    4.84633     131738          7  0.000e+00
     72.864     6.1105     6.1140   3.447191   3.447975     2.0495     0.1935     0.1132    4.84624     131739          7  0.000e+00
     73.037     6.1107     6.1128   3.447210   3.447917     2.0495     0.1935     0.1121    4.84633     131740          7  0.000e+00
     73.037     6.1107     6.1128   3.447241   3.447820     2.0495     0.1935     0.1121    4.84632     131741          7  0.000e+00
     73.029     6.1109     6.1125   3.447253   3.447697     2.0507     0.1935     0.1121    4.85011     131742          7  0.000e+00
     72.982     6.1111     6.1122   3.447210   3.447723     2.0495     0.1935     0.1121    4.84626     131743          7  0.000e+00
     73.037     6.1110     6.1122   3.447210   3.447788     2.0495     0.1935     0.1132    4.84630     131744          7  0.000e+00
     73.037     6.1110     6.1125   3.447222   3.447697     2.0495     0.1935     0.1121    4.84629     131745          7  0.000e+00
     73.029     6.1110     6.1127   3.447241   3.447697     2.0495     0.1935     0.1121    4.84629     131746          7  0.000e+00
     73.037     6.1107     6.1114   3.447253   3.447664     2.0495     0.1935     0.1121    4.84631     131747          7  0.000e+00
     73.037     6.1111     6.1106   3.447364   3.447599     2.0495     0.1935     0.1121    4.84623     131748          7  0.000e+00
     73.100     6.1115     6.1104   3.447450   3.447567     2.0495     0.1935     0.1121    4.84621     131749          7  0.000e+00
     73.029     6.1113     6.1104   3.447426   3.447476     2.0495     0.1935     0.1110    4.84619     131750          7  0.000e+00
     73.100     6.1118     6.1102   3.447389   3.447444     2.0483     0.1935     0.1110    4.84239     131751          7  0.000e+00
     73.100     6.1120     6.1104   3.447395   3.447444     2.0495     0.1935     0.1110    4.84619     131752          7  0.000e+00
     73.037     6.1121     6.1104   3.447364   3.447476     2.0495     0.1935     0.1110    4.84615     131753          7  0.000e+00
     73.100     6.1117     6.1104   3.447389   3.447411     2.0495     0.1935     0.1110    4.84622     131754          7  0.000e+00
     73.029     6.1113     6.1109   3.447407   3.447411     2.0495     0.1935     0.1121    4.84620     131755          7  0.000e+00
     73.100     6.1115     6.1112   3.447475   3.447411     2.0495     0.1813     0.1132    4.84620     131756          7  0.000e+00
     73.100     6.1115     6.1112   3.447456   3.447444     2.0495     0.1813     0.1132    4.84620     131757          7  0.000e+00
     73.100     6.1121     6.1111   3.447395   3.447444     2.0495     0.1813     0.1132    4.84617     131758          7  0.000e+00
     73.029     6.1121     6.1109   3.447419   3.447411     2.0495     0.1813     0.1132    4.84612     131759          7  0.000e+00
     51.722     8.1574     8.2373   3.628004   3.634341     2.1237     0.4011     0.1596    4.82159     140117          8  0.000e+00
     51.667     8.1559     8.2422   3.628551   3.634712     2.1237     0.4011     0.1596    4.82149     140118          8  0.000e+00
     51.722     8.1618     8.2373   3.629494   3.635400     2.1250     0.4011     0.1596    4.82435     140119          8  0.000e+00
     51.722     8.1700     8.2358   3.630135   3.635552     2.1262     0.4011     0.1596    4.82707     140120          8  0.000e+00
     51.722     8.1751     8.2388   3.630311   3.635400     2.1250     0.4011     0.1585    4.82298     140121          8  0.000e+00
     51.486     8.1779     8.2386   3.630286   3.635565     2.1262     0.4011     0.1585    4.82623     140122          8  0.000e+00
     51.785     8.1784     8.2368   3.629959   3.635751     2.1250     0.4011     0.1585    4.82287     140123          8  0.000e+00
     51.722     8.1785     8.2367   3.629588   3.635757     2.1262     0.4011     0.1596    4.82656     140124          8  0.000e+00
     51.785     8.1795     8.2364   3.629588   3.635691     2.1262     0.4011     0.1596    4.82652     140125          8  0.000e+00
     51.722     8.1796     8.2368   3.630173   3.635685     2.1262     0.4011     0.1596    4.82627     140126          8  0.000e+00
     51.777     8.1836     8.2393   3.631053   3.635658     2.1262     0.4011     0.1585    4.82568     140127          8  0.000e+00
     51.722     8.1901     8.2409   3.631776   3.635724     2.1262     0.4011     0.1585    4.82487     140128          8  0.000e+00
     51.722     8.1964     8.2388   3.632305   3.635850     2.1262     0.4011     0.1574    4.82418     140129          8  0.000e+00
     51.785     8.2032     8.2377   3.632613   3.635857     2.1262     0.4011     0.1574    4.82355     140130          8  0.000e+00
     51.785     8.2055     8.2304   3.632348   3.635532     2.1262     0.3889     0.1574    4.82345     140131          8  0.000e+00
     51.777     8.2026     8.2227   3.631971   3.635096     2.1262     0.3645     0.1574    4.82381     140132          8  0.000e+00
     51.840     8.1997     8.2163   3.631896   3.634646     2.1262     0.3645     0.1585    4.82412     140133          8  0.000e+00
