Ship_data/Irminger/Irminger-1/ctd/process/kkn22104002.ros
* Sea-Bird SBE 9 Data File:
* FileName = C:\Data\ctd\KN22104002.hdr
* Software Version Seasave V 7.21k
* Temperature SN = 4195
* Conductivity SN = 2147
* Number of Bytes Per Scan = 40
* Number of Voltage Words = 5
* Number of Scans Averaged by the Deck Unit = 1
* NMEA Latitude = 61 59.72 N
* NMEA Longitude = 031 52.35 W
* NMEA UTC (Time) = Sep 08 2014 14:44:00
** KN221-04 Chief Scientist: Bob Weller
** OOI Irminger Sea Sept. 2014
** Station: 002
** Knudsen Depth: 2698
# nquan = 12
# nvalues = 588                                   
# units = specified
# name 0 = prDM: Pressure, Digiquartz [db]
# name 1 = t090C: Temperature [ITS-90, deg C]
# name 2 = t190C: Temperature, 2 [ITS-90, deg C]
# name 3 = c0S/m: Conductivity [S/m]
# name 4 = c1S/m: Conductivity, 2 [S/m]
# name 5 = sbeox0V: Oxygen raw, SBE 43 [V]
# name 6 = flECO-AFL: Fluorescence, WET Labs ECO-AFL/FL [mg/m^3]
# name 7 = CStarAt0: Beam Attenuation, WET Labs C-Star [1/m]
# name 8 = sbeox0ML/L: Oxygen, SBE 43 [ml/l]
# name 9 = scan: Scan Count
# name 10 = nbf: Bottles Fired
# name 11 = flag:  0.000e+00
# interval = seconds: 0.0416667
# start_time = Sep 08 2014 14:44:00 [NMEA time, header]
# bad_flag = -9.990e-29
*END*
[from data line 361]
    554.036     4.3567     4.3550   3.306149   3.306167     1.8998     0.0348     0.0880    4.87624     115370          8  0.000e+00
    554.099     4.3564     4.3548   3.306155   3.306173     1.8998     0.0348     0.0880    4.87631     115371          8  0.000e+00
    554.099     4.3567     4.3545   3.306125   3.306199     1.9010     0.0348     0.0880    4.88055     115372          8  0.000e+00
    554.155     4.3568     4.3545   3.306149   3.306205     1.8998     0.0348     0.0880    4.87630     115373          8  0.000e+00
    554.155     4.3565     4.3546   3.306125   3.306135     1.9010     0.0470     0.0880    4.88060     115374          8  0.000e+00
    554.155     4.3565     4.3548   3.306107   3.306135     1.8998     0.0348     0.0880    4.87635     115375          8  0.000e+00
    554.218     4.3567     4.3545   3.306107   3.306205     1.8998     0.0348     0.0880    4.87637     115376          8  0.000e+00
    554.218     4.3564     4.3547   3.306107   3.306199     1.8998     0.0348     0.0880    4.87640     115377          8  0.000e+00
    554.274     4.3559     4.3546   3.306016   3.306173     1.8998     0.0470     0.0880    4.87652     115378          8  0.000e+00
    554.218     4.3554     4.3543   3.305985   3.306167     1.9010     0.0348     0.0880    4.88080     115379          8  0.000e+00
    554.274     4.3549     4.3530   3.305943   3.306109     1.9010     0.0348     0.0880    4.88090     115380          8  0.000e+00
    554.330     4.3544     4.3520   3.305943   3.306109     1.8998     0.0348     0.0880    4.87672     115381          8  0.000e+00
    554.330     4.3544     4.3513   3.305937   3.305924     1.9010     0.0348     0.0880    4.88098     115382          8  0.000e+00
    554.274     4.3547     4.3508   3.305949   3.305841     1.8998     0.0226     0.0901    4.87665     115383          8  0.000e+00
    554.393     4.3551     4.3501   3.305937   3.305803     1.8998     0.0226     0.0956    4.87670     115384          8  0.000e+00
    554.330     4.3549     4.3504   3.305931   3.305803     1.8998     0.0226     0.0978    4.87668     115385          8  0.000e+00
    554.393     4.3547     4.3513   3.305907   3.305746     1.8998     0.0226     0.0956    4.87674     115386          8  0.000e+00
    554.393     4.3553     4.3522   3.305961   3.305771     1.8998     0.0226     0.0934    4.87667     115387          8  0.000e+00
    554.393     4.3553     4.3522   3.305986   3.305899     1.8998     0.0226     0.0923    4.87666     115388          8  0.000e+00
    554.393     4.3549     4.3519   3.305967   3.305924     1.8998     0.0226     0.0912    4.87670     115389          8  0.000e+00
    554.449     4.3538     4.3519   3.305870   3.305956     1.8998     0.0226     0.0901    4.87688     115390          8  0.000e+00
    554.393     4.3525     4.3524   3.305773   3.305963     1.8998     0.0226     0.0901    4.87700     115391          8  0.000e+00
    554.449     4.3532     4.3526   3.305792   3.305924     1.8998     0.0226     0.0901    4.87697     115392          8  0.000e+00
    554.449     4.3541     4.3527   3.305895   3.305931     1.8998     0.0226     0.0901    4.87684     115393          8  0.000e+00
    554.449     4.3549     4.3529   3.305949   3.305956     1.8998     0.0226     0.0901    4.87675     115394          8  0.000e+00
    554.449     4.3549     4.3524   3.305961   3.305982     1.8998     0.0226     0.0901    4.87674     115395          8  0.000e+00
    554.457     4.3547     4.3520   3.305955   3.305963     1.8998     0.0226     0.0901    4.87676     115396          8  0.000e+00
    554.449     4.3543     4.3522   3.305937   3.305982     1.8998     0.0226     0.0890    4.87681     115397          8  0.000e+00
    554.512     4.3541     4.3522   3.305949   3.305988     1.9010     0.0226     0.0890    4.88112     115398          8  0.000e+00
    554.449     4.3546     4.3524   3.305961   3.305982     1.8998     0.0226     0.0901    4.87677     115399          8  0.000e+00
    554.449     4.3549     4.3525   3.305955   3.305956     1.8998     0.0226     0.0901    4.87674     115400          8  0.000e+00
    253.087     5.7880     5.7868   3.428530   3.428685     1.9660     0.0470     0.0912    4.73078     128804          9  0.000e+00
    252.968     5.7879     5.7869   3.428536   3.428665     1.9660     0.0470     0.0912    4.73071     128805          9  0.000e+00
    253.031     5.7880     5.7869   3.428549   3.428717     1.9660     0.0470     0.0912    4.73074     128806          9  0.000e+00
    252.874     5.7878     5.7870   3.428567   3.428730     1.9685     0.0470     0.0912    4.73853     128807          9  0.000e+00
    253.087     5.7879     5.7866   3.428561   3.428717     1.9660     0.0348     0.0912    4.73078     128808          9  0.000e+00
    253.031     5.7878     5.7865   3.428530   3.428698     1.9648     0.0226     0.0912    4.72683     128809          9  0.000e+00
    253.031     5.7879     5.7868   3.428518   3.428652     2.0333     0.0226     0.0912    4.94741     128810          9  0.000e+00
    253.031     5.7878     5.7866   3.428518   3.428665     2.0272     0.0226     0.0912    4.92772     128811          9  0.000e+00
    253.031     5.7879     5.7868   3.428543   3.428685     1.9648     0.0226     0.0912    4.72681     128812          9  0.000e+00
    252.968     5.7879     5.7867   3.428530   3.428665     1.9599     0.0226     0.0912    4.71102     128813          9  0.000e+00
    252.968     5.7879     5.7865   3.428536   3.428652     1.9599     0.0226     0.0912    4.71102     128814          9  0.000e+00
    252.968     5.7877     5.7865   3.428549   3.428730     1.9636     0.0226     0.0912    4.72285     128815          9  0.000e+00
    252.968     5.7879     5.7867   3.428549   3.428685     1.9648     0.0226     0.0923    4.72677     128816          9  0.000e+00
    252.968     5.7877     5.7865   3.428573   3.428698     1.9648     0.0226     0.0923    4.72678     128817          9  0.000e+00
    252.968     5.7878     5.7866   3.428512   3.428685     1.9624     0.0226     0.0923    4.71891     128818          9  0.000e+00
    252.968     5.7877     5.7867   3.428530   3.428730     1.9624     0.0226     0.0923    4.71891     128819          9  0.000e+00
    252.913     5.7879     5.7868   3.428549   3.428652     1.9636     0.0226     0.0912    4.72279     128820          9  0.000e+00
    252.968     5.7882     5.7866   3.428573   3.428698     1.9648     0.0226     0.0912    4.72673     128821          9  0.000e+00
    252.968     5.7879     5.7867   3.428586   3.428685     1.9648     0.0226     0.0912    4.72676     128822          9  0.000e+00
    252.913     5.7878     5.7868   3.428536   3.428730     1.9624     0.0226     0.0912    4.71887     128823          9  0.000e+00
    252.968     5.7880     5.7868   3.428561   3.428717     1.9624     0.0226     0.0912    4.71887     128824          9  0.000e+00
    252.913     5.7879     5.7867   3.428579   3.428698     1.9636     0.0226     0.0912    4.72278     128825          9  0.000e+00
    252.913     5.7880     5.7868   3.428561   3.428685     1.9648     0.0226     0.0912    4.72672     128826          9  0.000e+00
    252.929     5.7879     5.7869   3.428567   3.428698     1.9648     0.0226     0.0912    4.72673     128827          9  0.000e+00
    252.913     5.7879     5.7865   3.428561   3.428685     1.9624     0.0226     0.0912    4.71885     128828          9  0.000e+00
    252.968     5.7879     5.7868   3.428530   3.428665     1.9648     0.0226     0.0923    4.72677     128829          9  0.000e+00
    252.850     5.7877     5.7869   3.428524   3.428652     1.9636     0.0226     0.0923    4.72278     128830          9  0.000e+00
    252.968     5.7879     5.7868   3.428518   3.428698     1.9648     0.0226     0.0923    4.72678     128831          9  0.000e+00
    252.913     5.7876     5.7869   3.428450   3.428685     1.9636     0.0226     0.0923    4.72285     128832          9  0.000e+00
    252.913     5.7875     5.7868   3.428493   3.428730     1.9636     0.0226     0.0923    4.72284     128833          9  0.000e+00
    252.913     5.7876     5.7867   3.428543   3.428620     1.9648     0.0226     0.0923    4.72675     128834          9  0.000e+00
    252.850     5.7875     5.7866   3.428506   3.428665     1.9636     0.0226     0.0923    4.72279     128835          9  0.000e+00
    252.913     5.7876     5.7866   3.428506   3.428685     1.9648     0.0226     0.0923    4.72677     128836          9  0.000e+00
    252.913     5.7879     5.7867   3.428518   3.428665     1.9636     0.0226     0.0923    4.72280     128837          9  0.000e+00
    252.913     5.7876     5.7866   3.428543   3.428717     1.9636     0.0226     0.0923    4.72281     128838          9  0.000e+00
    252.913     5.7879     5.7869   3.428555   3.428665     1.9648     0.0226     0.0923    4.72673     128839          9  0.000e+00
    252.850     5.7877     5.7868   3.428549   3.428685     1.9636     0.0226     0.0923    4.72276     128840          9  0.000e+00
    252.913     5.7874     5.7868   3.428530   3.428698     1.9648     0.0226     0.0923    4.72677     128841          9  0.000e+00
    252.913     5.7877     5.7866   3.428518   3.428717     1.9624     0.0226     0.0912    4.71887     128842          9  0.000e+00
    252.850     5.7876     5.7868   3.428543   3.428665     1.9636     0.0226     0.0912    4.72277     128843          9  0.000e+00
    252.913     5.7877     5.7865   3.428530   3.428698     1.9648     0.0226     0.0912    4.72675     128844          9  0.000e+00
    252.755     5.7878     5.7866   3.428499   3.428685     1.9648     0.0226     0.0912    4.72665     128845          9  0.000e+00
    253.032     5.7877     5.7868   3.428506   3.428698     1.9673     0.0226     0.0912    4.73471     128846          9  0.000e+00
    252.913     5.7879     5.7868   3.428543   3.428685     1.9636     0.0226     0.0912    4.72278     128847          9  0.000e+00
    252.850     5.7880     5.7869   3.428530   3.428698     1.9648     0.0226     0.0912    4.72668     128848          9  0.000e+00
    252.913     5.7880     5.7870   3.428518   3.428685     1.9648     0.0226     0.0912    4.72672     128849          9  0.000e+00
    252.913     5.7879     5.7868   3.428536   3.428665     1.9648     0.0226     0.0912    4.72673     128850          9  0.000e+00
    252.850     5.7880     5.7868   3.428530   3.428717     1.9636     0.0226     0.0912    4.72274     128851          9  0.000e+00
    252.913     5.7881     5.7870   3.428561   3.428698     1.9624     0.0226     0.0912    4.71882     128852          9  0.000e+00
    253.262     5.7890     5.7876   3.428653   3.428808     1.9648     0.0348     0.0912    4.72673     129082         10  0.000e+00
    253.262     5.7890     5.7876   3.428696   3.428795     1.9648     0.0348     0.0912    4.72671     129083         10  0.000e+00
    253.262     5.7890     5.7876   3.428659   3.428775     1.9648     0.0348     0.0912    4.72672     129084         10  0.000e+00
    253.286     5.7888     5.7875   3.428641   3.428821     1.9672     0.0348     0.0912    4.73464     129085         10  0.000e+00
    253.207     5.7889     5.7878   3.428641   3.428743     1.9672     0.0348     0.0912    4.73458     129086         10  0.000e+00
    253.262     5.7890     5.7878   3.428684   3.428762     1.9648     0.0348     0.0912    4.72671     129087         10  0.000e+00
    253.207     5.7887     5.7875   3.428666   3.428775     1.9648     0.0348     0.0912    4.72671     129088         10  0.000e+00
    253.144     5.7890     5.7878   3.428647   3.428762     1.9648     0.0348     0.0912    4.72665     129089         10  0.000e+00
    253.207     5.7890     5.7876   3.428641   3.428775     1.9660     0.0348     0.0912    4.73063     129090         10  0.000e+00
    253.144     5.7890     5.7876   3.428659   3.428795     1.9697     0.0348     0.0923    4.74240     129091         10  0.000e+00
    253.144     5.7890     5.7876   3.428727   3.428775     1.9660     0.0348     0.0923    4.73056     129092         10  0.000e+00
    253.144     5.7893     5.7876   3.428672   3.428795     1.9648     0.0348     0.0923    4.72662     129093         10  0.000e+00
    253.089     5.7890     5.7876   3.428659   3.428775     1.9648     0.0348     0.0923    4.72661     129094         10  0.000e+00
    253.207     5.7892     5.7878   3.428653   3.428762     1.9685     0.0348     0.0912    4.73849     129095         10  0.000e+00
    253.033     5.7890     5.7873   3.428696   3.428743     1.9660     0.0348     0.0912    4.73050     129096         10  0.000e+00
    253.144     5.7892     5.7875   3.428684   3.428795     1.9648     0.0348     0.0912    4.72662     129097         10  0.000e+00
    253.089     5.7893     5.7878   3.428672   3.428743     1.9660     0.0348     0.0912    4.73052     129098         10  0.000e+00
    253.089     5.7892     5.7875   3.428672   3.428795     1.9660     0.0348     0.0912    4.73053     129099         10  0.000e+00
    253.034     5.7891     5.7872   3.428653   3.428717     1.9672     0.0348     0.0912    4.73444     129100         10  0.000e+00
    253.034     5.7892     5.7878   3.428672   3.428795     1.9648     0.0348     0.0912    4.72655     129101         10  0.000e+00
    253.089     5.7893     5.7873   3.428653   3.428743     1.9648     0.0348     0.0912    4.72659     129102         10  0.000e+00
    253.034     5.7891     5.7875   3.428659   3.428762     1.9648     0.0348     0.0912    4.72656     129103         10  0.000e+00
    252.970     5.7892     5.7876   3.428672   3.428743     1.9648     0.0348     0.0912    4.72651     129104         10  0.000e+00
    252.876     5.7893     5.7875   3.428678   3.428795     1.9672     0.0348     0.0912    4.73432     129105         10  0.000e+00
    253.144     5.7894     5.7875   3.428678   3.428775     1.9648     0.0348     0.0923    4.72660     129106         10  0.000e+00
    252.970     5.7891     5.7875   3.428653   3.428730     1.9660     0.0348     0.0923    4.73046     129107         10  0.000e+00
    253.034     5.7894     5.7876   3.428659   3.428808     1.9660     0.0348     0.0934    4.73048     129108         10  0.000e+00
    252.970     5.7893     5.7875   3.428653   3.428762     1.9660     0.0348     0.0967    4.73045     129109         10  0.000e+00
    252.915     5.7889     5.7875   3.428696   3.428743     1.9660     0.0348     0.1000    4.73043     129110         10  0.000e+00
    252.970     5.7893     5.7876   3.428684   3.428795     1.9648     0.0348     0.1011    4.72650     129111         10  0.000e+00
    252.915     5.7891     5.7873   3.428672   3.428743     1.9648     0.0348     0.0989    4.72648     129112         10  0.000e+00
    252.970     5.7892     5.7875   3.428653   3.428795     1.9660     0.0348     0.0967    4.73045     129113         10  0.000e+00
    252.915     5.7890     5.7875   3.428647   3.428743     1.9660     0.0348     0.0956    4.73044     129114         10  0.000e+00
    252.915     5.7890     5.7875   3.428647   3.428762     1.9660     0.0348     0.0945    4.73044     129115         10  0.000e+00
    252.915     5.7891     5.7875   3.428659   3.428775     1.9648     0.0348     0.0934    4.72648     129116         10  0.000e+00
    252.915     5.7890     5.7876   3.428629   3.428698     1.9648     0.0348     0.0934    4.72650     129117         10  0.000e+00
    252.852     5.7890     5.7876   3.428641   3.428743     1.9660     0.0348     0.0923    4.73040     129118         10  0.000e+00
    252.915     5.7892     5.7873   3.428647   3.428762     1.9672     0.0348     0.0923    4.73436     129119         10  0.000e+00
    252.852     5.7888     5.7876   3.428641   3.428775     1.9660     0.0470     0.0923    4.73041     129120         10  0.000e+00
    252.852     5.7891     5.7873   3.428641   3.428762     1.9648     0.0348     0.0923    4.72645     129121         10  0.000e+00
