Ship_data/Irminger/Irminger-1/ctd/process/kkn22104004.ros
* Sea-Bird SBE 9 Data File:
* FileName = C:\Data\ctd\KN22104004.hdr
* Software Version Seasave V 7.21k
* Temperature SN = 4195
* Conductivity SN = 2147
* Number of Bytes Per Scan = 40
* Number of Voltage Words = 5
* Number of Scans Averaged by the Deck Unit = 1
* NMEA Latitude = 61 39.45 N
* NMEA Longitude = 033 04.60 W
* NMEA UTC (Time) = Sep 08 2014 23:19:14
** KN221-04 Chief Scientist: Bob Weller
** OOI Irminger Sea Sept. 2014
** Station: 004
** Knudsen Depth: 2976
# nquan = 12
# nvalues = 588                                   
# units = specified
# name 0 = prDM: Pressure, Digiquartz [db]
# name 1 = t090C: Temperature [ITS-90, deg C]
# name 2 = t190C: Temperature, 2 [ITS-90, deg C]
# name 3 = c0S/m: Conductivity [S/m]
# name 4 = c1S/m: Conductivity, 2 [S/m]
# name 5 = sbeox0V: Oxygen raw, SBE 43 [V]
# name 6 = flECO-AFL: Fluorescence, WET Labs ECO-AFL/FL [mg/m^3]
# name 7 = CStarAt0: Beam Attenuation, WET Labs C-Star [1/m]
# name 8 = sbeox0ML/L: Oxygen, SBE 43 [ml/l]
# name 9 = scan: Scan Count
# name 10 = nbf: Bottles Fired
# name 11 = flag:  0.000e+00
# interval = seconds: 0.0416667
# start_time = Sep 08 2014 23:19:14 [NMEA time, header]
# bad_flag = -9.990e-29
*END*
    503.502     4.2717     4.2710   3.296015   3.296146     1.8968     0.0348     0.0869    4.84491      45084          1  0.000e+00
    503.502     4.2718     4.2710   3.296039   3.296178     1.8968     0.0226     0.0869    4.84489      45085          1  0.000e+00
    503.502     4.2715     4.2712   3.296033   3.296178     1.8980     0.0226     0.0869    4.84916      45086          1  0.000e+00
    503.502     4.2719     4.2710   3.296045   3.296178     1.8980     0.0226     0.0880    4.84912      45087          1  0.000e+00
    503.502     4.2719     4.2710   3.296015   3.296114     1.8980     0.0226     0.0880    4.84913      45088          1  0.000e+00
    503.597     4.2719     4.2710   3.295997   3.296178     1.8980     0.0226     0.0880    4.84919      45089          1  0.000e+00
    503.446     4.2714     4.2712   3.296009   3.296139     1.8980     0.0226     0.0880    4.84915      45090          1  0.000e+00
    503.502     4.2715     4.2709   3.296003   3.296178     1.8980     0.0226     0.0880    4.84917      45091          1  0.000e+00
    503.565     4.2717     4.2710   3.295997   3.296178     1.8980     0.0226     0.0880    4.84920      45092          1  0.000e+00
    503.502     4.2713     4.2707   3.295997   3.296146     1.8980     0.0226     0.0880    4.84919      45093          1  0.000e+00
    503.565     4.2712     4.2709   3.296009   3.296178     1.8968     0.0226     0.0901    4.84500      45094          1  0.000e+00
    503.502     4.2714     4.2707   3.296003   3.296178     1.8968     0.0226     0.0869    4.84494      45095          1  0.000e+00
    503.502     4.2714     4.2709   3.296015   3.296178     1.8980     0.0226     0.0869    4.84918      45096          1  0.000e+00
    503.478     4.2715     4.2705   3.296009   3.296108     1.8980     0.0226     0.0869    4.84916      45097          1  0.000e+00
    503.502     4.2715     4.2709   3.296009   3.296114     1.8980     0.0226     0.0869    4.84917      45098          1  0.000e+00
    503.502     4.2715     4.2707   3.296003   3.296178     1.8968     0.0226     0.0869    4.84493      45099          1  0.000e+00
    503.446     4.2714     4.2707   3.295997   3.296146     1.8980     0.0226     0.0880    4.84915      45100          1  0.000e+00
    503.502     4.2716     4.2709   3.295997   3.296178     1.8980     0.0226     0.0901    4.84916      45101          1  0.000e+00
    503.446     4.2719     4.2709   3.296009   3.296146     1.8980     0.0226     0.0880    4.84910      45102          1  0.000e+00
    503.502     4.2719     4.2710   3.296021   3.296114     1.8980     0.0226     0.0869    4.84913      45103          1  0.000e+00
    503.383     4.2719     4.2709   3.296009   3.296139     1.8980     0.0348     0.0869    4.84906      45104          1  0.000e+00
    503.446     4.2719     4.2709   3.296015   3.296178     1.8980     0.0226     0.0869    4.84909      45105          1  0.000e+00
    503.423     4.2719     4.2709   3.296027   3.296114     1.8980     0.0226     0.0869    4.84908      45106          1  0.000e+00
    503.446     4.2719     4.2709   3.296021   3.296146     1.8980     0.0226     0.0869    4.84910      45107          1  0.000e+00
    503.383     4.2720     4.2709   3.296021   3.296146     1.8980     0.0348     0.0869    4.84904      45108          1  0.000e+00
    503.383     4.2719     4.2705   3.296027   3.296146     1.8980     0.0348     0.0869    4.84905      45109          1  0.000e+00
    503.383     4.2719     4.2707   3.296009   3.296178     1.8980     0.0348     0.0869    4.84906      45110          1  0.000e+00
    503.383     4.2717     4.2709   3.296009   3.296139     1.8980     0.0470     0.0869    4.84908      45111          1  0.000e+00
    503.328     4.2717     4.2705   3.296021   3.296178     1.8980     0.0348     0.0869    4.84904      45112          1  0.000e+00
    503.328     4.2718     4.2709   3.295985   3.296114     1.8980     0.0348     0.0869    4.84904      45113          1  0.000e+00
    503.367     4.2715     4.2710   3.295985   3.296114     1.8980     0.0348     0.0880    4.84909      45114          1  0.000e+00
    503.264     4.2719     4.2710   3.295991   3.296146     1.8980     0.0348     0.0880    4.84899      45115          1  0.000e+00
    503.328     4.2715     4.2709   3.295991   3.296178     1.8980     0.0348     0.0869    4.84907      45116          1  0.000e+00
    503.264     4.2719     4.2707   3.296015   3.296178     1.8980     0.0348     0.0869    4.84898      45117          1  0.000e+00
    503.264     4.2720     4.2709   3.296009   3.296139     1.8980     0.0348     0.0880    4.84897      45118          1  0.000e+00
    503.209     4.2717     4.2707   3.296015   3.296114     1.8980     0.0348     0.0880    4.84897      45119          1  0.000e+00
    503.264     4.2719     4.2707   3.295997   3.296146     1.8980     0.0470     0.0869    4.84899      45120          1  0.000e+00
    503.209     4.2718     4.2709   3.295991   3.296146     1.8980     0.0348     0.0869    4.84897      45121          1  0.000e+00
    503.209     4.2717     4.2710   3.295979   3.296146     1.8980     0.0348     0.0869    4.84898      45122          1  0.000e+00
    503.185     4.2715     4.2707   3.296009   3.296146     1.8980     0.0348     0.0869    4.84897      45123          1  0.000e+00
    503.145     4.2720     4.2709   3.295997   3.296178     1.8980     0.0348     0.0869    4.84890      45124          1  0.000e+00
    503.145     4.2716     4.2712   3.295991   3.296165     1.8980     0.0348     0.0869    4.84894      45125          1  0.000e+00
    503.145     4.2717     4.2707   3.295997   3.296146     1.8980     0.0348     0.0869    4.84893      45126          1  0.000e+00
    503.090     4.2717     4.2710   3.295979   3.296114     1.8980     0.0348     0.0869    4.84891      45127          1  0.000e+00
    503.090     4.2717     4.2709   3.295979   3.296178     1.8980     0.0348     0.0869    4.84891      45128          1  0.000e+00
    503.145     4.2715     4.2710   3.295991   3.296114     1.8980     0.0348     0.0880    4.84895      45129          1  0.000e+00
    503.034     4.2716     4.2710   3.295997   3.296178     1.8980     0.0348     0.0880    4.84887      45130          1  0.000e+00
    503.090     4.2715     4.2709   3.295979   3.296178     1.8980     0.0348     0.0901    4.84892      45131          1  0.000e+00
    503.011     4.2717     4.2709   3.296009   3.296139     1.8980     0.0348     0.0901    4.84884      45132          1  0.000e+00
    503.624     4.2709     4.2702   3.295942   3.296057     1.8980     0.0348     0.0869    4.84939      45414          2  0.000e+00
    503.624     4.2707     4.2702   3.295955   3.296114     1.8980     0.0348     0.0869    4.84940      45415          2  0.000e+00
    503.664     4.2708     4.2701   3.295949   3.296088     1.8980     0.0348     0.0869    4.84942      45416          2  0.000e+00
    503.625     4.2710     4.2701   3.295930   3.296114     1.8980     0.0348     0.0869    4.84938      45417          2  0.000e+00
    503.569     4.2709     4.2702   3.295930   3.296057     1.8980     0.0470     0.0869    4.84936      45418          2  0.000e+00
    503.625     4.2709     4.2702   3.295936   3.296076     1.8980     0.0348     0.0869    4.84940      45419          2  0.000e+00
    503.688     4.2710     4.2702   3.295955   3.296088     1.8980     0.0348     0.0869    4.84942      45420          2  0.000e+00
    503.569     4.2709     4.2702   3.295961   3.296088     1.8980     0.0348     0.0869    4.84935      45421          2  0.000e+00
    503.625     4.2709     4.2701   3.295961   3.296088     1.8980     0.0348     0.0869    4.84939      45422          2  0.000e+00
    503.569     4.2710     4.2699   3.295948   3.296146     1.8980     0.0348     0.0869    4.84934      45423          2  0.000e+00
    503.601     4.2711     4.2702   3.295936   3.296088     1.8980     0.0348     0.0869    4.84936      45424          2  0.000e+00
    503.569     4.2709     4.2702   3.295979   3.296088     1.8980     0.0348     0.0869    4.84935      45425          2  0.000e+00
    503.569     4.2710     4.2701   3.295942   3.296108     1.8980     0.0348     0.0869    4.84934      45426          2  0.000e+00
    503.569     4.2710     4.2704   3.295930   3.296114     1.8980     0.0348     0.0869    4.84935      45427          2  0.000e+00
    503.569     4.2711     4.2701   3.295955   3.296088     1.8980     0.0470     0.0869    4.84933      45428          2  0.000e+00
    503.569     4.2709     4.2702   3.295967   3.296114     1.8980     0.0348     0.0869    4.84935      45429          2  0.000e+00
    503.506     4.2709     4.2702   3.295979   3.296088     1.8980     0.0348     0.0869    4.84931      45430          2  0.000e+00
    503.506     4.2709     4.2702   3.296015   3.296114     1.8980     0.0348     0.0869    4.84929      45431          2  0.000e+00
    503.482     4.2710     4.2702   3.295985   3.296088     1.8980     0.0348     0.0869    4.84928      45432          2  0.000e+00
    503.506     4.2712     4.2701   3.295967   3.296108     1.8980     0.0348     0.0880    4.84928      45433          2  0.000e+00
    503.506     4.2710     4.2701   3.296003   3.296088     1.8980     0.0348     0.0869    4.84928      45434          2  0.000e+00
    503.450     4.2710     4.2704   3.295979   3.296088     1.8980     0.0348     0.0869    4.84926      45435          2  0.000e+00
    503.506     4.2711     4.2702   3.295948   3.296088     1.8980     0.0348     0.0869    4.84929      45436          2  0.000e+00
    503.387     4.2709     4.2702   3.295936   3.296114     1.8980     0.0348     0.0869    4.84925      45437          2  0.000e+00
    503.450     4.2709     4.2702   3.295955   3.296088     1.8980     0.0470     0.0869    4.84928      45438          2  0.000e+00
    503.450     4.2709     4.2702   3.295961   3.296088     1.8980     0.0348     0.0869    4.84928      45439          2  0.000e+00
    503.387     4.2708     4.2702   3.295942   3.296108     1.8980     0.0348     0.0869    4.84925      45440          2  0.000e+00
    503.371     4.2709     4.2701   3.295936   3.296088     1.8980     0.0348     0.0869    4.84924      45441          2  0.000e+00
    503.387     4.2709     4.2701   3.295954   3.296088     1.8980     0.0348     0.0869    4.84924      45442          2  0.000e+00
    503.332     4.2709     4.2701   3.295912   3.296114     1.8980     0.0348     0.0869    4.84922      45443          2  0.000e+00
    503.387     4.2710     4.2702   3.295948   3.296088     1.8980     0.0348     0.0869    4.84923      45444          2  0.000e+00
    503.268     4.2709     4.2701   3.295948   3.296114     1.8980     0.0348     0.0901    4.84917      45445          2  0.000e+00
    503.332     4.2710     4.2702   3.295936   3.296114     1.8980     0.0348     0.0869    4.84920      45446          2  0.000e+00
    503.268     4.2710     4.2701   3.295991   3.296076     1.8980     0.0348     0.0869    4.84914      45447          2  0.000e+00
    503.268     4.2711     4.2702   3.295961   3.296114     1.8968     0.0470     0.0869    4.84490      45448          2  0.000e+00
    503.252     4.2712     4.2702   3.295936   3.296056     1.8980     0.0470     0.0901    4.84913      45449          2  0.000e+00
    503.213     4.2714     4.2702   3.295954   3.296088     1.8980     0.0470     0.0880    4.84908      45450          2  0.000e+00
    503.213     4.2714     4.2702   3.295967   3.296088     1.8980     0.0470     0.0880    4.84908      45451          2  0.000e+00
    503.149     4.2711     4.2702   3.295960   3.296114     1.8980     0.0470     0.0880    4.84906      45452          2  0.000e+00
    503.213     4.2712     4.2702   3.295942   3.296146     1.8980     0.0470     0.0880    4.84910      45453          2  0.000e+00
    503.149     4.2712     4.2704   3.295954   3.296076     1.8980     0.0470     0.0869    4.84906      45454          2  0.000e+00
    503.094     4.2710     4.2702   3.295948   3.296146     1.8980     0.0470     0.0869    4.84904      45455          2  0.000e+00
    503.149     4.2713     4.2704   3.295973   3.296056     1.8980     0.0470     0.0869    4.84904      45456          2  0.000e+00
    503.038     4.2710     4.2704   3.295948   3.296088     1.8980     0.0470     0.0869    4.84901      45457          2  0.000e+00
    503.070     4.2712     4.2704   3.295979   3.296088     1.8980     0.0470     0.0869    4.84900      45458          2  0.000e+00
    503.094     4.2714     4.2704   3.295979   3.296056     1.8980     0.0470     0.0869    4.84900      45459          2  0.000e+00
    502.975     4.2712     4.2705   3.296003   3.296088     1.8980     0.0470     0.0869    4.84893      45460          2  0.000e+00
    503.039     4.2715     4.2704   3.296003   3.296107     1.8980     0.0470     0.0901    4.84895      45461          2  0.000e+00
    502.975     4.2717     4.2704   3.295954   3.296088     1.8980     0.0470     0.0880    4.84890      45462          2  0.000e+00
    303.599     4.8445     4.8436   3.341118   3.341234     1.9164     0.0348     0.0901    4.71493      86446          3  0.000e+00
    303.599     4.8446     4.8438   3.341105   3.341240     1.9164     0.0348     0.0901    4.71493      86447          3  0.000e+00
    303.535     4.8443     4.8438   3.341124   3.341266     1.9164     0.0348     0.0901    4.71490      86448          3  0.000e+00
    303.535     4.8444     4.8437   3.341093   3.341234     1.9164     0.0348     0.0901    4.71490      86449          3  0.000e+00
    303.654     4.8445     4.8438   3.341093   3.341266     1.9164     0.0348     0.0901    4.71497      86450          3  0.000e+00
    303.417     4.8446     4.8438   3.341105   3.341298     1.9164     0.0348     0.0901    4.71481      86451          3  0.000e+00
    303.480     4.8445     4.8436   3.341087   3.341234     1.9164     0.0348     0.0901    4.71486      86452          3  0.000e+00
    303.480     4.8446     4.8437   3.341118   3.341266     1.9164     0.0348     0.0901    4.71485      86453          3  0.000e+00
    303.417     4.8443     4.8436   3.341118   3.341240     1.9164     0.0348     0.0901    4.71483      86454          3  0.000e+00
    303.417     4.8444     4.8436   3.341124   3.341234     1.9164     0.0348     0.0901    4.71482      86455          3  0.000e+00
    303.480     4.8445     4.8434   3.341093   3.341234     1.9164     0.0348     0.0901    4.71486      86456          3  0.000e+00
    303.362     4.8443     4.8435   3.341093   3.341266     1.9164     0.0348     0.0901    4.71480      86457          3  0.000e+00
    303.417     4.8442     4.8438   3.341087   3.341240     1.9164     0.0348     0.0901    4.71485      86458          3  0.000e+00
    303.362     4.8443     4.8434   3.341075   3.341234     1.9164     0.0348     0.0901    4.71481      86459          3  0.000e+00
    303.362     4.8444     4.8434   3.341075   3.341266     1.9164     0.0348     0.0901    4.71480      86460          3  0.000e+00
    303.362     4.8443     4.8435   3.341118   3.341266     1.9164     0.0348     0.0901    4.71479      86461          3  0.000e+00
    303.298     4.8446     4.8434   3.341118   3.341266     1.9164     0.0348     0.0901    4.71473      86462          3  0.000e+00
    303.298     4.8445     4.8434   3.341105   3.341234     1.9164     0.0348     0.0901    4.71474      86463          3  0.000e+00
    303.243     4.8446     4.8434   3.341105   3.341266     1.9164     0.0348     0.0901    4.71470      86464          3  0.000e+00
    303.243     4.8447     4.8435   3.341105   3.341234     1.9164     0.0348     0.0901    4.71469      86465          3  0.000e+00
    303.243     4.8445     4.8436   3.341105   3.341234     1.9164     0.0348     0.0901    4.71471      86466          3  0.000e+00
    303.243     4.8446     4.8434   3.341105   3.341234     1.9164     0.0348     0.0901    4.71470      86467          3  0.000e+00
