Ship_data/Irminger/Irminger-1/ctd/process/kkn22104005.cnv
* Sea-Bird SBE 9 Data File:
* FileName = C:\Data\ctd\KN22104005.hdr
* Software Version Seasave V 7.21k
* Temperature SN = 4195
* Conductivity SN = 2147
* Number of Bytes Per Scan = 40
* Number of Voltage Words = 5
* Number of Scans Averaged by the Deck Unit = 1
* NMEA Latitude = 59 55.45 N
* NMEA Longitude = 039 30.56 W
* NMEA UTC (Time) = Sep 11 2014 22:48:32
** KN221-04 Chief Scientist: Bob Weller
** OOI Irminger Sea Sept. 2014
** Station: 005
** Knudsen Depth: 2715
# nquan = 19
# nvalues = 2963                        
# units = specified
# name 0 = prDM: Pressure, Digiquartz [db]
# name 1 = t090C: Temperature [ITS-90, deg C]
# name 2 = t190C: Temperature, 2 [ITS-90, deg C]
# name 3 = c0S/m: Conductivity [S/m]
# name 4 = c1S/m: Conductivity, 2 [S/m]
# name 5 = sbeox0V: Oxygen raw, SBE 43 [V]
# name 6 = flECO-AFL: Fluorescence, WET Labs ECO-AFL/FL [mg/m^3]
# name 7 = CStarAt0: Beam Attenuation, WET Labs C-Star [1/m]
# name 8 = sbeox0ML/L: Oxygen, SBE 43 [ml/l]
# name 9 = depSM: Depth [salt water, m], lat = 59.9242
# name 10 = sal00: Salinity, Practical [PSU]
# name 11 = sal11: Salinity, Practical, 2 [PSU]
# name 12 = svDM: Sound Velocity [Delgrosso, m/s]
# name 13 = sbeox0ML/L: Oxygen, SBE 43 [ml/l], WS = 2
# name 14 = density00: Density [density, Kg/m^3]
# name 15 = density11: Density, 2 [density, Kg/m^3]
# name 16 = dz/dtM: Descent Rate [m/s], WS = 2
# name 17 = oxsatML/L: Oxygen Saturation, Weiss [ml/l]
# name 18 = flag: flag
# span 0 =      2.019,   1503.520       
# span 1 =     3.5283,     9.2275       
# span 2 =     3.5277,     9.2271       
# span 3 =   3.245311,   3.715125       
# span 4 =   3.245457,   3.715329       
# span 5 =     1.6558,     2.2142       
# span 6 =     0.0063,     1.9214       
# span 7 =     0.0792,     0.3956       
# span 8 =    4.65221,    5.08760       
# span 9 =      2.000,   1484.000       
# span 10 =    34.7398,    34.9695      
# span 11 =    34.7324,    34.9719      
# span 12 =    1470.56,    1488.98      
# span 13 =    4.65210,    5.08747      
# span 14 =  1026.9181,  1034.6834      
# span 15 =  1026.9211,  1034.6857      
# span 16 =     -2.030,      2.161      
# span 17 =    6.43654,    7.35236      
# span 18 = 0.0000e+00, 0.0000e+00      
# interval = meters: 1                  
# start_time = Sep 11 2014 22:48:32 [NMEA time, header]
# bad_flag = -9.990e-29
*END*
[from data line 1524]
   1458.787     3.5651     3.5648   3.274589   3.274763     1.6635     0.0236     0.0803    4.65888   1440.000    34.9263    34.9287    1488.39    4.65877  1034.4761  1034.4779     -1.910    7.34566 0.0000e+00
   1457.770     3.5666     3.5665   3.274659   3.274876     1.6630     0.0369     0.0803    4.65632   1439.000    34.9261    34.9288    1488.38    4.65621  1034.4711  1034.4731     -1.838    7.34539 0.0000e+00
   1456.754     3.5677     3.5670   3.274730   3.274907     1.6637     0.0356     0.0802    4.65825   1438.000    34.9263    34.9291    1488.37    4.65814  1034.4664  1034.4688     -1.472    7.34519 0.0000e+00
   1455.737     3.5683     3.5676   3.274759   3.274930     1.6643     0.0323     0.0799    4.65978   1437.000    34.9265    34.9293    1488.35    4.65967  1034.4619  1034.4642     -0.346    7.34507 0.0000e+00
   1454.720     3.5699     3.5686   3.274847   3.274951     1.6642     0.0361     0.0799    4.65873   1436.000    34.9264    34.9289    1488.34    4.65862  1034.4570  1034.4592     -1.250    7.34479 0.0000e+00
   1453.704     3.5709     3.5695   3.274892   3.275004     1.6643     0.0394     0.0800    4.65831   1435.000    34.9264    34.9291    1488.33    4.65820  1034.4523  1034.4546     -1.519    7.34461 0.0000e+00
   1452.687     3.5714     3.5702   3.274890   3.275011     1.6643     0.0374     0.0802    4.65769   1434.000    34.9263    34.9290    1488.32    4.65758  1034.4475  1034.4498     -1.670    7.34451 0.0000e+00
   1451.671     3.5721     3.5712   3.274920   3.275056     1.6642     0.0374     0.0803    4.65664   1433.000    34.9264    34.9290    1488.30    4.65653  1034.4429  1034.4452     -1.739    7.34438 0.0000e+00
   1450.654     3.5729     3.5721   3.274936   3.275104     1.6648     0.0400     0.0803    4.65837   1432.000    34.9263    34.9290    1488.29    4.65826  1034.4381  1034.4404     -1.705    7.34425 0.0000e+00
   1449.638     3.5732     3.5733   3.274939   3.275157     1.6646     0.0372     0.0800    4.65657   1431.000    34.9265    34.9289    1488.27    4.65646  1034.4336  1034.4355     -1.514    7.34417 0.0000e+00
   1448.621     3.5749     3.5737   3.275033   3.275163     1.6652     0.0370     0.0802    4.65817   1430.000    34.9263    34.9291    1488.26    4.65806  1034.4287  1034.4310     -1.061    7.34388 0.0000e+00
   1447.605     3.5763     3.5752   3.275133   3.275264     1.6654     0.0364     0.0801    4.65841   1429.000    34.9265    34.9293    1488.25    4.65830  1034.4241  1034.4264     -0.309    7.34361 0.0000e+00
   1446.588     3.5774     3.5766   3.275177   3.275332     1.6655     0.0237     0.0801    4.65795   1428.000    34.9264    34.9291    1488.24    4.65784  1034.4192  1034.4215     -1.311    7.34342 0.0000e+00
   1445.572     3.5782     3.5769   3.275192   3.275313     1.6655     0.0226     0.0801    4.65724   1427.000    34.9262    34.9290    1488.23    4.65713  1034.4143  1034.4167     -1.663    7.34328 0.0000e+00
   1444.555     3.5796     3.5787   3.275268   3.275416     1.6656     0.0226     0.0802    4.65682   1426.000    34.9261    34.9289    1488.22    4.65671  1034.4095  1034.4119     -1.793    7.34303 0.0000e+00
   1443.539     3.5805     3.5799   3.275310   3.275492     1.6657     0.0365     0.0803    4.65649   1425.000    34.9262    34.9290    1488.20    4.65638  1034.4048  1034.4071     -1.771    7.34286 0.0000e+00
   1442.522     3.5807     3.5802   3.275299   3.275480     1.6660     0.0384     0.0802    4.65726   1424.000    34.9264    34.9290    1488.19    4.65715  1034.4004  1034.4025     -1.620    7.34282 0.0000e+00
   1441.506     3.5808     3.5804   3.275254   3.275465     1.6664     0.0472     0.0803    4.65800   1423.000    34.9263    34.9291    1488.17    4.65789  1034.3956  1034.3979     -1.293    7.34281 0.0000e+00
   1440.489     3.5811     3.5805   3.275241   3.275429     1.6665     0.0445     0.0800    4.65795   1422.000    34.9262    34.9291    1488.16    4.65784  1034.3910  1034.3933     -0.683    7.34275 0.0000e+00
   1439.473     3.5816     3.5809   3.275214   3.275402     1.6668     0.0427     0.0801    4.65831   1421.000    34.9259    34.9289    1488.14    4.65820  1034.3861  1034.3885     -0.486    7.34268 0.0000e+00
   1438.456     3.5819     3.5810   3.275205   3.275359     1.6667     0.0443     0.0795    4.65734   1420.000    34.9260    34.9288    1488.12    4.65723  1034.3815  1034.3838     -0.978    7.34262 0.0000e+00
   1437.440     3.5823     3.5816   3.275208   3.275372     1.6669     0.0404     0.0811    4.65719   1419.000    34.9261    34.9288    1488.11    4.65708  1034.3770  1034.3792     -1.427    7.34253 0.0000e+00
   1436.424     3.5827     3.5821   3.275179   3.275378     1.6667     0.0374     0.0803    4.65588   1418.000    34.9258    34.9288    1488.09    4.65577  1034.3721  1034.3745     -1.659    7.34247 0.0000e+00
   1435.407     3.5830     3.5826   3.275180   3.275376     1.6668     0.0365     0.0802    4.65561   1417.000    34.9261    34.9288    1488.08    4.65550  1034.3677  1034.3698     -1.732    7.34242 0.0000e+00
   1434.391     3.5833     3.5828   3.275160   3.275350     1.6672     0.0420     0.0802    4.65657   1416.000    34.9260    34.9288    1488.06    4.65646  1034.3629  1034.3652     -1.675    7.34236 0.0000e+00
   1433.374     3.5842     3.5831   3.275201   3.275340     1.6674     0.0470     0.0803    4.65653   1415.000    34.9261    34.9288    1488.05    4.65642  1034.3583  1034.3606     -1.498    7.34220 0.0000e+00
   1432.358     3.5845     3.5834   3.275188   3.275329     1.6677     0.0410     0.0803    4.65737   1414.000    34.9261    34.9289    1488.03    4.65726  1034.3536  1034.3560     -1.147    7.34214 0.0000e+00
   1431.341     3.5843     3.5840   3.275113   3.275343     1.6680     0.0428     0.0798    4.65801   1413.000    34.9260    34.9289    1488.02    4.65790  1034.3490  1034.3513     -0.673    7.34219 0.0000e+00
   1430.325     3.5837     3.5835   3.274997   3.275243     1.6680     0.0373     0.0798    4.65746   1412.000    34.9257    34.9288    1488.00    4.65735  1034.3442  1034.3467     -0.736    7.34231 0.0000e+00
   1429.309     3.5840     3.5836   3.274992   3.275202     1.6683     0.0279     0.0802    4.65775   1411.000    34.9258    34.9287    1487.98    4.65764  1034.3397  1034.3420     -0.936    7.34225 0.0000e+00
   1428.292     3.5845     3.5840   3.274978   3.275170     1.6681     0.0443     0.0803    4.65619   1410.000    34.9256    34.9285    1487.97    4.65608  1034.3348  1034.3372     -0.993    7.34216 0.0000e+00
   1427.276     3.5856     3.5847   3.275030   3.275181     1.6684     0.0471     0.0803    4.65686   1409.000    34.9255    34.9283    1487.96    4.65675  1034.3301  1034.3324     -1.137    7.34196 0.0000e+00
   1426.259     3.5875     3.5868   3.275168   3.275311     1.6683     0.0477     0.0799    4.65541   1408.000    34.9258    34.9282    1487.95    4.65530  1034.3253  1034.3273     -1.401    7.34162 0.0000e+00
   1425.243     3.5884     3.5884   3.275209   3.275434     1.6688     0.0462     0.0802    4.65678   1407.000    34.9257    34.9284    1487.93    4.65667  1034.3206  1034.3228     -1.614    7.34144 0.0000e+00
   1424.227     3.5909     3.5899   3.275372   3.275534     1.6686     0.0368     0.0802    4.65524   1406.000    34.9256    34.9285    1487.93    4.65513  1034.3156  1034.3180     -1.663    7.34101 0.0000e+00
   1423.210     3.5928     3.5919   3.275525   3.275674     1.6689     0.0317     0.0806    4.65549   1405.000    34.9259    34.9286    1487.92    4.65538  1034.3109  1034.3132     -1.449    7.34064 0.0000e+00
   1422.194     3.5940     3.5929   3.275599   3.275743     1.6695     0.0374     0.0802    4.65689   1404.000    34.9260    34.9289    1487.91    4.65678  1034.3063  1034.3087     -0.404    7.34042 0.0000e+00
   1421.177     3.5947     3.5937   3.275594   3.275752     1.6696     0.0364     0.0796    4.65662   1403.000    34.9257    34.9286    1487.89    4.65651  1034.3013  1034.3037     -1.421    7.34030 0.0000e+00
   1420.161     3.5941     3.5935   3.275472   3.275690     1.6700     0.0412     0.0796    4.65767   1402.000    34.9254    34.9286    1487.87    4.65756  1034.2965  1034.2991     -1.728    7.34043 0.0000e+00
   1419.145     3.5935     3.5931   3.275367   3.275587     1.6700     0.0365     0.0799    4.65739   1401.000    34.9252    34.9284    1487.85    4.65728  1034.2919  1034.2944     -1.812    7.34054 0.0000e+00
   1418.128     3.5930     3.5923   3.275268   3.275451     1.6701     0.0358     0.0798    4.65707   1400.000    34.9251    34.9280    1487.83    4.65696  1034.2872  1034.2897     -1.727    7.34063 0.0000e+00
   1417.112     3.5927     3.5920   3.275203   3.275349     1.6701     0.0370     0.0803    4.65666   1399.000    34.9252    34.9277    1487.82    4.65655  1034.2828  1034.2848     -1.422    7.34069 0.0000e+00
   1416.096     3.5926     3.5918   3.275126   3.275303     1.6705     0.0312     0.0801    4.65754   1398.000    34.9248    34.9278    1487.80    4.65743  1034.2780  1034.2804     -0.799    7.34072 0.0000e+00
   1415.079     3.5931     3.5919   3.275096   3.275249     1.6708     0.0453     0.0798    4.65790   1397.000    34.9245    34.9276    1487.78    4.65779  1034.2729  1034.2756     -0.787    7.34065 0.0000e+00
   1414.063     3.5935     3.5922   3.275092   3.275228     1.6707     0.0388     0.0798    4.65700   1396.000    34.9246    34.9275    1487.77    4.65689  1034.2683  1034.2709     -1.145    7.34058 0.0000e+00
   1413.047     3.5939     3.5933   3.275090   3.275272     1.6709     0.0397     0.0806    4.65711   1395.000    34.9246    34.9274    1487.75    4.65700  1034.2637  1034.2660     -1.205    7.34050 0.0000e+00
   1412.030     3.5943     3.5936   3.275071   3.275257     1.6709     0.0470     0.0804    4.65628   1394.000    34.9245    34.9274    1487.74    4.65617  1034.2590  1034.2614     -1.195    7.34044 0.0000e+00
   1411.014     3.5950     3.5945   3.275101   3.275278     1.6707     0.0393     0.0797    4.65502   1393.000    34.9246    34.9273    1487.72    4.65491  1034.2544  1034.2566     -1.202    7.34031 0.0000e+00
   1409.998     3.5957     3.5949   3.275103   3.275267     1.6712     0.0378     0.0802    4.65617   1392.000    34.9244    34.9272    1487.71    4.65606  1034.2496  1034.2518     -1.160    7.34019 0.0000e+00
   1408.981     3.5956     3.5949   3.275067   3.275235     1.6713     0.0382     0.0801    4.65581   1391.000    34.9245    34.9273    1487.69    4.65570  1034.2450  1034.2473     -0.936    7.34019 0.0000e+00
   1407.965     3.5969     3.5957   3.275107   3.275264     1.6715     0.0388     0.0800    4.65595   1390.000    34.9242    34.9273    1487.68    4.65584  1034.2400  1034.2426     -0.573    7.33998 0.0000e+00
   1406.949     3.5983     3.5971   3.275176   3.275306     1.6716     0.0384     0.0794    4.65580   1389.000    34.9240    34.9268    1487.67    4.65569  1034.2351  1034.2374     -0.982    7.33973 0.0000e+00
   1405.932     3.5989     3.5980   3.275159   3.275323     1.6719     0.0371     0.0796    4.65601   1388.000    34.9237    34.9266    1487.66    4.65590  1034.2302  1034.2325     -1.463    7.33964 0.0000e+00
   1404.916     3.5989     3.5983   3.275103   3.275311     1.6718     0.0386     0.0802    4.65503   1387.000    34.9235    34.9266    1487.64    4.65492  1034.2253  1034.2279     -1.734    7.33964 0.0000e+00
   1403.900     3.5989     3.5983   3.275059   3.275262     1.6721     0.0392     0.0802    4.65549   1386.000    34.9236    34.9265    1487.62    4.65538  1034.2208  1034.2233     -1.793    7.33965 0.0000e+00
   1402.883     3.5991     3.5985   3.275033   3.275214     1.6719     0.0386     0.0804    4.65420   1385.000    34.9235    34.9263    1487.61    4.65409  1034.2162  1034.2185     -1.601    7.33961 0.0000e+00
   1401.867     3.6010     3.5989   3.275175   3.275234     1.6726     0.0388     0.0804    4.65610   1384.000    34.9237    34.9266    1487.60    4.65599  1034.2114  1034.2140     -0.670    7.33926 0.0000e+00
   1400.851     3.6031     3.6014   3.275328   3.275373     1.6730     0.0433     0.0797    4.65673   1383.000    34.9238    34.9261    1487.59    4.65662  1034.2067  1034.2087     -0.897    7.33887 0.0000e+00
   1399.835     3.6049     3.6029   3.275447   3.275488     1.6731     0.0391     0.0804    4.65657   1382.000    34.9238    34.9264    1487.58    4.65646  1034.2019  1034.2041     -1.163    7.33855 0.0000e+00
   1398.818     3.6067     3.6056   3.275590   3.275681     1.6731     0.0410     0.0801    4.65548   1381.000    34.9241    34.9264    1487.57    4.65537  1034.1971  1034.1991     -1.238    7.33820 0.0000e+00
   1397.802     3.6097     3.6086   3.275834   3.275929     1.6731     0.0412     0.0803    4.65474   1380.000    34.9244    34.9267    1487.57    4.65463  1034.1924  1034.1943     -1.336    7.33765 0.0000e+00
   1396.786     3.6129     3.6117   3.276096   3.276189     1.6732     0.0406     0.0803    4.65400   1379.000    34.9245    34.9269    1487.57    4.65389  1034.1875  1034.1896     -1.407    7.33705 0.0000e+00
   1395.770     3.6146     3.6140   3.276203   3.276388     1.6734     0.0475     0.0803    4.65403   1378.000    34.9245    34.9273    1487.56    4.65391  1034.1826  1034.1849     -1.419    7.33674 0.0000e+00
   1394.753     3.6154     3.6152   3.276246   3.276465     1.6735     0.0477     0.0801    4.65335   1377.000    34.9248    34.9275    1487.54    4.65324  1034.1781  1034.1803     -1.369    7.33660 0.0000e+00
   1393.737     3.6161     3.6156   3.276282   3.276476     1.6743     0.0442     0.0802    4.65603   1376.000    34.9250    34.9277    1487.53    4.65592  1034.1736  1034.1758     -1.226    7.33646 0.0000e+00
   1392.721     3.6170     3.6153   3.276328   3.276413     1.6744     0.0411     0.0803    4.65565   1375.000    34.9250    34.9278    1487.52    4.65554  1034.1689  1034.1714     -0.869    7.33628 0.0000e+00
   1391.704     3.6194     3.6181   3.276515   3.276628     1.6746     0.0350     0.0800    4.65542   1374.000    34.9252    34.9279    1487.51    4.65531  1034.1641  1034.1664     -0.246    7.33584 0.0000e+00
   1390.688     3.6197     3.6183   3.276469   3.276579     1.6747     0.0460     0.0803    4.65538   1373.000    34.9248    34.9276    1487.49    4.65527  1034.1592  1034.1615     -1.407    7.33580 0.0000e+00
   1389.672     3.6218     3.6202   3.276614   3.276676     1.6746     0.0470     0.0803    4.65412   1372.000    34.9248    34.9273    1487.49    4.65401  1034.1543  1034.1565     -1.821    7.33542 0.0000e+00
   1388.656     3.6211     3.6208   3.276500   3.276736     1.6751     0.0418     0.0803    4.65528   1371.000    34.9247    34.9278    1487.47    4.65517  1034.1498  1034.1522     -2.012    7.33555 0.0000e+00
   1387.640     3.6203     3.6198   3.276379   3.276597     1.6752     0.0369     0.0803    4.65514   1370.000    34.9247    34.9278    1487.45    4.65503  1034.1453  1034.1477     -2.030    7.33571 0.0000e+00
   1386.623     3.6216     3.6209   3.276456   3.276605     1.6754     0.0368     0.0803    4.65516   1369.000    34.9247    34.9272    1487.43    4.65505  1034.1404  1034.1425     -1.875    7.33546 0.0000e+00
   1385.607     3.6246     3.6215   3.276697   3.276645     1.6758     0.0370     0.0803    4.65593   1368.000    34.9249    34.9276    1487.43    4.65581  1034.1356  1034.1381     -1.474    7.33491 0.0000e+00
   1384.591     3.6339     3.6293   3.277586   3.277345     1.6762     0.0356     0.0803    4.65578   1367.000    34.9261    34.9282    1487.46    4.65567  1034.1306  1034.1329     -0.581    7.33316 0.0000e+00
   1383.575     3.6429     3.6400   3.278427   3.278370     1.6769     0.0361     0.0802    4.65671   1366.000    34.9271    34.9295    1487.48    4.65660  1034.1257  1034.1279     -0.818    7.33148 0.0000e+00
   1382.559     3.6430     3.6384   3.278395   3.278164     1.6769     0.0465     0.0803    4.65613   1365.000    34.9272    34.9292    1487.46    4.65602  1034.1211  1034.1233     -1.311    7.33147 0.0000e+00
