Ship_data/Irminger/Irminger-1/ctd/process/kkn22104002.ros
* Sea-Bird SBE 9 Data File:
* FileName = C:\Data\ctd\KN22104002.hdr
* Software Version Seasave V 7.21k
* Temperature SN = 4195
* Conductivity SN = 2147
* Number of Bytes Per Scan = 40
* Number of Voltage Words = 5
* Number of Scans Averaged by the Deck Unit = 1
* NMEA Latitude = 61 59.72 N
* NMEA Longitude = 031 52.35 W
* NMEA UTC (Time) = Sep 08 2014 14:44:00
** KN221-04 Chief Scientist: Bob Weller
** OOI Irminger Sea Sept. 2014
** Station: 002
** Knudsen Depth: 2698
# nquan = 12
# nvalues = 588                                   
# units = specified
# name 0 = prDM: Pressure, Digiquartz [db]
# name 1 = t090C: Temperature [ITS-90, deg C]
# name 2 = t190C: Temperature, 2 [ITS-90, deg C]
# name 3 = c0S/m: Conductivity [S/m]
# name 4 = c1S/m: Conductivity, 2 [S/m]
# name 5 = sbeox0V: Oxygen raw, SBE 43 [V]
# name 6 = flECO-AFL: Fluorescence, WET Labs ECO-AFL/FL [mg/m^3]
# name 7 = CStarAt0: Beam Attenuation, WET Labs C-Star [1/m]
# name 8 = sbeox0ML/L: Oxygen, SBE 43 [ml/l]
# name 9 = scan: Scan Count
# name 10 = nbf: Bottles Fired
# name 11 = flag:  0.000e+00
# interval = seconds: 0.0416667
# start_time = Sep 08 2014 14:44:00 [NMEA time, header]
# bad_flag = -9.990e-29
*END*
   1005.976     3.8252     3.8249   3.275716   3.275886     1.8046     0.0348     0.0847    4.89034      53721          1  0.000e+00
   1006.000     3.8254     3.8251   3.275704   3.275950     1.8059     0.0470     0.0847    4.89495      53722          1  0.000e+00
   1006.056     3.8252     3.8247   3.275722   3.275899     1.8059     0.0348     0.0847    4.89499      53723          1  0.000e+00
   1006.032     3.8254     3.8247   3.275728   3.275886     1.8046     0.0348     0.0847    4.89036      53724          1  0.000e+00
   1006.056     3.8252     3.8249   3.275722   3.275918     1.8046     0.0348     0.0847    4.89039      53725          1  0.000e+00
   1006.096     3.8254     3.8249   3.275722   3.275899     1.8034     0.0348     0.0858    4.88580      53726          1  0.000e+00
   1006.056     3.8252     3.8251   3.275728   3.275950     1.8034     0.0348     0.0869    4.88579      53727          1  0.000e+00
   1006.056     3.8251     3.8251   3.275728   3.275899     1.8083     0.0348     0.0858    4.90421      53728          1  0.000e+00
   1006.096     3.8254     3.8247   3.275764   3.275918     1.8096     0.0348     0.0858    4.90879      53729          1  0.000e+00
   1006.120     3.8254     3.8249   3.275746   3.275918     1.8071     0.0348     0.0847    4.89961      53730          1  0.000e+00
   1006.152     3.8255     3.8249   3.275728   3.275931     1.8046     0.0348     0.0847    4.89042      53731          1  0.000e+00
   1006.120     3.8252     3.8249   3.275740   3.275918     1.8059     0.0348     0.0847    4.89503      53732          1  0.000e+00
   1006.120     3.8252     3.8249   3.275758   3.275982     1.8059     0.0348     0.0847    4.89502      53733          1  0.000e+00
   1006.152     3.8254     3.8252   3.275758   3.275956     1.8083     0.0348     0.0847    4.90423      53734          1  0.000e+00
   1006.120     3.8252     3.8249   3.275752   3.275950     1.8059     0.0348     0.0847    4.89503      53735          1  0.000e+00
   1006.216     3.8257     3.8252   3.275782   3.275931     1.8059     0.0348     0.0847    4.89503      53736          1  0.000e+00
   1006.176     3.8255     3.8249   3.275764   3.275950     1.8059     0.0348     0.0847    4.89503      53737          1  0.000e+00
   1006.176     3.8254     3.8252   3.275752   3.275950     1.8046     0.0348     0.0847    4.89045      53738          1  0.000e+00
   1006.216     3.8254     3.8254   3.275740   3.275956     1.8059     0.0348     0.0847    4.89508      53739          1  0.000e+00
   1006.240     3.8252     3.8252   3.275728   3.275950     1.8046     0.0348     0.0847    4.89052      53740          1  0.000e+00
   1006.152     3.8255     3.8254   3.275740   3.275988     1.8046     0.0348     0.0847    4.89042      53741          1  0.000e+00
   1006.240     3.8255     3.8254   3.275758   3.275950     1.8046     0.0348     0.0847    4.89047      53742          1  0.000e+00
   1006.240     3.8254     3.8256   3.275758   3.275982     1.8046     0.0348     0.0847    4.89049      53743          1  0.000e+00
   1006.216     3.8252     3.8256   3.275752   3.275956     1.8046     0.0348     0.0847    4.89049      53744          1  0.000e+00
   1006.240     3.8251     3.8257   3.275740   3.276007     1.8034     0.0348     0.0847    4.88593      53745          1  0.000e+00
   1006.280     3.8254     3.8254   3.275746   3.275982     1.8046     0.0348     0.0858    4.89052      53746          1  0.000e+00
   1006.240     3.8254     3.8256   3.275710   3.275988     1.8046     0.0348     0.0847    4.89051      53747          1  0.000e+00
   1006.240     3.8252     3.8254   3.275734   3.276007     1.8046     0.0470     0.0847    4.89052      53748          1  0.000e+00
   1006.280     3.8254     3.8256   3.275740   3.275956     1.8034     0.0348     0.0847    4.88593      53749          1  0.000e+00
   1006.296     3.8255     3.8256   3.275728   3.275982     1.8046     0.0348     0.0847    4.89053      53750          1  0.000e+00
   1006.216     3.8254     3.8256   3.275740   3.276007     1.8034     0.0348     0.0847    4.88588      53751          1  0.000e+00
   1006.296     3.8255     3.8256   3.275782   3.275988     1.8046     0.0348     0.0847    4.89051      53752          1  0.000e+00
   1006.296     3.8255     3.8259   3.275740   3.275982     1.8046     0.0348     0.0847    4.89052      53753          1  0.000e+00
   1006.216     3.8255     3.8259   3.275740   3.276039     1.8046     0.0348     0.0847    4.89047      53754          1  0.000e+00
   1006.296     3.8255     3.8257   3.275740   3.275988     1.8046     0.0348     0.0847    4.89052      53755          1  0.000e+00
   1006.280     3.8257     3.8257   3.275746   3.276039     1.8046     0.0348     0.0847    4.89050      53756          1  0.000e+00
   1006.240     3.8255     3.8257   3.275752   3.276020     1.8046     0.0348     0.0847    4.89048      53757          1  0.000e+00
   1006.176     3.8255     3.8256   3.275740   3.276007     1.8046     0.0348     0.0858    4.89045      53758          1  0.000e+00
   1006.400     3.8257     3.8257   3.275728   3.276007     1.8034     0.0348     0.0858    4.88598      53759          1  0.000e+00
   1006.240     3.8254     3.8259   3.275740   3.276020     1.8046     0.0348     0.0869    4.89050      53760          1  0.000e+00
   1006.216     3.8255     3.8259   3.275782   3.276039     1.8046     0.0348     0.0880    4.89046      53761          1  0.000e+00
   1006.296     3.8255     3.8257   3.275788   3.276007     1.8046     0.0348     0.0901    4.89051      53762          1  0.000e+00
   1006.216     3.8257     3.8259   3.275740   3.275988     1.8034     0.0348     0.0901    4.88586      53763          1  0.000e+00
   1006.240     3.8255     3.8256   3.275728   3.276007     1.8034     0.0348     0.0880    4.88589      53764          1  0.000e+00
   1006.240     3.8255     3.8259   3.275746   3.275988     1.8046     0.0348     0.0869    4.89049      53765          1  0.000e+00
   1006.280     3.8259     3.8257   3.275710   3.276007     1.8046     0.0226     0.0869    4.89050      53766          1  0.000e+00
   1006.176     3.8257     3.8257   3.275722   3.276007     1.8046     0.0226     0.0858    4.89044      53767          1  0.000e+00
   1006.216     3.8259     3.8257   3.275728   3.276020     1.8046     0.0226     0.0858    4.89045      53768          1  0.000e+00
   1006.176     3.8259     3.8256   3.275740   3.275982     1.8046     0.0226     0.0847    4.89042      53769          1  0.000e+00
   1005.388     3.8254     3.8247   3.275715   3.275918     1.8059     0.0226     0.0847    4.89478      54358          2  0.000e+00
   1005.404     3.8254     3.8251   3.275703   3.275867     1.8059     0.0226     0.0847    4.89480      54359          2  0.000e+00
   1005.444     3.8252     3.8249   3.275697   3.275918     1.8059     0.0226     0.0847    4.89484      54360          2  0.000e+00
   1005.468     3.8254     3.8251   3.275715   3.275918     1.8047     0.0226     0.0847    4.89024      54361          2  0.000e+00
   1005.524     3.8254     3.8254   3.275740   3.275956     1.8059     0.0226     0.0847    4.89486      54362          2  0.000e+00
   1005.564     3.8255     3.8254   3.275770   3.275918     1.8035     0.0348     0.0847    4.88566      54363          2  0.000e+00
   1005.588     3.8254     3.8254   3.275746   3.275981     1.8059     0.0226     0.0847    4.89490      54364          2  0.000e+00
   1005.565     3.8252     3.8254   3.275728   3.275956     1.8084     0.0226     0.0847    4.90411      54365          2  0.000e+00
   1005.589     3.8254     3.8251   3.275703   3.275950     1.8059     0.0226     0.0847    4.89492      54366          2  0.000e+00
   1005.645     3.8252     3.8254   3.275746   3.275956     1.8035     0.0226     0.0847    4.88576      54367          2  0.000e+00
   1005.629     3.8254     3.8252   3.275758   3.275950     1.8059     0.0226     0.0847    4.89493      54368          2  0.000e+00
   1005.773     3.8254     3.8256   3.275752   3.276007     1.8035     0.0226     0.0847    4.88582      54369          2  0.000e+00
   1005.709     3.8252     3.8256   3.275716   3.275931     1.8035     0.0226     0.0847    4.88581      54370          2  0.000e+00
   1005.749     3.8254     3.8257   3.275716   3.276039     1.8047     0.0226     0.0847    4.89042      54371          2  0.000e+00
   1005.829     3.8252     3.8252   3.275740   3.276007     1.8059     0.0348     0.0847    4.89508      54372          2  0.000e+00
   1005.805     3.8254     3.8256   3.275716   3.275988     1.8047     0.0348     0.0847    4.89046      54373          2  0.000e+00
   1005.893     3.8252     3.8256   3.275740   3.276007     1.8047     0.0348     0.0847    4.89052      54374          2  0.000e+00
   1005.829     3.8254     3.8259   3.275752   3.275988     1.8047     0.0348     0.0847    4.89046      54375          2  0.000e+00
   1005.925     3.8252     3.8264   3.275782   3.276039     1.8047     0.0348     0.0847    4.89053      54376          2  0.000e+00
   1005.949     3.8255     3.8262   3.275788   3.276071     1.8072     0.0348     0.0847    4.89971      54377          2  0.000e+00
   1005.989     3.8254     3.8262   3.275740   3.276109     1.8059     0.0348     0.0847    4.89517      54378          2  0.000e+00
   1006.013     3.8254     3.8260   3.275728   3.276102     1.8035     0.0470     0.0858    4.88599      54379          2  0.000e+00
   1006.013     3.8255     3.8260   3.275806   3.276071     1.8047     0.0348     0.0858    4.89055      54380          2  0.000e+00
   1006.045     3.8255     3.8257   3.275752   3.276051     1.8047     0.0348     0.0847    4.89059      54381          2  0.000e+00
   1006.069     3.8255     3.8254   3.275752   3.276071     1.8047     0.0348     0.0858    4.89061      54382          2  0.000e+00
   1006.109     3.8252     3.8257   3.275758   3.275988     1.8059     0.0470     0.0847    4.89526      54383          2  0.000e+00
   1006.189     3.8254     3.8262   3.275752   3.275982     1.8059     0.0348     0.0847    4.89530      54384          2  0.000e+00
   1006.133     3.8254     3.8265   3.275794   3.276102     1.8047     0.0348     0.0847    4.89065      54385          2  0.000e+00
   1006.165     3.8257     3.8260   3.275800   3.276077     1.8047     0.0348     0.0847    4.89064      54386          2  0.000e+00
   1006.253     3.8257     3.8264   3.275764   3.276071     1.8047     0.0348     0.0847    4.89071      54387          2  0.000e+00
   1006.229     3.8255     3.8262   3.275812   3.276102     1.8047     0.0348     0.0847    4.89069      54388          2  0.000e+00
   1006.309     3.8255     3.8262   3.275782   3.276077     1.8059     0.0348     0.0847    4.89535      54389          2  0.000e+00
   1006.253     3.8255     3.8257   3.275776   3.276071     1.8047     0.0348     0.0847    4.89072      54390          2  0.000e+00
   1006.349     3.8255     3.8254   3.275782   3.276109     1.8047     0.0470     0.0847    4.89078      54391          2  0.000e+00
   1006.309     3.8254     3.8251   3.275788   3.275982     1.8047     0.0348     0.0847    4.89077      54392          2  0.000e+00
   1006.349     3.8252     3.8252   3.275764   3.275950     1.8035     0.0470     0.0847    4.88622      54393          2  0.000e+00
   1006.373     3.8251     3.8256   3.275710   3.275956     1.8047     0.0348     0.0847    4.89087      54394          2  0.000e+00
   1006.429     3.8250     3.8256   3.275722   3.276007     1.8047     0.0348     0.0847    4.89091      54395          2  0.000e+00
   1006.413     3.8251     3.8259   3.275728   3.276007     1.8059     0.0348     0.0847    4.89549      54396          2  0.000e+00
   1006.493     3.8249     3.8260   3.275740   3.276020     1.8047     0.0348     0.0847    4.89096      54397          2  0.000e+00
   1006.469     3.8252     3.8262   3.275740   3.276039     1.8047     0.0348     0.0847    4.89091      54398          2  0.000e+00
   1006.493     3.8252     3.8264   3.275746   3.276077     1.8047     0.0348     0.0847    4.89092      54399          2  0.000e+00
   1006.469     3.8250     3.8265   3.275734   3.276102     1.8047     0.0348     0.0847    4.89093      54400          2  0.000e+00
   1006.549     3.8249     3.8265   3.275728   3.276160     1.8047     0.0348     0.0847    4.89100      54401          2  0.000e+00
   1006.549     3.8252     3.8269   3.275728   3.276172     1.8047     0.0348     0.0847    4.89097      54402          2  0.000e+00
   1006.533     3.8249     3.8268   3.275704   3.276192     1.8047     0.0348     0.0847    4.89100      54403          2  0.000e+00
   1006.613     3.8252     3.8266   3.275722   3.276223     1.8035     0.0348     0.0847    4.88641      54404          2  0.000e+00
   1006.533     3.8249     3.8267   3.275704   3.276172     1.8047     0.0348     0.0847    4.89100      54405          2  0.000e+00
   1006.613     3.8250     3.8260   3.275710   3.276103     1.8047     0.0348     0.0847    4.89104      54406          2  0.000e+00
    933.365     3.8273     3.8265   3.272334   3.272456     1.8332     0.0226     0.0847    4.95000      76920          3  0.000e+00
    933.365     3.8273     3.8264   3.272328   3.272462     1.8332     0.0226     0.0847    4.95000      76921          3  0.000e+00
    933.309     3.8271     3.8265   3.272298   3.272424     1.8319     0.0226     0.0847    4.94544      76922          3  0.000e+00
    933.365     3.8271     3.8265   3.272304   3.272494     1.8332     0.0226     0.0847    4.95003      76923          3  0.000e+00
    933.245     3.8273     3.8265   3.272316   3.272456     1.8332     0.0226     0.0847    4.94993      76924          3  0.000e+00
    933.365     3.8271     3.8262   3.272316   3.272462     1.8295     0.0226     0.0847    4.93636      76925          3  0.000e+00
    933.309     3.8273     3.8265   3.272298   3.272488     1.8922     0.0348     0.0847    5.16859      76926          3  0.000e+00
    933.309     3.8270     3.8264   3.272304   3.272462     1.9180     0.0470     0.0847    5.26427      76927          3  0.000e+00
    933.309     3.8271     3.8264   3.272316   3.272456     1.8356     0.0470     0.0847    4.95910      76928          3  0.000e+00
    933.309     3.8271     3.8264   3.272316   3.272462     1.8221     0.0470     0.0847    4.90900      76929          3  0.000e+00
    933.277     3.8271     3.8264   3.272298   3.272456     1.8332     0.0470     0.0847    4.94997      76930          3  0.000e+00
    933.245     3.8271     3.8265   3.272328   3.272430     1.8332     0.0470     0.0847    4.94994      76931          3  0.000e+00
    933.309     3.8271     3.8265   3.272304   3.272494     1.8295     0.0470     0.0836    4.93633      76932          3  0.000e+00
    933.245     3.8270     3.8265   3.272268   3.272424     1.8270     0.0470     0.0847    4.92721      76933          3  0.000e+00
    933.245     3.8268     3.8265   3.272298   3.272462     1.8270     0.0470     0.0847    4.92721      76934          3  0.000e+00
    933.245     3.8271     3.8265   3.272316   3.272424     1.8295     0.0470     0.0847    4.93628      76935          3  0.000e+00
    933.309     3.8270     3.8266   3.272274   3.272494     1.8295     0.0470     0.0847    4.93636      76936          3  0.000e+00
    933.190     3.8268     3.8266   3.272274   3.272456     1.8283     0.0470     0.0847    4.93174      76937          3  0.000e+00
    933.245     3.8271     3.8265   3.272286   3.272494     1.8270     0.0470     0.0847    4.92719      76938          3  0.000e+00
    933.245     3.8268     3.8266   3.272286   3.272488     1.8295     0.0470     0.0847    4.93633      76939          3  0.000e+00
    933.158     3.8273     3.8265   3.272268   3.272430     1.8295     0.0470     0.0847    4.93623      76940          3  0.000e+00
    933.365     3.8268     3.8267   3.272298   3.272488     1.8295     0.0470     0.0847    4.93640      76941          3  0.000e+00
