Ship_data/Irminger/Irminger-1/ctd/process/kkn22104008_sv.cnv
* Sea-Bird SBE 9 Data File:
* FileName = C:\Data\ctd\KN22104008.hdr
* Software Version Seasave V 7.21k
* Temperature SN = 4195
* Conductivity SN = 2147
* Number of Bytes Per Scan = 40
* Number of Voltage Words = 5
* Number of Scans Averaged by the Deck Unit = 1
* NMEA Latitude = 59 14.19 N
* NMEA Longitude = 039 30.13 W
* NMEA UTC (Time) = Sep 16 2014 21:05:14
** KN221-04 Chief Scientist: Bob Weller
** OOI Irminger Sea Sept. 2014
** Station: 008
** Knudsen Depth: 3030
# nquan = 3
# nvalues = 2984                        
# units = specified
# name 0 = depSM: Depth [salt water, m]
# name 1 = svDM: Sound Velocity [Delgrosso, m/s]
# name 2 = flag: flag
# span 0 =      3.000,   2986.000       
# span 1 =    1470.34,    1507.00       
# span 2 = 0.0000e+00, 0.0000e+00       
# interval = meters: 1                  
# start_time = Sep 16 2014 21:05:14 [NMEA time, header]
# bad_flag = -9.990e-29
*END*
[from data line 2824]
   2827.000    1506.91 0.0000e+00
   2828.000    1506.92 0.0000e+00
   2829.000    1506.92 0.0000e+00
   2830.000    1506.90 0.0000e+00
   2831.000    1506.91 0.0000e+00
   2832.000    1506.92 0.0000e+00
   2833.000    1506.90 0.0000e+00
   2834.000    1506.85 0.0000e+00
   2835.000    1506.84 0.0000e+00
   2836.000    1506.84 0.0000e+00
   2837.000    1506.86 0.0000e+00
   2838.000    1506.88 0.0000e+00
   2839.000    1506.90 0.0000e+00
   2840.000    1506.87 0.0000e+00
   2841.000    1506.81 0.0000e+00
   2842.000    1506.83 0.0000e+00
   2843.000    1506.83 0.0000e+00
   2844.000    1506.82 0.0000e+00
   2845.000    1506.80 0.0000e+00
   2846.000    1506.78 0.0000e+00
   2847.000    1506.78 0.0000e+00
   2848.000    1506.79 0.0000e+00
   2849.000    1506.77 0.0000e+00
   2850.000    1506.75 0.0000e+00
   2851.000    1506.75 0.0000e+00
   2852.000    1506.76 0.0000e+00
   2853.000    1506.77 0.0000e+00
   2854.000    1506.78 0.0000e+00
   2855.000    1506.79 0.0000e+00
   2856.000    1506.80 0.0000e+00
   2857.000    1506.82 0.0000e+00
   2858.000    1506.84 0.0000e+00
   2859.000    1506.84 0.0000e+00
   2860.000    1506.85 0.0000e+00
   2861.000    1506.85 0.0000e+00
   2862.000    1506.86 0.0000e+00
   2863.000    1506.84 0.0000e+00
   2864.000    1506.83 0.0000e+00
   2865.000    1506.84 0.0000e+00
   2866.000    1506.84 0.0000e+00
   2867.000    1506.82 0.0000e+00
   2868.000    1506.81 0.0000e+00
   2869.000    1506.80 0.0000e+00
   2870.000    1506.77 0.0000e+00
   2871.000    1506.77 0.0000e+00
   2872.000    1506.78 0.0000e+00
   2873.000    1506.79 0.0000e+00
   2874.000    1506.78 0.0000e+00
   2875.000    1506.77 0.0000e+00
   2876.000    1506.78 0.0000e+00
   2877.000    1506.78 0.0000e+00
   2878.000    1506.77 0.0000e+00
   2879.000    1506.75 0.0000e+00
   2880.000    1506.76 0.0000e+00
   2881.000    1506.78 0.0000e+00
   2882.000    1506.80 0.0000e+00
   2883.000    1506.81 0.0000e+00
   2884.000    1506.81 0.0000e+00
   2885.000    1506.79 0.0000e+00
   2886.000    1506.79 0.0000e+00
   2887.000    1506.80 0.0000e+00
   2888.000    1506.81 0.0000e+00
   2889.000    1506.82 0.0000e+00
   2890.000    1506.82 0.0000e+00
   2891.000    1506.82 0.0000e+00
   2892.000    1506.79 0.0000e+00
   2893.000    1506.79 0.0000e+00
   2894.000    1506.80 0.0000e+00
   2895.000    1506.79 0.0000e+00
   2896.000    1506.80 0.0000e+00
   2897.000    1506.81 0.0000e+00
   2898.000    1506.81 0.0000e+00
   2899.000    1506.76 0.0000e+00
   2900.000    1506.73 0.0000e+00
   2901.000    1506.75 0.0000e+00
   2902.000    1506.73 0.0000e+00
   2903.000    1506.70 0.0000e+00
   2904.000    1506.68 0.0000e+00
   2905.000    1506.68 0.0000e+00
   2906.000    1506.70 0.0000e+00
   2907.000    1506.70 0.0000e+00
   2908.000    1506.71 0.0000e+00
   2909.000    1506.73 0.0000e+00
   2910.000    1506.73 0.0000e+00
   2911.000    1506.60 0.0000e+00
   2912.000    1506.56 0.0000e+00
   2913.000    1506.56 0.0000e+00
   2914.000    1506.56 0.0000e+00
   2915.000    1506.58 0.0000e+00
   2916.000    1506.56 0.0000e+00
   2917.000    1506.49 0.0000e+00
   2918.000    1506.45 0.0000e+00
   2919.000    1506.41 0.0000e+00
   2920.000    1506.36 0.0000e+00
   2921.000    1506.31 0.0000e+00
   2922.000    1506.24 0.0000e+00
   2923.000    1506.20 0.0000e+00
   2924.000    1506.13 0.0000e+00
   2925.000    1506.08 0.0000e+00
   2926.000    1506.08 0.0000e+00
   2927.000    1506.08 0.0000e+00
   2928.000    1506.07 0.0000e+00
   2929.000    1506.05 0.0000e+00
   2930.000    1506.04 0.0000e+00
   2931.000    1506.03 0.0000e+00
   2932.000    1506.04 0.0000e+00
   2933.000    1506.05 0.0000e+00
   2934.000    1506.05 0.0000e+00
   2935.000    1506.05 0.0000e+00
   2936.000    1506.00 0.0000e+00
   2937.000    1505.98 0.0000e+00
   2938.000    1505.98 0.0000e+00
   2939.000    1505.99 0.0000e+00
   2940.000    1505.99 0.0000e+00
   2941.000    1505.98 0.0000e+00
   2942.000    1505.99 0.0000e+00
   2943.000    1506.00 0.0000e+00
   2944.000    1506.00 0.0000e+00
   2945.000    1506.01 0.0000e+00
   2946.000    1506.01 0.0000e+00
   2947.000    1506.02 0.0000e+00
   2948.000    1506.03 0.0000e+00
   2949.000    1506.03 0.0000e+00
   2950.000    1506.02 0.0000e+00
   2951.000    1505.98 0.0000e+00
   2952.000    1505.88 0.0000e+00
   2953.000    1505.83 0.0000e+00
   2954.000    1505.83 0.0000e+00
   2955.000    1505.84 0.0000e+00
   2956.000    1505.85 0.0000e+00
   2957.000    1505.85 0.0000e+00
   2958.000    1505.83 0.0000e+00
   2959.000    1505.82 0.0000e+00
   2960.000    1505.79 0.0000e+00
   2961.000    1505.73 0.0000e+00
   2962.000    1505.66 0.0000e+00
   2963.000    1505.61 0.0000e+00
   2964.000    1505.60 0.0000e+00
   2965.000    1505.59 0.0000e+00
   2966.000    1505.60 0.0000e+00
   2967.000    1505.61 0.0000e+00
   2968.000    1505.57 0.0000e+00
   2969.000    1505.52 0.0000e+00
   2970.000    1505.49 0.0000e+00
   2971.000    1505.49 0.0000e+00
   2972.000    1505.48 0.0000e+00
   2973.000    1505.47 0.0000e+00
   2974.000    1505.48 0.0000e+00
   2975.000    1505.49 0.0000e+00
   2976.000    1505.50 0.0000e+00
   2977.000    1505.46 0.0000e+00
   2978.000    1505.33 0.0000e+00
   2979.000    1505.27 0.0000e+00
   2980.000    1505.21 0.0000e+00
   2981.000    1505.21 0.0000e+00
   2982.000    1505.14 0.0000e+00
   2983.000    1505.06 0.0000e+00
   2984.000    1504.98 0.0000e+00
   2985.000    1504.95 0.0000e+00
   2986.000    1504.94 0.0000e+00
