Ship_data/Irminger/Irminger-1/ctd/process/kkn22104004.ros
* Sea-Bird SBE 9 Data File:
* FileName = C:\Data\ctd\KN22104004.hdr
* Software Version Seasave V 7.21k
* Temperature SN = 4195
* Conductivity SN = 2147
* Number of Bytes Per Scan = 40
* Number of Voltage Words = 5
* Number of Scans Averaged by the Deck Unit = 1
* NMEA Latitude = 61 39.45 N
* NMEA Longitude = 033 04.60 W
* NMEA UTC (Time) = Sep 08 2014 23:19:14
** KN221-04 Chief Scientist: Bob Weller
** OOI Irminger Sea Sept. 2014
** Station: 004
** Knudsen Depth: 2976
# nquan = 12
# nvalues = 588                                   
# units = specified
# name 0 = prDM: Pressure, Digiquartz [db]
# name 1 = t090C: Temperature [ITS-90, deg C]
# name 2 = t190C: Temperature, 2 [ITS-90, deg C]
# name 3 = c0S/m: Conductivity [S/m]
# name 4 = c1S/m: Conductivity, 2 [S/m]
# name 5 = sbeox0V: Oxygen raw, SBE 43 [V]
# name 6 = flECO-AFL: Fluorescence, WET Labs ECO-AFL/FL [mg/m^3]
# name 7 = CStarAt0: Beam Attenuation, WET Labs C-Star [1/m]
# name 8 = sbeox0ML/L: Oxygen, SBE 43 [ml/l]
# name 9 = scan: Scan Count
# name 10 = nbf: Bottles Fired
# name 11 = flag:  0.000e+00
# interval = seconds: 0.0416667
# start_time = Sep 08 2014 23:19:14 [NMEA time, header]
# bad_flag = -9.990e-29
*END*
[from data line 361]
     51.840     8.2026     8.2136   3.632544   3.633766     2.1262     0.3645     0.1585    4.82366     140135          8  0.000e+00
     51.840     8.2074     8.2203   3.632430   3.633640     2.1262     0.3645     0.1574    4.82331     140136          8  0.000e+00
     51.832     8.2075     8.2177   3.632323   3.633885     2.1262     0.3645     0.1574    4.82333     140137          8  0.000e+00
     51.903     8.2067     8.2104   3.632443   3.634288     2.1262     0.3645     0.1574    4.82340     140138          8  0.000e+00
     51.903     8.2047     8.2075   3.632493   3.633733     2.1274     0.3645     0.1574    4.82716     140139          8  0.000e+00
     51.903     8.2046     8.1982   3.632707   3.633230     2.1262     0.3645     0.1574    4.82349     140140          8  0.000e+00
     51.950     8.2057     8.1894   3.632298   3.632754     2.1262     0.3645     0.1563    4.82356     140141          8  0.000e+00
     51.958     8.2003     8.1858   3.630927   3.631920     2.1262     0.3645     0.1574    4.82447     140142          8  0.000e+00
     51.958     8.1857     8.1870   3.629249   3.631483     2.1262     0.3645     0.1563    4.82623     140143          8  0.000e+00
     52.021     8.1694     8.1906   3.628746   3.631424     2.1274     0.3645     0.1563    4.83140     140144          8  0.000e+00
     52.021     8.1674     8.1952   3.628909   3.631483     2.1262     0.3645     0.1551    4.82789     140145          8  0.000e+00
     52.013     8.1672     8.1996   3.628356   3.631821     2.1274     0.3645     0.1551    4.83171     140146          8  0.000e+00
     52.076     8.1628     8.1975   3.628029   3.632297     2.1274     0.3645     0.1551    4.83222     140147          8  0.000e+00
     52.021     8.1595     8.1830   3.627671   3.632661     2.1274     0.3645     0.1551    4.83258     140148          8  0.000e+00
     52.131     8.1478     8.1584   3.625924   3.631947     2.1274     0.3645     0.1551    4.83420     140149          8  0.000e+00
     52.076     8.1278     8.1428   3.624246   3.629857     2.1274     0.3645     0.1551    4.83638     140150          8  0.000e+00
     52.131     8.1128     8.1484   3.623681   3.627859     2.1274     0.3645     0.1551    4.83785     140151          8  0.000e+00
     52.194     8.1103     8.1597   3.624259   3.627700     2.1274     0.3645     0.1551    4.83790     140152          8  0.000e+00
     52.194     8.1148     8.1526   3.625051   3.629327     2.1274     0.3645     0.1540    4.83726     140153          8  0.000e+00
     52.194     8.1201     8.1618   3.625151   3.629658     2.1274     0.3645     0.1540    4.83679     140154          8  0.000e+00
     52.249     8.1173     8.1776   3.624341   3.629724     2.1262     0.3645     0.1540    4.83370     140155          8  0.000e+00
     52.186     8.1100     8.1863   3.623869   3.630703     2.1262     0.3645     0.1540    4.83443     140156          8  0.000e+00
     52.312     8.1079     8.1898   3.623731   3.631490     2.1274     0.3645     0.1540    4.83835     140157          8  0.000e+00
     52.312     8.1038     8.1827   3.623084   3.631808     2.1274     0.3645     0.1551    4.83891     140158          8  0.000e+00
     52.312     8.0969     8.1805   3.622249   3.631292     2.1274     0.3645     0.1551    4.83976     140159          8  0.000e+00
     52.312     8.0878     8.1789   3.620999   3.630769     2.1274     0.3645     0.1563    4.84094     140160          8  0.000e+00
     52.360     8.0757     8.1765   3.620126   3.631001     2.1262     0.3645     0.1574    4.83863     140161          8  0.000e+00
     52.430     8.0646     8.1684   3.618769   3.630928     2.1274     0.3645     0.1585    4.84369     140162          8  0.000e+00
     52.367     8.0404     8.1707   3.615831   3.630412     2.1274     0.3645     0.1574    4.84664     140163          8  0.000e+00
     52.430     8.0134     8.1781   3.613201   3.629949     2.1274     0.3645     0.1574    4.84982     140164          8  0.000e+00
     52.485     7.9884     8.1382   3.611407   3.630439     2.1262     0.3645     0.1574    4.84890     140165          8  0.000e+00
     32.519    10.5291    10.5296   3.843863   3.844095     2.2016     1.2436     0.3057    4.77709     148626          9  0.000e+00
     32.551    10.5290    10.5296   3.843805   3.844109     2.2016     1.2558     0.3057    4.77714     148627          9  0.000e+00
     32.519    10.5291    10.5296   3.843824   3.844028     2.2016     1.2436     0.3057    4.77710     148628          9  0.000e+00
     32.551    10.5293    10.5294   3.843844   3.844095     2.2016     1.2558     0.3068    4.77710     148629          9  0.000e+00
     32.495    10.5288    10.5294   3.843844   3.844129     2.2016     1.2558     0.3080    4.77710     148630          9  0.000e+00
     32.574    10.5288    10.5292   3.843824   3.844109     2.2016     1.2558     0.3091    4.77716     148631          9  0.000e+00
     32.613    10.5286    10.5294   3.843831   3.844095     2.2016     1.2558     0.3091    4.77720     148632          9  0.000e+00
     32.519    10.5291    10.5297   3.843869   3.844095     2.2016     1.2558     0.3091    4.77709     148633          9  0.000e+00
     32.495    10.5293    10.5296   3.843882   3.844129     2.2016     1.2436     0.3080    4.77705     148634          9  0.000e+00
     32.551    10.5294    10.5299   3.843882   3.844109     2.2016     1.2924     0.3080    4.77708     148635          9  0.000e+00
     32.574    10.5294    10.5298   3.843953   3.844129     2.2016     1.3169     0.3091    4.77707     148636          9  0.000e+00
     32.551    10.5296    10.5296   3.843959   3.844129     2.2016     1.3291     0.3068    4.77704     148637          9  0.000e+00
     32.519    10.5301    10.5301   3.843946   3.844109     2.2016     1.3291     0.3068    4.77699     148638          9  0.000e+00
     32.613    10.5303    10.5301   3.843927   3.844129     2.2016     1.3291     0.3068    4.77704     148639          9  0.000e+00
     32.551    10.5303    10.5301   3.843934   3.844163     2.2016     1.3169     0.3057    4.77699     148640          9  0.000e+00
     32.574    10.5301    10.5306   3.843966   3.844197     2.2016     1.3291     0.3057    4.77701     148641          9  0.000e+00
     32.551    10.5302    10.5306   3.843959   3.844210     2.2016     1.3169     0.3068    4.77699     148642          9  0.000e+00
     32.574    10.5303    10.5306   3.843998   3.844197     2.2016     1.3291     0.3068    4.77699     148643          9  0.000e+00
     32.613    10.5301    10.5303   3.843966   3.844197     2.2016     1.3169     0.3068    4.77704     148644          9  0.000e+00
     32.613    10.5306    10.5303   3.843998   3.844197     2.2016     1.3169     0.3068    4.77699     148645          9  0.000e+00
     32.629    10.5306    10.5301   3.843966   3.844177     2.2016     1.3169     0.3068    4.77701     148646          9  0.000e+00
     32.613    10.5311    10.5301   3.843998   3.844163     2.2016     1.3169     0.3080    4.77695     148647          9  0.000e+00
     32.629    10.5309    10.5301   3.844037   3.844197     2.2016     1.3169     0.3080    4.77696     148648          9  0.000e+00
     32.668    10.5311    10.5303   3.844049   3.844177     2.2016     1.3291     0.3068    4.77697     148649          9  0.000e+00
     32.613    10.5313    10.5301   3.843998   3.844197     2.2016     1.3291     0.3045    4.77694     148650          9  0.000e+00
     32.692    10.5317    10.5301   3.844056   3.844163     2.2041     1.3169     0.3057    4.78378     148651          9  0.000e+00
     32.668    10.5319    10.5301   3.844037   3.844163     2.2016     1.3169     0.3057    4.77691     148652          9  0.000e+00
     32.692    10.5323    10.5301   3.844017   3.844143     2.2016     1.3169     0.3057    4.77690     148653          9  0.000e+00
     32.731    10.5320    10.5301   3.843992   3.844197     2.2016     1.3291     0.3057    4.77695     148654          9  0.000e+00
     32.731    10.5316    10.5303   3.844056   3.844163     2.2016     1.3169     0.3057    4.77697     148655          9  0.000e+00
     32.747    10.5316    10.5304   3.844037   3.844197     2.2028     1.3169     0.3068    4.78041     148656          9  0.000e+00
     32.731    10.5316    10.5306   3.844037   3.844210     2.2016     1.3169     0.3091    4.77698     148657          9  0.000e+00
     32.747    10.5314    10.5307   3.844049   3.844197     2.2016     1.3169     0.3091    4.77699     148658          9  0.000e+00
     32.786    10.5316    10.5309   3.844049   3.844231     2.2016     1.3169     0.3091    4.77700     148659          9  0.000e+00
     32.786    10.5314    10.5311   3.844049   3.844244     2.2016     1.3291     0.3080    4.77702     148660          9  0.000e+00
     32.747    10.5309    10.5314   3.843972   3.844265     2.2016     1.3291     0.3057    4.77706     148661          9  0.000e+00
     32.849    10.5308    10.5319   3.843966   3.844265     2.2016     1.3291     0.3045    4.77713     148662          9  0.000e+00
     32.865    10.5310    10.5323   3.843979   3.844298     2.2016     1.3291     0.3057    4.77712     148663          9  0.000e+00
     32.849    10.5316    10.5321   3.844030   3.844346     2.2016     1.3169     0.3068    4.77705     148664          9  0.000e+00
     32.849    10.5318    10.5316   3.843998   3.844366     2.2016     1.3291     0.3068    4.77704     148665          9  0.000e+00
     32.865    10.5313    10.5311   3.844030   3.844366     2.2016     1.3291     0.3080    4.77708     148666          9  0.000e+00
     32.904    10.5317    10.5314   3.844069   3.844265     2.2016     1.3291     0.3080    4.77706     148667          9  0.000e+00
     32.865    10.5323    10.5314   3.844127   3.844312     2.2016     1.3169     0.3091    4.77698     148668          9  0.000e+00
     32.904    10.5325    10.5316   3.844127   3.844298     2.2016     1.3291     0.3080    4.77699     148669          9  0.000e+00
     32.959    10.5326    10.5316   3.844133   3.844332     2.2016     1.3291     0.3080    4.77701     148670          9  0.000e+00
     32.928    10.5329    10.5317   3.844146   3.844346     2.2016     1.3169     0.3068    4.77696     148671          9  0.000e+00
     32.959    10.5328    10.5324   3.844127   3.844332     2.2016     1.3291     0.3068    4.77700     148672          9  0.000e+00
     32.928    10.5326    10.5324   3.844114   3.844366     2.2016     1.3169     0.3068    4.77700     148673          9  0.000e+00
     33.022    10.5328    10.5327   3.844191   3.844400     2.2016     1.3291     0.3068    4.77701     148674          9  0.000e+00
     17.895    10.5301    10.5292   3.843279   3.843407     2.2071     1.2436     0.3149    4.78350     174259         10  0.000e+00
     17.864    10.5300    10.5293   3.843291   3.843441     2.2059     1.2314     0.3137    4.78007     174260         10  0.000e+00
     17.864    10.5299    10.5291   3.843253   3.843414     2.2071     1.2436     0.3114    4.78350     174261         10  0.000e+00
     17.919    10.5301    10.5291   3.843259   3.843407     2.2071     1.2436     0.3114    4.78352     174262         10  0.000e+00
     17.864    10.5301    10.5292   3.843291   3.843441     2.2071     1.2314     0.3114    4.78348     174263         10  0.000e+00
     17.919    10.5299    10.5291   3.843279   3.843380     2.2071     1.2314     0.3091    4.78353     174264         10  0.000e+00
     17.919    10.5300    10.5291   3.843291   3.843441     2.2071     1.2436     0.3091    4.78352     174265         10  0.000e+00
     17.919    10.5300    10.5291   3.843298   3.843441     2.2071     1.2436     0.3091    4.78352     174266         10  0.000e+00
     17.974    10.5299    10.5287   3.843304   3.843475     2.2071     1.2436     0.3091    4.78356     174267         10  0.000e+00
     17.974    10.5303    10.5291   3.843298   3.843380     2.2071     1.2436     0.3091    4.78353     174268         10  0.000e+00
     18.005    10.5301    10.5291   3.843279   3.843441     2.2071     1.2192     0.3091    4.78357     174269         10  0.000e+00
     18.036    10.5301    10.5289   3.843317   3.843373     2.2071     1.2070     0.3091    4.78358     174270         10  0.000e+00
     18.036    10.5303    10.5291   3.843285   3.843522     2.2071     1.1948     0.3091    4.78357     174271         10  0.000e+00
     18.036    10.5301    10.5292   3.843291   3.843407     2.2071     1.2070     0.3091    4.78359     174272         10  0.000e+00
     18.091    10.5302    10.5291   3.843304   3.843441     2.2071     1.1948     0.3091    4.78360     174273         10  0.000e+00
     18.091    10.5300    10.5289   3.843298   3.843441     2.2071     1.2070     0.3091    4.78363     174274         10  0.000e+00
     18.154    10.5301    10.5291   3.843279   3.843454     2.2071     1.1948     0.3091    4.78366     174275         10  0.000e+00
     18.154    10.5303    10.5291   3.843343   3.843441     2.2071     1.2070     0.3091    4.78363     174276         10  0.000e+00
     18.154    10.5308    10.5291   3.843369   3.843441     2.2071     1.2070     0.3114    4.78358     174277         10  0.000e+00
     18.154    10.5306    10.5291   3.843349   3.843454     2.2071     1.2070     0.3091    4.78360     174278         10  0.000e+00
     18.186    10.5304    10.5292   3.843337   3.843441     2.2071     1.2070     0.3091    4.78364     174279         10  0.000e+00
     18.209    10.5306    10.5292   3.843337   3.843441     2.2071     1.2070     0.3091    4.78364     174280         10  0.000e+00
     18.272    10.5306    10.5294   3.843337   3.843441     2.2071     1.2070     0.3091    4.78368     174281         10  0.000e+00
     18.209    10.5306    10.5292   3.843317   3.843454     2.2059     1.2070     0.3103    4.78023     174282         10  0.000e+00
     18.272    10.5304    10.5291   3.843349   3.843475     2.2071     1.1948     0.3091    4.78369     174283         10  0.000e+00
     18.272    10.5304    10.5294   3.843349   3.843441     2.2071     1.1948     0.3091    4.78369     174284         10  0.000e+00
     18.327    10.5304    10.5294   3.843337   3.843454     2.2071     1.2070     0.3091    4.78373     174285         10  0.000e+00
     18.327    10.5308    10.5294   3.843356   3.843441     2.2059     1.1948     0.3091    4.78028     174286         10  0.000e+00
     18.327    10.5311    10.5297   3.843349   3.843441     2.2059     1.2070     0.3091    4.78026     174287         10  0.000e+00
     18.327    10.5306    10.5294   3.843356   3.843475     2.2059     1.1948     0.3091    4.78029     174288         10  0.000e+00
     18.359    10.5309    10.5297   3.843349   3.843454     2.2059     1.2070     0.3068    4.78029     174289         10  0.000e+00
     18.382    10.5310    10.5296   3.843382   3.843508     2.2059     1.2070     0.3068    4.78029     174290         10  0.000e+00
     18.445    10.5308    10.5297   3.843356   3.843475     2.2071     1.1948     0.3068    4.78377     174291         10  0.000e+00
     18.382    10.5308    10.5297   3.843356   3.843488     2.2071     1.2070     0.3091    4.78373     174292         10  0.000e+00
     18.445    10.5309    10.5296   3.843317   3.843508     2.2071     1.2070     0.3091    4.78377     174293         10  0.000e+00
     18.445    10.5310    10.5297   3.843375   3.843475     2.2071     1.2070     0.3091    4.78375     174294         10  0.000e+00
     18.445    10.5310    10.5297   3.843356   3.843488     2.2059     1.2070     0.3091    4.78034     174295         10  0.000e+00
     18.445    10.5309    10.5297   3.843356   3.843475     2.2059     1.2070     0.3091    4.78034     174296         10  0.000e+00
     18.500    10.5311    10.5297   3.843369   3.843509     2.2059     1.2070     0.3091    4.78036     174297         10  0.000e+00
     18.476    10.5308    10.5297   3.843369   3.843475     2.2059     1.2070     0.3091    4.78037     174298         10  0.000e+00
