Ship_data/Irminger/Irminger-1/ctd/process/kkn22104007.cnv
* Sea-Bird SBE 9 Data File:
* FileName = C:\Data\ctd\KN22104007.hdr
* Software Version Seasave V 7.21k
* Temperature SN = 4195
* Conductivity SN = 2147
* Number of Bytes Per Scan = 40
* Number of Voltage Words = 5
* Number of Scans Averaged by the Deck Unit = 1
* NMEA Latitude = 59 55.13 N
* NMEA Longitude = 039 25.73 W
* NMEA UTC (Time) = Sep 15 2014 15:50:10
** KN221-04 Chief Scientist: Bob Weller
** OOI Irminger Sea Sept. 2014
** Station: 007
** Knudsen Depth: 2737
# nquan = 19
# nvalues = 2964                        
# units = specified
# name 0 = prDM: Pressure, Digiquartz [db]
# name 1 = t090C: Temperature [ITS-90, deg C]
# name 2 = t190C: Temperature, 2 [ITS-90, deg C]
# name 3 = c0S/m: Conductivity [S/m]
# name 4 = c1S/m: Conductivity, 2 [S/m]
# name 5 = sbeox0V: Oxygen raw, SBE 43 [V]
# name 6 = flECO-AFL: Fluorescence, WET Labs ECO-AFL/FL [mg/m^3]
# name 7 = CStarAt0: Beam Attenuation, WET Labs C-Star [1/m]
# name 8 = sbeox0ML/L: Oxygen, SBE 43 [ml/l]
# name 9 = depSM: Depth [salt water, m], lat = 59.9188
# name 10 = sal00: Salinity, Practical [PSU]
# name 11 = sal11: Salinity, Practical, 2 [PSU]
# name 12 = svDM: Sound Velocity [Delgrosso, m/s]
# name 13 = sbeox0ML/L: Oxygen, SBE 43 [ml/l], WS = 2
# name 14 = density00: Density [density, Kg/m^3]
# name 15 = density11: Density, 2 [density, Kg/m^3]
# name 16 = dz/dtM: Descent Rate [m/s], WS = 2
# name 17 = oxsatML/L: Oxygen Saturation, Weiss [ml/l]
# name 18 = flag: flag
# span 0 =      2.019,   1509.620       
# span 1 =     3.4798,     7.8945       
# span 2 =     3.4790,     7.8937       
# span 3 =   3.236636,   3.594786       
# span 4 =   3.236821,   3.595040       
# span 5 =     1.6535,     2.1762       
# span 6 =     0.0018,     1.1129       
# span 7 =     0.0752,     0.3001       
# span 8 =    4.64547,    5.08896       
# span 9 =      2.000,   1490.000       
# span 10 =    34.7943,    34.9227      
# span 11 =    34.7627,    34.9258      
# span 12 =    1469.73,    1488.86      
# span 13 =    4.64536,    5.08884      
# span 14 =  1027.1535,  1034.7136      
# span 15 =  1027.1559,  1034.7160      
# span 16 =     -2.416,      2.084      
# span 17 =    6.63138,    7.36146      
# span 18 = 0.0000e+00, 0.0000e+00      
# interval = meters: 1                  
# start_time = Sep 15 2014 15:50:10 [NMEA time, header]
# bad_flag = -9.990e-29
*END*
[from data line 2515]
    454.780     3.8540     3.8531   3.253199   3.253337     1.9469     0.0478     0.0775    5.04390    450.000    34.8830    34.8856    1473.11    5.04377  1029.8176  1029.8198     -0.698    7.29550 0.0000e+00
    453.768     3.8541     3.8529   3.253165   3.253277     1.9470     0.0372     0.0777    5.04369    449.000    34.8830    34.8856    1473.10    5.04357  1029.8130  1029.8152     -1.135    7.29547 0.0000e+00
    452.756     3.8554     3.8536   3.253237   3.253282     1.9476     0.0285     0.0772    5.04482    448.000    34.8830    34.8855    1473.09    5.04469  1029.8082  1029.8103     -1.312    7.29524 0.0000e+00
    451.745     3.8558     3.8551   3.253248   3.253377     1.9480     0.0265     0.0802    5.04558    447.000    34.8833    34.8856    1473.07    5.04546  1029.8036  1029.8055     -1.259    7.29516 0.0000e+00
    450.733     3.8566     3.8558   3.253264   3.253404     1.9479     0.0350     0.0780    5.04461    446.000    34.8832    34.8857    1473.06    5.04448  1029.7988  1029.8009     -1.032    7.29502 0.0000e+00
    449.721     3.8570     3.8551   3.253255   3.253318     1.9484     0.0320     0.0776    5.04551    445.000    34.8832    34.8859    1473.04    5.04538  1029.7941  1029.7965     -0.928    7.29494 0.0000e+00
    448.709     3.8576     3.8556   3.253273   3.253299     1.9490     0.0292     0.0772    5.04666    444.000    34.8833    34.8857    1473.03    5.04654  1029.7894  1029.7916     -1.103    7.29483 0.0000e+00
    447.698     3.8580     3.8570   3.253266   3.253374     1.9492     0.0483     0.0775    5.04670    443.000    34.8833    34.8857    1473.01    5.04657  1029.7848  1029.7867     -1.277    7.29476 0.0000e+00
    446.686     3.8585     3.8575   3.253284   3.253384     1.9492     0.0353     0.0775    5.04611    442.000    34.8835    34.8858    1473.00    5.04599  1029.7802  1029.7821     -1.259    7.29466 0.0000e+00
    445.674     3.8594     3.8582   3.253306   3.253427     1.9492     0.0271     0.0772    5.04512    441.000    34.8834    34.8861    1472.99    5.04500  1029.7754  1029.7776     -1.117    7.29451 0.0000e+00
    444.663     3.8603     3.8590   3.253359   3.253450     1.9492     0.0317     0.0783    5.04432    440.000    34.8836    34.8861    1472.98    5.04419  1029.7708  1029.7728     -1.007    7.29434 0.0000e+00
    443.651     3.8616     3.8588   3.253424   3.253399     1.9496     0.0357     0.0778    5.04504    439.000    34.8835    34.8863    1472.96    5.04491  1029.7659  1029.7683     -0.891    7.29410 0.0000e+00
    442.639     3.8620     3.8595   3.253438   3.253410     1.9501     0.0311     0.0776    5.04591    438.000    34.8839    34.8861    1472.95    5.04579  1029.7614  1029.7634     -0.684    7.29402 0.0000e+00
    441.628     3.8643     3.8613   3.253568   3.253547     1.9503     0.0217     0.0778    5.04566    437.000    34.8835    34.8864    1472.94    5.04553  1029.7562  1029.7588     -0.774    7.29363 0.0000e+00
    440.616     3.8648     3.8633   3.253594   3.253636     1.9503     0.0352     0.0771    5.04506    436.000    34.8838    34.8859    1472.93    5.04494  1029.7516  1029.7535     -1.179    7.29351 0.0000e+00
    439.604     3.8654     3.8640   3.253608   3.253686     1.9504     0.0348     0.0792    5.04475    435.000    34.8839    34.8863    1472.92    5.04463  1029.7469  1029.7490     -1.438    7.29340 0.0000e+00
    438.593     3.8665     3.8654   3.253658   3.253776     1.9504     0.0348     0.0785    5.04398    434.000    34.8839    34.8865    1472.90    5.04385  1029.7422  1029.7444     -1.509    7.29321 0.0000e+00
    437.581     3.8665     3.8658   3.253627   3.253786     1.9511     0.0356     0.0774    5.04544    433.000    34.8840    34.8866    1472.89    5.04532  1029.7375  1029.7397     -1.383    7.29320 0.0000e+00
    436.569     3.8666     3.8657   3.253602   3.253746     1.9515     0.0284     0.0773    5.04643    432.000    34.8841    34.8868    1472.87    5.04630  1029.7330  1029.7352     -0.959    7.29317 0.0000e+00
    435.558     3.8678     3.8661   3.253669   3.253728     1.9522     0.0226     0.0773    5.04773    431.000    34.8842    34.8868    1472.86    5.04761  1029.7283  1029.7305     -0.564    7.29296 0.0000e+00
    434.546     3.8683     3.8667   3.253662   3.253724     1.9528     0.0305     0.0770    5.04936    430.000    34.8841    34.8866    1472.85    5.04923  1029.7235  1029.7257     -0.945    7.29287 0.0000e+00
    433.534     3.8697     3.8669   3.253735   3.253712     1.9527     0.0409     0.0794    5.04817    429.000    34.8840    34.8867    1472.84    5.04805  1029.7186  1029.7211     -1.224    7.29262 0.0000e+00
    432.523     3.8713     3.8698   3.253868   3.253895     1.9529     0.0456     0.0781    5.04771    428.000    34.8844    34.8864    1472.83    5.04758  1029.7141  1029.7158     -1.282    7.29231 0.0000e+00
    431.511     3.8718     3.8712   3.253867   3.254014     1.9531     0.0355     0.0773    5.04781    427.000    34.8845    34.8869    1472.81    5.04768  1029.7094  1029.7113     -1.193    7.29223 0.0000e+00
    430.500     3.8722     3.8717   3.253851   3.254021     1.9540     0.0238     0.0775    5.05006    426.000    34.8844    34.8869    1472.80    5.04993  1029.7046  1029.7067     -1.082    7.29216 0.0000e+00
    429.488     3.8750     3.8737   3.254077   3.254148     1.9540     0.0232     0.0778    5.04921    425.000    34.8846    34.8869    1472.79    5.04908  1029.6997  1029.7017     -1.087    7.29164 0.0000e+00
    428.476     3.8765     3.8742   3.254178   3.254173     1.9548     0.0326     0.0775    5.05087    424.000    34.8848    34.8872    1472.78    5.05075  1029.6951  1029.6973     -1.177    7.29136 0.0000e+00
    427.465     3.8783     3.8765   3.254285   3.254345     1.9550     0.0422     0.0773    5.05080    423.000    34.8846    34.8873    1472.77    5.05067  1029.6901  1029.6924     -1.169    7.29104 0.0000e+00
    426.453     3.8798     3.8787   3.254401   3.254521     1.9556     0.0401     0.0771    5.05197    422.000    34.8851    34.8876    1472.76    5.05184  1029.6855  1029.6877     -0.738    7.29077 0.0000e+00
    425.442     3.8810     3.8791   3.254488   3.254526     1.9567     0.0341     0.0777    5.05489    421.000    34.8853    34.8878    1472.75    5.05477  1029.6809  1029.6831     -0.414    7.29053 0.0000e+00
    424.430     3.8832     3.8795   3.254628   3.254483     1.9567     0.0341     0.0770    5.05418    420.000    34.8852    34.8874    1472.75    5.05406  1029.6759  1029.6781     -1.364    7.29014 0.0000e+00
    423.418     3.8854     3.8834   3.254810   3.254771     1.9571     0.0230     0.0778    5.05457    419.000    34.8855    34.8872    1472.74    5.05444  1029.6713  1029.6729     -1.728    7.28973 0.0000e+00
    422.407     3.8865     3.8855   3.254848   3.254962     1.9570     0.0235     0.0771    5.05322    418.000    34.8854    34.8878    1472.73    5.05309  1029.6664  1029.6685     -1.899    7.28954 0.0000e+00
    421.395     3.8871     3.8865   3.254848   3.255010     1.9572     0.0226     0.0776    5.05310    417.000    34.8853    34.8879    1472.71    5.05298  1029.6616  1029.6637     -1.904    7.28944 0.0000e+00
    420.384     3.8885     3.8871   3.254954   3.255007     1.9573     0.0272     0.0779    5.05271    416.000    34.8856    34.8878    1472.70    5.05258  1029.6570  1029.6588     -1.737    7.28917 0.0000e+00
    419.372     3.8884     3.8870   3.254892   3.255001     1.9576     0.0345     0.0775    5.05311    415.000    34.8855    34.8883    1472.69    5.05298  1029.6522  1029.6547     -1.321    7.28919 0.0000e+00
    418.361     3.8896     3.8881   3.254986   3.255070     1.9581     0.0284     0.0771    5.05411    414.000    34.8858    34.8885    1472.68    5.05398  1029.6477  1029.6499     -0.530    7.28895 0.0000e+00
    417.349     3.8902     3.8889   3.254966   3.255075     1.9588     0.0337     0.0777    5.05576    413.000    34.8856    34.8883    1472.66    5.05563  1029.6427  1029.6450     -0.896    7.28887 0.0000e+00
    416.338     3.8903     3.8889   3.254936   3.255037     1.9590     0.0462     0.0772    5.05558    412.000    34.8857    34.8883    1472.64    5.05546  1029.6381  1029.6404     -1.512    7.28885 0.0000e+00
    415.326     3.8918     3.8905   3.255036   3.255107     1.9594     0.0460     0.0775    5.05618    411.000    34.8858    34.8880    1472.63    5.05605  1029.6334  1029.6353     -1.800    7.28857 0.0000e+00
    414.314     3.8935     3.8926   3.255141   3.255260     1.9597     0.0358     0.0772    5.05646    410.000    34.8858    34.8881    1472.63    5.05633  1029.6285  1029.6305     -1.845    7.28826 0.0000e+00
    413.303     3.8942     3.8935   3.255162   3.255310     1.9598     0.0433     0.0776    5.05609    409.000    34.8858    34.8884    1472.61    5.05596  1029.6238  1029.6259     -1.638    7.28813 0.0000e+00
    412.291     3.8943     3.8939   3.255149   3.255326     1.9602     0.0512     0.0772    5.05655    408.000    34.8861    34.8886    1472.60    5.05642  1029.6193  1029.6213     -1.060    7.28810 0.0000e+00
    411.280     3.8950     3.8946   3.255181   3.255354     1.9609     0.0387     0.0773    5.05843    407.000    34.8863    34.8887    1472.58    5.05831  1029.6147  1029.6167     -0.419    7.28798 0.0000e+00
    410.268     3.8951     3.8947   3.255126   3.255306     1.9616     0.0391     0.0772    5.06003    406.000    34.8860    34.8886    1472.57    5.05990  1029.6099  1029.6119     -0.989    7.28796 0.0000e+00
    409.257     3.8965     3.8958   3.255219   3.255325     1.9621     0.0284     0.0776    5.06085    405.000    34.8862    34.8882    1472.56    5.06072  1029.6052  1029.6068     -1.302    7.28771 0.0000e+00
    408.245     3.9017     3.9009   3.255672   3.255777     1.9623     0.0247     0.0770    5.06030    404.000    34.8866    34.8887    1472.56    5.06017  1029.6002  1029.6021     -1.464    7.28675 0.0000e+00
    407.234     3.9041     3.9023   3.255844   3.255856     1.9623     0.0472     0.0774    5.05931    403.000    34.8866    34.8887    1472.56    5.05918  1029.5953  1029.5972     -1.482    7.28632 0.0000e+00
    406.222     3.9057     3.9060   3.255964   3.256177     1.9625     0.0399     0.0782    5.05916    402.000    34.8869    34.8891    1472.55    5.05903  1029.5907  1029.5924     -1.340    7.28602 0.0000e+00
    405.211     3.9081     3.9068   3.256150   3.256243     1.9630     0.0350     0.0776    5.05988    401.000    34.8871    34.8896    1472.54    5.05975  1029.5858  1029.5880     -1.012    7.28558 0.0000e+00
    404.199     3.9099     3.9087   3.256259   3.256373     1.9636     0.0271     0.0776    5.06095    400.000    34.8871    34.8897    1472.53    5.06082  1029.5809  1029.5831     -0.681    7.28526 0.0000e+00
    403.188     3.9114     3.9111   3.256370   3.256584     1.9638     0.0270     0.0772    5.06058    399.000    34.8873    34.8902    1472.52    5.06045  1029.5763  1029.5786     -0.771    7.28498 0.0000e+00
    402.176     3.9130     3.9109   3.256472   3.256491     1.9641     0.0312     0.0775    5.06074    398.000    34.8873    34.8898    1472.51    5.06061  1029.5714  1029.5736     -1.117    7.28468 0.0000e+00
    401.165     3.9149     3.9145   3.256627   3.256740     1.9642     0.0231     0.0772    5.06016    397.000    34.8877    34.8895    1472.50    5.06003  1029.5669  1029.5684     -1.337    7.28433 0.0000e+00
    400.153     3.9189     3.9191   3.256956   3.257165     1.9646     0.0356     0.0776    5.06050    396.000    34.8879    34.8902    1472.51    5.06038  1029.5619  1029.5637     -1.360    7.28360 0.0000e+00
    399.142     3.9182     3.9203   3.256844   3.257263     1.9647     0.0279     0.0778    5.06036    395.000    34.8879    34.8907    1472.49    5.06023  1029.5573  1029.5593     -1.136    7.28373 0.0000e+00
    398.131     3.9210     3.9208   3.257102   3.257289     1.9655     0.0203     0.0775    5.06189    394.000    34.8885    34.8910    1472.48    5.06177  1029.5527  1029.5548     -0.636    7.28320 0.0000e+00
    397.119     3.9225     3.9215   3.257192   3.257320     1.9661     0.0435     0.0772    5.06325    393.000    34.8885    34.8911    1472.47    5.06313  1029.5480  1029.5502     -0.787    7.28293 0.0000e+00
    396.108     3.9250     3.9222   3.257350   3.257301     1.9663     0.0279     0.0777    5.06269    392.000    34.8883    34.8906    1472.47    5.06256  1029.5428  1029.5450     -1.322    7.28249 0.0000e+00
    395.096     3.9274     3.9258   3.257542   3.257564     1.9663     0.0233     0.0773    5.06172    391.000    34.8885    34.8905    1472.46    5.06159  1029.5381  1029.5398     -1.562    7.28204 0.0000e+00
    394.085     3.9286     3.9279   3.257607   3.257751     1.9665     0.0353     0.0778    5.06168    390.000    34.8886    34.8910    1472.45    5.06155  1029.5333  1029.5353     -1.559    7.28183 0.0000e+00
    393.073     3.9285     3.9292   3.257585   3.257837     1.9670     0.0348     0.0774    5.06266    389.000    34.8890    34.8913    1472.43    5.06253  1029.5289  1029.5306     -1.323    7.28183 0.0000e+00
    392.062     3.9301     3.9290   3.257680   3.257814     1.9671     0.0293     0.0774    5.06231    388.000    34.8889    34.8917    1472.42    5.06219  1029.5240  1029.5264     -0.910    7.28154 0.0000e+00
    391.051     3.9314     3.9310   3.257782   3.257939     1.9676     0.0405     0.0780    5.06304    387.000    34.8894    34.8916    1472.41    5.06291  1029.5195  1029.5215     -0.734    7.28130 0.0000e+00
    390.039     3.9330     3.9308   3.257842   3.257900     1.9681     0.0475     0.0777    5.06390    386.000    34.8889    34.8919    1472.40    5.06378  1029.5144  1029.5170     -0.952    7.28103 0.0000e+00
    389.028     3.9340     3.9317   3.257919   3.257904     1.9684     0.0114     0.0778    5.06401    385.000    34.8893    34.8915    1472.39    5.06388  1029.5099  1029.5120     -1.035    7.28083 0.0000e+00
    388.016     3.9340     3.9324   3.257892   3.257959     1.9684     0.0218     0.0777    5.06364    384.000    34.8895    34.8920    1472.37    5.06351  1029.5054  1029.5076     -0.816    7.28083 0.0000e+00
    387.005     3.9359     3.9358   3.258015   3.258216     1.9685     0.0295     0.0776    5.06294    383.000    34.8894    34.8920    1472.37    5.06281  1029.5005  1029.5024     -0.668    7.28048 0.0000e+00
    385.993     3.9373     3.9359   3.258095   3.258151     1.9687     0.0453     0.0775    5.06280    382.000    34.8895    34.8917    1472.35    5.06268  1029.4956  1029.4976     -1.133    7.28023 0.0000e+00
    384.982     3.9394     3.9381   3.258266   3.258323     1.9691     0.0413     0.0773    5.06313    381.000    34.8898    34.8919    1472.35    5.06300  1029.4910  1029.4928     -1.554    7.27984 0.0000e+00
    383.971     3.9403     3.9397   3.258308   3.258458     1.9691     0.0348     0.0774    5.06226    380.000    34.8899    34.8924    1472.34    5.06213  1029.4863  1029.4883     -1.798    7.27967 0.0000e+00
    382.959     3.9412     3.9405   3.258330   3.258495     1.9696     0.0359     0.0781    5.06340    379.000    34.8897    34.8925    1472.32    5.06327  1029.4814  1029.4836     -1.867    7.27951 0.0000e+00
    381.948     3.9418     3.9413   3.258344   3.258516     1.9694     0.0364     0.0781    5.06193    378.000    34.8899    34.8924    1472.31    5.06180  1029.4767  1029.4789     -1.750    7.27941 0.0000e+00
    380.937     3.9419     3.9414   3.258328   3.258508     1.9698     0.0356     0.0781    5.06253    377.000    34.8901    34.8928    1472.29    5.06241  1029.4723  1029.4744     -1.416    7.27938 0.0000e+00
    379.925     3.9423     3.9416   3.258343   3.258492     1.9700     0.0384     0.0780    5.06256    376.000    34.8903    34.8929    1472.28    5.06243  1029.4678  1029.4698     -0.567    7.27929 0.0000e+00
