Ship_data/Irminger/Irminger-1/ctd/process/kkn22104007.cnv
* Sea-Bird SBE 9 Data File:
* FileName = C:\Data\ctd\KN22104007.hdr
* Software Version Seasave V 7.21k
* Temperature SN = 4195
* Conductivity SN = 2147
* Number of Bytes Per Scan = 40
* Number of Voltage Words = 5
* Number of Scans Averaged by the Deck Unit = 1
* NMEA Latitude = 59 55.13 N
* NMEA Longitude = 039 25.73 W
* NMEA UTC (Time) = Sep 15 2014 15:50:10
** KN221-04 Chief Scientist: Bob Weller
** OOI Irminger Sea Sept. 2014
** Station: 007
** Knudsen Depth: 2737
# nquan = 19
# nvalues = 2964                        
# units = specified
# name 0 = prDM: Pressure, Digiquartz [db]
# name 1 = t090C: Temperature [ITS-90, deg C]
# name 2 = t190C: Temperature, 2 [ITS-90, deg C]
# name 3 = c0S/m: Conductivity [S/m]
# name 4 = c1S/m: Conductivity, 2 [S/m]
# name 5 = sbeox0V: Oxygen raw, SBE 43 [V]
# name 6 = flECO-AFL: Fluorescence, WET Labs ECO-AFL/FL [mg/m^3]
# name 7 = CStarAt0: Beam Attenuation, WET Labs C-Star [1/m]
# name 8 = sbeox0ML/L: Oxygen, SBE 43 [ml/l]
# name 9 = depSM: Depth [salt water, m], lat = 59.9188
# name 10 = sal00: Salinity, Practical [PSU]
# name 11 = sal11: Salinity, Practical, 2 [PSU]
# name 12 = svDM: Sound Velocity [Delgrosso, m/s]
# name 13 = sbeox0ML/L: Oxygen, SBE 43 [ml/l], WS = 2
# name 14 = density00: Density [density, Kg/m^3]
# name 15 = density11: Density, 2 [density, Kg/m^3]
# name 16 = dz/dtM: Descent Rate [m/s], WS = 2
# name 17 = oxsatML/L: Oxygen Saturation, Weiss [ml/l]
# name 18 = flag: flag
# span 0 =      2.019,   1509.620       
# span 1 =     3.4798,     7.8945       
# span 2 =     3.4790,     7.8937       
# span 3 =   3.236636,   3.594786       
# span 4 =   3.236821,   3.595040       
# span 5 =     1.6535,     2.1762       
# span 6 =     0.0018,     1.1129       
# span 7 =     0.0752,     0.3001       
# span 8 =    4.64547,    5.08896       
# span 9 =      2.000,   1490.000       
# span 10 =    34.7943,    34.9227      
# span 11 =    34.7627,    34.9258      
# span 12 =    1469.73,    1488.86      
# span 13 =    4.64536,    5.08884      
# span 14 =  1027.1535,  1034.7136      
# span 15 =  1027.1559,  1034.7160      
# span 16 =     -2.416,      2.084      
# span 17 =    6.63138,    7.36146      
# span 18 = 0.0000e+00, 0.0000e+00      
# interval = meters: 1                  
# start_time = Sep 15 2014 15:50:10 [NMEA time, header]
# bad_flag = -9.990e-29
*END*
[from data line 2591]
    377.902     3.9427     3.9419   3.258263   3.258406     1.9710     0.0357     0.0777    5.06450    374.000    34.8900    34.8927    1472.25    5.06437  1029.4581  1029.4602     -1.392    7.27923 0.0000e+00
    376.891     3.9430     3.9422   3.258254   3.258390     1.9710     0.0285     0.0783    5.06396    373.000    34.8902    34.8927    1472.23    5.06383  1029.4535  1029.4556     -1.630    7.27917 0.0000e+00
    375.880     3.9436     3.9427   3.258256   3.258393     1.9713     0.0226     0.0781    5.06405    372.000    34.8901    34.8927    1472.22    5.06393  1029.4487  1029.4509     -1.645    7.27907 0.0000e+00
    374.868     3.9439     3.9431   3.258257   3.258397     1.9717     0.0443     0.0779    5.06482    371.000    34.8903    34.8929    1472.20    5.06469  1029.4442  1029.4463     -1.474    7.27900 0.0000e+00
    373.857     3.9441     3.9433   3.258236   3.258376     1.9720     0.0355     0.0781    5.06498    370.000    34.8904    34.8930    1472.19    5.06485  1029.4395  1029.4417     -1.204    7.27896 0.0000e+00
    372.846     3.9455     3.9434   3.258310   3.258333     1.9721     0.0288     0.0781    5.06460    369.000    34.8903    34.8929    1472.18    5.06447  1029.4347  1029.4369     -1.031    7.27871 0.0000e+00
    371.834     3.9475     3.9452   3.258448   3.258459     1.9720     0.0289     0.0783    5.06325    368.000    34.8904    34.8930    1472.17    5.06313  1029.4298  1029.4321     -0.896    7.27836 0.0000e+00
    370.823     3.9475     3.9467   3.258413   3.258565     1.9723     0.0247     0.0780    5.06374    367.000    34.8905    34.8932    1472.15    5.06361  1029.4252  1029.4274     -0.632    7.27835 0.0000e+00
    369.812     3.9487     3.9488   3.258487   3.258678     1.9721     0.0437     0.0775    5.06217    366.000    34.8907    34.8929    1472.14    5.06204  1029.4205  1029.4222     -0.616    7.27813 0.0000e+00
    368.800     3.9520     3.9484   3.258720   3.258621     1.9715     0.0387     0.0778    5.05919    365.000    34.8905    34.8931    1472.14    5.05906  1029.4153  1029.4178     -1.293    7.27755 0.0000e+00
    367.789     3.9538     3.9508   3.258861   3.258744     1.9719     0.0392     0.0781    5.05942    364.000    34.8908    34.8926    1472.13    5.05929  1029.4108  1029.4125     -1.666    7.27721 0.0000e+00
    366.778     3.9553     3.9546   3.258980   3.259083     1.9719     0.0471     0.0781    5.05876    363.000    34.8912    34.8931    1472.12    5.05863  1029.4061  1029.4077     -1.837    7.27693 0.0000e+00
    365.767     3.9561     3.9555   3.258991   3.259151     1.9721     0.0424     0.0781    5.05861    362.000    34.8909    34.8935    1472.11    5.05848  1029.4012  1029.4033     -1.816    7.27678 0.0000e+00
    364.755     3.9557     3.9558   3.258917   3.259139     1.9723     0.0359     0.0781    5.05859    361.000    34.8911    34.8936    1472.09    5.05847  1029.3967  1029.3987     -1.558    7.27686 0.0000e+00
    363.744     3.9562     3.9557   3.258941   3.259105     1.9726     0.0274     0.0781    5.05878    360.000    34.8914    34.8939    1472.08    5.05866  1029.3922  1029.3943     -0.876    7.27676 0.0000e+00
    362.733     3.9575     3.9561   3.258998   3.259101     1.9728     0.0419     0.0781    5.05857    359.000    34.8912    34.8939    1472.06    5.05845  1029.3872  1029.3895     -0.333    7.27653 0.0000e+00
    361.721     3.9573     3.9564   3.258920   3.259052     1.9722     0.0378     0.0783    5.05621    358.000    34.8910    34.8936    1472.05    5.05608  1029.3824  1029.3846     -1.062    7.27657 0.0000e+00
    360.710     3.9573     3.9564   3.258882   3.259014     1.9724     0.0269     0.0781    5.05590    357.000    34.8911    34.8936    1472.03    5.05577  1029.3778  1029.3799     -1.375    7.27656 0.0000e+00
    359.699     3.9582     3.9570   3.258913   3.259026     1.9723     0.0242     0.0781    5.05489    356.000    34.8911    34.8937    1472.02    5.05476  1029.3730  1029.3752     -1.551    7.27641 0.0000e+00
    358.688     3.9584     3.9578   3.258886   3.259047     1.9720     0.0346     0.0781    5.05315    355.000    34.8911    34.8936    1472.00    5.05302  1029.3683  1029.3705     -1.602    7.27637 0.0000e+00
    357.676     3.9586     3.9578   3.258836   3.258990     1.9721     0.0364     0.0782    5.05293    354.000    34.8909    34.8935    1471.99    5.05280  1029.3635  1029.3657     -1.527    7.27636 0.0000e+00
    356.665     3.9586     3.9578   3.258806   3.258943     1.9722     0.0348     0.0781    5.05255    353.000    34.8910    34.8935    1471.97    5.05242  1029.3589  1029.3610     -1.303    7.27634 0.0000e+00
    355.654     3.9587     3.9577   3.258774   3.258905     1.9723     0.0348     0.0786    5.05226    352.000    34.8911    34.8937    1471.96    5.05213  1029.3542  1029.3564     -0.860    7.27632 0.0000e+00
    354.643     3.9597     3.9583   3.258816   3.258907     1.9725     0.0351     0.0782    5.05221    351.000    34.8910    34.8937    1471.94    5.05208  1029.3495  1029.3517     -0.484    7.27614 0.0000e+00
    353.631     3.9607     3.9589   3.258840   3.258888     1.9726     0.0286     0.0781    5.05160    350.000    34.8908    34.8933    1471.93    5.05147  1029.3445  1029.3467     -0.979    7.27598 0.0000e+00
    352.620     3.9618     3.9596   3.258893   3.258904     1.9728     0.0230     0.0783    5.05143    349.000    34.8908    34.8933    1471.92    5.05130  1029.3397  1029.3419     -1.353    7.27578 0.0000e+00
    351.609     3.9630     3.9622   3.258963   3.259076     1.9728     0.0233     0.0785    5.05081    348.000    34.8909    34.8932    1471.91    5.05068  1029.3350  1029.3368     -1.509    7.27555 0.0000e+00
    350.598     3.9638     3.9632   3.258996   3.259148     1.9732     0.0330     0.0781    5.05117    347.000    34.8910    34.8935    1471.89    5.05104  1029.3302  1029.3323     -1.500    7.27541 0.0000e+00
    349.586     3.9641     3.9635   3.258986   3.259139     1.9734     0.0397     0.0781    5.05127    346.000    34.8911    34.8936    1471.88    5.05114  1029.3256  1029.3276     -1.333    7.27535 0.0000e+00
    348.575     3.9639     3.9633   3.258942   3.259099     1.9734     0.0388     0.0782    5.05063    345.000    34.8913    34.8938    1471.86    5.05050  1029.3212  1029.3232     -0.942    7.27538 0.0000e+00
    347.564     3.9643     3.9635   3.258933   3.259073     1.9737     0.0260     0.0784    5.05086    344.000    34.8914    34.8939    1471.85    5.05073  1029.3165  1029.3186     -0.506    7.27531 0.0000e+00
    346.553     3.9644     3.9637   3.258883   3.259033     1.9738     0.0364     0.0780    5.05053    343.000    34.8912    34.8937    1471.83    5.05041  1029.3116  1029.3137     -0.872    7.27530 0.0000e+00
    345.542     3.9645     3.9636   3.258830   3.258973     1.9741     0.0348     0.0781    5.05105    342.000    34.8910    34.8937    1471.82    5.05093  1029.3068  1029.3091     -1.407    7.27529 0.0000e+00
    344.530     3.9645     3.9636   3.258786   3.258921     1.9740     0.0357     0.0781    5.04994    341.000    34.8910    34.8936    1471.80    5.04981  1029.3021  1029.3043     -1.725    7.27529 0.0000e+00
    343.519     3.9653     3.9643   3.258797   3.258924     1.9743     0.0357     0.0781    5.05031    340.000    34.8909    34.8935    1471.79    5.05018  1029.2972  1029.2994     -1.868    7.27515 0.0000e+00
    342.508     3.9670     3.9663   3.258909   3.259038     1.9746     0.0348     0.0783    5.05037    339.000    34.8909    34.8932    1471.78    5.05025  1029.2925  1029.2943     -1.819    7.27485 0.0000e+00
    341.497     3.9671     3.9672   3.258888   3.259109     1.9748     0.0348     0.0787    5.05021    338.000    34.8912    34.8936    1471.76    5.05008  1029.2880  1029.2899     -1.518    7.27482 0.0000e+00
    340.486     3.9687     3.9677   3.259004   3.259134     1.9754     0.0281     0.0785    5.05161    337.000    34.8913    34.8939    1471.75    5.05148  1029.2832  1029.2854     -0.633    7.27452 0.0000e+00
    339.475     3.9698     3.9682   3.259044   3.259122     1.9759     0.0366     0.0789    5.05241    336.000    34.8911    34.8938    1471.74    5.05228  1029.2782  1029.2805     -0.724    7.27432 0.0000e+00
    338.463     3.9702     3.9687   3.259017   3.259111     1.9760     0.0433     0.0786    5.05209    335.000    34.8910    34.8936    1471.72    5.05196  1029.2734  1029.2756     -1.297    7.27427 0.0000e+00
    337.452     3.9706     3.9694   3.259008   3.259110     1.9760     0.0439     0.0791    5.05122    334.000    34.8909    34.8935    1471.71    5.05109  1029.2687  1029.2709     -1.518    7.27419 0.0000e+00
    336.441     3.9711     3.9701   3.259011   3.259142     1.9759     0.0359     0.0783    5.05026    333.000    34.8910    34.8936    1471.70    5.05013  1029.2640  1029.2662     -1.557    7.27411 0.0000e+00
    335.430     3.9711     3.9702   3.258964   3.259103     1.9758     0.0355     0.0828    5.04929    332.000    34.8910    34.8936    1471.68    5.04916  1029.2593  1029.2615     -1.446    7.27411 0.0000e+00
    334.419     3.9712     3.9709   3.258940   3.259106     1.9759     0.0348     0.0791    5.04900    331.000    34.8911    34.8934    1471.66    5.04888  1029.2548  1029.2566     -1.183    7.27408 0.0000e+00
    333.408     3.9720     3.9712   3.258906   3.259095     1.9759     0.0305     0.0785    5.04822    330.000    34.8905    34.8935    1471.65    5.04809  1029.2494  1029.2520     -0.812    7.27397 0.0000e+00
    332.396     3.9724     3.9719   3.258942   3.259108     1.9767     0.0139     0.0783    5.04999    329.000    34.8909    34.8935    1471.64    5.04986  1029.2451  1029.2472     -0.776    7.27387 0.0000e+00
    331.385     3.9741     3.9720   3.259028   3.259061     1.9769     0.0224     0.0783    5.04983    328.000    34.8907    34.8933    1471.63    5.04970  1029.2400  1029.2423     -1.006    7.27357 0.0000e+00
    330.374     3.9744     3.9724   3.259013   3.259034     1.9768     0.0350     0.0784    5.04906    327.000    34.8908    34.8931    1471.61    5.04893  1029.2354  1029.2374     -1.135    7.27352 0.0000e+00
    329.363     3.9755     3.9747   3.259083   3.259193     1.9770     0.0354     0.0782    5.04881    326.000    34.8910    34.8931    1471.60    5.04868  1029.2307  1029.2325     -1.136    7.27331 0.0000e+00
    328.352     3.9765     3.9760   3.259130   3.259278     1.9771     0.0348     0.0785    5.04818    325.000    34.8910    34.8933    1471.59    5.04806  1029.2260  1029.2279     -0.951    7.27313 0.0000e+00
    327.341     3.9789     3.9773   3.259309   3.259369     1.9777     0.0269     0.0847    5.04949    324.000    34.8912    34.8936    1471.58    5.04936  1029.2212  1029.2233     -0.714    7.27271 0.0000e+00
    326.330     3.9796     3.9778   3.259330   3.259357     1.9783     0.0349     0.0785    5.05077    323.000    34.8912    34.8935    1471.57    5.05064  1029.2164  1029.2185     -0.948    7.27257 0.0000e+00
    325.319     3.9812     3.9787   3.259415   3.259402     1.9782     0.0342     0.0789    5.04954    322.000    34.8910    34.8935    1471.56    5.04942  1029.2114  1029.2136     -1.215    7.27229 0.0000e+00
    324.308     3.9831     3.9811   3.259548   3.259547     1.9786     0.0227     0.0810    5.04990    321.000    34.8912    34.8933    1471.55    5.04977  1029.2067  1029.2085     -1.316    7.27196 0.0000e+00
    323.296     3.9836     3.9827   3.259558   3.259701     1.9788     0.0319     0.0792    5.04996    320.000    34.8913    34.8939    1471.54    5.04983  1029.2020  1029.2042     -1.254    7.27186 0.0000e+00
    322.285     3.9832     3.9831   3.259493   3.259673     1.9793     0.0287     0.0792    5.05102    319.000    34.8915    34.8937    1471.52    5.05089  1029.1975  1029.1993     -1.124    7.27191 0.0000e+00
    321.274     3.9851     3.9840   3.259600   3.259722     1.9797     0.0290     0.0793    5.05140    318.000    34.8913    34.8939    1471.51    5.05127  1029.1925  1029.1947     -1.034    7.27159 0.0000e+00
    320.263     3.9855     3.9833   3.259606   3.259622     1.9798     0.0361     0.0792    5.05098    317.000    34.8915    34.8940    1471.49    5.05085  1029.1880  1029.1902     -0.949    7.27151 0.0000e+00
    319.252     3.9855     3.9842   3.259541   3.259662     1.9800     0.0281     0.0789    5.05116    316.000    34.8913    34.8941    1471.48    5.05103  1029.1831  1029.1854     -0.765    7.27152 0.0000e+00
    318.241     3.9861     3.9846   3.259565   3.259649     1.9802     0.0248     0.0786    5.05086    315.000    34.8915    34.8940    1471.46    5.05073  1029.1785  1029.1807     -0.757    7.27141 0.0000e+00
    317.230     3.9882     3.9858   3.259700   3.259693     1.9803     0.0341     0.0791    5.05022    314.000    34.8913    34.8938    1471.46    5.05009  1029.1735  1029.1757     -1.045    7.27103 0.0000e+00
    316.219     3.9895     3.9875   3.259792   3.259809     1.9806     0.0228     0.0786    5.05051    313.000    34.8916    34.8939    1471.45    5.05038  1029.1688  1029.1709     -1.310    7.27079 0.0000e+00
    315.208     3.9898     3.9888   3.259757   3.259881     1.9806     0.0336     0.0792    5.04998    312.000    34.8914    34.8940    1471.43    5.04985  1029.1639  1029.1661     -1.434    7.27074 0.0000e+00
    314.197     3.9902     3.9891   3.259749   3.259866     1.9807     0.0348     0.0788    5.04946    311.000    34.8914    34.8940    1471.42    5.04933  1029.1593  1029.1615     -1.375    7.27067 0.0000e+00
    313.186     3.9907     3.9900   3.259779   3.259911     1.9810     0.0321     0.0793    5.04981    310.000    34.8918    34.8942    1471.40    5.04968  1029.1548  1029.1569     -1.097    7.27056 0.0000e+00
    312.175     3.9931     3.9911   3.259959   3.259977     1.9813     0.0304     0.0792    5.04971    309.000    34.8919    34.8943    1471.40    5.04958  1029.1500  1029.1521     -0.567    7.27012 0.0000e+00
    311.164     3.9944     3.9928   3.260006   3.260098     1.9806     0.0306     0.0794    5.04664    308.000    34.8916    34.8944    1471.39    5.04651  1029.1449  1029.1473     -0.912    7.26990 0.0000e+00
    310.153     3.9950     3.9921   3.260019   3.259961     1.9808     0.0245     0.0793    5.04639    307.000    34.8917    34.8942    1471.37    5.04627  1029.1403  1029.1426     -1.416    7.26980 0.0000e+00
    309.142     3.9985     3.9966   3.260297   3.260278     1.9811     0.0361     0.0791    5.04627    306.000    34.8918    34.8936    1471.37    5.04614  1029.1353  1029.1370     -1.595    7.26916 0.0000e+00
    308.131     4.0005     3.9993   3.260442   3.260512     1.9815     0.0348     0.0792    5.04670    305.000    34.8920    34.8941    1471.36    5.04657  1029.1305  1029.1323     -1.554    7.26880 0.0000e+00
    307.120     4.0007     4.0005   3.260412   3.260619     1.9815     0.0348     0.0796    5.04612    304.000    34.8920    34.8946    1471.35    5.04599  1029.1259  1029.1279     -1.329    7.26877 0.0000e+00
    306.109     4.0018     4.0009   3.260471   3.260627     1.9818     0.0352     0.0794    5.04640    303.000    34.8921    34.8949    1471.33    5.04627  1029.1211  1029.1234     -0.946    7.26857 0.0000e+00
    305.098     4.0019     4.0012   3.260447   3.260609     1.9819     0.0348     0.0815    5.04601    302.000    34.8922    34.8948    1471.32    5.04588  1029.1165  1029.1187     -0.747    7.26854 0.0000e+00
    304.087     4.0026     4.0014   3.260464   3.260582     1.9819     0.0429     0.0830    5.04532    301.000    34.8922    34.8948    1471.31    5.04519  1029.1117  1029.1140     -0.919    7.26842 0.0000e+00
    303.076     4.0037     4.0014   3.260530   3.260525     1.9818     0.0390     0.0795    5.04415    300.000    34.8923    34.8948    1471.29    5.04402  1029.1071  1029.1093     -0.919    7.26821 0.0000e+00
