Ship_data/Irminger/Irminger-1/ctd/process/kkn22104008_sv.cnv
* Sea-Bird SBE 9 Data File:
* FileName = C:\Data\ctd\KN22104008.hdr
* Software Version Seasave V 7.21k
* Temperature SN = 4195
* Conductivity SN = 2147
* Number of Bytes Per Scan = 40
* Number of Voltage Words = 5
* Number of Scans Averaged by the Deck Unit = 1
* NMEA Latitude = 59 14.19 N
* NMEA Longitude = 039 30.13 W
* NMEA UTC (Time) = Sep 16 2014 21:05:14
** KN221-04 Chief Scientist: Bob Weller
** OOI Irminger Sea Sept. 2014
** Station: 008
** Knudsen Depth: 3030
# nquan = 3
# nvalues = 2984                        
# units = specified
# name 0 = depSM: Depth [salt water, m]
# name 1 = svDM: Sound Velocity [Delgrosso, m/s]
# name 2 = flag: flag
# span 0 =      3.000,   2986.000       
# span 1 =    1470.34,    1507.00       
# span 2 = 0.0000e+00, 0.0000e+00       
# interval = meters: 1                  
# start_time = Sep 16 2014 21:05:14 [NMEA time, header]
# bad_flag = -9.990e-29
*END*
[from data line 2353]
   2356.000    1501.43 0.0000e+00
   2357.000    1501.44 0.0000e+00
   2358.000    1501.45 0.0000e+00
   2359.000    1501.47 0.0000e+00
   2360.000    1501.48 0.0000e+00
   2361.000    1501.48 0.0000e+00
   2362.000    1501.49 0.0000e+00
   2363.000    1501.51 0.0000e+00
   2364.000    1501.52 0.0000e+00
   2365.000    1501.52 0.0000e+00
   2366.000    1501.54 0.0000e+00
   2367.000    1501.55 0.0000e+00
   2368.000    1501.57 0.0000e+00
   2369.000    1501.59 0.0000e+00
   2370.000    1501.60 0.0000e+00
   2371.000    1501.61 0.0000e+00
   2372.000    1501.62 0.0000e+00
   2373.000    1501.63 0.0000e+00
   2374.000    1501.64 0.0000e+00
   2375.000    1501.64 0.0000e+00
   2376.000    1501.65 0.0000e+00
   2377.000    1501.67 0.0000e+00
   2378.000    1501.68 0.0000e+00
   2379.000    1501.71 0.0000e+00
   2380.000    1501.71 0.0000e+00
   2381.000    1501.72 0.0000e+00
   2382.000    1501.73 0.0000e+00
   2383.000    1501.74 0.0000e+00
   2384.000    1501.76 0.0000e+00
   2385.000    1501.77 0.0000e+00
   2386.000    1501.81 0.0000e+00
   2387.000    1501.83 0.0000e+00
   2388.000    1501.84 0.0000e+00
   2389.000    1501.84 0.0000e+00
   2390.000    1501.85 0.0000e+00
   2391.000    1501.86 0.0000e+00
   2392.000    1501.88 0.0000e+00
   2393.000    1501.90 0.0000e+00
   2394.000    1501.92 0.0000e+00
   2395.000    1501.94 0.0000e+00
   2396.000    1501.96 0.0000e+00
   2397.000    1501.99 0.0000e+00
   2398.000    1502.02 0.0000e+00
   2399.000    1502.03 0.0000e+00
   2400.000    1502.04 0.0000e+00
   2401.000    1502.05 0.0000e+00
   2402.000    1502.06 0.0000e+00
   2403.000    1502.08 0.0000e+00
   2404.000    1502.10 0.0000e+00
   2405.000    1502.12 0.0000e+00
   2406.000    1502.13 0.0000e+00
   2407.000    1502.14 0.0000e+00
   2408.000    1502.15 0.0000e+00
   2409.000    1502.16 0.0000e+00
   2410.000    1502.17 0.0000e+00
   2411.000    1502.19 0.0000e+00
   2412.000    1502.22 0.0000e+00
   2413.000    1502.23 0.0000e+00
   2414.000    1502.25 0.0000e+00
   2415.000    1502.24 0.0000e+00
   2416.000    1502.22 0.0000e+00
   2417.000    1502.24 0.0000e+00
   2418.000    1502.26 0.0000e+00
   2419.000    1502.27 0.0000e+00
   2420.000    1502.29 0.0000e+00
   2421.000    1502.29 0.0000e+00
   2422.000    1502.29 0.0000e+00
   2423.000    1502.31 0.0000e+00
   2424.000    1502.33 0.0000e+00
   2425.000    1502.35 0.0000e+00
   2426.000    1502.37 0.0000e+00
   2427.000    1502.40 0.0000e+00
   2428.000    1502.42 0.0000e+00
   2429.000    1502.43 0.0000e+00
   2430.000    1502.44 0.0000e+00
   2431.000    1502.48 0.0000e+00
   2432.000    1502.51 0.0000e+00
   2433.000    1502.52 0.0000e+00
   2434.000    1502.53 0.0000e+00
   2435.000    1502.53 0.0000e+00
   2436.000    1502.55 0.0000e+00
   2437.000    1502.57 0.0000e+00
   2438.000    1502.58 0.0000e+00
   2439.000    1502.60 0.0000e+00
   2440.000    1502.62 0.0000e+00
   2441.000    1502.63 0.0000e+00
   2442.000    1502.64 0.0000e+00
   2443.000    1502.66 0.0000e+00
   2444.000    1502.69 0.0000e+00
   2445.000    1502.69 0.0000e+00
   2446.000    1502.71 0.0000e+00
   2447.000    1502.74 0.0000e+00
   2448.000    1502.77 0.0000e+00
   2449.000    1502.78 0.0000e+00
   2450.000    1502.80 0.0000e+00
   2451.000    1502.81 0.0000e+00
   2452.000    1502.83 0.0000e+00
   2453.000    1502.85 0.0000e+00
   2454.000    1502.86 0.0000e+00
   2455.000    1502.88 0.0000e+00
   2456.000    1502.90 0.0000e+00
   2457.000    1502.91 0.0000e+00
   2458.000    1502.93 0.0000e+00
   2459.000    1502.94 0.0000e+00
   2460.000    1502.96 0.0000e+00
   2461.000    1502.98 0.0000e+00
   2462.000    1503.00 0.0000e+00
   2463.000    1503.01 0.0000e+00
   2464.000    1503.03 0.0000e+00
   2465.000    1503.04 0.0000e+00
   2466.000    1503.06 0.0000e+00
   2467.000    1503.07 0.0000e+00
   2468.000    1503.08 0.0000e+00
   2469.000    1503.09 0.0000e+00
   2470.000    1503.11 0.0000e+00
   2471.000    1503.13 0.0000e+00
   2472.000    1503.14 0.0000e+00
   2473.000    1503.16 0.0000e+00
   2474.000    1503.18 0.0000e+00
   2475.000    1503.19 0.0000e+00
   2476.000    1503.21 0.0000e+00
   2477.000    1503.22 0.0000e+00
   2478.000    1503.23 0.0000e+00
   2479.000    1503.25 0.0000e+00
   2480.000    1503.27 0.0000e+00
   2481.000    1503.28 0.0000e+00
   2482.000    1503.30 0.0000e+00
   2483.000    1503.32 0.0000e+00
   2484.000    1503.33 0.0000e+00
   2485.000    1503.34 0.0000e+00
   2486.000    1503.36 0.0000e+00
   2487.000    1503.37 0.0000e+00
   2488.000    1503.39 0.0000e+00
   2489.000    1503.40 0.0000e+00
   2490.000    1503.42 0.0000e+00
   2491.000    1503.44 0.0000e+00
   2492.000    1503.45 0.0000e+00
   2493.000    1503.46 0.0000e+00
   2494.000    1503.47 0.0000e+00
   2495.000    1503.47 0.0000e+00
   2496.000    1503.48 0.0000e+00
   2497.000    1503.49 0.0000e+00
   2498.000    1503.49 0.0000e+00
   2499.000    1503.50 0.0000e+00
   2500.000    1503.51 0.0000e+00
   2501.000    1503.53 0.0000e+00
   2502.000    1503.54 0.0000e+00
   2503.000    1503.56 0.0000e+00
   2504.000    1503.57 0.0000e+00
   2505.000    1503.58 0.0000e+00
   2506.000    1503.58 0.0000e+00
   2507.000    1503.60 0.0000e+00
   2508.000    1503.61 0.0000e+00
   2509.000    1503.62 0.0000e+00
   2510.000    1503.65 0.0000e+00
   2511.000    1503.67 0.0000e+00
   2512.000    1503.69 0.0000e+00
   2513.000    1503.71 0.0000e+00
   2514.000    1503.72 0.0000e+00
   2515.000    1503.73 0.0000e+00
   2516.000    1503.75 0.0000e+00
   2517.000    1503.76 0.0000e+00
   2518.000    1503.77 0.0000e+00
   2519.000    1503.78 0.0000e+00
   2520.000    1503.79 0.0000e+00
   2521.000    1503.81 0.0000e+00
   2522.000    1503.83 0.0000e+00
   2523.000    1503.84 0.0000e+00
   2524.000    1503.85 0.0000e+00
   2525.000    1503.87 0.0000e+00
   2526.000    1503.88 0.0000e+00
   2527.000    1503.90 0.0000e+00
   2528.000    1503.92 0.0000e+00
   2529.000    1503.93 0.0000e+00
   2530.000    1503.95 0.0000e+00
   2531.000    1503.97 0.0000e+00
   2532.000    1503.98 0.0000e+00
   2533.000    1504.00 0.0000e+00
   2534.000    1504.00 0.0000e+00
   2535.000    1504.02 0.0000e+00
   2536.000    1504.04 0.0000e+00
   2537.000    1504.06 0.0000e+00
   2538.000    1504.08 0.0000e+00
   2539.000    1504.09 0.0000e+00
   2540.000    1504.09 0.0000e+00
   2541.000    1504.11 0.0000e+00
   2542.000    1504.14 0.0000e+00
   2543.000    1504.17 0.0000e+00
   2544.000    1504.19 0.0000e+00
   2545.000    1504.21 0.0000e+00
   2546.000    1504.22 0.0000e+00
   2547.000    1504.24 0.0000e+00
   2548.000    1504.26 0.0000e+00
   2549.000    1504.27 0.0000e+00
   2550.000    1504.30 0.0000e+00
   2551.000    1504.32 0.0000e+00
   2552.000    1504.34 0.0000e+00
   2553.000    1504.36 0.0000e+00
   2554.000    1504.38 0.0000e+00
   2555.000    1504.40 0.0000e+00
   2556.000    1504.41 0.0000e+00
   2557.000    1504.42 0.0000e+00
   2558.000    1504.44 0.0000e+00
   2559.000    1504.45 0.0000e+00
   2560.000    1504.47 0.0000e+00
   2561.000    1504.47 0.0000e+00
   2562.000    1504.49 0.0000e+00
   2563.000    1504.50 0.0000e+00
   2564.000    1504.51 0.0000e+00
   2565.000    1504.52 0.0000e+00
   2566.000    1504.53 0.0000e+00
   2567.000    1504.54 0.0000e+00
   2568.000    1504.55 0.0000e+00
   2569.000    1504.55 0.0000e+00
   2570.000    1504.55 0.0000e+00
   2571.000    1504.56 0.0000e+00
   2572.000    1504.57 0.0000e+00
   2573.000    1504.59 0.0000e+00
   2574.000    1504.60 0.0000e+00
   2575.000    1504.61 0.0000e+00
   2576.000    1504.62 0.0000e+00
   2577.000    1504.63 0.0000e+00
   2578.000    1504.65 0.0000e+00
   2579.000    1504.67 0.0000e+00
   2580.000    1504.68 0.0000e+00
   2581.000    1504.69 0.0000e+00
   2582.000    1504.71 0.0000e+00
   2583.000    1504.71 0.0000e+00
   2584.000    1504.73 0.0000e+00
   2585.000    1504.74 0.0000e+00
   2586.000    1504.76 0.0000e+00
   2587.000    1504.77 0.0000e+00
   2588.000    1504.79 0.0000e+00
   2589.000    1504.81 0.0000e+00
   2590.000    1504.82 0.0000e+00
   2591.000    1504.84 0.0000e+00
   2592.000    1504.86 0.0000e+00
   2593.000    1504.88 0.0000e+00
   2594.000    1504.90 0.0000e+00
   2595.000    1504.92 0.0000e+00
   2596.000    1504.93 0.0000e+00
   2597.000    1504.94 0.0000e+00
   2598.000    1504.93 0.0000e+00
   2599.000    1504.94 0.0000e+00
   2600.000    1504.95 0.0000e+00
   2601.000    1504.95 0.0000e+00
   2602.000    1504.95 0.0000e+00
   2603.000    1504.97 0.0000e+00
   2604.000    1504.98 0.0000e+00
   2605.000    1505.00 0.0000e+00
   2606.000    1505.01 0.0000e+00
   2607.000    1505.02 0.0000e+00
   2608.000    1505.04 0.0000e+00
   2609.000    1505.06 0.0000e+00
   2610.000    1505.07 0.0000e+00
   2611.000    1505.08 0.0000e+00
   2612.000    1505.12 0.0000e+00
   2613.000    1505.13 0.0000e+00
   2614.000    1505.15 0.0000e+00
   2615.000    1505.16 0.0000e+00
   2616.000    1505.17 0.0000e+00
   2617.000    1505.19 0.0000e+00
   2618.000    1505.20 0.0000e+00
   2619.000    1505.21 0.0000e+00
   2620.000    1505.22 0.0000e+00
   2621.000    1505.23 0.0000e+00
   2622.000    1505.24 0.0000e+00
   2623.000    1505.26 0.0000e+00
   2624.000    1505.27 0.0000e+00
   2625.000    1505.28 0.0000e+00
   2626.000    1505.30 0.0000e+00
   2627.000    1505.31 0.0000e+00
   2628.000    1505.33 0.0000e+00
   2629.000    1505.35 0.0000e+00
   2630.000    1505.36 0.0000e+00
   2631.000    1505.38 0.0000e+00
   2632.000    1505.38 0.0000e+00
   2633.000    1505.39 0.0000e+00
   2634.000    1505.40 0.0000e+00
   2635.000    1505.41 0.0000e+00
   2636.000    1505.42 0.0000e+00
   2637.000    1505.44 0.0000e+00
   2638.000    1505.46 0.0000e+00
   2639.000    1505.47 0.0000e+00
   2640.000    1505.46 0.0000e+00
   2641.000    1505.47 0.0000e+00
   2642.000    1505.48 0.0000e+00
   2643.000    1505.50 0.0000e+00
   2644.000    1505.51 0.0000e+00
   2645.000    1505.52 0.0000e+00
   2646.000    1505.53 0.0000e+00
   2647.000    1505.54 0.0000e+00
   2648.000    1505.55 0.0000e+00
   2649.000    1505.55 0.0000e+00
   2650.000    1505.56 0.0000e+00
   2651.000    1505.56 0.0000e+00
   2652.000    1505.56 0.0000e+00
   2653.000    1505.57 0.0000e+00
   2654.000    1505.59 0.0000e+00
   2655.000    1505.60 0.0000e+00
   2656.000    1505.61 0.0000e+00
   2657.000    1505.63 0.0000e+00
   2658.000    1505.64 0.0000e+00
   2659.000    1505.64 0.0000e+00
   2660.000    1505.65 0.0000e+00
   2661.000    1505.66 0.0000e+00
   2662.000    1505.67 0.0000e+00
   2663.000    1505.68 0.0000e+00
   2664.000    1505.69 0.0000e+00
   2665.000    1505.70 0.0000e+00
   2666.000    1505.71 0.0000e+00
   2667.000    1505.72 0.0000e+00
   2668.000    1505.73 0.0000e+00
   2669.000    1505.74 0.0000e+00
   2670.000    1505.75 0.0000e+00
   2671.000    1505.76 0.0000e+00
   2672.000    1505.78 0.0000e+00
   2673.000    1505.79 0.0000e+00
   2674.000    1505.81 0.0000e+00
   2675.000    1505.82 0.0000e+00
   2676.000    1505.84 0.0000e+00
   2677.000    1505.85 0.0000e+00
   2678.000    1505.86 0.0000e+00
   2679.000    1505.88 0.0000e+00
   2680.000    1505.90 0.0000e+00
   2681.000    1505.93 0.0000e+00
   2682.000    1505.94 0.0000e+00
   2683.000    1505.95 0.0000e+00
   2684.000    1505.96 0.0000e+00
   2685.000    1505.98 0.0000e+00
   2686.000    1506.00 0.0000e+00
   2687.000    1506.02 0.0000e+00
   2688.000    1506.04 0.0000e+00
   2689.000    1506.05 0.0000e+00
   2690.000    1506.07 0.0000e+00
   2691.000    1506.08 0.0000e+00
   2692.000    1506.10 0.0000e+00
   2693.000    1506.11 0.0000e+00
   2694.000    1506.13 0.0000e+00
   2695.000    1506.14 0.0000e+00
   2696.000    1506.16 0.0000e+00
   2697.000    1506.17 0.0000e+00
   2698.000    1506.18 0.0000e+00
   2699.000    1506.20 0.0000e+00
   2700.000    1506.20 0.0000e+00
   2701.000    1506.22 0.0000e+00
   2702.000    1506.23 0.0000e+00
   2703.000    1506.24 0.0000e+00
   2704.000    1506.25 0.0000e+00
   2705.000    1506.26 0.0000e+00
   2706.000    1506.27 0.0000e+00
   2707.000    1506.28 0.0000e+00
   2708.000    1506.29 0.0000e+00
   2709.000    1506.29 0.0000e+00
   2710.000    1506.28 0.0000e+00
   2711.000    1506.29 0.0000e+00
   2712.000    1506.30 0.0000e+00
   2713.000    1506.32 0.0000e+00
   2714.000    1506.34 0.0000e+00
   2715.000    1506.35 0.0000e+00
   2716.000    1506.37 0.0000e+00
   2717.000    1506.38 0.0000e+00
   2718.000    1506.39 0.0000e+00
   2719.000    1506.40 0.0000e+00
   2720.000    1506.40 0.0000e+00
   2721.000    1506.42 0.0000e+00
   2722.000    1506.43 0.0000e+00
   2723.000    1506.44 0.0000e+00
   2724.000    1506.45 0.0000e+00
   2725.000    1506.44 0.0000e+00
   2726.000    1506.45 0.0000e+00
   2727.000    1506.47 0.0000e+00
   2728.000    1506.49 0.0000e+00
   2729.000    1506.49 0.0000e+00
   2730.000    1506.48 0.0000e+00
   2731.000    1506.48 0.0000e+00
   2732.000    1506.49 0.0000e+00
   2733.000    1506.50 0.0000e+00
   2734.000    1506.51 0.0000e+00
   2735.000    1506.53 0.0000e+00
   2736.000    1506.54 0.0000e+00
   2737.000    1506.56 0.0000e+00
   2738.000    1506.57 0.0000e+00
   2739.000    1506.56 0.0000e+00
   2740.000    1506.57 0.0000e+00
   2741.000    1506.58 0.0000e+00
   2742.000    1506.59 0.0000e+00
   2743.000    1506.60 0.0000e+00
   2744.000    1506.61 0.0000e+00
   2745.000    1506.62 0.0000e+00
   2746.000    1506.62 0.0000e+00
   2747.000    1506.62 0.0000e+00
   2748.000    1506.61 0.0000e+00
   2749.000    1506.61 0.0000e+00
   2750.000    1506.62 0.0000e+00
   2751.000    1506.64 0.0000e+00
   2752.000    1506.65 0.0000e+00
   2753.000    1506.65 0.0000e+00
   2754.000    1506.64 0.0000e+00
   2755.000    1506.64 0.0000e+00
   2756.000    1506.65 0.0000e+00
   2757.000    1506.66 0.0000e+00
   2758.000    1506.68 0.0000e+00
   2759.000    1506.67 0.0000e+00
   2760.000    1506.68 0.0000e+00
   2761.000    1506.70 0.0000e+00
   2762.000    1506.71 0.0000e+00
   2763.000    1506.73 0.0000e+00
   2764.000    1506.74 0.0000e+00
   2765.000    1506.76 0.0000e+00
   2766.000    1506.76 0.0000e+00
   2767.000    1506.78 0.0000e+00
   2768.000    1506.79 0.0000e+00
   2769.000    1506.80 0.0000e+00
   2770.000    1506.80 0.0000e+00
   2771.000    1506.81 0.0000e+00
   2772.000    1506.82 0.0000e+00
   2773.000    1506.83 0.0000e+00
   2774.000    1506.83 0.0000e+00
   2775.000    1506.83 0.0000e+00
   2776.000    1506.84 0.0000e+00
   2777.000    1506.85 0.0000e+00
   2778.000    1506.86 0.0000e+00
   2779.000    1506.88 0.0000e+00
   2780.000    1506.89 0.0000e+00
   2781.000    1506.90 0.0000e+00
   2782.000    1506.91 0.0000e+00
   2783.000    1506.93 0.0000e+00
   2784.000    1506.94 0.0000e+00
   2785.000    1506.95 0.0000e+00
   2786.000    1506.96 0.0000e+00
   2787.000    1506.96 0.0000e+00
   2788.000    1506.94 0.0000e+00
   2789.000    1506.94 0.0000e+00
   2790.000    1506.94 0.0000e+00
   2791.000    1506.95 0.0000e+00
   2792.000    1506.96 0.0000e+00
   2793.000    1506.96 0.0000e+00
   2794.000    1506.92 0.0000e+00
   2795.000    1506.93 0.0000e+00
   2796.000    1506.95 0.0000e+00
   2797.000    1506.95 0.0000e+00
   2798.000    1506.94 0.0000e+00
   2799.000    1506.95 0.0000e+00
   2800.000    1506.96 0.0000e+00
   2801.000    1506.96 0.0000e+00
   2802.000    1506.96 0.0000e+00
   2803.000    1506.96 0.0000e+00
   2804.000    1506.98 0.0000e+00
   2805.000    1506.96 0.0000e+00
   2806.000    1506.93 0.0000e+00
   2807.000    1506.92 0.0000e+00
   2808.000    1506.93 0.0000e+00
   2809.000    1506.94 0.0000e+00
   2810.000    1506.96 0.0000e+00
   2811.000    1506.97 0.0000e+00
   2812.000    1506.98 0.0000e+00
   2813.000    1507.00 0.0000e+00
   2814.000    1506.98 0.0000e+00
   2815.000    1506.94 0.0000e+00
   2816.000    1506.89 0.0000e+00
   2817.000    1506.86 0.0000e+00
   2818.000    1506.86 0.0000e+00
   2819.000    1506.87 0.0000e+00
   2820.000    1506.88 0.0000e+00
   2821.000    1506.89 0.0000e+00
   2822.000    1506.89 0.0000e+00
   2823.000    1506.89 0.0000e+00
   2824.000    1506.90 0.0000e+00
   2825.000    1506.91 0.0000e+00
