Ship_data/Irminger/Irminger-1/ctd/process/kkn22104005.cnv
* Sea-Bird SBE 9 Data File:
* FileName = C:\Data\ctd\KN22104005.hdr
* Software Version Seasave V 7.21k
* Temperature SN = 4195
* Conductivity SN = 2147
* Number of Bytes Per Scan = 40
* Number of Voltage Words = 5
* Number of Scans Averaged by the Deck Unit = 1
* NMEA Latitude = 59 55.45 N
* NMEA Longitude = 039 30.56 W
* NMEA UTC (Time) = Sep 11 2014 22:48:32
** KN221-04 Chief Scientist: Bob Weller
** OOI Irminger Sea Sept. 2014
** Station: 005
** Knudsen Depth: 2715
# nquan = 19
# nvalues = 2963                        
# units = specified
# name 0 = prDM: Pressure, Digiquartz [db]
# name 1 = t090C: Temperature [ITS-90, deg C]
# name 2 = t190C: Temperature, 2 [ITS-90, deg C]
# name 3 = c0S/m: Conductivity [S/m]
# name 4 = c1S/m: Conductivity, 2 [S/m]
# name 5 = sbeox0V: Oxygen raw, SBE 43 [V]
# name 6 = flECO-AFL: Fluorescence, WET Labs ECO-AFL/FL [mg/m^3]
# name 7 = CStarAt0: Beam Attenuation, WET Labs C-Star [1/m]
# name 8 = sbeox0ML/L: Oxygen, SBE 43 [ml/l]
# name 9 = depSM: Depth [salt water, m], lat = 59.9242
# name 10 = sal00: Salinity, Practical [PSU]
# name 11 = sal11: Salinity, Practical, 2 [PSU]
# name 12 = svDM: Sound Velocity [Delgrosso, m/s]
# name 13 = sbeox0ML/L: Oxygen, SBE 43 [ml/l], WS = 2
# name 14 = density00: Density [density, Kg/m^3]
# name 15 = density11: Density, 2 [density, Kg/m^3]
# name 16 = dz/dtM: Descent Rate [m/s], WS = 2
# name 17 = oxsatML/L: Oxygen Saturation, Weiss [ml/l]
# name 18 = flag: flag
# span 0 =      2.019,   1503.520       
# span 1 =     3.5283,     9.2275       
# span 2 =     3.5277,     9.2271       
# span 3 =   3.245311,   3.715125       
# span 4 =   3.245457,   3.715329       
# span 5 =     1.6558,     2.2142       
# span 6 =     0.0063,     1.9214       
# span 7 =     0.0792,     0.3956       
# span 8 =    4.65221,    5.08760       
# span 9 =      2.000,   1484.000       
# span 10 =    34.7398,    34.9695      
# span 11 =    34.7324,    34.9719      
# span 12 =    1470.56,    1488.98      
# span 13 =    4.65210,    5.08747      
# span 14 =  1026.9181,  1034.6834      
# span 15 =  1026.9211,  1034.6857      
# span 16 =     -2.030,      2.161      
# span 17 =    6.43654,    7.35236      
# span 18 = 0.0000e+00, 0.0000e+00      
# interval = meters: 1                  
# start_time = Sep 11 2014 22:48:32 [NMEA time, header]
# bad_flag = -9.990e-29
*END*
[from data line 2743]
    223.223     4.2925     4.2929   3.283629   3.283940     1.9828     0.0257     0.0866    4.95702    221.000    34.9023    34.9056    1471.22    4.95689  1028.7129  1028.7153     -0.504    7.21646 0.0000e+00
    222.212     4.2883     4.2878   3.283131   3.283324     1.9818     0.0384     0.0866    4.95345    220.000    34.9015    34.9043    1471.18    4.95331  1028.7080  1028.7103     -0.762    7.21725 0.0000e+00
    221.202     4.2883     4.2874   3.283092   3.283242     1.9818     0.0473     0.0867    4.95288    219.000    34.9015    34.9042    1471.17    4.95274  1028.7034  1028.7056     -1.272    7.21724 0.0000e+00
    220.191     4.2870     4.2857   3.282923   3.283088     1.9820     0.0352     0.0867    4.95325    218.000    34.9015    34.9048    1471.14    4.95312  1028.6987  1028.7015     -1.470    7.21748 0.0000e+00
    219.180     4.2824     4.2811   3.282406   3.282555     1.9817     0.0355     0.0869    4.95216    217.000    34.9008    34.9039    1471.11    4.95203  1028.6941  1028.6968     -1.465    7.21833 0.0000e+00
    218.170     4.2812     4.2800   3.282264   3.282357     1.9818     0.0361     0.0866    4.95203    216.000    34.9009    34.9033    1471.09    4.95190  1028.6897  1028.6917     -1.279    7.21853 0.0000e+00
    217.159     4.2798     4.2804   3.282043   3.282329     1.9817     0.0390     0.0864    4.95126    215.000    34.9004    34.9031    1471.06    4.95113  1028.6847  1028.6868     -0.890    7.21880 0.0000e+00
    216.149     4.2890     4.2837   3.282770   3.282500     1.9822     0.0328     0.0865    4.95081    214.000    34.8997    34.9022    1471.09    4.95068  1028.6783  1028.6810     -0.555    7.21720 0.0000e+00
    215.138     4.2927     4.2920   3.283101   3.283180     1.9828     0.0314     0.0868    4.95171    213.000    34.9002    34.9020    1471.09    4.95157  1028.6737  1028.6752     -0.753    7.21653 0.0000e+00
    214.128     4.2969     4.2980   3.283424   3.283681     1.9831     0.0289     0.0868    4.95172    212.000    34.9002    34.9021    1471.09    4.95159  1028.6686  1028.6699     -1.032    7.21580 0.0000e+00
    213.117     4.3023     4.3024   3.283873   3.284068     1.9840     0.0349     0.0870    4.95315    211.000    34.9003    34.9025    1471.09    4.95301  1028.6633  1028.6652     -1.248    7.21484 0.0000e+00
    212.106     4.3049     4.3062   3.284086   3.284339     1.9848     0.0355     0.0875    4.95487    210.000    34.9006    34.9022    1471.09    4.95473  1028.6587  1028.6598     -1.376    7.21437 0.0000e+00
    211.096     4.3121     4.3117   3.284706   3.284835     1.9852     0.0471     0.0870    4.95473    209.000    34.9009    34.9028    1471.10    4.95460  1028.6533  1028.6549     -1.370    7.21309 0.0000e+00
    210.085     4.3181     4.3168   3.285241   3.285306     1.9855     0.0398     0.0868    4.95411    208.000    34.9013    34.9035    1471.11    4.95397  1028.6483  1028.6501     -1.227    7.21200 0.0000e+00
    209.075     4.3185     4.3165   3.285254   3.285295     1.9864     0.0355     0.0870    4.95656    207.000    34.9016    34.9041    1471.10    4.95642  1028.6439  1028.6461     -0.926    7.21192 0.0000e+00
    208.064     4.3211     4.3176   3.285380   3.285334     1.9867     0.0295     0.0871    4.95657    206.000    34.9008    34.9040    1471.09    4.95643  1028.6383  1028.6412     -0.579    7.21149 0.0000e+00
    207.054     4.3250     4.3237   3.285717   3.285761     1.9867     0.0284     0.0868    4.95523    205.000    34.9012    34.9032    1471.09    4.95509  1028.6334  1028.6351     -0.838    7.21079 0.0000e+00
    206.043     4.3269     4.3268   3.285860   3.286020     1.9868     0.0387     0.0871    4.95479    204.000    34.9014    34.9035    1471.08    4.95465  1028.6287  1028.6304     -1.188    7.21044 0.0000e+00
    205.033     4.3287     4.3285   3.285942   3.286131     1.9870     0.0431     0.0869    4.95471    203.000    34.9011    34.9036    1471.07    4.95457  1028.6235  1028.6256     -1.246    7.21015 0.0000e+00
    204.022     4.3297     4.3290   3.285962   3.286114     1.9875     0.0353     0.0870    4.95532    202.000    34.9008    34.9033    1471.06    4.95518  1028.6185  1028.6206     -1.107    7.20998 0.0000e+00
    203.012     4.3315     4.3318   3.286061   3.286263     1.9874     0.0327     0.0870    4.95422    201.000    34.9006    34.9027    1471.05    4.95408  1028.6135  1028.6151     -1.034    7.20968 0.0000e+00
    202.001     4.3334     4.3333   3.286174   3.286383     1.9875     0.0240     0.0869    4.95361    200.000    34.9005    34.9030    1471.04    4.95347  1028.6085  1028.6106     -1.150    7.20935 0.0000e+00
    200.991     4.3349     4.3351   3.286266   3.286465     1.9877     0.0483     0.0867    4.95356    199.000    34.9005    34.9027    1471.03    4.95343  1028.6038  1028.6055     -1.249    7.20908 0.0000e+00
    199.980     4.3408     4.3409   3.286763   3.286938     1.9878     0.0286     0.0870    4.95228    198.000    34.9007    34.9026    1471.04    4.95214  1028.5985  1028.6000     -1.189    7.20804 0.0000e+00
    198.970     4.3408     4.3413   3.286742   3.287012     1.9877     0.0414     0.0869    4.95143    197.000    34.9010    34.9037    1471.02    4.95130  1028.5941  1028.5961     -0.848    7.20802 0.0000e+00
    197.959     4.3487     4.3451   3.287349   3.287264     1.9877     0.0368     0.0872    4.94966    196.000    34.9003    34.9031    1471.04    4.94952  1028.5879  1028.5906     -0.424    7.20666 0.0000e+00
    196.949     4.3524     4.3509   3.287652   3.287670     1.9879     0.0446     0.0868    4.94935    195.000    34.9005    34.9023    1471.04    4.94922  1028.5830  1028.5846     -1.048    7.20600 0.0000e+00
    195.938     4.3569     4.3573   3.288020   3.288199     1.9885     0.0346     0.0870    4.95008    194.000    34.9006    34.9023    1471.04    4.94994  1028.5779  1028.5792     -1.456    7.20521 0.0000e+00
    194.928     4.3624     4.3626   3.288495   3.288711     1.9888     0.0365     0.0874    4.94967    193.000    34.9010    34.9033    1471.05    4.94953  1028.5729  1028.5747     -1.664    7.20423 0.0000e+00
    193.917     4.3642     4.3637   3.288654   3.288811     1.9894     0.0349     0.0873    4.95091    192.000    34.9015    34.9038    1471.04    4.95077  1028.5684  1028.5703     -1.705    7.20389 0.0000e+00
    192.907     4.3668     4.3652   3.288836   3.288881     1.9899     0.0356     0.0869    4.95161    191.000    34.9013    34.9036    1471.03    4.95148  1028.5634  1028.5653     -1.535    7.20342 0.0000e+00
    191.896     4.3728     4.3682   3.289391   3.289182     1.9910     0.0441     0.0869    4.95374    190.000    34.9021    34.9045    1471.04    4.95361  1028.5586  1028.5609     -1.039    7.20234 0.0000e+00
    190.886     4.3886     4.3844   3.290885   3.290647     1.9919     0.0407     0.0893    4.95382    189.000    34.9035    34.9051    1471.09    4.95368  1028.5532  1028.5549     -0.447    7.19949 0.0000e+00
    189.876     4.3926     4.3892   3.291254   3.291138     1.9924     0.0366     0.0868    4.95424    188.000    34.9042    34.9064    1471.10    4.95410  1028.5486  1028.5508     -0.775    7.19876 0.0000e+00
    188.865     4.3969     4.3966   3.291607   3.291732     1.9924     0.0358     0.0869    4.95327    187.000    34.9043    34.9061    1471.10    4.95313  1028.5436  1028.5450     -0.938    7.19799 0.0000e+00
    187.855     4.4070     4.4088   3.292510   3.292792     1.9926     0.0348     0.0867    4.95180    186.000    34.9048    34.9063    1471.12    4.95166  1028.5381  1028.5391     -1.080    7.19620 0.0000e+00
    186.844     4.4128     4.4129   3.293040   3.293268     1.9925     0.0355     0.0875    4.95016    185.000    34.9055    34.9081    1471.13    4.95002  1028.5333  1028.5354     -1.253    7.19516 0.0000e+00
    185.834     4.4120     4.4121   3.292919   3.293159     1.9925     0.0348     0.0886    4.94961    184.000    34.9055    34.9082    1471.11    4.94947  1028.5287  1028.5308     -1.380    7.19530 0.0000e+00
    184.823     4.4129     4.4132   3.292947   3.293186     1.9927     0.0266     0.0875    4.94952    183.000    34.9054    34.9079    1471.10    4.94938  1028.5239  1028.5258     -1.388    7.19515 0.0000e+00
    183.813     4.4137     4.4134   3.292989   3.293185     1.9927     0.0274     0.0871    4.94868    182.000    34.9056    34.9082    1471.09    4.94854  1028.5193  1028.5214     -1.230    7.19499 0.0000e+00
    182.803     4.4146     4.4134   3.293023   3.293144     1.9932     0.0345     0.0869    4.94940    181.000    34.9055    34.9083    1471.07    4.94927  1028.5144  1028.5167     -0.930    7.19483 0.0000e+00
    181.792     4.4173     4.4141   3.293213   3.293159     1.9934     0.0352     0.0870    4.94931    180.000    34.9054    34.9082    1471.07    4.94917  1028.5094  1028.5120     -0.692    7.19436 0.0000e+00
    180.782     4.4229     4.4189   3.293675   3.293502     1.9936     0.0249     0.0875    4.94838    179.000    34.9055    34.9077    1471.08    4.94824  1028.5042  1028.5063     -0.791    7.19338 0.0000e+00
    179.771     4.4346     4.4321   3.294668   3.294629     1.9939     0.0354     0.0869    4.94718    178.000    34.9053    34.9075    1471.11    4.94704  1028.4979  1028.5000     -0.829    7.19133 0.0000e+00
    178.761     4.4348     4.4350   3.294685   3.294906     1.9943     0.0352     0.0872    4.94809    177.000    34.9059    34.9083    1471.09    4.94795  1028.4937  1028.4956     -0.742    7.19127 0.0000e+00
    177.751     4.4362     4.4356   3.294742   3.294899     1.9944     0.0359     0.0869    4.94750    176.000    34.9056    34.9081    1471.08    4.94736  1028.4886  1028.4906     -1.033    7.19104 0.0000e+00
    176.740     4.4374     4.4364   3.294810   3.294911     1.9944     0.0295     0.0874    4.94652    175.000    34.9057    34.9079    1471.07    4.94638  1028.4839  1028.4858     -1.425    7.19082 0.0000e+00
    175.730     4.4413     4.4396   3.295142   3.295146     1.9949     0.0230     0.0905    4.94707    174.000    34.9060    34.9079    1471.07    4.94693  1028.4790  1028.4807     -1.670    7.19013 0.0000e+00
    174.719     4.4456     4.4446   3.295513   3.295560     1.9948     0.0342     0.0875    4.94574    173.000    34.9064    34.9080    1471.07    4.94561  1028.4741  1028.4756     -1.769    7.18936 0.0000e+00
    173.709     4.4543     4.4530   3.296286   3.296257     1.9949     0.0339     0.0873    4.94423    172.000    34.9069    34.9079    1471.09    4.94409  1028.4689  1028.4698     -1.691    7.18782 0.0000e+00
    172.699     4.4553     4.4565   3.296388   3.296714     1.9950     0.0237     0.0874    4.94366    171.000    34.9076    34.9100    1471.08    4.94352  1028.4646  1028.4664     -1.334    7.18761 0.0000e+00
    171.688     4.4668     4.4647   3.297454   3.297427     1.9965     0.0371     0.0891    4.94637    170.000    34.9084    34.9104    1471.11    4.94623  1028.4592  1028.4611     -0.411    7.18554 0.0000e+00
    170.678     4.4838     4.4809   3.299064   3.298900     1.9974     0.0384     0.0868    4.94665    169.000    34.9099    34.9110    1471.17    4.94651  1028.4539  1028.4551     -1.003    7.18250 0.0000e+00
    169.668     4.4996     4.4949   3.300628   3.300020     1.9974     0.0469     0.0869    4.94385    168.000    34.9121    34.9100    1471.22    4.94372  1028.4491  1028.4480     -1.433    7.17963 0.0000e+00
    168.657     4.5331     4.5214   3.303796   3.302653     1.9974     0.0362     0.0869    4.93881    167.000    34.9144    34.9134    1471.35    4.93867  1028.4424  1028.4430     -1.639    7.17366 0.0000e+00
    167.647     4.5396     4.5374   3.304391   3.304196     1.9980     0.0347     0.0872    4.93911    166.000    34.9152    34.9151    1471.36    4.93897  1028.4376  1028.4379     -1.683    7.17251 0.0000e+00
    166.637     4.5453     4.5482   3.304944   3.305356     1.9983     0.0348     0.0870    4.93857    165.000    34.9161    34.9179    1471.37    4.93843  1028.4330  1028.4342     -1.600    7.17146 0.0000e+00
    165.626     4.5479     4.5495   3.305162   3.305512     1.9984     0.0423     0.0877    4.93816    164.000    34.9165    34.9189    1471.36    4.93802  1028.4283  1028.4301     -1.409    7.17099 0.0000e+00
    164.616     4.5473     4.5495   3.305037   3.305525     1.9985     0.0469     0.0872    4.93766    163.000    34.9162    34.9196    1471.34    4.93752  1028.4235  1028.4259     -1.130    7.17110 0.0000e+00
    163.606     4.5477     4.5507   3.305068   3.305601     1.9984     0.0473     0.0890    4.93687    162.000    34.9167    34.9198    1471.33    4.93673  1028.4192  1028.4213     -0.706    7.17102 0.0000e+00
    162.595     4.5426     4.5440   3.304452   3.304871     1.9977     0.0350     0.0868    4.93466    161.000    34.9154    34.9188    1471.29    4.93452  1028.4141  1028.4166     -0.395    7.17197 0.0000e+00
    161.585     4.5364     4.5384   3.303780   3.304255     1.9981     0.0400     0.0882    4.93588    160.000    34.9146    34.9180    1471.25    4.93574  1028.4094  1028.4120     -1.040    7.17309 0.0000e+00
    160.575     4.5299     4.5326   3.303054   3.303666     1.9982     0.0464     0.0872    4.93647    159.000    34.9135    34.9178    1471.20    4.93633  1028.4047  1028.4078     -1.403    7.17428 0.0000e+00
    159.565     4.5219     4.5251   3.302205   3.302897     1.9985     0.0351     0.0876    4.93791    158.000    34.9125    34.9173    1471.15    4.93777  1028.4001  1028.4036     -1.624    7.17572 0.0000e+00
    158.554     4.5168     4.5153   3.301588   3.301799     1.9985     0.0411     0.0870    4.93789    157.000    34.9112    34.9152    1471.11    4.93775  1028.3950  1028.3983     -1.732    7.17667 0.0000e+00
    157.544     4.5175     4.5158   3.301537   3.301580     1.9983     0.0471     0.0876    4.93659    156.000    34.9104    34.9128    1471.10    4.93645  1028.3895  1028.3917     -1.721    7.17658 0.0000e+00
    156.534     4.5192     4.5176   3.301609   3.301638     1.9985     0.0381     0.0877    4.93659    155.000    34.9101    34.9120    1471.09    4.93645  1028.3845  1028.3862     -1.568    7.17632 0.0000e+00
    155.523     4.5242     4.5209   3.302046   3.301892     1.9991     0.0394     0.0878    4.93711    154.000    34.9104    34.9121    1471.09    4.93697  1028.3795  1028.3812     -1.179    7.17542 0.0000e+00
    154.513     4.5387     4.5336   3.303320   3.303028     2.0003     0.0385     0.0902    4.93846    153.000    34.9106    34.9125    1471.14    4.93832  1028.3733  1028.3754     -0.494    7.17288 0.0000e+00
    153.503     4.5475     4.5447   3.304006   3.304078     2.0018     0.0273     0.0879    4.94185    152.000    34.9098    34.9137    1471.15    4.94171  1028.3669  1028.3704     -0.707    7.17137 0.0000e+00
    152.493     4.5673     4.5464   3.305889   3.304014     2.0023     0.0425     0.0875    4.94023    151.000    34.9116    34.9117    1471.22    4.94009  1028.3615  1028.3639     -1.017    7.16785 0.0000e+00
    151.482     4.5848     4.5759   3.307528   3.306592     2.0034     0.0222     0.0883    4.94061    150.000    34.9128    34.9113    1471.28    4.94047  1028.3557  1028.3556     -1.285    7.16473 0.0000e+00
    150.472     4.5979     4.5997   3.308712   3.308797     2.0039     0.0455     0.0892    4.93997    149.000    34.9135    34.9125    1471.32    4.93983  1028.3501  1028.3491     -1.477    7.16243 0.0000e+00
    149.462     4.6373     4.6336   3.312815   3.311963     2.0045     0.0424     0.0879    4.93622    148.000    34.9205    34.9145    1471.47    4.93608  1028.3463  1028.3420     -1.537    7.15524 0.0000e+00
    148.452     4.6744     4.6677   3.316232   3.315398     2.0050     0.0350     0.0885    4.93211    147.000    34.9219    34.9192    1471.61    4.93197  1028.3385  1028.3372     -1.432    7.14873 0.0000e+00
    147.441     4.6819     4.6883   3.316933   3.317750     2.0062     0.0458     0.0894    4.93438    146.000    34.9227    34.9256    1471.63    4.93423  1028.3336  1028.3351     -1.144    7.14739 0.0000e+00
