Ship_data/Irminger/Irminger-1/ctd/process/kkn22104005.cnv
* Sea-Bird SBE 9 Data File:
* FileName = C:\Data\ctd\KN22104005.hdr
* Software Version Seasave V 7.21k
* Temperature SN = 4195
* Conductivity SN = 2147
* Number of Bytes Per Scan = 40
* Number of Voltage Words = 5
* Number of Scans Averaged by the Deck Unit = 1
* NMEA Latitude = 59 55.45 N
* NMEA Longitude = 039 30.56 W
* NMEA UTC (Time) = Sep 11 2014 22:48:32
** KN221-04 Chief Scientist: Bob Weller
** OOI Irminger Sea Sept. 2014
** Station: 005
** Knudsen Depth: 2715
# nquan = 19
# nvalues = 2963                        
# units = specified
# name 0 = prDM: Pressure, Digiquartz [db]
# name 1 = t090C: Temperature [ITS-90, deg C]
# name 2 = t190C: Temperature, 2 [ITS-90, deg C]
# name 3 = c0S/m: Conductivity [S/m]
# name 4 = c1S/m: Conductivity, 2 [S/m]
# name 5 = sbeox0V: Oxygen raw, SBE 43 [V]
# name 6 = flECO-AFL: Fluorescence, WET Labs ECO-AFL/FL [mg/m^3]
# name 7 = CStarAt0: Beam Attenuation, WET Labs C-Star [1/m]
# name 8 = sbeox0ML/L: Oxygen, SBE 43 [ml/l]
# name 9 = depSM: Depth [salt water, m], lat = 59.9242
# name 10 = sal00: Salinity, Practical [PSU]
# name 11 = sal11: Salinity, Practical, 2 [PSU]
# name 12 = svDM: Sound Velocity [Delgrosso, m/s]
# name 13 = sbeox0ML/L: Oxygen, SBE 43 [ml/l], WS = 2
# name 14 = density00: Density [density, Kg/m^3]
# name 15 = density11: Density, 2 [density, Kg/m^3]
# name 16 = dz/dtM: Descent Rate [m/s], WS = 2
# name 17 = oxsatML/L: Oxygen Saturation, Weiss [ml/l]
# name 18 = flag: flag
# span 0 =      2.019,   1503.520       
# span 1 =     3.5283,     9.2275       
# span 2 =     3.5277,     9.2271       
# span 3 =   3.245311,   3.715125       
# span 4 =   3.245457,   3.715329       
# span 5 =     1.6558,     2.2142       
# span 6 =     0.0063,     1.9214       
# span 7 =     0.0792,     0.3956       
# span 8 =    4.65221,    5.08760       
# span 9 =      2.000,   1484.000       
# span 10 =    34.7398,    34.9695      
# span 11 =    34.7324,    34.9719      
# span 12 =    1470.56,    1488.98      
# span 13 =    4.65210,    5.08747      
# span 14 =  1026.9181,  1034.6834      
# span 15 =  1026.9211,  1034.6857      
# span 16 =     -2.030,      2.161      
# span 17 =    6.43654,    7.35236      
# span 18 = 0.0000e+00, 0.0000e+00      
# interval = meters: 1                  
# start_time = Sep 11 2014 22:48:32 [NMEA time, header]
# bad_flag = -9.990e-29
*END*
[from data line 1829]
   1148.963     3.7649     3.7643   3.278280   3.278455     1.7285     0.0217     0.0805    4.69891   1135.000    34.9143    34.9171    1484.11    4.69880  1033.0344  1033.0367     -1.447    7.31002 0.0000e+00
   1147.948     3.7648     3.7645   3.278234   3.278429     1.7290     0.0291     0.0803    4.70022   1134.000    34.9144    34.9170    1484.09    4.70011  1033.0299  1033.0320     -1.350    7.31004 0.0000e+00
   1146.933     3.7649     3.7645   3.278208   3.278399     1.7290     0.0370     0.0804    4.69955   1133.000    34.9145    34.9172    1484.08    4.69943  1033.0253  1033.0275     -1.062    7.31001 0.0000e+00
   1145.917     3.7652     3.7645   3.278165   3.278357     1.7296     0.0368     0.0803    4.70119   1132.000    34.9142    34.9173    1484.06    4.70107  1033.0204  1033.0229     -0.685    7.30998 0.0000e+00
   1144.902     3.7656     3.7647   3.278160   3.278310     1.7296     0.0366     0.0804    4.70079   1131.000    34.9143    34.9170    1484.05    4.70068  1033.0157  1033.0181     -0.719    7.30991 0.0000e+00
   1143.887     3.7659     3.7649   3.278140   3.278288     1.7300     0.0413     0.0803    4.70152   1130.000    34.9142    34.9170    1484.03    4.70140  1033.0111  1033.0134     -0.873    7.30985 0.0000e+00
   1142.872     3.7659     3.7655   3.278086   3.278266     1.7303     0.0483     0.0803    4.70207   1129.000    34.9141    34.9167    1484.02    4.70196  1033.0063  1033.0085     -1.068    7.30985 0.0000e+00
   1141.857     3.7660     3.7654   3.278046   3.278230     1.7303     0.0470     0.0803    4.70145   1128.000    34.9140    34.9168    1484.00    4.70133  1033.0017  1033.0040     -1.313    7.30984 0.0000e+00
   1140.842     3.7660     3.7653   3.278004   3.278178     1.7307     0.0477     0.0804    4.70239   1127.000    34.9141    34.9168    1483.98    4.70228  1032.9971  1032.9994     -1.411    7.30984 0.0000e+00
   1139.827     3.7658     3.7654   3.277943   3.278134     1.7307     0.0471     0.0806    4.70186   1126.000    34.9141    34.9168    1483.96    4.70175  1032.9926  1032.9948     -1.311    7.30988 0.0000e+00
   1138.812     3.7658     3.7651   3.277902   3.278075     1.7308     0.0470     0.0803    4.70151   1125.000    34.9141    34.9168    1483.95    4.70139  1032.9879  1032.9901     -1.066    7.30988 0.0000e+00
   1137.797     3.7658     3.7652   3.277859   3.278031     1.7314     0.0434     0.0804    4.70302   1124.000    34.9141    34.9168    1483.93    4.70290  1032.9833  1032.9855     -0.913    7.30988 0.0000e+00
   1136.782     3.7660     3.7652   3.277821   3.277985     1.7317     0.0428     0.0803    4.70353   1123.000    34.9139    34.9167    1483.92    4.70341  1032.9785  1032.9808     -0.939    7.30985 0.0000e+00
   1135.767     3.7665     3.7656   3.277802   3.277960     1.7319     0.0474     0.0804    4.70377   1122.000    34.9137    34.9165    1483.90    4.70366  1032.9736  1032.9761     -0.871    7.30977 0.0000e+00
   1134.752     3.7665     3.7654   3.277765   3.277916     1.7321     0.0406     0.0803    4.70381   1121.000    34.9137    34.9167    1483.88    4.70370  1032.9691  1032.9716     -0.730    7.30976 0.0000e+00
   1133.737     3.7673     3.7666   3.277762   3.277927     1.7322     0.0454     0.0806    4.70355   1120.000    34.9134    34.9161    1483.87    4.70343  1032.9641  1032.9663     -0.923    7.30964 0.0000e+00
   1132.722     3.7685     3.7673   3.277798   3.277920     1.7328     0.0357     0.0803    4.70495   1119.000    34.9130    34.9158    1483.86    4.70483  1032.9590  1032.9613     -1.376    7.30943 0.0000e+00
   1131.707     3.7686     3.7675   3.277763   3.277915     1.7329     0.0366     0.0806    4.70463   1118.000    34.9131    34.9161    1483.84    4.70452  1032.9545  1032.9569     -1.681    7.30942 0.0000e+00
   1130.692     3.7685     3.7680   3.277711   3.277902     1.7333     0.0339     0.0803    4.70569   1117.000    34.9131    34.9158    1483.82    4.70557  1032.9498  1032.9520     -1.809    7.30944 0.0000e+00
   1129.677     3.7686     3.7681   3.277672   3.277866     1.7332     0.0257     0.0804    4.70471   1116.000    34.9130    34.9158    1483.81    4.70459  1032.9451  1032.9474     -1.776    7.30942 0.0000e+00
   1128.662     3.7687     3.7681   3.277642   3.277830     1.7333     0.0354     0.0807    4.70442   1115.000    34.9131    34.9159    1483.79    4.70431  1032.9406  1032.9429     -1.574    7.30940 0.0000e+00
   1127.647     3.7685     3.7682   3.277597   3.277789     1.7334     0.0439     0.0810    4.70405   1114.000    34.9133    34.9158    1483.78    4.70394  1032.9360  1032.9381     -1.138    7.30943 0.0000e+00
   1126.632     3.7694     3.7686   3.277602   3.277770     1.7343     0.0378     0.0804    4.70689   1113.000    34.9129    34.9157    1483.76    4.70677  1032.9312  1032.9333     -0.312    7.30929 0.0000e+00
   1125.617     3.7697     3.7690   3.277580   3.277737     1.7342     0.0472     0.0814    4.70590   1112.000    34.9128    34.9155    1483.75    4.70578  1032.9264  1032.9286     -1.122    7.30923 0.0000e+00
   1124.602     3.7700     3.7692   3.277536   3.277707     1.7345     0.0463     0.0805    4.70653   1111.000    34.9126    34.9154    1483.73    4.70642  1032.9215  1032.9238     -1.480    7.30920 0.0000e+00
   1123.587     3.7700     3.7694   3.277498   3.277680     1.7346     0.0366     0.0804    4.70592   1110.000    34.9126    34.9153    1483.71    4.70581  1032.9169  1032.9191     -1.682    7.30920 0.0000e+00
   1122.572     3.7703     3.7699   3.277468   3.277662     1.7349     0.0383     0.0804    4.70657   1109.000    34.9124    34.9152    1483.70    4.70646  1032.9121  1032.9143     -1.771    7.30914 0.0000e+00
   1121.557     3.7704     3.7701   3.277434   3.277615     1.7352     0.0358     0.0803    4.70713   1108.000    34.9124    34.9149    1483.68    4.70702  1032.9075  1032.9094     -1.759    7.30912 0.0000e+00
   1120.542     3.7708     3.7701   3.277407   3.277575     1.7356     0.0301     0.0803    4.70801   1107.000    34.9122    34.9149    1483.67    4.70789  1032.9027  1032.9049     -1.621    7.30907 0.0000e+00
   1119.528     3.7711     3.7704   3.277380   3.277556     1.7357     0.0261     0.0803    4.70749   1106.000    34.9120    34.9149    1483.65    4.70737  1032.8978  1032.9001     -1.293    7.30901 0.0000e+00
   1118.513     3.7716     3.7707   3.277373   3.277533     1.7363     0.0367     0.0803    4.70932   1105.000    34.9119    34.9149    1483.64    4.70921  1032.8931  1032.8955     -0.719    7.30893 0.0000e+00
   1117.498     3.7734     3.7718   3.277452   3.277558     1.7370     0.0435     0.0805    4.71122   1104.000    34.9115    34.9145    1483.63    4.71111  1032.8878  1032.8905     -0.559    7.30862 0.0000e+00
   1116.483     3.7738     3.7725   3.277456   3.277559     1.7375     0.0372     0.0804    4.71218   1103.000    34.9116    34.9143    1483.61    4.71207  1032.8833  1032.8856     -0.683    7.30855 0.0000e+00
   1115.468     3.7749     3.7738   3.277479   3.277609     1.7381     0.0372     0.0803    4.71398   1102.000    34.9113    34.9140    1483.60    4.71387  1032.8783  1032.8806     -0.953    7.30837 0.0000e+00
   1114.453     3.7756     3.7743   3.277480   3.277604     1.7383     0.0479     0.0804    4.71379   1101.000    34.9110    34.9139    1483.59    4.71367  1032.8734  1032.8759     -1.297    7.30825 0.0000e+00
   1113.438     3.7761     3.7752   3.277471   3.277631     1.7383     0.0470     0.0803    4.71310   1100.000    34.9109    34.9138    1483.57    4.71299  1032.8687  1032.8710     -1.586    7.30817 0.0000e+00
   1112.423     3.7765     3.7758   3.277458   3.277626     1.7384     0.0461     0.0803    4.71312   1099.000    34.9109    34.9136    1483.56    4.71300  1032.8639  1032.8661     -1.742    7.30811 0.0000e+00
   1111.408     3.7770     3.7764   3.277455   3.277642     1.7389     0.0367     0.0803    4.71407   1098.000    34.9108    34.9137    1483.54    4.71395  1032.8591  1032.8615     -1.758    7.30801 0.0000e+00
   1110.393     3.7771     3.7766   3.277424   3.277618     1.7394     0.0357     0.0806    4.71543   1097.000    34.9109    34.9137    1483.52    4.71531  1032.8546  1032.8569     -1.628    7.30800 0.0000e+00
   1109.378     3.7773     3.7767   3.277404   3.277579     1.7396     0.0348     0.0804    4.71567   1096.000    34.9109    34.9137    1483.51    4.71556  1032.8500  1032.8522     -1.308    7.30795 0.0000e+00
   1108.364     3.7775     3.7768   3.277373   3.277547     1.7398     0.0302     0.0809    4.71581   1095.000    34.9109    34.9137    1483.49    4.71570  1032.8452  1032.8475     -0.680    7.30792 0.0000e+00
   1107.349     3.7780     3.7773   3.277358   3.277524     1.7409     0.0431     0.0805    4.71901   1094.000    34.9106    34.9134    1483.48    4.71889  1032.8405  1032.8427     -0.549    7.30783 0.0000e+00
   1106.334     3.7784     3.7775   3.277333   3.277499     1.7407     0.0284     0.0804    4.71788   1093.000    34.9105    34.9134    1483.46    4.71776  1032.8357  1032.8380     -0.962    7.30778 0.0000e+00
   1105.319     3.7783     3.7778   3.277278   3.277460     1.7409     0.0377     0.0803    4.71778   1092.000    34.9105    34.9132    1483.45    4.71767  1032.8311  1032.8333     -1.186    7.30780 0.0000e+00
   1104.304     3.7780     3.7775   3.277189   3.277386     1.7416     0.0454     0.0804    4.72000   1091.000    34.9102    34.9131    1483.43    4.71989  1032.8262  1032.8285     -1.336    7.30786 0.0000e+00
   1103.289     3.7781     3.7776   3.277162   3.277339     1.7417     0.0383     0.0803    4.71964   1090.000    34.9103    34.9130    1483.41    4.71953  1032.8217  1032.8239     -1.403    7.30784 0.0000e+00
   1102.274     3.7787     3.7779   3.277139   3.277318     1.7420     0.0478     0.0810    4.72016   1089.000    34.9100    34.9129    1483.40    4.72004  1032.8167  1032.8191     -1.391    7.30776 0.0000e+00
   1101.260     3.7786     3.7780   3.277100   3.277276     1.7420     0.0358     0.0805    4.71945   1088.000    34.9101    34.9128    1483.38    4.71933  1032.8121  1032.8143     -1.301    7.30776 0.0000e+00
   1100.245     3.7787     3.7783   3.277076   3.277252     1.7421     0.0282     0.0806    4.71928   1087.000    34.9102    34.9128    1483.36    4.71916  1032.8076  1032.8097     -1.133    7.30774 0.0000e+00
   1099.230     3.7787     3.7781   3.277018   3.277195     1.7424     0.0343     0.0809    4.71975   1086.000    34.9100    34.9128    1483.35    4.71964  1032.8029  1032.8051     -0.829    7.30774 0.0000e+00
   1098.215     3.7787     3.7781   3.276978   3.277144     1.7431     0.0345     0.0803    4.72169   1085.000    34.9101    34.9127    1483.33    4.72158  1032.7983  1032.8004     -0.693    7.30775 0.0000e+00
   1097.200     3.7783     3.7779   3.276901   3.277083     1.7435     0.0368     0.0803    4.72276   1084.000    34.9101    34.9127    1483.31    4.72265  1032.7937  1032.7958     -0.726    7.30781 0.0000e+00
   1096.185     3.7780     3.7777   3.276808   3.277021     1.7438     0.0283     0.0804    4.72339   1083.000    34.9098    34.9127    1483.29    4.72327  1032.7889  1032.7911     -0.716    7.30788 0.0000e+00
   1095.171     3.7781     3.7775   3.276742   3.276943     1.7445     0.0365     0.0803    4.72521   1082.000    34.9095    34.9125    1483.28    4.72509  1032.7841  1032.7865     -1.189    7.30789 0.0000e+00
   1094.156     3.7784     3.7776   3.276723   3.276906     1.7446     0.0450     0.0805    4.72518   1081.000    34.9094    34.9124    1483.26    4.72506  1032.7793  1032.7819     -1.543    7.30783 0.0000e+00
   1093.141     3.7788     3.7779   3.276721   3.276867     1.7449     0.0470     0.0803    4.72552   1080.000    34.9095    34.9122    1483.25    4.72541  1032.7748  1032.7770     -1.704    7.30775 0.0000e+00
   1092.126     3.7788     3.7785   3.276677   3.276877     1.7450     0.0376     0.0803    4.72523   1079.000    34.9095    34.9122    1483.23    4.72512  1032.7701  1032.7722     -1.690    7.30775 0.0000e+00
   1091.111     3.7787     3.7783   3.276606   3.276794     1.7455     0.0373     0.0805    4.72639   1078.000    34.9093    34.9120    1483.21    4.72627  1032.7653  1032.7675     -1.521    7.30779 0.0000e+00
   1090.096     3.7783     3.7780   3.276501   3.276708     1.7455     0.0365     0.0807    4.72610   1077.000    34.9090    34.9118    1483.19    4.72598  1032.7605  1032.7627     -1.162    7.30787 0.0000e+00
   1089.082     3.7771     3.7768   3.276318   3.276531     1.7458     0.0357     0.0807    4.72665   1076.000    34.9086    34.9114    1483.17    4.72653  1032.7556  1032.7579     -0.608    7.30810 0.0000e+00
   1088.067     3.7754     3.7754   3.276079   3.276331     1.7462     0.0486     0.0802    4.72792   1075.000    34.9081    34.9110    1483.15    4.72780  1032.7510  1032.7532     -0.470    7.30844 0.0000e+00
   1087.052     3.7748     3.7747   3.275956   3.276204     1.7470     0.0224     0.0805    4.73021   1074.000    34.9078    34.9108    1483.13    4.73009  1032.7461  1032.7485     -1.041    7.30856 0.0000e+00
   1086.037     3.7718     3.7729   3.275595   3.275989     1.7473     0.0355     0.0810    4.73114   1073.000    34.9072    34.9107    1483.10    4.73102  1032.7413  1032.7440     -1.426    7.30912 0.0000e+00
   1085.023     3.7688     3.7689   3.275238   3.275566     1.7474     0.0385     0.0803    4.73142   1072.000    34.9067    34.9105    1483.07    4.73131  1032.7368  1032.7397     -1.648    7.30970 0.0000e+00
   1084.008     3.7674     3.7654   3.275045   3.275092     1.7478     0.0392     0.0803    4.73256   1071.000    34.9063    34.9090    1483.05    4.73245  1032.7321  1032.7345     -1.710    7.30996 0.0000e+00
   1082.993     3.7657     3.7650   3.274816   3.274998     1.7480     0.0259     0.0803    4.73286   1070.000    34.9060    34.9088    1483.02    4.73274  1032.7274  1032.7297     -1.614    7.31030 0.0000e+00
   1081.978     3.7635     3.7628   3.274562   3.274749     1.7481     0.0360     0.0805    4.73288   1069.000    34.9058    34.9087    1482.99    4.73276  1032.7229  1032.7253     -1.354    7.31070 0.0000e+00
   1080.964     3.7623     3.7611   3.274343   3.274525     1.7482     0.0461     0.0803    4.73269   1068.000    34.9050    34.9084    1482.97    4.73258  1032.7178  1032.7206     -0.934    7.31095 0.0000e+00
   1079.949     3.7623     3.7598   3.274252   3.274279     1.7486     0.0381     0.0803    4.73348   1067.000    34.9044    34.9074    1482.95    4.73337  1032.7126  1032.7153     -0.574    7.31097 0.0000e+00
   1078.934     3.7653     3.7620   3.274473   3.274376     1.7495     0.0306     0.0802    4.73623   1066.000    34.9044    34.9067    1482.95    4.73611  1032.7076  1032.7100     -0.644    7.31044 0.0000e+00
   1077.919     3.7704     3.7659   3.274925   3.274694     1.7504     0.0379     0.0803    4.73803   1065.000    34.9049    34.9068    1482.96    4.73791  1032.7028  1032.7050     -1.087    7.30950 0.0000e+00
   1076.905     3.7738     3.7696   3.275214   3.274982     1.7504     0.0430     0.0803    4.73728   1064.000    34.9052    34.9069    1482.95    4.73716  1032.6980  1032.6998     -1.381    7.30887 0.0000e+00
   1075.890     3.7743     3.7732   3.275208   3.275325     1.7507     0.0449     0.0804    4.73741   1063.000    34.9051    34.9077    1482.94    4.73729  1032.6932  1032.6954     -1.493    7.30878 0.0000e+00
   1074.875     3.7723     3.7717   3.274947   3.275154     1.7511     0.0372     0.0876    4.73864   1062.000    34.9047    34.9077    1482.91    4.73852  1032.6886  1032.6909     -1.451    7.30917 0.0000e+00
   1073.860     3.7691     3.7689   3.274593   3.274824     1.7513     0.0368     0.0810    4.73915   1061.000    34.9044    34.9073    1482.88    4.73904  1032.6841  1032.6864     -1.301    7.30976 0.0000e+00
