Ship_data/Irminger/Irminger-1/ctd/process/kkn22104005.cnv
* Sea-Bird SBE 9 Data File:
* FileName = C:\Data\ctd\KN22104005.hdr
* Software Version Seasave V 7.21k
* Temperature SN = 4195
* Conductivity SN = 2147
* Number of Bytes Per Scan = 40
* Number of Voltage Words = 5
* Number of Scans Averaged by the Deck Unit = 1
* NMEA Latitude = 59 55.45 N
* NMEA Longitude = 039 30.56 W
* NMEA UTC (Time) = Sep 11 2014 22:48:32
** KN221-04 Chief Scientist: Bob Weller
** OOI Irminger Sea Sept. 2014
** Station: 005
** Knudsen Depth: 2715
# nquan = 19
# nvalues = 2963                        
# units = specified
# name 0 = prDM: Pressure, Digiquartz [db]
# name 1 = t090C: Temperature [ITS-90, deg C]
# name 2 = t190C: Temperature, 2 [ITS-90, deg C]
# name 3 = c0S/m: Conductivity [S/m]
# name 4 = c1S/m: Conductivity, 2 [S/m]
# name 5 = sbeox0V: Oxygen raw, SBE 43 [V]
# name 6 = flECO-AFL: Fluorescence, WET Labs ECO-AFL/FL [mg/m^3]
# name 7 = CStarAt0: Beam Attenuation, WET Labs C-Star [1/m]
# name 8 = sbeox0ML/L: Oxygen, SBE 43 [ml/l]
# name 9 = depSM: Depth [salt water, m], lat = 59.9242
# name 10 = sal00: Salinity, Practical [PSU]
# name 11 = sal11: Salinity, Practical, 2 [PSU]
# name 12 = svDM: Sound Velocity [Delgrosso, m/s]
# name 13 = sbeox0ML/L: Oxygen, SBE 43 [ml/l], WS = 2
# name 14 = density00: Density [density, Kg/m^3]
# name 15 = density11: Density, 2 [density, Kg/m^3]
# name 16 = dz/dtM: Descent Rate [m/s], WS = 2
# name 17 = oxsatML/L: Oxygen Saturation, Weiss [ml/l]
# name 18 = flag: flag
# span 0 =      2.019,   1503.520       
# span 1 =     3.5283,     9.2275       
# span 2 =     3.5277,     9.2271       
# span 3 =   3.245311,   3.715125       
# span 4 =   3.245457,   3.715329       
# span 5 =     1.6558,     2.2142       
# span 6 =     0.0063,     1.9214       
# span 7 =     0.0792,     0.3956       
# span 8 =    4.65221,    5.08760       
# span 9 =      2.000,   1484.000       
# span 10 =    34.7398,    34.9695      
# span 11 =    34.7324,    34.9719      
# span 12 =    1470.56,    1488.98      
# span 13 =    4.65210,    5.08747      
# span 14 =  1026.9181,  1034.6834      
# span 15 =  1026.9211,  1034.6857      
# span 16 =     -2.030,      2.161      
# span 17 =    6.43654,    7.35236      
# span 18 = 0.0000e+00, 0.0000e+00      
# interval = meters: 1                  
# start_time = Sep 11 2014 22:48:32 [NMEA time, header]
# bad_flag = -9.990e-29
*END*
[from data line 2362]
    608.619     3.7446     3.7439   3.249437   3.249556     1.9127     0.0249     0.0813    5.03958    602.000    34.8728    34.8750    1475.14    5.03945  1030.5313  1030.5331     -0.742    7.31571 0.0000e+00
    607.607     3.7464     3.7456   3.249531   3.249660     1.9134     0.0248     0.0814    5.04104    601.000    34.8726    34.8749    1475.13    5.04092  1030.5262  1030.5282     -0.882    7.31541 0.0000e+00
    606.594     3.7480     3.7475   3.249644   3.249785     1.9137     0.0306     0.0814    5.04143    600.000    34.8727    34.8749    1475.12    5.04131  1030.5215  1030.5233     -1.271    7.31511 0.0000e+00
    605.582     3.7486     3.7477   3.249637   3.249779     1.9141     0.0394     0.0817    5.04224    599.000    34.8725    34.8752    1475.10    5.04212  1030.5166  1030.5188     -1.592    7.31500 0.0000e+00
    604.570     3.7489     3.7482   3.249631   3.249767     1.9144     0.0294     0.0814    5.04238    598.000    34.8727    34.8750    1475.09    5.04226  1030.5121  1030.5140     -1.721    7.31495 0.0000e+00
    603.557     3.7510     3.7508   3.249793   3.249918     1.9148     0.0251     0.0814    5.04277    597.000    34.8729    34.8746    1475.08    5.04265  1030.5073  1030.5087     -1.656    7.31455 0.0000e+00
    602.545     3.7548     3.7539   3.250115   3.250215     1.9151     0.0385     0.0815    5.04264    596.000    34.8732    34.8753    1475.08    5.04252  1030.5024  1030.5043     -1.338    7.31384 0.0000e+00
    601.532     3.7617     3.7586   3.250742   3.250619     1.9155     0.0383     0.0816    5.04239    595.000    34.8739    34.8758    1475.10    5.04227  1030.4976  1030.4994     -0.544    7.31257 0.0000e+00
    600.520     3.7666     3.7654   3.251183   3.251257     1.9158     0.0412     0.0813    5.04242    594.000    34.8745    34.8767    1475.10    5.04230  1030.4928  1030.4946     -0.802    7.31166 0.0000e+00
    599.507     3.7667     3.7653   3.251133   3.251220     1.9157     0.0463     0.0816    5.04135    593.000    34.8743    34.8769    1475.08    5.04123  1030.4880  1030.4901     -1.439    7.31165 0.0000e+00
    598.495     3.7680     3.7665   3.251214   3.251305     1.9163     0.0427     0.0819    5.04253    592.000    34.8744    34.8771    1475.07    5.04241  1030.4833  1030.4856     -1.677    7.31141 0.0000e+00
    597.483     3.7687     3.7677   3.251245   3.251381     1.9164     0.0255     0.0814    5.04207    591.000    34.8746    34.8772    1475.06    5.04195  1030.4786  1030.4808     -1.718    7.31128 0.0000e+00
    596.470     3.7696     3.7685   3.251281   3.251420     1.9169     0.0298     0.0813    5.04304    590.000    34.8746    34.8774    1475.05    5.04291  1030.4739  1030.4763     -1.612    7.31111 0.0000e+00
    595.458     3.7699     3.7692   3.251288   3.251443     1.9166     0.0347     0.0814    5.04151    589.000    34.8749    34.8775    1475.03    5.04139  1030.4694  1030.4716     -1.394    7.31104 0.0000e+00
    594.445     3.7701     3.7691   3.251254   3.251401     1.9169     0.0369     0.0818    5.04173    588.000    34.8749    34.8777    1475.02    5.04160  1030.4647  1030.4670     -1.127    7.31101 0.0000e+00
    593.433     3.7702     3.7691   3.251242   3.251365     1.9174     0.0377     0.0814    5.04273    587.000    34.8751    34.8778    1475.00    5.04260  1030.4602  1030.4625     -0.785    7.31097 0.0000e+00
    592.420     3.7736     3.7720   3.251507   3.251584     1.9176     0.0314     0.0814    5.04224    586.000    34.8752    34.8778    1475.00    5.04212  1030.4552  1030.4575     -0.402    7.31036 0.0000e+00
    591.408     3.7743     3.7733   3.251526   3.251657     1.9176     0.0383     0.0814    5.04157    585.000    34.8752    34.8778    1474.99    5.04145  1030.4506  1030.4526     -1.101    7.31024 0.0000e+00
    590.396     3.7745     3.7735   3.251497   3.251631     1.9173     0.0295     0.0811    5.03996    584.000    34.8752    34.8778    1474.97    5.03984  1030.4458  1030.4480     -1.475    7.31020 0.0000e+00
    589.383     3.7754     3.7743   3.251533   3.251656     1.9179     0.0253     0.0815    5.04114    583.000    34.8752    34.8779    1474.96    5.04101  1030.4410  1030.4432     -1.636    7.31004 0.0000e+00
    588.371     3.7754     3.7746   3.251485   3.251662     1.9178     0.0362     0.0814    5.04010    582.000    34.8752    34.8781    1474.94    5.03998  1030.4364  1030.4387     -1.629    7.31004 0.0000e+00
    587.359     3.7757     3.7752   3.251501   3.251667     1.9179     0.0341     0.0813    5.03969    581.000    34.8755    34.8780    1474.93    5.03957  1030.4320  1030.4340     -1.488    7.30996 0.0000e+00
    586.346     3.7771     3.7762   3.251561   3.251719     1.9185     0.0235     0.0814    5.04096    580.000    34.8754    34.8781    1474.92    5.04084  1030.4270  1030.4293     -1.241    7.30973 0.0000e+00
    585.334     3.7784     3.7768   3.251644   3.251735     1.9188     0.0283     0.0814    5.04149    579.000    34.8755    34.8783    1474.90    5.04137  1030.4222  1030.4247     -0.902    7.30948 0.0000e+00
    584.321     3.7793     3.7770   3.251684   3.251723     1.9191     0.0435     0.0813    5.04155    578.000    34.8755    34.8784    1474.89    5.04143  1030.4175  1030.4202     -0.625    7.30931 0.0000e+00
    583.309     3.7798     3.7779   3.251716   3.251753     1.9193     0.0358     0.0812    5.04155    577.000    34.8759    34.8784    1474.88    5.04142  1030.4131  1030.4153     -0.645    7.30920 0.0000e+00
    582.297     3.7818     3.7804   3.251848   3.251923     1.9195     0.0318     0.0811    5.04131    576.000    34.8759    34.8783    1474.87    5.04118  1030.4082  1030.4103     -1.136    7.30885 0.0000e+00
    581.284     3.7844     3.7829   3.252038   3.252121     1.9196     0.0249     0.0814    5.04086    575.000    34.8759    34.8786    1474.86    5.04074  1030.4033  1030.4055     -1.582    7.30838 0.0000e+00
    580.272     3.7859     3.7848   3.252135   3.252257     1.9199     0.0384     0.0816    5.04089    574.000    34.8761    34.8787    1474.85    5.04076  1030.3986  1030.4008     -1.847    7.30810 0.0000e+00
    579.260     3.7864     3.7860   3.252156   3.252330     1.9203     0.0367     0.0817    5.04159    573.000    34.8763    34.8788    1474.84    5.04147  1030.3940  1030.3960     -1.929    7.30800 0.0000e+00
    578.247     3.7870     3.7865   3.252171   3.252343     1.9200     0.0256     0.0815    5.03981    572.000    34.8763    34.8789    1474.83    5.03968  1030.3893  1030.3915     -1.795    7.30788 0.0000e+00
    577.235     3.7871     3.7868   3.252151   3.252336     1.9203     0.0240     0.0821    5.04028    571.000    34.8765    34.8791    1474.81    5.04015  1030.3848  1030.3868     -1.323    7.30786 0.0000e+00
    576.223     3.7874     3.7866   3.252129   3.252287     1.9204     0.0317     0.0823    5.03984    570.000    34.8765    34.8793    1474.80    5.03971  1030.3801  1030.3823     -0.227    7.30780 0.0000e+00
    575.210     3.7877     3.7868   3.252094   3.252234     1.9207     0.0369     0.0816    5.04007    569.000    34.8763    34.8789    1474.78    5.03995  1030.3752  1030.3774     -1.190    7.30776 0.0000e+00
    574.198     3.7855     3.7858   3.251811   3.252108     1.9206     0.0362     0.0814    5.03961    568.000    34.8758    34.8791    1474.75    5.03948  1030.3704  1030.3730     -1.464    7.30818 0.0000e+00
    573.186     3.7809     3.7811   3.251298   3.251590     1.9208     0.0380     0.0814    5.04004    567.000    34.8751    34.8784    1474.72    5.03992  1030.3657  1030.3683     -1.542    7.30904 0.0000e+00
    572.174     3.7799     3.7786   3.251162   3.251266     1.9211     0.0446     0.0814    5.04080    566.000    34.8751    34.8778    1474.70    5.04068  1030.3612  1030.3634     -1.476    7.30923 0.0000e+00
    571.161     3.7796     3.7782   3.251084   3.251169     1.9213     0.0385     0.0813    5.04075    565.000    34.8750    34.8775    1474.68    5.04063  1030.3564  1030.3586     -1.333    7.30928 0.0000e+00
    570.149     3.7797     3.7782   3.251034   3.251132     1.9216     0.0252     0.0814    5.04102    564.000    34.8748    34.8776    1474.66    5.04090  1030.3517  1030.3540     -1.244    7.30927 0.0000e+00
    569.137     3.7795     3.7784   3.250986   3.251097     1.9223     0.0369     0.0814    5.04291    563.000    34.8750    34.8776    1474.65    5.04278  1030.3472  1030.3494     -1.179    7.30930 0.0000e+00
    568.124     3.7794     3.7785   3.250931   3.251078     1.9228     0.0367     0.0813    5.04394    562.000    34.8750    34.8777    1474.63    5.04382  1030.3425  1030.3447     -0.929    7.30932 0.0000e+00
    567.112     3.7796     3.7784   3.250884   3.251028     1.9233     0.0420     0.0815    5.04534    561.000    34.8748    34.8777    1474.61    5.04522  1030.3376  1030.3401     -0.556    7.30930 0.0000e+00
    566.100     3.7797     3.7787   3.250849   3.250993     1.9240     0.0403     0.0809    5.04699    560.000    34.8748    34.8775    1474.60    5.04686  1030.3330  1030.3353     -0.673    7.30927 0.0000e+00
    565.088     3.7803     3.7792   3.250876   3.250983     1.9242     0.0438     0.0813    5.04693    559.000    34.8750    34.8775    1474.58    5.04681  1030.3284  1030.3306     -1.167    7.30915 0.0000e+00
    564.075     3.7815     3.7800   3.250924   3.251010     1.9247     0.0359     0.0807    5.04803    558.000    34.8748    34.8774    1474.57    5.04791  1030.3235  1030.3257     -1.538    7.30895 0.0000e+00
    563.063     3.7818     3.7807   3.250905   3.251046     1.9252     0.0118     0.0814    5.04894    557.000    34.8748    34.8777    1474.56    5.04882  1030.3187  1030.3212     -1.743    7.30889 0.0000e+00
    562.051     3.7823     3.7815   3.250912   3.251064     1.9252     0.0121     0.0814    5.04811    556.000    34.8749    34.8776    1474.54    5.04798  1030.3141  1030.3164     -1.780    7.30880 0.0000e+00
    561.039     3.7827     3.7821   3.250924   3.251077     1.9253     0.0237     0.0813    5.04769    555.000    34.8752    34.8777    1474.53    5.04757  1030.3097  1030.3116     -1.644    7.30872 0.0000e+00
    560.026     3.7832     3.7822   3.250932   3.251060     1.9252     0.0238     0.0814    5.04685    554.000    34.8752    34.8778    1474.51    5.04673  1030.3049  1030.3071     -1.259    7.30862 0.0000e+00
    559.014     3.7841     3.7829   3.250963   3.251078     1.9256     0.0275     0.0813    5.04739    553.000    34.8752    34.8779    1474.50    5.04727  1030.3002  1030.3025     -0.476    7.30846 0.0000e+00
    558.002     3.7851     3.7841   3.251017   3.251148     1.9264     0.0230     0.0813    5.04926    552.000    34.8753    34.8779    1474.49    5.04914  1030.2954  1030.2976     -0.827    7.30827 0.0000e+00
    556.990     3.7857     3.7846   3.251008   3.251143     1.9266     0.0354     0.0818    5.04942    551.000    34.8752    34.8779    1474.47    5.04930  1030.2906  1030.2930     -1.424    7.30818 0.0000e+00
    555.977     3.7862     3.7850   3.251011   3.251141     1.9266     0.0328     0.0816    5.04853    550.000    34.8752    34.8780    1474.46    5.04841  1030.2859  1030.2883     -1.763    7.30809 0.0000e+00
    554.965     3.7875     3.7858   3.251095   3.251173     1.9270     0.0109     0.0814    5.04905    549.000    34.8754    34.8780    1474.45    5.04892  1030.2813  1030.2836     -1.895    7.30784 0.0000e+00
    553.953     3.7891     3.7880   3.251207   3.251313     1.9275     0.0196     0.0814    5.05009    548.000    34.8755    34.8780    1474.44    5.04996  1030.2765  1030.2787     -1.852    7.30754 0.0000e+00
    552.941     3.7896     3.7892   3.251216   3.251415     1.9274     0.0356     0.0820    5.04888    547.000    34.8757    34.8785    1474.43    5.04876  1030.2719  1030.2742     -1.609    7.30746 0.0000e+00
    551.929     3.7896     3.7889   3.251194   3.251357     1.9275     0.0359     0.0815    5.04862    546.000    34.8759    34.8786    1474.41    5.04850  1030.2675  1030.2697     -1.106    7.30744 0.0000e+00
    550.916     3.7904     3.7891   3.251211   3.251329     1.9280     0.0305     0.0811    5.04961    545.000    34.8758    34.8786    1474.40    5.04949  1030.2626  1030.2649     -0.578    7.30730 0.0000e+00
    549.904     3.7916     3.7900   3.251295   3.251358     1.9286     0.0454     0.0812    5.05113    544.000    34.8760    34.8785    1474.39    5.05100  1030.2579  1030.2601     -0.636    7.30707 0.0000e+00
    548.892     3.7921     3.7909   3.251296   3.251405     1.9288     0.0452     0.0810    5.05085    543.000    34.8760    34.8787    1474.37    5.05072  1030.2533  1030.2555     -0.987    7.30697 0.0000e+00
    547.880     3.7930     3.7917   3.251325   3.251439     1.9288     0.0353     0.0813    5.05021    542.000    34.8760    34.8787    1474.36    5.05009  1030.2485  1030.2507     -1.356    7.30682 0.0000e+00
    546.868     3.7934     3.7922   3.251328   3.251452     1.9290     0.0255     0.0813    5.05007    541.000    34.8761    34.8788    1474.34    5.04995  1030.2439  1030.2462     -1.553    7.30674 0.0000e+00
    545.855     3.7934     3.7926   3.251296   3.251449     1.9291     0.0326     0.0814    5.04988    540.000    34.8763    34.8790    1474.33    5.04976  1030.2393  1030.2416     -1.550    7.30673 0.0000e+00
    544.843     3.7936     3.7926   3.251262   3.251404     1.9295     0.0472     0.0815    5.05057    539.000    34.8763    34.8790    1474.31    5.05044  1030.2346  1030.2369     -1.396    7.30671 0.0000e+00
    543.831     3.7936     3.7927   3.251235   3.251374     1.9298     0.0368     0.0819    5.05082    538.000    34.8764    34.8791    1474.30    5.05070  1030.2301  1030.2323     -1.077    7.30669 0.0000e+00
    542.819     3.7950     3.7931   3.251316   3.251382     1.9302     0.0394     0.0812    5.05133    537.000    34.8764    34.8792    1474.29    5.05120  1030.2252  1030.2277     -0.614    7.30643 0.0000e+00
    541.807     3.7961     3.7943   3.251366   3.251442     1.9308     0.0381     0.0809    5.05269    536.000    34.8764    34.8793    1474.27    5.05257  1030.2205  1030.2229     -0.643    7.30624 0.0000e+00
    540.795     3.7976     3.7963   3.251481   3.251574     1.9310     0.0364     0.0817    5.05277    535.000    34.8767    34.8792    1474.26    5.05264  1030.2158  1030.2179     -1.102    7.30595 0.0000e+00
    539.782     3.7988     3.7977   3.251533   3.251670     1.9313     0.0357     0.0811    5.05268    534.000    34.8766    34.8794    1474.25    5.05256  1030.2109  1030.2133     -1.369    7.30575 0.0000e+00
    538.770     3.7996     3.7983   3.251573   3.251673     1.9315     0.0348     0.0814    5.05266    533.000    34.8768    34.8793    1474.24    5.05253  1030.2063  1030.2085     -1.500    7.30559 0.0000e+00
    537.758     3.8012     3.8004   3.251685   3.251822     1.9314     0.0363     0.0823    5.05154    532.000    34.8770    34.8795    1474.23    5.05141  1030.2017  1030.2037     -1.505    7.30530 0.0000e+00
    536.746     3.8027     3.8022   3.251779   3.251962     1.9316     0.0356     0.0815    5.05137    531.000    34.8770    34.8797    1474.22    5.05124  1030.1969  1030.1990     -1.363    7.30503 0.0000e+00
    535.734     3.8047     3.8039   3.251960   3.252082     1.9317     0.0358     0.0811    5.05076    530.000    34.8776    34.8799    1474.21    5.05064  1030.1924  1030.1943     -1.068    7.30464 0.0000e+00
    534.722     3.8081     3.8068   3.252177   3.252348     1.9323     0.0441     0.0814    5.05174    529.000    34.8770    34.8805    1474.21    5.05162  1030.1869  1030.1898     -0.730    7.30404 0.0000e+00
    533.710     3.8120     3.8090   3.252536   3.252520     1.9326     0.0431     0.0808    5.05148    528.000    34.8778    34.8807    1474.21    5.05135  1030.1824  1030.1851     -0.607    7.30331 0.0000e+00
    532.698     3.8162     3.8143   3.252908   3.252912     1.9330     0.0374     0.0815    5.05157    527.000    34.8783    34.8804    1474.21    5.05145  1030.1776  1030.1796     -0.946    7.30253 0.0000e+00
