Ship_data/Irminger/Irminger-1/ctd/process/kkn22104008_sv.cnv
* Sea-Bird SBE 9 Data File:
* FileName = C:\Data\ctd\KN22104008.hdr
* Software Version Seasave V 7.21k
* Temperature SN = 4195
* Conductivity SN = 2147
* Number of Bytes Per Scan = 40
* Number of Voltage Words = 5
* Number of Scans Averaged by the Deck Unit = 1
* NMEA Latitude = 59 14.19 N
* NMEA Longitude = 039 30.13 W
* NMEA UTC (Time) = Sep 16 2014 21:05:14
** KN221-04 Chief Scientist: Bob Weller
** OOI Irminger Sea Sept. 2014
** Station: 008
** Knudsen Depth: 3030
# nquan = 3
# nvalues = 2984                        
# units = specified
# name 0 = depSM: Depth [salt water, m]
# name 1 = svDM: Sound Velocity [Delgrosso, m/s]
# name 2 = flag: flag
# span 0 =      3.000,   2986.000       
# span 1 =    1470.34,    1507.00       
# span 2 = 0.0000e+00, 0.0000e+00       
# interval = meters: 1                  
# start_time = Sep 16 2014 21:05:14 [NMEA time, header]
# bad_flag = -9.990e-29
*END*
[from data line 471]
    474.000    1473.09 0.0000e+00
    475.000    1473.09 0.0000e+00
    476.000    1473.10 0.0000e+00
    477.000    1473.11 0.0000e+00
    478.000    1473.13 0.0000e+00
    479.000    1473.15 0.0000e+00
    480.000    1473.16 0.0000e+00
    481.000    1473.18 0.0000e+00
    482.000    1473.19 0.0000e+00
    483.000    1473.21 0.0000e+00
    484.000    1473.21 0.0000e+00
    485.000    1473.20 0.0000e+00
    486.000    1473.21 0.0000e+00
    487.000    1473.22 0.0000e+00
    488.000    1473.23 0.0000e+00
    489.000    1473.25 0.0000e+00
    490.000    1473.27 0.0000e+00
    491.000    1473.28 0.0000e+00
    492.000    1473.30 0.0000e+00
    493.000    1473.31 0.0000e+00
    494.000    1473.33 0.0000e+00
    495.000    1473.34 0.0000e+00
    496.000    1473.35 0.0000e+00
    497.000    1473.37 0.0000e+00
    498.000    1473.38 0.0000e+00
    499.000    1473.40 0.0000e+00
    500.000    1473.41 0.0000e+00
    501.000    1473.42 0.0000e+00
    502.000    1473.43 0.0000e+00
    503.000    1473.45 0.0000e+00
    504.000    1473.45 0.0000e+00
    505.000    1473.47 0.0000e+00
    506.000    1473.48 0.0000e+00
    507.000    1473.50 0.0000e+00
    508.000    1473.51 0.0000e+00
    509.000    1473.52 0.0000e+00
    510.000    1473.52 0.0000e+00
    511.000    1473.53 0.0000e+00
    512.000    1473.53 0.0000e+00
    513.000    1473.53 0.0000e+00
    514.000    1473.54 0.0000e+00
    515.000    1473.56 0.0000e+00
    516.000    1473.57 0.0000e+00
    517.000    1473.59 0.0000e+00
    518.000    1473.60 0.0000e+00
    519.000    1473.62 0.0000e+00
    520.000    1473.63 0.0000e+00
    521.000    1473.62 0.0000e+00
    522.000    1473.60 0.0000e+00
    523.000    1473.60 0.0000e+00
    524.000    1473.62 0.0000e+00
    525.000    1473.64 0.0000e+00
    526.000    1473.63 0.0000e+00
    527.000    1473.63 0.0000e+00
    528.000    1473.64 0.0000e+00
    529.000    1473.66 0.0000e+00
    530.000    1473.67 0.0000e+00
    531.000    1473.69 0.0000e+00
    532.000    1473.71 0.0000e+00
    533.000    1473.71 0.0000e+00
    534.000    1473.72 0.0000e+00
    535.000    1473.74 0.0000e+00
    536.000    1473.76 0.0000e+00
    537.000    1473.78 0.0000e+00
    538.000    1473.77 0.0000e+00
    539.000    1473.76 0.0000e+00
    540.000    1473.77 0.0000e+00
    541.000    1473.78 0.0000e+00
    542.000    1473.80 0.0000e+00
    543.000    1473.81 0.0000e+00
    544.000    1473.83 0.0000e+00
    545.000    1473.85 0.0000e+00
    546.000    1473.86 0.0000e+00
    547.000    1473.88 0.0000e+00
    548.000    1473.89 0.0000e+00
    549.000    1473.91 0.0000e+00
    550.000    1473.92 0.0000e+00
    551.000    1473.94 0.0000e+00
    552.000    1473.97 0.0000e+00
    553.000    1473.99 0.0000e+00
    554.000    1474.02 0.0000e+00
    555.000    1474.05 0.0000e+00
    556.000    1474.07 0.0000e+00
    557.000    1474.07 0.0000e+00
    558.000    1474.09 0.0000e+00
    559.000    1474.10 0.0000e+00
    560.000    1474.12 0.0000e+00
    561.000    1474.14 0.0000e+00
    562.000    1474.15 0.0000e+00
    563.000    1474.16 0.0000e+00
    564.000    1474.18 0.0000e+00
    565.000    1474.19 0.0000e+00
    566.000    1474.21 0.0000e+00
    567.000    1474.22 0.0000e+00
    568.000    1474.24 0.0000e+00
    569.000    1474.25 0.0000e+00
    570.000    1474.27 0.0000e+00
    571.000    1474.28 0.0000e+00
    572.000    1474.30 0.0000e+00
    573.000    1474.30 0.0000e+00
    574.000    1474.30 0.0000e+00
    575.000    1474.31 0.0000e+00
    576.000    1474.33 0.0000e+00
    577.000    1474.34 0.0000e+00
    578.000    1474.35 0.0000e+00
    579.000    1474.37 0.0000e+00
    580.000    1474.38 0.0000e+00
    581.000    1474.40 0.0000e+00
    582.000    1474.42 0.0000e+00
    583.000    1474.43 0.0000e+00
    584.000    1474.45 0.0000e+00
    585.000    1474.46 0.0000e+00
    586.000    1474.47 0.0000e+00
    587.000    1474.48 0.0000e+00
    588.000    1474.50 0.0000e+00
    589.000    1474.51 0.0000e+00
    590.000    1474.53 0.0000e+00
    591.000    1474.53 0.0000e+00
    592.000    1474.55 0.0000e+00
    593.000    1474.56 0.0000e+00
    594.000    1474.57 0.0000e+00
    595.000    1474.59 0.0000e+00
    596.000    1474.58 0.0000e+00
    597.000    1474.60 0.0000e+00
    598.000    1474.61 0.0000e+00
    599.000    1474.63 0.0000e+00
    600.000    1474.64 0.0000e+00
    601.000    1474.66 0.0000e+00
    602.000    1474.68 0.0000e+00
    603.000    1474.69 0.0000e+00
    604.000    1474.71 0.0000e+00
    605.000    1474.68 0.0000e+00
    606.000    1474.69 0.0000e+00
    607.000    1474.70 0.0000e+00
    608.000    1474.72 0.0000e+00
    609.000    1474.74 0.0000e+00
    610.000    1474.75 0.0000e+00
    611.000    1474.76 0.0000e+00
    612.000    1474.77 0.0000e+00
    613.000    1474.77 0.0000e+00
    614.000    1474.77 0.0000e+00
    615.000    1474.78 0.0000e+00
    616.000    1474.80 0.0000e+00
    617.000    1474.81 0.0000e+00
    618.000    1474.82 0.0000e+00
    619.000    1474.84 0.0000e+00
    620.000    1474.86 0.0000e+00
    621.000    1474.87 0.0000e+00
    622.000    1474.88 0.0000e+00
    623.000    1474.89 0.0000e+00
    624.000    1474.91 0.0000e+00
    625.000    1474.93 0.0000e+00
    626.000    1474.94 0.0000e+00
    627.000    1474.96 0.0000e+00
    628.000    1474.97 0.0000e+00
    629.000    1474.99 0.0000e+00
    630.000    1475.00 0.0000e+00
    631.000    1475.01 0.0000e+00
    632.000    1475.02 0.0000e+00
    633.000    1475.03 0.0000e+00
    634.000    1475.04 0.0000e+00
    635.000    1475.05 0.0000e+00
    636.000    1475.05 0.0000e+00
    637.000    1475.06 0.0000e+00
    638.000    1475.07 0.0000e+00
    639.000    1475.09 0.0000e+00
    640.000    1475.10 0.0000e+00
    641.000    1475.12 0.0000e+00
    642.000    1475.14 0.0000e+00
    643.000    1475.14 0.0000e+00
    644.000    1475.14 0.0000e+00
    645.000    1475.16 0.0000e+00
    646.000    1475.18 0.0000e+00
    647.000    1475.20 0.0000e+00
    648.000    1475.21 0.0000e+00
    649.000    1475.22 0.0000e+00
    650.000    1475.23 0.0000e+00
    651.000    1475.25 0.0000e+00
    652.000    1475.27 0.0000e+00
    653.000    1475.28 0.0000e+00
    654.000    1475.28 0.0000e+00
    655.000    1475.30 0.0000e+00
    656.000    1475.31 0.0000e+00
    657.000    1475.33 0.0000e+00
    658.000    1475.35 0.0000e+00
    659.000    1475.37 0.0000e+00
    660.000    1475.38 0.0000e+00
    661.000    1475.40 0.0000e+00
    662.000    1475.42 0.0000e+00
    663.000    1475.44 0.0000e+00
    664.000    1475.45 0.0000e+00
    665.000    1475.43 0.0000e+00
    666.000    1475.44 0.0000e+00
    667.000    1475.46 0.0000e+00
    668.000    1475.47 0.0000e+00
    669.000    1475.47 0.0000e+00
    670.000    1475.47 0.0000e+00
    671.000    1475.50 0.0000e+00
    672.000    1475.53 0.0000e+00
    673.000    1475.50 0.0000e+00
    674.000    1475.51 0.0000e+00
    675.000    1475.52 0.0000e+00
    676.000    1475.54 0.0000e+00
    677.000    1475.55 0.0000e+00
    678.000    1475.57 0.0000e+00
    679.000    1475.59 0.0000e+00
    680.000    1475.61 0.0000e+00
    681.000    1475.63 0.0000e+00
    682.000    1475.65 0.0000e+00
    683.000    1475.67 0.0000e+00
    684.000    1475.68 0.0000e+00
    685.000    1475.70 0.0000e+00
    686.000    1475.71 0.0000e+00
    687.000    1475.73 0.0000e+00
    688.000    1475.75 0.0000e+00
    689.000    1475.76 0.0000e+00
    690.000    1475.76 0.0000e+00
    691.000    1475.77 0.0000e+00
    692.000    1475.78 0.0000e+00
    693.000    1475.80 0.0000e+00
    694.000    1475.81 0.0000e+00
    695.000    1475.83 0.0000e+00
    696.000    1475.84 0.0000e+00
    697.000    1475.86 0.0000e+00
    698.000    1475.88 0.0000e+00
    699.000    1475.90 0.0000e+00
    700.000    1475.92 0.0000e+00
    701.000    1475.95 0.0000e+00
    702.000    1475.97 0.0000e+00
    703.000    1475.99 0.0000e+00
    704.000    1476.00 0.0000e+00
    705.000    1476.02 0.0000e+00
    706.000    1476.03 0.0000e+00
    707.000    1476.05 0.0000e+00
    708.000    1476.06 0.0000e+00
    709.000    1476.08 0.0000e+00
    710.000    1476.10 0.0000e+00
    711.000    1476.12 0.0000e+00
    712.000    1476.14 0.0000e+00
    713.000    1476.16 0.0000e+00
    714.000    1476.17 0.0000e+00
    715.000    1476.18 0.0000e+00
    716.000    1476.20 0.0000e+00
    717.000    1476.22 0.0000e+00
    718.000    1476.23 0.0000e+00
    719.000    1476.25 0.0000e+00
    720.000    1476.27 0.0000e+00
    721.000    1476.29 0.0000e+00
    722.000    1476.31 0.0000e+00
    723.000    1476.32 0.0000e+00
    724.000    1476.33 0.0000e+00
    725.000    1476.35 0.0000e+00
    726.000    1476.37 0.0000e+00
    727.000    1476.39 0.0000e+00
    728.000    1476.40 0.0000e+00
    729.000    1476.42 0.0000e+00
    730.000    1476.44 0.0000e+00
    731.000    1476.45 0.0000e+00
    732.000    1476.47 0.0000e+00
    733.000    1476.49 0.0000e+00
    734.000    1476.51 0.0000e+00
    735.000    1476.52 0.0000e+00
    736.000    1476.54 0.0000e+00
    737.000    1476.56 0.0000e+00
    738.000    1476.57 0.0000e+00
    739.000    1476.59 0.0000e+00
    740.000    1476.60 0.0000e+00
    741.000    1476.62 0.0000e+00
    742.000    1476.63 0.0000e+00
    743.000    1476.65 0.0000e+00
    744.000    1476.66 0.0000e+00
    745.000    1476.68 0.0000e+00
    746.000    1476.69 0.0000e+00
    747.000    1476.71 0.0000e+00
    748.000    1476.72 0.0000e+00
    749.000    1476.72 0.0000e+00
    750.000    1476.74 0.0000e+00
    751.000    1476.76 0.0000e+00
    752.000    1476.77 0.0000e+00
    753.000    1476.79 0.0000e+00
    754.000    1476.82 0.0000e+00
    755.000    1476.84 0.0000e+00
    756.000    1476.85 0.0000e+00
    757.000    1476.86 0.0000e+00
    758.000    1476.88 0.0000e+00
    759.000    1476.89 0.0000e+00
    760.000    1476.91 0.0000e+00
    761.000    1476.92 0.0000e+00
    762.000    1476.93 0.0000e+00
    763.000    1476.94 0.0000e+00
    764.000    1476.96 0.0000e+00
    765.000    1476.98 0.0000e+00
    766.000    1477.00 0.0000e+00
    767.000    1477.01 0.0000e+00
    768.000    1477.03 0.0000e+00
    769.000    1477.05 0.0000e+00
    770.000    1477.05 0.0000e+00
    771.000    1477.06 0.0000e+00
    772.000    1477.07 0.0000e+00
    773.000    1477.09 0.0000e+00
    774.000    1477.11 0.0000e+00
    775.000    1477.12 0.0000e+00
    776.000    1477.14 0.0000e+00
    777.000    1477.15 0.0000e+00
    778.000    1477.16 0.0000e+00
    779.000    1477.18 0.0000e+00
    780.000    1477.20 0.0000e+00
    781.000    1477.22 0.0000e+00
    782.000    1477.23 0.0000e+00
    783.000    1477.25 0.0000e+00
    784.000    1477.27 0.0000e+00
    785.000    1477.28 0.0000e+00
    786.000    1477.30 0.0000e+00
    787.000    1477.32 0.0000e+00
    788.000    1477.33 0.0000e+00
    789.000    1477.35 0.0000e+00
    790.000    1477.37 0.0000e+00
    791.000    1477.38 0.0000e+00
    792.000    1477.40 0.0000e+00
    793.000    1477.42 0.0000e+00
    794.000    1477.43 0.0000e+00
    795.000    1477.45 0.0000e+00
    796.000    1477.47 0.0000e+00
    797.000    1477.48 0.0000e+00
    798.000    1477.50 0.0000e+00
    799.000    1477.52 0.0000e+00
    800.000    1477.53 0.0000e+00
    801.000    1477.55 0.0000e+00
    802.000    1477.57 0.0000e+00
    803.000    1477.59 0.0000e+00
    804.000    1477.61 0.0000e+00
    805.000    1477.63 0.0000e+00
    806.000    1477.64 0.0000e+00
    807.000    1477.64 0.0000e+00
    808.000    1477.65 0.0000e+00
    809.000    1477.66 0.0000e+00
    810.000    1477.68 0.0000e+00
    811.000    1477.70 0.0000e+00
    812.000    1477.72 0.0000e+00
    813.000    1477.74 0.0000e+00
    814.000    1477.76 0.0000e+00
    815.000    1477.78 0.0000e+00
    816.000    1477.80 0.0000e+00
    817.000    1477.82 0.0000e+00
    818.000    1477.85 0.0000e+00
    819.000    1477.87 0.0000e+00
    820.000    1477.88 0.0000e+00
    821.000    1477.89 0.0000e+00
    822.000    1477.91 0.0000e+00
    823.000    1477.94 0.0000e+00
    824.000    1477.96 0.0000e+00
    825.000    1477.97 0.0000e+00
    826.000    1477.97 0.0000e+00
    827.000    1477.97 0.0000e+00
    828.000    1477.98 0.0000e+00
    829.000    1478.00 0.0000e+00
    830.000    1478.03 0.0000e+00
    831.000    1478.04 0.0000e+00
    832.000    1478.08 0.0000e+00
    833.000    1478.10 0.0000e+00
    834.000    1478.12 0.0000e+00
    835.000    1478.11 0.0000e+00
    836.000    1478.11 0.0000e+00
    837.000    1478.13 0.0000e+00
    838.000    1478.13 0.0000e+00
    839.000    1478.12 0.0000e+00
    840.000    1478.12 0.0000e+00
    841.000    1478.14 0.0000e+00
    842.000    1478.15 0.0000e+00
    843.000    1478.16 0.0000e+00
    844.000    1478.18 0.0000e+00
    845.000    1478.19 0.0000e+00
    846.000    1478.21 0.0000e+00
    847.000    1478.22 0.0000e+00
    848.000    1478.24 0.0000e+00
    849.000    1478.25 0.0000e+00
    850.000    1478.27 0.0000e+00
    851.000    1478.29 0.0000e+00
    852.000    1478.30 0.0000e+00
    853.000    1478.32 0.0000e+00
    854.000    1478.34 0.0000e+00
    855.000    1478.35 0.0000e+00
    856.000    1478.37 0.0000e+00
    857.000    1478.39 0.0000e+00
    858.000    1478.41 0.0000e+00
    859.000    1478.42 0.0000e+00
    860.000    1478.44 0.0000e+00
    861.000    1478.45 0.0000e+00
    862.000    1478.47 0.0000e+00
    863.000    1478.49 0.0000e+00
    864.000    1478.51 0.0000e+00
    865.000    1478.52 0.0000e+00
    866.000    1478.54 0.0000e+00
    867.000    1478.58 0.0000e+00
    868.000    1478.60 0.0000e+00
    869.000    1478.62 0.0000e+00
    870.000    1478.64 0.0000e+00
    871.000    1478.65 0.0000e+00
    872.000    1478.67 0.0000e+00
    873.000    1478.69 0.0000e+00
    874.000    1478.70 0.0000e+00
    875.000    1478.72 0.0000e+00
    876.000    1478.73 0.0000e+00
    877.000    1478.74 0.0000e+00
    878.000    1478.75 0.0000e+00
    879.000    1478.77 0.0000e+00
    880.000    1478.79 0.0000e+00
    881.000    1478.81 0.0000e+00
    882.000    1478.82 0.0000e+00
    883.000    1478.83 0.0000e+00
    884.000    1478.85 0.0000e+00
    885.000    1478.86 0.0000e+00
    886.000    1478.88 0.0000e+00
    887.000    1478.89 0.0000e+00
    888.000    1478.91 0.0000e+00
    889.000    1478.93 0.0000e+00
    890.000    1478.94 0.0000e+00
    891.000    1478.96 0.0000e+00
    892.000    1478.97 0.0000e+00
    893.000    1478.99 0.0000e+00
    894.000    1479.00 0.0000e+00
    895.000    1479.02 0.0000e+00
    896.000    1479.05 0.0000e+00
    897.000    1479.07 0.0000e+00
    898.000    1479.09 0.0000e+00
    899.000    1479.11 0.0000e+00
    900.000    1479.12 0.0000e+00
    901.000    1479.14 0.0000e+00
    902.000    1479.16 0.0000e+00
    903.000    1479.17 0.0000e+00
    904.000    1479.19 0.0000e+00
    905.000    1479.20 0.0000e+00
    906.000    1479.21 0.0000e+00
    907.000    1479.23 0.0000e+00
    908.000    1479.24 0.0000e+00
    909.000    1479.27 0.0000e+00
    910.000    1479.30 0.0000e+00
    911.000    1479.33 0.0000e+00
    912.000    1479.35 0.0000e+00
    913.000    1479.37 0.0000e+00
    914.000    1479.39 0.0000e+00
    915.000    1479.41 0.0000e+00
    916.000    1479.43 0.0000e+00
    917.000    1479.45 0.0000e+00
    918.000    1479.47 0.0000e+00
    919.000    1479.48 0.0000e+00
    920.000    1479.48 0.0000e+00
    921.000    1479.47 0.0000e+00
    922.000    1479.47 0.0000e+00
    923.000    1479.49 0.0000e+00
    924.000    1479.50 0.0000e+00
    925.000    1479.52 0.0000e+00
    926.000    1479.54 0.0000e+00
    927.000    1479.56 0.0000e+00
    928.000    1479.57 0.0000e+00
    929.000    1479.59 0.0000e+00
    930.000    1479.61 0.0000e+00
    931.000    1479.62 0.0000e+00
    932.000    1479.64 0.0000e+00
    933.000    1479.66 0.0000e+00
    934.000    1479.68 0.0000e+00
    935.000    1479.69 0.0000e+00
    936.000    1479.72 0.0000e+00
    937.000    1479.73 0.0000e+00
    938.000    1479.76 0.0000e+00
    939.000    1479.80 0.0000e+00
    940.000    1479.82 0.0000e+00
    941.000    1479.84 0.0000e+00
    942.000    1479.86 0.0000e+00
    943.000    1479.89 0.0000e+00
