Ship_data/Irminger/Irminger-1/ctd/process/kkn22104002.ros
* Sea-Bird SBE 9 Data File:
* FileName = C:\Data\ctd\KN22104002.hdr
* Software Version Seasave V 7.21k
* Temperature SN = 4195
* Conductivity SN = 2147
* Number of Bytes Per Scan = 40
* Number of Voltage Words = 5
* Number of Scans Averaged by the Deck Unit = 1
* NMEA Latitude = 61 59.72 N
* NMEA Longitude = 031 52.35 W
* NMEA UTC (Time) = Sep 08 2014 14:44:00
** KN221-04 Chief Scientist: Bob Weller
** OOI Irminger Sea Sept. 2014
** Station: 002
** Knudsen Depth: 2698
# nquan = 12
# nvalues = 588                                   
# units = specified
# name 0 = prDM: Pressure, Digiquartz [db]
# name 1 = t090C: Temperature [ITS-90, deg C]
# name 2 = t190C: Temperature, 2 [ITS-90, deg C]
# name 3 = c0S/m: Conductivity [S/m]
# name 4 = c1S/m: Conductivity, 2 [S/m]
# name 5 = sbeox0V: Oxygen raw, SBE 43 [V]
# name 6 = flECO-AFL: Fluorescence, WET Labs ECO-AFL/FL [mg/m^3]
# name 7 = CStarAt0: Beam Attenuation, WET Labs C-Star [1/m]
# name 8 = sbeox0ML/L: Oxygen, SBE 43 [ml/l]
# name 9 = scan: Scan Count
# name 10 = nbf: Bottles Fired
# name 11 = flag:  0.000e+00
# interval = seconds: 0.0416667
# start_time = Sep 08 2014 14:44:00 [NMEA time, header]
# bad_flag = -9.990e-29
*END*
[from data line 121]
    933.245     3.8271     3.8268   3.272298   3.272456     1.8283     0.0470     0.0847    4.93174      76943          3  0.000e+00
    933.246     3.8268     3.8264   3.272304   3.272462     1.8295     0.0470     0.0847    4.93632      76944          3  0.000e+00
    933.246     3.8271     3.8266   3.272298   3.272488     1.8295     0.0470     0.0847    4.93629      76945          3  0.000e+00
    933.246     3.8271     3.8264   3.272304   3.272462     1.8283     0.0470     0.0847    4.93173      76946          3  0.000e+00
    933.126     3.8270     3.8265   3.272316   3.272462     1.8295     0.0470     0.0847    4.93622      76947          3  0.000e+00
    933.309     3.8273     3.8264   3.272298   3.272456     1.8295     0.0470     0.0847    4.93632      76948          3  0.000e+00
    933.309     3.8270     3.8264   3.272286   3.272399     1.8283     0.0470     0.0847    4.93180      76949          3  0.000e+00
    933.190     3.8270     3.8262   3.272304   3.272456     1.8270     0.0470     0.0847    4.92716      76950          3  0.000e+00
    933.214     3.8270     3.8265   3.272298   3.272462     1.8295     0.0470     0.0847    4.93629      76951          3  0.000e+00
    933.365     3.8271     3.8262   3.272304   3.272456     1.8295     0.0470     0.0858    4.93637      76952          3  0.000e+00
    933.246     3.8268     3.8267   3.272316   3.272462     1.8283     0.0470     0.0858    4.93176      76953          3  0.000e+00
    933.246     3.8270     3.8264   3.272274   3.272456     1.8295     0.0470     0.0858    4.93632      76954          3  0.000e+00
    933.310     3.8270     3.8264   3.272274   3.272462     1.8295     0.0470     0.0858    4.93636      76955          3  0.000e+00
    933.246     3.8266     3.8262   3.272268   3.272488     1.8295     0.0470     0.0858    4.93635      76956          3  0.000e+00
    933.310     3.8270     3.8264   3.272298   3.272462     1.8283     0.0470     0.0858    4.93180      76957          3  0.000e+00
    933.310     3.8268     3.8260   3.272298   3.272488     1.8283     0.0470     0.0858    4.93181      76958          3  0.000e+00
    933.310     3.8271     3.8264   3.272268   3.272494     1.8295     0.0470     0.0847    4.93635      76959          3  0.000e+00
    933.366     3.8270     3.8264   3.272274   3.272424     1.8283     0.0470     0.0847    4.93184      76960          3  0.000e+00
    933.310     3.8270     3.8264   3.272304   3.272430     1.8283     0.0470     0.0858    4.93179      76961          3  0.000e+00
    933.278     3.8268     3.8264   3.272334   3.272462     1.8283     0.0470     0.0858    4.93178      76962          3  0.000e+00
    933.429     3.8268     3.8264   3.272304   3.272424     1.8295     0.0470     0.0847    4.93644      76963          3  0.000e+00
    933.366     3.8266     3.8262   3.272328   3.272494     1.8295     0.0470     0.0847    4.93641      76964          3  0.000e+00
    933.366     3.8268     3.8264   3.272304   3.272456     1.8295     0.0470     0.0847    4.93640      76965          3  0.000e+00
    933.430     3.8266     3.8265   3.272328   3.272494     1.8295     0.0470     0.0847    4.93645      76966          3  0.000e+00
    933.430     3.8270     3.8264   3.272328   3.272424     1.8295     0.0470     0.0847    4.93642      76967          3  0.000e+00
    933.430     3.8270     3.8264   3.272316   3.272519     1.8295     0.0470     0.0847    4.93642      76968          3  0.000e+00
    933.677     3.8268     3.8265   3.272298   3.272430     1.8295     0.0348     0.0847    4.93668      77500          4  0.000e+00
    933.677     3.8268     3.8262   3.272286   3.272462     1.8307     0.0348     0.0847    4.94124      77501          4  0.000e+00
    933.677     3.8268     3.8262   3.272304   3.272456     1.8320     0.0348     0.0847    4.94579      77502          4  0.000e+00
    933.733     3.8266     3.8265   3.272335   3.272519     1.8320     0.0348     0.0847    4.94583      77503          4  0.000e+00
    933.733     3.8268     3.8264   3.272304   3.272456     1.8320     0.0348     0.0847    4.94583      77504          4  0.000e+00
    933.733     3.8270     3.8262   3.272304   3.272519     1.8307     0.0348     0.0858    4.94126      77505          4  0.000e+00
    933.829     3.8271     3.8264   3.272335   3.272456     1.8504     0.0348     0.0847    5.01417      77506          4  0.000e+00
    933.733     3.8271     3.8264   3.272347   3.272494     1.8713     0.0470     0.0847    5.09153      77507          4  0.000e+00
    933.797     3.8271     3.8262   3.272365   3.272456     1.8393     0.0348     0.0847    4.97314      77508          4  0.000e+00
    933.797     3.8270     3.8262   3.272359   3.272462     1.8344     0.0348     0.0847    4.95494      77509          4  0.000e+00
    933.853     3.8273     3.8262   3.272329   3.272488     1.8270     0.0226     0.0847    4.92763      77510          4  0.000e+00
    933.853     3.8271     3.8264   3.272359   3.272462     1.8307     0.0226     0.0847    4.94130      77511          4  0.000e+00
    933.797     3.8271     3.8262   3.272335   3.272456     1.8307     0.0226     0.0847    4.94127      77512          4  0.000e+00
    933.916     3.8271     3.8264   3.272317   3.272494     1.8320     0.0226     0.0847    4.94591      77513          4  0.000e+00
    933.853     3.8270     3.8264   3.272359   3.272488     1.8270     0.0226     0.0847    4.92765      77514          4  0.000e+00
    933.916     3.8270     3.8262   3.272359   3.272494     1.8295     0.0226     0.0847    4.93680      77515          4  0.000e+00
    933.853     3.8270     3.8264   3.272329   3.272494     1.8295     0.0226     0.0847    4.93677      77516          4  0.000e+00
    933.972     3.8271     3.8262   3.272317   3.272456     1.8307     0.0226     0.0847    4.94139      77517          4  0.000e+00
    933.948     3.8273     3.8262   3.272359   3.272494     1.8270     0.0226     0.0847    4.92768      77518          4  0.000e+00
    933.917     3.8270     3.8260   3.272377   3.272456     1.8283     0.0226     0.0847    4.93224      77519          4  0.000e+00
    933.972     3.8270     3.8260   3.272311   3.272494     1.8307     0.0226     0.0847    4.94141      77520          4  0.000e+00
    933.917     3.8270     3.8260   3.272329   3.272456     1.8283     0.0348     0.0847    4.93226      77521          4  0.000e+00
    933.972     3.8270     3.8260   3.272329   3.272494     1.8295     0.0226     0.0847    4.93685      77522          4  0.000e+00
    933.972     3.8271     3.8262   3.272317   3.272424     1.8307     0.0226     0.0847    4.94140      77523          4  0.000e+00
    933.973     3.8271     3.8260   3.272317   3.272462     1.8295     0.0226     0.0847    4.93684      77524          4  0.000e+00
    934.036     3.8271     3.8262   3.272298   3.272488     1.8283     0.0226     0.0847    4.93234      77525          4  0.000e+00
    933.973     3.8270     3.8264   3.272329   3.272462     1.8283     0.0226     0.0847    4.93230      77526          4  0.000e+00
    934.036     3.8268     3.8262   3.272305   3.272456     1.8295     0.0226     0.0847    4.93692      77527          4  0.000e+00
    933.973     3.8268     3.8260   3.272329   3.272494     1.8295     0.0226     0.0847    4.93687      77528          4  0.000e+00
    934.036     3.8270     3.8264   3.272329   3.272456     1.8283     0.0226     0.0847    4.93234      77529          4  0.000e+00
    933.973     3.8266     3.8260   3.272317   3.272494     1.8283     0.0226     0.0847    4.93233      77530          4  0.000e+00
    934.068     3.8270     3.8264   3.272298   3.272431     1.8295     0.0226     0.0847    4.93693      77531          4  0.000e+00
    934.037     3.8270     3.8260   3.272305   3.272456     1.8295     0.0226     0.0847    4.93690      77532          4  0.000e+00
    933.973     3.8270     3.8264   3.272298   3.272494     1.8295     0.0348     0.0847    4.93686      77533          4  0.000e+00
    934.037     3.8270     3.8262   3.272305   3.272424     1.8295     0.0470     0.0847    4.93690      77534          4  0.000e+00
    934.037     3.8266     3.8262   3.272317   3.272494     1.8283     0.0470     0.0847    4.93238      77535          4  0.000e+00
    934.037     3.8268     3.8264   3.272298   3.272456     1.8295     0.0470     0.0847    4.93692      77536          4  0.000e+00
    934.037     3.8270     3.8262   3.272286   3.272494     1.8283     0.0470     0.0847    4.93236      77537          4  0.000e+00
    934.037     3.8270     3.8262   3.272286   3.272456     1.8295     0.0470     0.0847    4.93691      77538          4  0.000e+00
    934.037     3.8268     3.8264   3.272305   3.272462     1.8295     0.0470     0.0847    4.93692      77539          4  0.000e+00
    934.037     3.8268     3.8264   3.272317   3.272488     1.8295     0.0470     0.0847    4.93692      77540          4  0.000e+00
    934.037     3.8268     3.8265   3.272317   3.272494     1.8295     0.0470     0.0847    4.93692      77541          4  0.000e+00
    934.037     3.8268     3.8264   3.272298   3.272488     1.8295     0.0470     0.0847    4.93692      77542          4  0.000e+00
    933.973     3.8268     3.8264   3.272304   3.272462     1.8283     0.0470     0.0847    4.93232      77543          4  0.000e+00
    934.005     3.8268     3.8264   3.272274   3.272520     1.8283     0.0470     0.0847    4.93236      77544          4  0.000e+00
    934.093     3.8266     3.8264   3.272274   3.272488     1.8295     0.0470     0.0847    4.93699      77545          4  0.000e+00
    933.973     3.8266     3.8265   3.272286   3.272494     1.8295     0.0470     0.0847    4.93690      77546          4  0.000e+00
    934.037     3.8266     3.8265   3.272286   3.272456     1.8295     0.0470     0.0847    4.93694      77547          4  0.000e+00
    934.037     3.8268     3.8264   3.272305   3.272462     1.8295     0.0470     0.0847    4.93692      77548          4  0.000e+00
    845.362     3.9072     3.9062   3.276045   3.276197     1.8493     0.0348     0.0847    4.94203      92980          5  0.000e+00
    845.362     3.9071     3.9065   3.276021   3.276178     1.8493     0.0348     0.0847    4.94205      92981          5  0.000e+00
    845.298     3.9071     3.9065   3.276021   3.276140     1.8493     0.0348     0.0847    4.94201      92982          5  0.000e+00
    845.362     3.9074     3.9065   3.276027   3.276153     1.8493     0.0348     0.0847    4.94202      92983          5  0.000e+00
    845.362     3.9071     3.9067   3.276039   3.276172     1.8493     0.0470     0.0847    4.94204      92984          5  0.000e+00
    845.298     3.9071     3.9067   3.276051   3.276172     1.8493     0.0348     0.0847    4.94200      92985          5  0.000e+00
    845.481     3.9072     3.9067   3.276015   3.276178     1.8493     0.0348     0.0847    4.94212      92986          5  0.000e+00
    845.394     3.9073     3.9068   3.276039   3.276172     1.8493     0.0348     0.0847    4.94205      92987          5  0.000e+00
    845.298     3.9072     3.9067   3.276027   3.276172     1.8493     0.0348     0.0847    4.94200      92988          5  0.000e+00
    845.362     3.9074     3.9068   3.276045   3.276178     1.8493     0.0348     0.0847    4.94201      92989          5  0.000e+00
    845.362     3.9068     3.9068   3.276039   3.276229     1.8493     0.0348     0.0847    4.94207      92990          5  0.000e+00
    845.418     3.9071     3.9070   3.276021   3.276153     1.8493     0.0348     0.0847    4.94209      92991          5  0.000e+00
    845.362     3.9066     3.9067   3.276021   3.276197     1.8493     0.0348     0.0847    4.94210      92992          5  0.000e+00
    845.418     3.9065     3.9067   3.275985   3.276197     1.8493     0.0348     0.0847    4.94216      92993          5  0.000e+00
    845.418     3.9065     3.9068   3.275960   3.276210     1.8493     0.0348     0.0847    4.94217      92994          5  0.000e+00
    845.362     3.9064     3.9068   3.275960   3.276172     1.8493     0.0348     0.0847    4.94215      92995          5  0.000e+00
    845.394     3.9064     3.9067   3.275948   3.276172     1.8493     0.0348     0.0847    4.94217      92996          5  0.000e+00
    845.362     3.9063     3.9065   3.275948   3.276178     1.8493     0.0348     0.0847    4.94216      92997          5  0.000e+00
    845.418     3.9064     3.9065   3.275960   3.276197     1.8493     0.0348     0.0847    4.94218      92998          5  0.000e+00
    845.418     3.9064     3.9067   3.275966   3.276178     1.8493     0.0226     0.0847    4.94218      92999          5  0.000e+00
    845.362     3.9065     3.9064   3.275985   3.276172     1.8493     0.0226     0.0847    4.94213      93000          5  0.000e+00
    845.362     3.9065     3.9065   3.275966   3.276197     1.8493     0.0226     0.0847    4.94213      93001          5  0.000e+00
    845.362     3.9066     3.9068   3.275960   3.276210     1.8493     0.0226     0.0847    4.94212      93002          5  0.000e+00
    845.418     3.9068     3.9067   3.275985   3.276197     1.8493     0.0226     0.0847    4.94213      93003          5  0.000e+00
    845.362     3.9068     3.9068   3.275966   3.276197     1.8506     0.0226     0.0847    4.94659      93004          5  0.000e+00
    845.394     3.9068     3.9068   3.275985   3.276210     1.8493     0.0226     0.0847    4.94212      93005          5  0.000e+00
    845.299     3.9068     3.9067   3.275954   3.276197     1.8493     0.0226     0.0847    4.94206      93006          5  0.000e+00
    845.362     3.9069     3.9067   3.275973   3.276197     1.8493     0.0226     0.0847    4.94209      93007          5  0.000e+00
    845.362     3.9072     3.9067   3.275991   3.276178     1.8493     0.0226     0.0847    4.94205      93008          5  0.000e+00
    845.299     3.9071     3.9067   3.275997   3.276197     1.8493     0.0226     0.0858    4.94202      93009          5  0.000e+00
    845.299     3.9069     3.9070   3.276009   3.276153     1.8493     0.0226     0.0847    4.94203      93010          5  0.000e+00
    845.299     3.9074     3.9067   3.276021   3.276197     1.8493     0.0226     0.0847    4.94198      93011          5  0.000e+00
    845.299     3.9074     3.9068   3.276009   3.276172     1.8493     0.0226     0.0847    4.94199      93012          5  0.000e+00
    845.299     3.9073     3.9068   3.275997   3.276210     1.8493     0.0226     0.0847    4.94200      93013          5  0.000e+00
    845.275     3.9074     3.9068   3.276033   3.276197     1.8493     0.0226     0.0847    4.94196      93014          5  0.000e+00
    845.299     3.9073     3.9068   3.276033   3.276197     1.8493     0.0226     0.0847    4.94199      93015          5  0.000e+00
    845.243     3.9072     3.9070   3.276027   3.276178     1.8493     0.0226     0.0847    4.94196      93016          5  0.000e+00
    845.179     3.9077     3.9068   3.276021   3.276229     1.8493     0.0226     0.0847    4.94187      93017          5  0.000e+00
    845.243     3.9073     3.9067   3.276021   3.276210     1.8493     0.0226     0.0847    4.94196      93018          5  0.000e+00
    845.243     3.9074     3.9071   3.276027   3.276172     1.8493     0.0226     0.0847    4.94194      93019          5  0.000e+00
    845.179     3.9074     3.9067   3.276039   3.276172     1.8493     0.0226     0.0847    4.94189      93020          5  0.000e+00
    845.179     3.9077     3.9068   3.276075   3.276210     1.8493     0.0226     0.0847    4.94185      93021          5  0.000e+00
    845.179     3.9081     3.9068   3.276045   3.276197     1.8493     0.0226     0.0847    4.94182      93022          5  0.000e+00
    845.155     3.9081     3.9071   3.276063   3.276197     1.8493     0.0226     0.0847    4.94180      93023          5  0.000e+00
