Ship_data/Irminger/Irminger-1/ctd/process/kkn22104004.ros
* Sea-Bird SBE 9 Data File:
* FileName = C:\Data\ctd\KN22104004.hdr
* Software Version Seasave V 7.21k
* Temperature SN = 4195
* Conductivity SN = 2147
* Number of Bytes Per Scan = 40
* Number of Voltage Words = 5
* Number of Scans Averaged by the Deck Unit = 1
* NMEA Latitude = 61 39.45 N
* NMEA Longitude = 033 04.60 W
* NMEA UTC (Time) = Sep 08 2014 23:19:14
** KN221-04 Chief Scientist: Bob Weller
** OOI Irminger Sea Sept. 2014
** Station: 004
** Knudsen Depth: 2976
# nquan = 12
# nvalues = 588                                   
# units = specified
# name 0 = prDM: Pressure, Digiquartz [db]
# name 1 = t090C: Temperature [ITS-90, deg C]
# name 2 = t190C: Temperature, 2 [ITS-90, deg C]
# name 3 = c0S/m: Conductivity [S/m]
# name 4 = c1S/m: Conductivity, 2 [S/m]
# name 5 = sbeox0V: Oxygen raw, SBE 43 [V]
# name 6 = flECO-AFL: Fluorescence, WET Labs ECO-AFL/FL [mg/m^3]
# name 7 = CStarAt0: Beam Attenuation, WET Labs C-Star [1/m]
# name 8 = sbeox0ML/L: Oxygen, SBE 43 [ml/l]
# name 9 = scan: Scan Count
# name 10 = nbf: Bottles Fired
# name 11 = flag:  0.000e+00
# interval = seconds: 0.0416667
# start_time = Sep 08 2014 23:19:14 [NMEA time, header]
# bad_flag = -9.990e-29
*END*
[from data line 482]
     18.500    10.5310    10.5297   3.843350   3.843441     2.2059     1.2070     0.3091    4.78037     174300         10  0.000e+00
     18.500    10.5310    10.5296   3.843350   3.843441     2.2059     1.2070     0.3091    4.78037     174301         10  0.000e+00
     18.500    10.5309    10.5296   3.843337   3.843522     2.2059     1.1948     0.3091    4.78038     174302         10  0.000e+00
     18.563    10.5310    10.5296   3.843337   3.843509     2.2059     1.1948     0.3091    4.78042     174303         10  0.000e+00
     18.500    10.5310    10.5296   3.843337   3.843475     2.2059     1.2070     0.3091    4.78038     174304         10  0.000e+00
     18.563    10.5309    10.5296   3.843337   3.843475     2.2071     1.2070     0.3091    4.78384     174305         10  0.000e+00
     18.563    10.5308    10.5296   3.843356   3.843488     2.2071     1.1948     0.3091    4.78384     174306         10  0.000e+00
     18.382    10.5310    10.5292   3.843388   3.843475     2.2071     1.2070     0.3091    4.78370     174307         10  0.000e+00
     18.494    10.5327    10.5312   3.843504   3.843610     2.2071     1.1826     0.3161    4.78358     174741         11  0.000e+00
     18.557    10.5328    10.5314   3.843523   3.843590     2.2071     1.1703     0.3137    4.78361     174742         11  0.000e+00
     18.557    10.5329    10.5316   3.843536   3.843678     2.2071     1.1703     0.3137    4.78360     174743         11  0.000e+00
     18.589    10.5330    10.5319   3.843562   3.843644     2.2059     1.1703     0.3114    4.78018     174744         11  0.000e+00
     18.439    10.5329    10.5317   3.843523   3.843691     2.2071     1.1826     0.3114    4.78353     174745         11  0.000e+00
     18.675    10.5329    10.5319   3.843523   3.843644     2.2071     1.1703     0.3114    4.78367     174746         11  0.000e+00
     18.612    10.5329    10.5317   3.843517   3.843711     2.2071     1.1703     0.3114    4.78364     174747         11  0.000e+00
     18.612    10.5329    10.5319   3.843555   3.843644     2.2071     1.1703     0.3091    4.78362     174748         11  0.000e+00
     18.557    10.5331    10.5316   3.843523   3.843657     2.2059     1.1826     0.3091    4.78017     174749         11  0.000e+00
     18.612    10.5332    10.5316   3.843555   3.843711     2.2071     1.1703     0.3103    4.78360     174750         11  0.000e+00
     18.612    10.5331    10.5316   3.843497   3.843711     2.2071     1.1703     0.3114    4.78363     174751         11  0.000e+00
     18.612    10.5331    10.5316   3.843517   3.843624     2.2071     1.1703     0.3114    4.78362     174752         11  0.000e+00
     18.439    10.5329    10.5317   3.843517   3.843678     2.2071     1.1826     0.3114    4.78353     174753         11  0.000e+00
     18.817    10.5330    10.5316   3.843504   3.843678     2.2071     1.1703     0.3114    4.78376     174754         11  0.000e+00
     18.612    10.5333    10.5315   3.843523   3.843644     2.2083     1.1948     0.3114    4.78702     174755         11  0.000e+00
     18.612    10.5329    10.5316   3.843517   3.843691     2.2071     1.2192     0.3114    4.78364     174756         11  0.000e+00
     18.675    10.5330    10.5314   3.843555   3.843644     2.2071     1.2314     0.3114    4.78366     174757         11  0.000e+00
     18.612    10.5331    10.5317   3.843549   3.843644     2.2083     1.2314     0.3114    4.78703     174758         11  0.000e+00
     18.612    10.5331    10.5316   3.843536   3.843624     2.2083     1.2314     0.3114    4.78703     174759         11  0.000e+00
     18.612    10.5330    10.5314   3.843536   3.843644     2.2083     1.2192     0.3114    4.78704     174760         11  0.000e+00
     18.675    10.5329    10.5316   3.843562   3.843678     2.2071     1.2314     0.3114    4.78366     174761         11  0.000e+00
     18.494    10.5328    10.5314   3.843549   3.843576     2.2071     1.2436     0.3114    4.78356     174762         11  0.000e+00
     18.698    10.5330    10.5312   3.843517   3.843624     2.2071     1.2314     0.3114    4.78368     174763         11  0.000e+00
     18.675    10.5329    10.5312   3.843504   3.843644     2.2083     1.2436     0.3114    4.78709     174764         11  0.000e+00
     18.612    10.5331    10.5312   3.843555   3.843576     2.2071     1.2314     0.3137    4.78361     174765         11  0.000e+00
     18.612    10.5330    10.5311   3.843497   3.843590     2.2083     1.2192     0.3137    4.78705     174766         11  0.000e+00
     18.612    10.5328    10.5314   3.843517   3.843678     2.2083     1.2314     0.3114    4.78706     174767         11  0.000e+00
     18.557    10.5326    10.5312   3.843517   3.843610     2.2083     1.2314     0.3114    4.78704     174768         11  0.000e+00
     18.612    10.5327    10.5316   3.843485   3.843610     2.2083     1.2192     0.3114    4.78708     174769         11  0.000e+00
     18.612    10.5323    10.5314   3.843491   3.843624     2.2071     1.2436     0.3114    4.78369     174770         11  0.000e+00
     18.612    10.5326    10.5313   3.843504   3.843610     2.2071     1.2436     0.3091    4.78366     174771         11  0.000e+00
     18.525    10.5326    10.5312   3.843504   3.843610     2.2071     1.2314     0.3091    4.78361     174772         11  0.000e+00
     18.557    10.5323    10.5312   3.843523   3.843624     2.2059     1.2436     0.3068    4.78023     174773         11  0.000e+00
     18.612    10.5325    10.5311   3.843517   3.843610     2.2083     1.2192     0.3091    4.78709     174774         11  0.000e+00
     18.557    10.5324    10.5309   3.843485   3.843576     2.2071     1.2314     0.3091    4.78365     174775         11  0.000e+00
     18.494    10.5326    10.5311   3.843491   3.843610     2.2071     1.2192     0.3091    4.78359     174776         11  0.000e+00
     18.557    10.5325    10.5309   3.843504   3.843590     2.2083     1.2192     0.3091    4.78706     174777         11  0.000e+00
     18.557    10.5326    10.5311   3.843427   3.843610     2.2083     1.2436     0.3091    4.78707     174778         11  0.000e+00
     18.439    10.5324    10.5309   3.843452   3.843576     2.2083     1.2192     0.3080    4.78701     174779         11  0.000e+00
     18.494    10.5325    10.5309   3.843446   3.843556     2.2083     1.2192     0.3091    4.78703     174780         11  0.000e+00
     18.470    10.5325    10.5312   3.843485   3.843576     2.2083     1.2192     0.3091    4.78701     174781         11  0.000e+00
     18.494    10.5322    10.5321   3.843427   3.843644     2.2083     1.2192     0.3103    4.78706     174782         11  0.000e+00
     18.439    10.5323    10.5319   3.843478   3.843644     2.2083     1.2192     0.3114    4.78700     174783         11  0.000e+00
     18.494    10.5323    10.5317   3.843485   3.843657     2.2083     1.2192     0.3114    4.78704     174784         11  0.000e+00
     18.376    10.5324    10.5317   3.843517   3.843610     2.2083     1.2192     0.3114    4.78695     174785         11  0.000e+00
     18.439    10.5325    10.5311   3.843491   3.843576     2.2083     1.2192     0.3114    4.78699     174786         11  0.000e+00
     18.376    10.5323    10.5312   3.843472   3.843623     2.2083     1.2070     0.3114    4.78697     174787         11  0.000e+00
     18.376    10.5326    10.5311   3.843472   3.843610     2.2083     1.2192     0.3114    4.78695     174788         11  0.000e+00
     18.439    10.5325    10.5309   3.843517   3.843610     2.2083     1.2070     0.3103    4.78698     174789         11  0.000e+00
     17.907    10.5339    10.5324   3.843568   3.843677     2.2083     1.3047     0.3091    4.78651     175119         12  0.000e+00
     17.907    10.5340    10.5326   3.843574   3.843657     2.2083     1.2558     0.3091    4.78650     175120         12  0.000e+00
     17.852    10.5339    10.5326   3.843549   3.843745     2.2083     1.2314     0.3091    4.78648     175121         12  0.000e+00
     17.852    10.5339    10.5327   3.843536   3.843677     2.2083     1.2314     0.3091    4.78648     175122         12  0.000e+00
     17.821    10.5339    10.5329   3.843536   3.843711     2.2083     1.2436     0.3091    4.78647     175123         12  0.000e+00
     17.789    10.5336    10.5324   3.843536   3.843725     2.2083     1.2436     0.3091    4.78647     175124         12  0.000e+00
     17.789    10.5338    10.5326   3.843587   3.843677     2.2083     1.2314     0.3091    4.78644     175125         12  0.000e+00
     17.962    10.5337    10.5327   3.843555   3.843745     2.2083     1.2436     0.3091    4.78656     175126         12  0.000e+00
     17.734    10.5338    10.5326   3.843536   3.843657     2.2083     1.2436     0.3103    4.78642     175127         12  0.000e+00
     17.789    10.5338    10.5326   3.843536   3.843745     2.2083     1.2436     0.3114    4.78645     175128         12  0.000e+00
     17.789    10.5336    10.5326   3.843561   3.843711     2.2083     1.2436     0.3114    4.78646     175129         12  0.000e+00
     17.734    10.5335    10.5326   3.843523   3.843643     2.2083     1.2436     0.3114    4.78645     175130         12  0.000e+00
     17.789    10.5335    10.5324   3.843555   3.843725     2.2083     1.2436     0.3114    4.78647     175131         12  0.000e+00
     17.734    10.5337    10.5327   3.843523   3.843643     2.2083     1.2436     0.3114    4.78643     175132         12  0.000e+00
     17.734    10.5335    10.5323   3.843555   3.843677     2.2083     1.2314     0.3114    4.78644     175133         12  0.000e+00
     17.702    10.5335    10.5326   3.843523   3.843691     2.2083     1.2436     0.3114    4.78643     175134         12  0.000e+00
     17.734    10.5334    10.5324   3.843555   3.843677     2.2083     1.2314     0.3114    4.78644     175135         12  0.000e+00
     17.734    10.5333    10.5324   3.843523   3.843643     2.2083     1.2436     0.3114    4.78646     175136         12  0.000e+00
     17.671    10.5333    10.5326   3.843523   3.843643     2.2083     1.2436     0.3114    4.78642     175137         12  0.000e+00
     17.671    10.5332    10.5326   3.843516   3.843657     2.2083     1.2436     0.3114    4.78643     175138         12  0.000e+00
     17.671    10.5335    10.5323   3.843523   3.843677     2.2083     1.2314     0.3114    4.78641     175139         12  0.000e+00
     17.671    10.5333    10.5324   3.843516   3.843677     2.2083     1.2314     0.3114    4.78642     175140         12  0.000e+00
     17.671    10.5329    10.5323   3.843523   3.843691     2.2083     1.2436     0.3114    4.78645     175141         12  0.000e+00
     17.671    10.5333    10.5321   3.843491   3.843677     2.2083     1.2436     0.3114    4.78643     175142         12  0.000e+00
     17.671    10.5331    10.5324   3.843549   3.843643     2.2083     1.2436     0.3103    4.78643     175143         12  0.000e+00
     17.671    10.5331    10.5319   3.843523   3.843610     2.2083     1.2680     0.3103    4.78643     175144         12  0.000e+00
     17.647    10.5332    10.5321   3.843504   3.843657     2.2083     1.2924     0.3114    4.78642     175145         12  0.000e+00
     17.671    10.5331    10.5320   3.843484   3.843643     2.2083     1.2924     0.3114    4.78644     175146         12  0.000e+00
     17.671    10.5331    10.5319   3.843516   3.843677     2.2083     1.2924     0.3114    4.78643     175147         12  0.000e+00
     17.671    10.5330    10.5323   3.843491   3.843623     2.2083     1.2924     0.3091    4.78645     175148         12  0.000e+00
     17.616    10.5329    10.5319   3.843516   3.843643     2.2083     1.2924     0.3091    4.78642     175149         12  0.000e+00
     17.671    10.5329    10.5319   3.843459   3.843643     2.2083     1.2924     0.3114    4.78647     175150         12  0.000e+00
     17.671    10.5330    10.5321   3.843510   3.843677     2.2083     1.2924     0.3137    4.78644     175151         12  0.000e+00
     17.671    10.5329    10.5323   3.843459   3.843623     2.2083     1.2924     0.3137    4.78647     175152         12  0.000e+00
     17.671    10.5329    10.5319   3.843484   3.843643     2.2083     1.2924     0.3114    4.78646     175153         12  0.000e+00
     17.671    10.5330    10.5321   3.843484   3.843643     2.2083     1.2924     0.3114    4.78645     175154         12  0.000e+00
     17.671    10.5331    10.5321   3.843516   3.843623     2.2071     1.2924     0.3114    4.78302     175155         12  0.000e+00
     17.647    10.5333    10.5319   3.843516   3.843677     2.2083     1.2924     0.3114    4.78641     175156         12  0.000e+00
     17.734    10.5330    10.5321   3.843504   3.843643     2.2083     1.2924     0.3114    4.78648     175157         12  0.000e+00
     17.671    10.5331    10.5319   3.843549   3.843643     2.2083     1.2924     0.3114    4.78642     175158         12  0.000e+00
     17.734    10.5331    10.5321   3.843523   3.843623     2.2071     1.2924     0.3114    4.78306     175159         12  0.000e+00
     17.671    10.5334    10.5321   3.843523   3.843677     2.2083     1.2924     0.3091    4.78641     175160         12  0.000e+00
     17.734    10.5329    10.5323   3.843516   3.843643     2.2083     1.2924     0.3114    4.78649     175161         12  0.000e+00
     17.734    10.5331    10.5319   3.843504   3.843657     2.2083     1.2924     0.3114    4.78648     175162         12  0.000e+00
     17.671    10.5330    10.5323   3.843523   3.843643     2.2083     1.2924     0.3091    4.78644     175163         12  0.000e+00
     17.789    10.5333    10.5323   3.843516   3.843644     2.2071     1.2924     0.3091    4.78308     175164         12  0.000e+00
     17.733    10.5333    10.5323   3.843504   3.843677     2.2071     1.2924     0.3091    4.78305     175165         12  0.000e+00
     17.788    10.5334    10.5323   3.843484   3.843691     2.2083     1.2924     0.3091    4.78650     175166         12  0.000e+00
     17.765    10.5336    10.5323   3.843542   3.843644     2.2083     1.2924     0.3091    4.78645     175167         12  0.000e+00
