Ship_data/Irminger/Irminger-1/ctd/process/kkn22104008_sv.cnv
* Sea-Bird SBE 9 Data File:
* FileName = C:\Data\ctd\KN22104008.hdr
* Software Version Seasave V 7.21k
* Temperature SN = 4195
* Conductivity SN = 2147
* Number of Bytes Per Scan = 40
* Number of Voltage Words = 5
* Number of Scans Averaged by the Deck Unit = 1
* NMEA Latitude = 59 14.19 N
* NMEA Longitude = 039 30.13 W
* NMEA UTC (Time) = Sep 16 2014 21:05:14
** KN221-04 Chief Scientist: Bob Weller
** OOI Irminger Sea Sept. 2014
** Station: 008
** Knudsen Depth: 3030
# nquan = 3
# nvalues = 2984                        
# units = specified
# name 0 = depSM: Depth [salt water, m]
# name 1 = svDM: Sound Velocity [Delgrosso, m/s]
# name 2 = flag: flag
# span 0 =      3.000,   2986.000       
# span 1 =    1470.34,    1507.00       
# span 2 = 0.0000e+00, 0.0000e+00       
# interval = meters: 1                  
# start_time = Sep 16 2014 21:05:14 [NMEA time, header]
# bad_flag = -9.990e-29
*END*
[from data line 1883]
   1886.000    1494.82 0.0000e+00
   1887.000    1494.83 0.0000e+00
   1888.000    1494.84 0.0000e+00
   1889.000    1494.86 0.0000e+00
   1890.000    1494.87 0.0000e+00
   1891.000    1494.89 0.0000e+00
   1892.000    1494.91 0.0000e+00
   1893.000    1494.93 0.0000e+00
   1894.000    1494.94 0.0000e+00
   1895.000    1494.96 0.0000e+00
   1896.000    1494.97 0.0000e+00
   1897.000    1494.98 0.0000e+00
   1898.000    1494.98 0.0000e+00
   1899.000    1495.00 0.0000e+00
   1900.000    1495.02 0.0000e+00
   1901.000    1495.04 0.0000e+00
   1902.000    1495.05 0.0000e+00
   1903.000    1495.07 0.0000e+00
   1904.000    1495.09 0.0000e+00
   1905.000    1495.10 0.0000e+00
   1906.000    1495.12 0.0000e+00
   1907.000    1495.13 0.0000e+00
   1908.000    1495.14 0.0000e+00
   1909.000    1495.15 0.0000e+00
   1910.000    1495.17 0.0000e+00
   1911.000    1495.18 0.0000e+00
   1912.000    1495.19 0.0000e+00
   1913.000    1495.21 0.0000e+00
   1914.000    1495.22 0.0000e+00
   1915.000    1495.23 0.0000e+00
   1916.000    1495.25 0.0000e+00
   1917.000    1495.27 0.0000e+00
   1918.000    1495.30 0.0000e+00
   1919.000    1495.33 0.0000e+00
   1920.000    1495.36 0.0000e+00
   1921.000    1495.38 0.0000e+00
   1922.000    1495.40 0.0000e+00
   1923.000    1495.42 0.0000e+00
   1924.000    1495.44 0.0000e+00
   1925.000    1495.45 0.0000e+00
   1926.000    1495.46 0.0000e+00
   1927.000    1495.49 0.0000e+00
   1928.000    1495.50 0.0000e+00
   1929.000    1495.51 0.0000e+00
   1930.000    1495.53 0.0000e+00
   1931.000    1495.54 0.0000e+00
   1932.000    1495.56 0.0000e+00
   1933.000    1495.58 0.0000e+00
   1934.000    1495.59 0.0000e+00
   1935.000    1495.61 0.0000e+00
   1936.000    1495.62 0.0000e+00
   1937.000    1495.64 0.0000e+00
   1938.000    1495.67 0.0000e+00
   1939.000    1495.70 0.0000e+00
   1940.000    1495.72 0.0000e+00
   1941.000    1495.73 0.0000e+00
   1942.000    1495.74 0.0000e+00
   1943.000    1495.76 0.0000e+00
   1944.000    1495.77 0.0000e+00
   1945.000    1495.79 0.0000e+00
   1946.000    1495.80 0.0000e+00
   1947.000    1495.82 0.0000e+00
   1948.000    1495.83 0.0000e+00
   1949.000    1495.84 0.0000e+00
   1950.000    1495.85 0.0000e+00
   1951.000    1495.86 0.0000e+00
   1952.000    1495.87 0.0000e+00
   1953.000    1495.88 0.0000e+00
   1954.000    1495.88 0.0000e+00
   1955.000    1495.90 0.0000e+00
   1956.000    1495.91 0.0000e+00
   1957.000    1495.93 0.0000e+00
   1958.000    1495.95 0.0000e+00
   1959.000    1495.96 0.0000e+00
   1960.000    1495.97 0.0000e+00
   1961.000    1495.99 0.0000e+00
   1962.000    1496.00 0.0000e+00
   1963.000    1496.01 0.0000e+00
   1964.000    1496.02 0.0000e+00
   1965.000    1496.02 0.0000e+00
   1966.000    1496.04 0.0000e+00
   1967.000    1496.08 0.0000e+00
   1968.000    1496.10 0.0000e+00
   1969.000    1496.11 0.0000e+00
   1970.000    1496.13 0.0000e+00
   1971.000    1496.15 0.0000e+00
   1972.000    1496.16 0.0000e+00
   1973.000    1496.16 0.0000e+00
   1974.000    1496.16 0.0000e+00
   1975.000    1496.17 0.0000e+00
   1976.000    1496.18 0.0000e+00
   1977.000    1496.19 0.0000e+00
   1978.000    1496.20 0.0000e+00
   1979.000    1496.20 0.0000e+00
   1980.000    1496.19 0.0000e+00
   1981.000    1496.20 0.0000e+00
   1982.000    1496.21 0.0000e+00
   1983.000    1496.27 0.0000e+00
   1984.000    1496.30 0.0000e+00
   1985.000    1496.30 0.0000e+00
   1986.000    1496.29 0.0000e+00
   1987.000    1496.27 0.0000e+00
   1988.000    1496.28 0.0000e+00
   1989.000    1496.30 0.0000e+00
   1990.000    1496.32 0.0000e+00
   1991.000    1496.34 0.0000e+00
   1992.000    1496.36 0.0000e+00
   1993.000    1496.38 0.0000e+00
   1994.000    1496.38 0.0000e+00
   1995.000    1496.40 0.0000e+00
   1996.000    1496.42 0.0000e+00
   1997.000    1496.43 0.0000e+00
   1998.000    1496.45 0.0000e+00
   1999.000    1496.47 0.0000e+00
   2000.000    1496.48 0.0000e+00
   2001.000    1496.50 0.0000e+00
   2002.000    1496.51 0.0000e+00
   2003.000    1496.52 0.0000e+00
   2004.000    1496.53 0.0000e+00
   2005.000    1496.55 0.0000e+00
   2006.000    1496.56 0.0000e+00
   2007.000    1496.58 0.0000e+00
   2008.000    1496.59 0.0000e+00
   2009.000    1496.60 0.0000e+00
   2010.000    1496.60 0.0000e+00
   2011.000    1496.63 0.0000e+00
   2012.000    1496.65 0.0000e+00
   2013.000    1496.67 0.0000e+00
   2014.000    1496.69 0.0000e+00
   2015.000    1496.71 0.0000e+00
   2016.000    1496.72 0.0000e+00
   2017.000    1496.74 0.0000e+00
   2018.000    1496.75 0.0000e+00
   2019.000    1496.77 0.0000e+00
   2020.000    1496.78 0.0000e+00
   2021.000    1496.78 0.0000e+00
   2022.000    1496.80 0.0000e+00
   2023.000    1496.81 0.0000e+00
   2024.000    1496.82 0.0000e+00
   2025.000    1496.83 0.0000e+00
   2026.000    1496.84 0.0000e+00
   2027.000    1496.86 0.0000e+00
   2028.000    1496.88 0.0000e+00
   2029.000    1496.89 0.0000e+00
   2030.000    1496.90 0.0000e+00
   2031.000    1496.91 0.0000e+00
   2032.000    1496.92 0.0000e+00
   2033.000    1496.93 0.0000e+00
   2034.000    1496.94 0.0000e+00
   2035.000    1496.95 0.0000e+00
   2036.000    1496.96 0.0000e+00
   2037.000    1496.97 0.0000e+00
   2038.000    1496.98 0.0000e+00
   2039.000    1496.99 0.0000e+00
   2040.000    1497.01 0.0000e+00
   2041.000    1497.01 0.0000e+00
   2042.000    1497.03 0.0000e+00
   2043.000    1497.04 0.0000e+00
   2044.000    1497.06 0.0000e+00
   2045.000    1497.08 0.0000e+00
   2046.000    1497.08 0.0000e+00
   2047.000    1497.09 0.0000e+00
   2048.000    1497.10 0.0000e+00
   2049.000    1497.11 0.0000e+00
   2050.000    1497.12 0.0000e+00
   2051.000    1497.14 0.0000e+00
   2052.000    1497.15 0.0000e+00
   2053.000    1497.16 0.0000e+00
   2054.000    1497.18 0.0000e+00
   2055.000    1497.19 0.0000e+00
   2056.000    1497.21 0.0000e+00
   2057.000    1497.22 0.0000e+00
   2058.000    1497.23 0.0000e+00
   2059.000    1497.25 0.0000e+00
   2060.000    1497.26 0.0000e+00
   2061.000    1497.28 0.0000e+00
   2062.000    1497.29 0.0000e+00
   2063.000    1497.31 0.0000e+00
   2064.000    1497.33 0.0000e+00
   2065.000    1497.35 0.0000e+00
   2066.000    1497.36 0.0000e+00
   2067.000    1497.37 0.0000e+00
   2068.000    1497.38 0.0000e+00
   2069.000    1497.39 0.0000e+00
   2070.000    1497.41 0.0000e+00
   2071.000    1497.42 0.0000e+00
   2072.000    1497.44 0.0000e+00
   2073.000    1497.45 0.0000e+00
   2074.000    1497.47 0.0000e+00
   2075.000    1497.49 0.0000e+00
   2076.000    1497.51 0.0000e+00
   2077.000    1497.52 0.0000e+00
   2078.000    1497.53 0.0000e+00
   2079.000    1497.55 0.0000e+00
   2080.000    1497.56 0.0000e+00
   2081.000    1497.57 0.0000e+00
   2082.000    1497.58 0.0000e+00
   2083.000    1497.60 0.0000e+00
   2084.000    1497.61 0.0000e+00
   2085.000    1497.62 0.0000e+00
   2086.000    1497.63 0.0000e+00
   2087.000    1497.65 0.0000e+00
   2088.000    1497.66 0.0000e+00
   2089.000    1497.68 0.0000e+00
   2090.000    1497.69 0.0000e+00
   2091.000    1497.71 0.0000e+00
   2092.000    1497.72 0.0000e+00
   2093.000    1497.73 0.0000e+00
   2094.000    1497.74 0.0000e+00
   2095.000    1497.75 0.0000e+00
   2096.000    1497.77 0.0000e+00
   2097.000    1497.78 0.0000e+00
   2098.000    1497.80 0.0000e+00
   2099.000    1497.81 0.0000e+00
   2100.000    1497.82 0.0000e+00
   2101.000    1497.84 0.0000e+00
   2102.000    1497.85 0.0000e+00
   2103.000    1497.87 0.0000e+00
   2104.000    1497.88 0.0000e+00
   2105.000    1497.88 0.0000e+00
   2106.000    1497.88 0.0000e+00
   2107.000    1497.89 0.0000e+00
   2108.000    1497.89 0.0000e+00
   2109.000    1497.89 0.0000e+00
   2110.000    1497.90 0.0000e+00
   2111.000    1497.91 0.0000e+00
   2112.000    1497.93 0.0000e+00
   2113.000    1497.93 0.0000e+00
   2114.000    1497.94 0.0000e+00
   2115.000    1497.94 0.0000e+00
   2116.000    1497.96 0.0000e+00
   2117.000    1497.97 0.0000e+00
   2118.000    1497.98 0.0000e+00
   2119.000    1497.99 0.0000e+00
   2120.000    1498.00 0.0000e+00
   2121.000    1498.02 0.0000e+00
   2122.000    1498.04 0.0000e+00
   2123.000    1498.05 0.0000e+00
   2124.000    1498.07 0.0000e+00
   2125.000    1498.08 0.0000e+00
   2126.000    1498.10 0.0000e+00
   2127.000    1498.12 0.0000e+00
   2128.000    1498.15 0.0000e+00
   2129.000    1498.17 0.0000e+00
   2130.000    1498.17 0.0000e+00
   2131.000    1498.17 0.0000e+00
   2132.000    1498.18 0.0000e+00
   2133.000    1498.19 0.0000e+00
   2134.000    1498.21 0.0000e+00
   2135.000    1498.22 0.0000e+00
   2136.000    1498.24 0.0000e+00
   2137.000    1498.25 0.0000e+00
   2138.000    1498.27 0.0000e+00
   2139.000    1498.29 0.0000e+00
   2140.000    1498.31 0.0000e+00
   2141.000    1498.32 0.0000e+00
   2142.000    1498.34 0.0000e+00
   2143.000    1498.36 0.0000e+00
   2144.000    1498.37 0.0000e+00
   2145.000    1498.39 0.0000e+00
   2146.000    1498.40 0.0000e+00
   2147.000    1498.42 0.0000e+00
   2148.000    1498.43 0.0000e+00
   2149.000    1498.45 0.0000e+00
   2150.000    1498.47 0.0000e+00
   2151.000    1498.48 0.0000e+00
   2152.000    1498.47 0.0000e+00
   2153.000    1498.48 0.0000e+00
   2154.000    1498.49 0.0000e+00
   2155.000    1498.50 0.0000e+00
   2156.000    1498.51 0.0000e+00
   2157.000    1498.50 0.0000e+00
   2158.000    1498.50 0.0000e+00
   2159.000    1498.49 0.0000e+00
   2160.000    1498.51 0.0000e+00
   2161.000    1498.52 0.0000e+00
   2162.000    1498.54 0.0000e+00
   2163.000    1498.56 0.0000e+00
   2164.000    1498.58 0.0000e+00
   2165.000    1498.59 0.0000e+00
   2166.000    1498.61 0.0000e+00
   2167.000    1498.63 0.0000e+00
   2168.000    1498.64 0.0000e+00
   2169.000    1498.66 0.0000e+00
   2170.000    1498.68 0.0000e+00
   2171.000    1498.70 0.0000e+00
   2172.000    1498.72 0.0000e+00
   2173.000    1498.74 0.0000e+00
   2174.000    1498.75 0.0000e+00
   2175.000    1498.77 0.0000e+00
   2176.000    1498.78 0.0000e+00
   2177.000    1498.81 0.0000e+00
   2178.000    1498.83 0.0000e+00
   2179.000    1498.85 0.0000e+00
   2180.000    1498.87 0.0000e+00
   2181.000    1498.88 0.0000e+00
   2182.000    1498.89 0.0000e+00
   2183.000    1498.91 0.0000e+00
   2184.000    1498.92 0.0000e+00
   2185.000    1498.91 0.0000e+00
   2186.000    1498.91 0.0000e+00
   2187.000    1498.91 0.0000e+00
   2188.000    1498.92 0.0000e+00
   2189.000    1498.95 0.0000e+00
   2190.000    1498.97 0.0000e+00
   2191.000    1498.99 0.0000e+00
   2192.000    1499.01 0.0000e+00
   2193.000    1499.01 0.0000e+00
   2194.000    1499.00 0.0000e+00
   2195.000    1499.01 0.0000e+00
   2196.000    1499.05 0.0000e+00
   2197.000    1499.07 0.0000e+00
   2198.000    1499.10 0.0000e+00
   2199.000    1499.14 0.0000e+00
   2200.000    1499.17 0.0000e+00
   2201.000    1499.17 0.0000e+00
   2202.000    1499.17 0.0000e+00
   2203.000    1499.18 0.0000e+00
   2204.000    1499.22 0.0000e+00
   2205.000    1499.22 0.0000e+00
   2206.000    1499.22 0.0000e+00
   2207.000    1499.24 0.0000e+00
   2208.000    1499.25 0.0000e+00
   2209.000    1499.27 0.0000e+00
   2210.000    1499.30 0.0000e+00
   2211.000    1499.33 0.0000e+00
   2212.000    1499.35 0.0000e+00
   2213.000    1499.36 0.0000e+00
   2214.000    1499.37 0.0000e+00
   2215.000    1499.38 0.0000e+00
   2216.000    1499.40 0.0000e+00
   2217.000    1499.43 0.0000e+00
   2218.000    1499.44 0.0000e+00
   2219.000    1499.46 0.0000e+00
   2220.000    1499.47 0.0000e+00
   2221.000    1499.49 0.0000e+00
   2222.000    1499.51 0.0000e+00
   2223.000    1499.52 0.0000e+00
   2224.000    1499.53 0.0000e+00
   2225.000    1499.53 0.0000e+00
   2226.000    1499.53 0.0000e+00
   2227.000    1499.54 0.0000e+00
   2228.000    1499.54 0.0000e+00
   2229.000    1499.53 0.0000e+00
   2230.000    1499.55 0.0000e+00
   2231.000    1499.56 0.0000e+00
   2232.000    1499.58 0.0000e+00
   2233.000    1499.59 0.0000e+00
   2234.000    1499.60 0.0000e+00
   2235.000    1499.61 0.0000e+00
   2236.000    1499.61 0.0000e+00
   2237.000    1499.61 0.0000e+00
   2238.000    1499.62 0.0000e+00
   2239.000    1499.62 0.0000e+00
   2240.000    1499.64 0.0000e+00
   2241.000    1499.65 0.0000e+00
   2242.000    1499.66 0.0000e+00
   2243.000    1499.68 0.0000e+00
   2244.000    1499.70 0.0000e+00
   2245.000    1499.71 0.0000e+00
   2246.000    1499.73 0.0000e+00
   2247.000    1499.75 0.0000e+00
   2248.000    1499.77 0.0000e+00
   2249.000    1499.78 0.0000e+00
   2250.000    1499.80 0.0000e+00
   2251.000    1499.81 0.0000e+00
   2252.000    1499.83 0.0000e+00
   2253.000    1499.85 0.0000e+00
   2254.000    1499.86 0.0000e+00
   2255.000    1499.88 0.0000e+00
   2256.000    1499.89 0.0000e+00
   2257.000    1499.91 0.0000e+00
   2258.000    1499.93 0.0000e+00
   2259.000    1499.94 0.0000e+00
   2260.000    1499.96 0.0000e+00
   2261.000    1499.97 0.0000e+00
   2262.000    1499.99 0.0000e+00
   2263.000    1499.99 0.0000e+00
   2264.000    1500.00 0.0000e+00
   2265.000    1500.01 0.0000e+00
   2266.000    1500.02 0.0000e+00
   2267.000    1500.03 0.0000e+00
   2268.000    1500.04 0.0000e+00
   2269.000    1500.06 0.0000e+00
   2270.000    1500.07 0.0000e+00
   2271.000    1500.09 0.0000e+00
   2272.000    1500.10 0.0000e+00
   2273.000    1500.12 0.0000e+00
   2274.000    1500.14 0.0000e+00
   2275.000    1500.16 0.0000e+00
   2276.000    1500.18 0.0000e+00
   2277.000    1500.20 0.0000e+00
   2278.000    1500.22 0.0000e+00
   2279.000    1500.23 0.0000e+00
   2280.000    1500.22 0.0000e+00
   2281.000    1500.24 0.0000e+00
   2282.000    1500.25 0.0000e+00
   2283.000    1500.27 0.0000e+00
   2284.000    1500.29 0.0000e+00
   2285.000    1500.29 0.0000e+00
   2286.000    1500.30 0.0000e+00
   2287.000    1500.30 0.0000e+00
   2288.000    1500.32 0.0000e+00
   2289.000    1500.33 0.0000e+00
   2290.000    1500.35 0.0000e+00
   2291.000    1500.37 0.0000e+00
   2292.000    1500.38 0.0000e+00
   2293.000    1500.40 0.0000e+00
   2294.000    1500.43 0.0000e+00
   2295.000    1500.51 0.0000e+00
   2296.000    1500.53 0.0000e+00
   2297.000    1500.55 0.0000e+00
   2298.000    1500.57 0.0000e+00
   2299.000    1500.58 0.0000e+00
   2300.000    1500.59 0.0000e+00
   2301.000    1500.60 0.0000e+00
   2302.000    1500.61 0.0000e+00
   2303.000    1500.62 0.0000e+00
   2304.000    1500.62 0.0000e+00
   2305.000    1500.63 0.0000e+00
   2306.000    1500.64 0.0000e+00
   2307.000    1500.66 0.0000e+00
   2308.000    1500.67 0.0000e+00
   2309.000    1500.69 0.0000e+00
   2310.000    1500.70 0.0000e+00
   2311.000    1500.72 0.0000e+00
   2312.000    1500.72 0.0000e+00
   2313.000    1500.74 0.0000e+00
   2314.000    1500.76 0.0000e+00
   2315.000    1500.77 0.0000e+00
   2316.000    1500.77 0.0000e+00
   2317.000    1500.79 0.0000e+00
   2318.000    1500.81 0.0000e+00
   2319.000    1500.83 0.0000e+00
   2320.000    1500.86 0.0000e+00
   2321.000    1500.89 0.0000e+00
   2322.000    1500.92 0.0000e+00
   2323.000    1500.93 0.0000e+00
   2324.000    1500.95 0.0000e+00
   2325.000    1500.97 0.0000e+00
   2326.000    1500.98 0.0000e+00
   2327.000    1500.99 0.0000e+00
   2328.000    1501.00 0.0000e+00
   2329.000    1501.00 0.0000e+00
   2330.000    1501.01 0.0000e+00
   2331.000    1501.02 0.0000e+00
   2332.000    1501.04 0.0000e+00
   2333.000    1501.07 0.0000e+00
   2334.000    1501.09 0.0000e+00
   2335.000    1501.10 0.0000e+00
   2336.000    1501.11 0.0000e+00
   2337.000    1501.12 0.0000e+00
   2338.000    1501.14 0.0000e+00
   2339.000    1501.15 0.0000e+00
   2340.000    1501.17 0.0000e+00
   2341.000    1501.18 0.0000e+00
   2342.000    1501.20 0.0000e+00
   2343.000    1501.22 0.0000e+00
   2344.000    1501.23 0.0000e+00
   2345.000    1501.23 0.0000e+00
   2346.000    1501.24 0.0000e+00
   2347.000    1501.28 0.0000e+00
   2348.000    1501.30 0.0000e+00
   2349.000    1501.31 0.0000e+00
   2350.000    1501.33 0.0000e+00
   2351.000    1501.35 0.0000e+00
   2352.000    1501.36 0.0000e+00
   2353.000    1501.38 0.0000e+00
   2354.000    1501.39 0.0000e+00
