Ship_data/Irminger/Irminger-1/ctd/process/ukn22104008.cnv
* Sea-Bird SBE 9 Data File:
* FileName = C:\Data\ctd\KN22104008.hdr
* Software Version Seasave V 7.21k
* Temperature SN = 4195
* Conductivity SN = 2147
* Number of Bytes Per Scan = 40
* Number of Voltage Words = 5
* Number of Scans Averaged by the Deck Unit = 1
* NMEA Latitude = 59 14.19 N
* NMEA Longitude = 039 30.13 W
* NMEA UTC (Time) = Sep 16 2014 21:05:14
** KN221-04 Chief Scientist: Bob Weller
** OOI Irminger Sea Sept. 2014
** Station: 008
** Knudsen Depth: 3030
# nquan = 19
# nvalues = 2985                        
# units = specified
# name 0 = prDM: Pressure, Digiquartz [db]
# name 1 = t090C: Temperature [ITS-90, deg C]
# name 2 = t190C: Temperature, 2 [ITS-90, deg C]
# name 3 = c0S/m: Conductivity [S/m]
# name 4 = c1S/m: Conductivity, 2 [S/m]
# name 5 = sbeox0V: Oxygen raw, SBE 43 [V]
# name 6 = flECO-AFL: Fluorescence, WET Labs ECO-AFL/FL [mg/m^3]
# name 7 = CStarAt0: Beam Attenuation, WET Labs C-Star [1/m]
# name 8 = sbeox0ML/L: Oxygen, SBE 43 [ml/l]
# name 9 = depSM: Depth [salt water, m], lat = 59.2365
# name 10 = sal00: Salinity, Practical [PSU]
# name 11 = sal11: Salinity, Practical, 2 [PSU]
# name 12 = svDM: Sound Velocity [Delgrosso, m/s]
# name 13 = sbeox0ML/L: Oxygen, SBE 43 [ml/l], WS = 2
# name 14 = density00: Density [density, Kg/m^3]
# name 15 = density11: Density, 2 [density, Kg/m^3]
# name 16 = dz/dtM: Descent Rate [m/s], WS = 2
# name 17 = oxsatML/L: Oxygen Saturation, Weiss [ml/l]
# name 18 = flag: flag
# span 0 =      1.009,   3034.922       
# span 1 =     1.2938,     7.7741       
# span 2 =     1.2944,     7.7740       
# span 3 =   3.134016,   3.581828       
# span 4 =   3.134336,   3.582099       
# span 5 =     1.4670,     2.1943       
# span 6 =     0.0091,     0.7236       
# span 7 =     0.0737,     0.2432       
# span 8 =    4.65382,    5.13144       
# span 9 =      1.000,   2985.000       
# span 10 =    34.7883,    34.9334      
# span 11 =    34.7746,    34.9360      
# span 12 =    1469.94,    1506.97      
# span 13 =    4.65371,    5.13139      
# span 14 =  1027.1556,  1041.8225      
# span 15 =  1027.1584,  1041.8250      
# span 16 =     -1.673,      0.005      
# span 17 =    6.65023,    7.78278      
# span 18 = 0.0000e+00, 0.0000e+00      
# interval = meters: 1                  
# start_time = Sep 16 2014 21:05:14 [NMEA time, header]
# bad_flag = -9.990e-29
*END*
[from data line 2972]
     13.123     7.7211     7.7205   3.577278   3.577500     2.1870     0.7107     0.2429    5.03915     13.000    34.7992    34.8022    1481.32    5.03893  1027.2175  1027.2200     -0.531    6.65835 0.0000e+00
     12.114     7.7298     7.7268   3.578061   3.578057     2.1870     0.6833     0.2432    5.03752     12.000    34.7995    34.8024    1481.33    5.03730  1027.2118  1027.2146     -0.493    6.65701 0.0000e+00
     11.104     7.7325     7.7354   3.578173   3.578816     2.1873     0.6930     0.2415    5.03742     11.000    34.7986    34.8026    1481.33    5.03720  1027.2062  1027.2089     -0.520    6.65665 0.0000e+00
     10.095     7.7419     7.7399   3.579045   3.579188     2.1883     0.6958     0.2417    5.03852     10.000    34.7990    34.8026    1481.35    5.03830  1027.2004  1027.2036     -0.503    6.65519 0.0000e+00
      9.085     7.7566     7.7503   3.580374   3.580134     2.1890     0.7016     0.2412    5.03827      9.000    34.7993    34.8029    1481.39    5.03805  1027.1938  1027.1976     -0.380    6.65295 0.0000e+00
      8.076     7.7590     7.7575   3.580581   3.580634     2.1901     0.6849     0.2408    5.04062      8.000    34.7995    34.8017    1481.38    5.04040  1027.1892  1027.1910     -0.722    6.65256 0.0000e+00
      7.066     7.7655     7.7642   3.581149   3.581317     2.1907     0.6938     0.2389    5.04101      7.000    34.7997    34.8028    1481.39    5.04079  1027.1837  1027.1864     -0.713    6.65156 0.0000e+00
      6.057     7.7710     7.7676   3.581615   3.581626     2.1914     0.6788     0.2388    5.04172      6.000    34.7998    34.8033    1481.39    5.04150  1027.1783  1027.1816     -0.324    6.65073 0.0000e+00
      5.047     7.7702     7.7696   3.581519   3.581786     2.1917     0.6922     0.2388    5.04207      5.000    34.8000    34.8035    1481.37    5.04184  1027.1740  1027.1769     -0.515    6.65083 0.0000e+00
      4.038     7.7694     7.7704   3.581404   3.581815     2.1914     0.6616     0.2385    5.04067      4.000    34.8001    34.8035    1481.35    5.04045  1027.1696  1027.1721     -0.227    6.65096 0.0000e+00
      3.028     7.7741     7.7729   3.581828   3.582052     2.1931     0.6940     0.2383    5.04448      3.000    34.8005    34.8040    1481.36    5.04425  1027.1646  1027.1676      0.005    6.65023 0.0000e+00
      2.019     7.7732     7.7740   3.581697   3.582099     2.1940     0.6942     0.2377    5.04648      2.000    34.8004    34.8040    1481.34    5.04626  1027.1602  1027.1627     -0.645    6.65036 0.0000e+00
      1.009     7.7729     7.7732   3.581641   3.582001     2.1943     0.6942     0.2378    5.04691      1.000    34.8006    34.8042    1481.32    5.04668  1027.1556  1027.1584     -0.427    6.65040 0.0000e+00
