Ship_data/Irminger/Irminger-1/ctd/process/ukn22104008.cnv
* Sea-Bird SBE 9 Data File:
* FileName = C:\Data\ctd\KN22104008.hdr
* Software Version Seasave V 7.21k
* Temperature SN = 4195
* Conductivity SN = 2147
* Number of Bytes Per Scan = 40
* Number of Voltage Words = 5
* Number of Scans Averaged by the Deck Unit = 1
* NMEA Latitude = 59 14.19 N
* NMEA Longitude = 039 30.13 W
* NMEA UTC (Time) = Sep 16 2014 21:05:14
** KN221-04 Chief Scientist: Bob Weller
** OOI Irminger Sea Sept. 2014
** Station: 008
** Knudsen Depth: 3030
# nquan = 19
# nvalues = 2985                        
# units = specified
# name 0 = prDM: Pressure, Digiquartz [db]
# name 1 = t090C: Temperature [ITS-90, deg C]
# name 2 = t190C: Temperature, 2 [ITS-90, deg C]
# name 3 = c0S/m: Conductivity [S/m]
# name 4 = c1S/m: Conductivity, 2 [S/m]
# name 5 = sbeox0V: Oxygen raw, SBE 43 [V]
# name 6 = flECO-AFL: Fluorescence, WET Labs ECO-AFL/FL [mg/m^3]
# name 7 = CStarAt0: Beam Attenuation, WET Labs C-Star [1/m]
# name 8 = sbeox0ML/L: Oxygen, SBE 43 [ml/l]
# name 9 = depSM: Depth [salt water, m], lat = 59.2365
# name 10 = sal00: Salinity, Practical [PSU]
# name 11 = sal11: Salinity, Practical, 2 [PSU]
# name 12 = svDM: Sound Velocity [Delgrosso, m/s]
# name 13 = sbeox0ML/L: Oxygen, SBE 43 [ml/l], WS = 2
# name 14 = density00: Density [density, Kg/m^3]
# name 15 = density11: Density, 2 [density, Kg/m^3]
# name 16 = dz/dtM: Descent Rate [m/s], WS = 2
# name 17 = oxsatML/L: Oxygen Saturation, Weiss [ml/l]
# name 18 = flag: flag
# span 0 =      1.009,   3034.922       
# span 1 =     1.2938,     7.7741       
# span 2 =     1.2944,     7.7740       
# span 3 =   3.134016,   3.581828       
# span 4 =   3.134336,   3.582099       
# span 5 =     1.4670,     2.1943       
# span 6 =     0.0091,     0.7236       
# span 7 =     0.0737,     0.2432       
# span 8 =    4.65382,    5.13144       
# span 9 =      1.000,   2985.000       
# span 10 =    34.7883,    34.9334      
# span 11 =    34.7746,    34.9360      
# span 12 =    1469.94,    1506.97      
# span 13 =    4.65371,    5.13139      
# span 14 =  1027.1556,  1041.8225      
# span 15 =  1027.1584,  1041.8250      
# span 16 =     -1.673,      0.005      
# span 17 =    6.65023,    7.78278      
# span 18 = 0.0000e+00, 0.0000e+00      
# interval = meters: 1                  
# start_time = Sep 16 2014 21:05:14 [NMEA time, header]
# bad_flag = -9.990e-29
*END*
[from data line 229]
   2800.577     2.5915     2.5910   3.241117   3.241362     1.4684     0.0414     0.0770    4.74979   2756.000    34.9164    34.9198    1506.66    4.74970  1040.6107  1040.6134     -1.010    7.52726 0.0000e+00
   2799.554     2.5931     2.5916   3.241242   3.241437     1.4685     0.0471     0.0770    4.74969   2755.000    34.9166    34.9206    1506.65    4.74960  1040.6061  1040.6094     -1.155    7.52693 0.0000e+00
   2798.531     2.5950     2.5951   3.241393   3.241688     1.4685     0.0470     0.0770    4.74896   2754.000    34.9170    34.9204    1506.64    4.74888  1040.6016  1040.6042     -1.205    7.52657 0.0000e+00
   2797.509     2.5977     2.5980   3.241612   3.241927     1.4689     0.0470     0.0769    4.74979   2753.000    34.9172    34.9206    1506.64    4.74971  1040.5967  1040.5994     -1.096    7.52603 0.0000e+00
   2796.486     2.6008     2.5998   3.241857   3.242089     1.4690     0.0499     0.0771    4.74898   2752.000    34.9173    34.9212    1506.63    4.74889  1040.5918  1040.5950     -0.875    7.52544 0.0000e+00
   2795.463     2.6018     2.6023   3.241885   3.242265     1.4690     0.0540     0.0767    4.74849   2751.000    34.9170    34.9211    1506.62    4.74841  1040.5869  1040.5901     -0.853    7.52526 0.0000e+00
   2794.440     2.6084     2.6076   3.242517   3.242681     1.4691     0.0414     0.0771    4.74729   2750.000    34.9182    34.9210    1506.63    4.74720  1040.5823  1040.5846     -1.073    7.52396 0.0000e+00
   2793.418     2.6123     2.6111   3.242860   3.243025     1.4690     0.0349     0.0770    4.74544   2749.000    34.9186    34.9219    1506.63    4.74535  1040.5774  1040.5802     -1.190    7.52319 0.0000e+00
   2792.395     2.6139     2.6154   3.242945   3.243372     1.4692     0.0361     0.0770    4.74560   2748.000    34.9184    34.9219    1506.62    4.74552  1040.5725  1040.5751     -1.158    7.52290 0.0000e+00
   2791.372     2.6184     2.6174   3.243353   3.243574     1.4692     0.0455     0.0769    4.74433   2747.000    34.9190    34.9227    1506.62    4.74425  1040.5679  1040.5709     -1.025    7.52202 0.0000e+00
   2790.349     2.6214     2.6188   3.243580   3.243662     1.4692     0.0349     0.0771    4.74331   2746.000    34.9190    34.9227    1506.62    4.74322  1040.5627  1040.5662     -0.932    7.52144 0.0000e+00
   2789.327     2.6226     2.6222   3.243661   3.243954     1.4692     0.0381     0.0769    4.74254   2745.000    34.9192    34.9232    1506.61    4.74246  1040.5582  1040.5614     -0.955    7.52121 0.0000e+00
   2788.304     2.6246     2.6238   3.243834   3.244076     1.4691     0.0471     0.0765    4.74139   2744.000    34.9196    34.9234    1506.60    4.74131  1040.5538  1040.5569     -1.012    7.52081 0.0000e+00
   2787.281     2.6257     2.6238   3.243890   3.244053     1.4690     0.0447     0.0767    4.73974   2743.000    34.9196    34.9236    1506.59    4.73965  1040.5491  1040.5525     -1.034    7.52059 0.0000e+00
   2786.258     2.6271     2.6270   3.244002   3.244312     1.4690     0.0371     0.0767    4.73930   2742.000    34.9199    34.9237    1506.58    4.73921  1040.5446  1040.5476     -1.051    7.52032 0.0000e+00
   2785.236     2.6282     2.6276   3.244064   3.244329     1.4688     0.0452     0.0768    4.73752   2741.000    34.9199    34.9238    1506.56    4.73743  1040.5399  1040.5431     -1.106    7.52010 0.0000e+00
   2784.213     2.6301     2.6297   3.244215   3.244490     1.4684     0.0355     0.0765    4.73470   2740.000    34.9202    34.9240    1506.56    4.73461  1040.5353  1040.5383     -1.145    7.51973 0.0000e+00
   2783.190     2.6317     2.6313   3.244307   3.244609     1.4685     0.0354     0.0760    4.73401   2739.000    34.9201    34.9242    1506.55    4.73392  1040.5304  1040.5337     -1.107    7.51943 0.0000e+00
   2782.167     2.6329     2.6330   3.244371   3.244724     1.4682     0.0348     0.0760    4.73175   2738.000    34.9201    34.9243    1506.53    4.73166  1040.5258  1040.5289     -0.955    7.51921 0.0000e+00
   2781.145     2.6322     2.6327   3.244325   3.244684     1.4681     0.0352     0.0763    4.73061   2737.000    34.9207    34.9245    1506.51    4.73052  1040.5219  1040.5247     -0.764    7.51931 0.0000e+00
   2780.122     2.6353     2.6325   3.244530   3.244637     1.4681     0.0457     0.0761    4.72991   2736.000    34.9204    34.9247    1506.51    4.72982  1040.5165  1040.5203     -0.907    7.51874 0.0000e+00
   2779.099     2.6404     2.6389   3.244988   3.245073     1.4680     0.0458     0.0769    4.72788   2735.000    34.9210    34.9236    1506.51    4.72779  1040.5117  1040.5139     -1.219    7.51775 0.0000e+00
   2778.077     2.6461     2.6472   3.245471   3.245766     1.4680     0.0246     0.0769    4.72650   2734.000    34.9212    34.9236    1506.52    4.72641  1040.5063  1040.5081     -1.356    7.51665 0.0000e+00
   2777.054     2.6497     2.6506   3.245775   3.246151     1.4679     0.0469     0.0763    4.72505   2733.000    34.9215    34.9251    1506.52    4.72497  1040.5016  1040.5043     -1.311    7.51595 0.0000e+00
   2776.031     2.6513     2.6524   3.245869   3.246299     1.4681     0.0470     0.0760    4.72482   2732.000    34.9214    34.9254    1506.51    4.72473  1040.4967  1040.4996     -1.098    7.51565 0.0000e+00
   2775.009     2.6519     2.6531   3.245912   3.246335     1.4681     0.0378     0.0760    4.72427   2731.000    34.9217    34.9256    1506.50    4.72419  1040.4924  1040.4951     -0.828    7.51552 0.0000e+00
   2773.986     2.6537     2.6538   3.246017   3.246388     1.4681     0.0552     0.0763    4.72345   2730.000    34.9216    34.9260    1506.49    4.72336  1040.4874  1040.4908     -0.871    7.51519 0.0000e+00
   2772.963     2.6560     2.6544   3.246208   3.246369     1.4680     0.0353     0.0761    4.72212   2729.000    34.9219    34.9255    1506.48    4.72203  1040.4828  1040.4858     -1.058    7.51473 0.0000e+00
   2771.941     2.6578     2.6559   3.246346   3.246501     1.4680     0.0354     0.0760    4.72125   2728.000    34.9222    34.9260    1506.47    4.72116  1040.4783  1040.4816     -1.097    7.51439 0.0000e+00
   2770.918     2.6581     2.6569   3.246362   3.246558     1.4680     0.0468     0.0761    4.72059   2727.000    34.9225    34.9261    1506.45    4.72050  1040.4739  1040.4769     -1.021    7.51431 0.0000e+00
   2769.895     2.6595     2.6591   3.246444   3.246694     1.4679     0.0461     0.0760    4.71931   2726.000    34.9224    34.9258    1506.44    4.71923  1040.4691  1040.4718     -0.985    7.51404 0.0000e+00
   2768.873     2.6613     2.6599   3.246552   3.246743     1.4677     0.0344     0.0760    4.71747   2725.000    34.9223    34.9260    1506.43    4.71739  1040.4642  1040.4673     -1.084    7.51372 0.0000e+00
   2767.850     2.6621     2.6613   3.246605   3.246840     1.4676     0.0468     0.0761    4.71628   2724.000    34.9226    34.9263    1506.42    4.71619  1040.4598  1040.4628     -1.174    7.51355 0.0000e+00
   2766.827     2.6631     2.6628   3.246663   3.246950     1.4674     0.0371     0.0766    4.71442   2723.000    34.9226    34.9264    1506.41    4.71434  1040.4551  1040.4581     -1.145    7.51335 0.0000e+00
   2765.805     2.6641     2.6632   3.246723   3.246973     1.4674     0.0438     0.0761    4.71370   2722.000    34.9229    34.9268    1506.39    4.71361  1040.4507  1040.4539     -0.979    7.51316 0.0000e+00
   2764.782     2.6641     2.6634   3.246686   3.246944     1.4674     0.0462     0.0764    4.71282   2721.000    34.9228    34.9267    1506.38    4.71274  1040.4460  1040.4492     -0.807    7.51315 0.0000e+00
   2763.760     2.6645     2.6634   3.246678   3.246928     1.4673     0.0348     0.0763    4.71166   2720.000    34.9228    34.9270    1506.36    4.71157  1040.4415  1040.4449     -0.898    7.51309 0.0000e+00
   2762.737     2.6672     2.6646   3.246887   3.246959     1.4675     0.0360     0.0760    4.71162   2719.000    34.9229    34.9266    1506.36    4.71154  1040.4366  1040.4398     -1.162    7.51256 0.0000e+00
   2761.714     2.6693     2.6680   3.247040   3.247200     1.4672     0.0467     0.0760    4.70950   2718.000    34.9230    34.9263    1506.35    4.70941  1040.4319  1040.4347     -1.313    7.51217 0.0000e+00
   2760.692     2.6702     2.6699   3.247101   3.247382     1.4670     0.0379     0.0760    4.70754   2717.000    34.9232    34.9269    1506.33    4.70745  1040.4274  1040.4303     -1.310    7.51197 0.0000e+00
   2759.669     2.6713     2.6704   3.247161   3.247392     1.4673     0.0412     0.0761    4.70806   2716.000    34.9232    34.9270    1506.32    4.70798  1040.4226  1040.4258     -1.154    7.51177 0.0000e+00
   2758.646     2.6715     2.6705   3.247143   3.247387     1.4673     0.0407     0.0761    4.70750   2715.000    34.9233    34.9272    1506.31    4.70742  1040.4182  1040.4214     -0.894    7.51173 0.0000e+00
   2757.624     2.6723     2.6709   3.247175   3.247386     1.4674     0.0434     0.0762    4.70724   2714.000    34.9233    34.9274    1506.29    4.70715  1040.4135  1040.4169     -0.797    7.51158 0.0000e+00
   2756.601     2.6721     2.6715   3.247119   3.247388     1.4672     0.0365     0.0760    4.70573   2713.000    34.9233    34.9272    1506.27    4.70565  1040.4091  1040.4121     -0.978    7.51161 0.0000e+00
   2755.579     2.6757     2.6745   3.247385   3.247572     1.4675     0.0348     0.0760    4.70621   2712.000    34.9232    34.9267    1506.27    4.70612  1040.4038  1040.4069     -1.061    7.51094 0.0000e+00
   2754.556     2.6764     2.6762   3.247411   3.247696     1.4674     0.0456     0.0768    4.70510   2711.000    34.9232    34.9268    1506.26    4.70501  1040.3993  1040.4021     -1.036    7.51081 0.0000e+00
   2753.533     2.6776     2.6771   3.247479   3.247746     1.4672     0.0268     0.0760    4.70327   2710.000    34.9232    34.9269    1506.24    4.70318  1040.3945  1040.3975     -1.007    7.51058 0.0000e+00
   2752.511     2.6778     2.6773   3.247453   3.247718     1.4677     0.0333     0.0760    4.70474   2709.000    34.9231    34.9269    1506.23    4.70465  1040.3899  1040.3929     -1.037    7.51054 0.0000e+00
   2751.488     2.6802     2.6788   3.247626   3.247814     1.4678     0.0449     0.0761    4.70444   2708.000    34.9231    34.9269    1506.22    4.70435  1040.3850  1040.3882     -1.081    7.51009 0.0000e+00
   2750.466     2.6833     2.6819   3.247853   3.248049     1.4680     0.0295     0.0760    4.70453   2707.000    34.9231    34.9269    1506.22    4.70445  1040.3799  1040.3832     -1.107    7.50950 0.0000e+00
   2749.443     2.6859     2.6845   3.248071   3.248236     1.4677     0.0378     0.0760    4.70219   2706.000    34.9234    34.9269    1506.21    4.70210  1040.3754  1040.3783     -1.101    7.50900 0.0000e+00
   2748.420     2.6887     2.6858   3.248256   3.248301     1.4681     0.0411     0.0759    4.70294   2705.000    34.9232    34.9268    1506.21    4.70285  1040.3701  1040.3734     -1.078    7.50849 0.0000e+00
   2747.398     2.6893     2.6879   3.248307   3.248443     1.4681     0.0287     0.0760    4.70215   2704.000    34.9236    34.9267    1506.19    4.70206  1040.3658  1040.3685     -1.078    7.50835 0.0000e+00
   2746.375     2.6931     2.6911   3.248622   3.248731     1.4682     0.0337     0.0759    4.70129   2703.000    34.9238    34.9272    1506.19    4.70120  1040.3610  1040.3639     -1.065    7.50762 0.0000e+00
   2745.353     2.6923     2.6918   3.248513   3.248804     1.4683     0.0463     0.0760    4.70124   2702.000    34.9239    34.9279    1506.17    4.70116  1040.3566  1040.3597     -0.949    7.50777 0.0000e+00
   2744.330     2.6936     2.6908   3.248608   3.248698     1.4683     0.0470     0.0760    4.70089   2701.000    34.9241    34.9281    1506.16    4.70080  1040.3521  1040.3556     -0.744    7.50751 0.0000e+00
   2743.308     2.6961     2.6924   3.248804   3.248801     1.4683     0.0373     0.0760    4.69970   2700.000    34.9242    34.9281    1506.15    4.69962  1040.3472  1040.3508     -0.834    7.50702 0.0000e+00
   2742.285     2.6993     2.6964   3.249054   3.249039     1.4685     0.0475     0.0760    4.69969   2699.000    34.9243    34.9272    1506.15    4.69960  1040.3422  1040.3450     -1.144    7.50641 0.0000e+00
   2741.263     2.7001     2.6982   3.249090   3.249215     1.4683     0.0470     0.0760    4.69794   2698.000    34.9244    34.9278    1506.14    4.69786  1040.3376  1040.3406     -1.310    7.50627 0.0000e+00
   2740.240     2.7015     2.7003   3.249171   3.249366     1.4688     0.0306     0.0759    4.69947   2697.000    34.9244    34.9279    1506.12    4.69938  1040.3329  1040.3359     -1.341    7.50601 0.0000e+00
   2739.218     2.7026     2.7023   3.249236   3.249501     1.4688     0.0267     0.0760    4.69848   2696.000    34.9244    34.9279    1506.11    4.69840  1040.3282  1040.3309     -1.252    7.50578 0.0000e+00
   2738.195     2.7047     2.7036   3.249389   3.249632     1.4688     0.0389     0.0762    4.69790   2695.000    34.9244    34.9285    1506.10    4.69781  1040.3234  1040.3268     -1.055    7.50538 0.0000e+00
   2737.173     2.7044     2.7031   3.249368   3.249547     1.4689     0.0466     0.0758    4.69750   2694.000    34.9250    34.9285    1506.09    4.69741  1040.3193  1040.3223     -0.805    7.50541 0.0000e+00
   2736.150     2.7065     2.7056   3.249504   3.249730     1.4688     0.0470     0.0760    4.69645   2693.000    34.9249    34.9286    1506.08    4.69637  1040.3145  1040.3175     -0.859    7.50503 0.0000e+00
   2735.128     2.7073     2.7053   3.249500   3.249654     1.4687     0.0375     0.0760    4.69487   2692.000    34.9245    34.9285    1506.06    4.69478  1040.3094  1040.3129     -1.168    7.50490 0.0000e+00
   2734.105     2.7089     2.7074   3.249592   3.249783     1.4689     0.0420     0.0760    4.69546   2691.000    34.9244    34.9282    1506.05    4.69537  1040.3046  1040.3079     -1.329    7.50460 0.0000e+00
   2733.083     2.7090     2.7084   3.249571   3.249837     1.4689     0.0445     0.0760    4.69479   2690.000    34.9245    34.9283    1506.04    4.69470  1040.3002  1040.3032     -1.269    7.50458 0.0000e+00
   2732.060     2.7092     2.7084   3.249532   3.249817     1.4690     0.0379     0.0760    4.69452   2689.000    34.9243    34.9285    1506.02    4.69444  1040.2954  1040.2988     -0.972    7.50455 0.0000e+00
   2731.038     2.7092     2.7086   3.249516   3.249787     1.4694     0.0475     0.0760    4.69554   2688.000    34.9245    34.9284    1506.00    4.69545  1040.2911  1040.2942     -0.664    7.50453 0.0000e+00
   2730.015     2.7096     2.7089   3.249486   3.249749     1.4694     0.0372     0.0758    4.69497   2687.000    34.9242    34.9281    1505.99    4.69488  1040.2863  1040.2894     -1.000    7.50448 0.0000e+00
   2728.993     2.7104     2.7088   3.249483   3.249696     1.4695     0.0347     0.0760    4.69478   2686.000    34.9239    34.9281    1505.97    4.69469  1040.2814  1040.2849     -1.267    7.50435 0.0000e+00
   2727.970     2.7109     2.7100   3.249498   3.249740     1.4695     0.0411     0.0759    4.69408   2685.000    34.9239    34.9278    1505.96    4.69399  1040.2767  1040.2800     -1.295    7.50424 0.0000e+00
   2726.948     2.7114     2.7104   3.249517   3.249735     1.4695     0.0435     0.0758    4.69340   2684.000    34.9240    34.9278    1505.94    4.69331  1040.2723  1040.2754     -1.142    7.50413 0.0000e+00
   2725.926     2.7115     2.7110   3.249485   3.249759     1.4696     0.0400     0.0760    4.69319   2683.000    34.9240    34.9278    1505.92    4.69310  1040.2678  1040.2708     -0.882    7.50412 0.0000e+00
   2724.903     2.7122     2.7112   3.249500   3.249743     1.4697     0.0473     0.0755    4.69316   2682.000    34.9240    34.9279    1505.91    4.69307  1040.2631  1040.2662     -0.848    7.50400 0.0000e+00
