Ship_data/Irminger/Irminger-1/ctd/process/ukn22104008.cnv
* Sea-Bird SBE 9 Data File:
* FileName = C:\Data\ctd\KN22104008.hdr
* Software Version Seasave V 7.21k
* Temperature SN = 4195
* Conductivity SN = 2147
* Number of Bytes Per Scan = 40
* Number of Voltage Words = 5
* Number of Scans Averaged by the Deck Unit = 1
* NMEA Latitude = 59 14.19 N
* NMEA Longitude = 039 30.13 W
* NMEA UTC (Time) = Sep 16 2014 21:05:14
** KN221-04 Chief Scientist: Bob Weller
** OOI Irminger Sea Sept. 2014
** Station: 008
** Knudsen Depth: 3030
# nquan = 19
# nvalues = 2985                        
# units = specified
# name 0 = prDM: Pressure, Digiquartz [db]
# name 1 = t090C: Temperature [ITS-90, deg C]
# name 2 = t190C: Temperature, 2 [ITS-90, deg C]
# name 3 = c0S/m: Conductivity [S/m]
# name 4 = c1S/m: Conductivity, 2 [S/m]
# name 5 = sbeox0V: Oxygen raw, SBE 43 [V]
# name 6 = flECO-AFL: Fluorescence, WET Labs ECO-AFL/FL [mg/m^3]
# name 7 = CStarAt0: Beam Attenuation, WET Labs C-Star [1/m]
# name 8 = sbeox0ML/L: Oxygen, SBE 43 [ml/l]
# name 9 = depSM: Depth [salt water, m], lat = 59.2365
# name 10 = sal00: Salinity, Practical [PSU]
# name 11 = sal11: Salinity, Practical, 2 [PSU]
# name 12 = svDM: Sound Velocity [Delgrosso, m/s]
# name 13 = sbeox0ML/L: Oxygen, SBE 43 [ml/l], WS = 2
# name 14 = density00: Density [density, Kg/m^3]
# name 15 = density11: Density, 2 [density, Kg/m^3]
# name 16 = dz/dtM: Descent Rate [m/s], WS = 2
# name 17 = oxsatML/L: Oxygen Saturation, Weiss [ml/l]
# name 18 = flag: flag
# span 0 =      1.009,   3034.922       
# span 1 =     1.2938,     7.7741       
# span 2 =     1.2944,     7.7740       
# span 3 =   3.134016,   3.581828       
# span 4 =   3.134336,   3.582099       
# span 5 =     1.4670,     2.1943       
# span 6 =     0.0091,     0.7236       
# span 7 =     0.0737,     0.2432       
# span 8 =    4.65382,    5.13144       
# span 9 =      1.000,   2985.000       
# span 10 =    34.7883,    34.9334      
# span 11 =    34.7746,    34.9360      
# span 12 =    1469.94,    1506.97      
# span 13 =    4.65371,    5.13139      
# span 14 =  1027.1556,  1041.8225      
# span 15 =  1027.1584,  1041.8250      
# span 16 =     -1.673,      0.005      
# span 17 =    6.65023,    7.78278      
# span 18 = 0.0000e+00, 0.0000e+00      
# interval = meters: 1                  
# start_time = Sep 16 2014 21:05:14 [NMEA time, header]
# bad_flag = -9.990e-29
*END*
[from data line 1677]
   1324.570     3.7095     3.7095   3.281166   3.281408     1.6929     0.0470     0.0767    4.67553   1308.000    34.9186    34.9215    1486.77    4.67542  1033.8427  1033.8450     -1.167    7.31982 0.0000e+00
   1323.554     3.7105     3.7103   3.281200   3.281418     1.6933     0.0355     0.0770    4.67623   1307.000    34.9185    34.9213    1486.76    4.67611  1033.8379  1033.8401     -1.024    7.31965 0.0000e+00
   1322.538     3.7104     3.7100   3.281146   3.281352     1.6935     0.0464     0.0770    4.67632   1306.000    34.9186    34.9214    1486.74    4.67621  1033.8333  1033.8356     -0.886    7.31968 0.0000e+00
   1321.522     3.7106     3.7097   3.281111   3.281283     1.6939     0.0352     0.0765    4.67752   1305.000    34.9184    34.9214    1486.73    4.67740  1033.8285  1033.8311     -0.827    7.31964 0.0000e+00
   1320.506     3.7105     3.7098   3.281061   3.281248     1.6941     0.0304     0.0765    4.67768   1304.000    34.9184    34.9213    1486.71    4.67757  1033.8240  1033.8263     -0.856    7.31966 0.0000e+00
   1319.491     3.7106     3.7099   3.281029   3.281204     1.6941     0.0292     0.0767    4.67703   1303.000    34.9184    34.9212    1486.70    4.67692  1033.8193  1033.8217     -0.921    7.31963 0.0000e+00
   1318.475     3.7105     3.7099   3.280972   3.281166     1.6944     0.0423     0.0761    4.67737   1302.000    34.9184    34.9213    1486.68    4.67726  1033.8147  1033.8171     -0.961    7.31966 0.0000e+00
   1317.459     3.7105     3.7099   3.280922   3.281115     1.6944     0.0404     0.0766    4.67687   1301.000    34.9183    34.9212    1486.66    4.67676  1033.8101  1033.8124     -1.109    7.31966 0.0000e+00
   1316.443     3.7105     3.7100   3.280869   3.281061     1.6943     0.0347     0.0766    4.67567   1300.000    34.9181    34.9210    1486.64    4.67556  1033.8053  1033.8076     -1.318    7.31966 0.0000e+00
   1315.427     3.7105     3.7099   3.280821   3.281020     1.6948     0.0348     0.0761    4.67730   1299.000    34.9181    34.9211    1486.63    4.67718  1033.8007  1033.8031     -1.449    7.31967 0.0000e+00
   1314.411     3.7106     3.7099   3.280786   3.280975     1.6951     0.0465     0.0770    4.67787   1298.000    34.9181    34.9211    1486.61    4.67775  1033.7960  1033.7985     -1.451    7.31966 0.0000e+00
   1313.396     3.7105     3.7099   3.280737   3.280926     1.6953     0.0470     0.0769    4.67781   1297.000    34.9182    34.9210    1486.59    4.67770  1033.7915  1033.7938     -1.274    7.31968 0.0000e+00
   1312.380     3.7103     3.7098   3.280689   3.280889     1.6954     0.0344     0.0763    4.67770   1296.000    34.9183    34.9212    1486.58    4.67759  1033.7870  1033.7893     -0.795    7.31970 0.0000e+00
   1311.364     3.7104     3.7098   3.280649   3.280835     1.6955     0.0391     0.0760    4.67738   1295.000    34.9182    34.9211    1486.56    4.67727  1033.7823  1033.7847     -0.546    7.31969 0.0000e+00
   1310.348     3.7105     3.7098   3.280592   3.280790     1.6956     0.0391     0.0766    4.67741   1294.000    34.9179    34.9210    1486.54    4.67729  1033.7775  1033.7800     -1.071    7.31968 0.0000e+00
   1309.333     3.7105     3.7099   3.280558   3.280739     1.6959     0.0348     0.0763    4.67779   1293.000    34.9181    34.9209    1486.53    4.67768  1033.7731  1033.7753     -1.295    7.31968 0.0000e+00
   1308.317     3.7106     3.7100   3.280520   3.280716     1.6959     0.0348     0.0768    4.67727   1292.000    34.9180    34.9210    1486.51    4.67716  1033.7683  1033.7708     -1.330    7.31966 0.0000e+00
   1307.301     3.7107     3.7102   3.280494   3.280691     1.6965     0.0348     0.0767    4.67893   1291.000    34.9180    34.9210    1486.49    4.67882  1033.7638  1033.7661     -1.156    7.31963 0.0000e+00
   1306.285     3.7107     3.7102   3.280460   3.280656     1.6965     0.0380     0.0766    4.67811   1290.000    34.9182    34.9211    1486.48    4.67799  1033.7593  1033.7616     -0.782    7.31963 0.0000e+00
   1305.269     3.7108     3.7104   3.280412   3.280619     1.6964     0.0420     0.0770    4.67741   1289.000    34.9180    34.9209    1486.46    4.67730  1033.7545  1033.7568     -0.845    7.31962 0.0000e+00
   1304.254     3.7112     3.7105   3.280394   3.280580     1.6965     0.0348     0.0764    4.67704   1288.000    34.9179    34.9208    1486.45    4.67693  1033.7498  1033.7521     -1.221    7.31955 0.0000e+00
   1303.238     3.7113     3.7108   3.280374   3.280557     1.6969     0.0362     0.0763    4.67778   1287.000    34.9181    34.9208    1486.43    4.67767  1033.7452  1033.7474     -1.372    7.31953 0.0000e+00
   1302.222     3.7110     3.7101   3.280270   3.280434     1.6969     0.0470     0.0769    4.67723   1286.000    34.9176    34.9206    1486.41    4.67711  1033.7404  1033.7428     -1.355    7.31960 0.0000e+00
   1301.206     3.7104     3.7093   3.280167   3.280308     1.6973     0.0383     0.0768    4.67823   1285.000    34.9175    34.9204    1486.39    4.67811  1033.7357  1033.7382     -1.150    7.31971 0.0000e+00
   1300.191     3.7100     3.7093   3.280080   3.280233     1.6976     0.0337     0.0768    4.67877   1284.000    34.9174    34.9200    1486.37    4.67866  1033.7311  1033.7333     -0.760    7.31979 0.0000e+00
   1299.175     3.7101     3.7099   3.280016   3.280218     1.6977     0.0227     0.0771    4.67886   1283.000    34.9172    34.9197    1486.36    4.67875  1033.7263  1033.7283     -0.856    7.31979 0.0000e+00
   1298.159     3.7110     3.7105   3.280010   3.280203     1.6979     0.0251     0.0770    4.67883   1282.000    34.9166    34.9195    1486.34    4.67872  1033.7211  1033.7234     -1.148    7.31965 0.0000e+00
   1297.143     3.7119     3.7116   3.280034   3.280244     1.6980     0.0348     0.0765    4.67850   1281.000    34.9165    34.9193    1486.33    4.67839  1033.7163  1033.7185     -1.171    7.31950 0.0000e+00
   1296.128     3.7125     3.7124   3.280047   3.280261     1.6984     0.0348     0.0769    4.67946   1280.000    34.9165    34.9192    1486.32    4.67935  1033.7115  1033.7137     -1.012    7.31939 0.0000e+00
   1295.112     3.7130     3.7126   3.280041   3.280234     1.6987     0.0348     0.0766    4.67989   1279.000    34.9164    34.9191    1486.30    4.67978  1033.7069  1033.7091     -0.867    7.31931 0.0000e+00
   1294.096     3.7132     3.7127   3.280012   3.280206     1.6989     0.0383     0.0766    4.68006   1278.000    34.9164    34.9192    1486.28    4.67994  1033.7021  1033.7045     -0.953    7.31927 0.0000e+00
   1293.081     3.7134     3.7133   3.279983   3.280215     1.6991     0.0443     0.0762    4.68004   1277.000    34.9163    34.9192    1486.27    4.67993  1033.6975  1033.6998     -1.050    7.31924 0.0000e+00
   1292.065     3.7137     3.7136   3.279980   3.280204     1.6992     0.0349     0.0769    4.67978   1276.000    34.9165    34.9192    1486.25    4.67967  1033.6930  1033.6952     -1.042    7.31918 0.0000e+00
   1291.049     3.7139     3.7135   3.279950   3.280167     1.7000     0.0399     0.0764    4.68209   1275.000    34.9164    34.9194    1486.24    4.68198  1033.6882  1033.6907     -1.019    7.31914 0.0000e+00
   1290.033     3.7140     3.7137   3.279916   3.280130     1.7002     0.0556     0.0766    4.68223   1274.000    34.9165    34.9193    1486.22    4.68212  1033.6837  1033.6860     -1.043    7.31913 0.0000e+00
   1289.018     3.7144     3.7137   3.279892   3.280078     1.7002     0.0375     0.0761    4.68155   1273.000    34.9162    34.9192    1486.21    4.68143  1033.6788  1033.6813     -1.087    7.31906 0.0000e+00
   1288.002     3.7148     3.7146   3.279905   3.280121     1.7003     0.0470     0.0762    4.68132   1272.000    34.9164    34.9193    1486.19    4.68121  1033.6743  1033.6766     -1.093    7.31897 0.0000e+00
   1286.986     3.7154     3.7154   3.279915   3.280132     1.7004     0.0361     0.0767    4.68127   1271.000    34.9165    34.9191    1486.18    4.68116  1033.6697  1033.6718     -0.978    7.31887 0.0000e+00
   1285.971     3.7169     3.7180   3.279991   3.280313     1.7008     0.0357     0.0767    4.68196   1270.000    34.9163    34.9190    1486.17    4.68184  1033.6648  1033.6667     -0.878    7.31860 0.0000e+00
   1284.955     3.7198     3.7202   3.280190   3.280462     1.7012     0.0354     0.0766    4.68227   1269.000    34.9161    34.9188    1486.16    4.68216  1033.6595  1033.6617     -1.057    7.31809 0.0000e+00
   1283.939     3.7209     3.7228   3.280265   3.280636     1.7013     0.0348     0.0774    4.68210   1268.000    34.9164    34.9187    1486.15    4.68199  1033.6550  1033.6566     -1.191    7.31788 0.0000e+00
   1282.924     3.7235     3.7248   3.280436   3.280780     1.7014     0.0348     0.0768    4.68135   1267.000    34.9161    34.9188    1486.14    4.68124  1033.6499  1033.6519     -1.100    7.31742 0.0000e+00
   1281.908     3.7254     3.7256   3.280535   3.280804     1.7016     0.0348     0.0776    4.68151   1266.000    34.9158    34.9188    1486.13    4.68139  1033.6449  1033.6471     -0.824    7.31709 0.0000e+00
   1280.892     3.7258     3.7265   3.280528   3.280822     1.7023     0.0357     0.0764    4.68360   1265.000    34.9158    34.9185    1486.12    4.68348  1033.6401  1033.6422     -0.800    7.31702 0.0000e+00
   1279.877     3.7281     3.7281   3.280672   3.280913     1.7028     0.0354     0.0764    4.68437   1264.000    34.9156    34.9185    1486.11    4.68426  1033.6351  1033.6373     -1.129    7.31662 0.0000e+00
   1278.861     3.7289     3.7288   3.280696   3.280933     1.7034     0.0348     0.0765    4.68618   1263.000    34.9156    34.9184    1486.10    4.68606  1033.6304  1033.6326     -1.291    7.31647 0.0000e+00
   1277.845     3.7293     3.7290   3.280682   3.280910     1.7038     0.0348     0.0766    4.68696   1262.000    34.9154    34.9185    1486.08    4.68685  1033.6256  1033.6281     -1.283    7.31640 0.0000e+00
   1276.830     3.7293     3.7291   3.280658   3.280876     1.7037     0.0455     0.0767    4.68616   1261.000    34.9157    34.9185    1486.07    4.68604  1033.6212  1033.6234     -1.108    7.31640 0.0000e+00
   1275.814     3.7294     3.7291   3.280632   3.280837     1.7040     0.0470     0.0764    4.68639   1260.000    34.9158    34.9185    1486.05    4.68627  1033.6166  1033.6189     -0.768    7.31637 0.0000e+00
   1274.799     3.7297     3.7291   3.280599   3.280794     1.7046     0.0427     0.0766    4.68818   1259.000    34.9156    34.9185    1486.04    4.68807  1033.6118  1033.6141     -0.756    7.31633 0.0000e+00
   1273.783     3.7302     3.7296   3.280593   3.280782     1.7050     0.0347     0.0771    4.68915   1258.000    34.9155    34.9184    1486.02    4.68903  1033.6071  1033.6094     -1.000    7.31624 0.0000e+00
   1272.767     3.7302     3.7299   3.280557   3.280761     1.7050     0.0348     0.0767    4.68849   1257.000    34.9155    34.9183    1486.00    4.68837  1033.6025  1033.6047     -1.163    7.31623 0.0000e+00
   1271.752     3.7311     3.7310   3.280566   3.280807     1.7051     0.0348     0.0769    4.68830   1256.000    34.9153    34.9182    1485.99    4.68819  1033.5975  1033.5999     -1.276    7.31609 0.0000e+00
   1270.736     3.7317     3.7311   3.280587   3.280785     1.7054     0.0348     0.0775    4.68857   1255.000    34.9154    34.9183    1485.98    4.68846  1033.5930  1033.5953     -1.317    7.31598 0.0000e+00
   1269.720     3.7317     3.7312   3.280548   3.280742     1.7055     0.0361     0.0769    4.68841   1254.000    34.9154    34.9183    1485.96    4.68830  1033.5883  1033.5907     -1.228    7.31597 0.0000e+00
   1268.705     3.7324     3.7318   3.280566   3.280753     1.7058     0.0358     0.0768    4.68873   1253.000    34.9154    34.9182    1485.95    4.68862  1033.5836  1033.5859     -1.010    7.31585 0.0000e+00
   1267.689     3.7323     3.7319   3.280542   3.280718     1.7061     0.0348     0.0769    4.68935   1252.000    34.9157    34.9182    1485.93    4.68924  1033.5793  1033.5813     -0.803    7.31585 0.0000e+00
   1266.674     3.7330     3.7319   3.280537   3.280674     1.7062     0.0348     0.0769    4.68909   1251.000    34.9154    34.9182    1485.92    4.68898  1033.5743  1033.5768     -0.800    7.31573 0.0000e+00
   1265.658     3.7347     3.7340   3.280623   3.280796     1.7064     0.0348     0.0761    4.68901   1250.000    34.9152    34.9180    1485.91    4.68890  1033.5693  1033.5717     -0.907    7.31544 0.0000e+00
   1264.643     3.7347     3.7342   3.280585   3.280778     1.7064     0.0348     0.0765    4.68836   1249.000    34.9152    34.9180    1485.89    4.68825  1033.5647  1033.5670     -1.024    7.31544 0.0000e+00
   1263.627     3.7353     3.7347   3.280580   3.280779     1.7067     0.0377     0.0766    4.68871   1248.000    34.9151    34.9180    1485.87    4.68860  1033.5599  1033.5624     -1.162    7.31534 0.0000e+00
   1262.611     3.7357     3.7351   3.280573   3.280759     1.7068     0.0469     0.0765    4.68871   1247.000    34.9150    34.9179    1485.86    4.68859  1033.5553  1033.5576     -1.268    7.31526 0.0000e+00
   1261.596     3.7361     3.7355   3.280551   3.280746     1.7074     0.0246     0.0764    4.69030   1246.000    34.9149    34.9178    1485.84    4.69019  1033.5505  1033.5529     -1.255    7.31520 0.0000e+00
   1260.580     3.7362     3.7354   3.280514   3.280709     1.7074     0.0391     0.0770    4.68945   1245.000    34.9149    34.9180    1485.83    4.68933  1033.5459  1033.5483     -1.045    7.31519 0.0000e+00
   1259.565     3.7360     3.7353   3.280465   3.280643     1.7074     0.0461     0.0768    4.68918   1244.000    34.9150    34.9178    1485.81    4.68906  1033.5414  1033.5437     -0.719    7.31521 0.0000e+00
   1258.549     3.7364     3.7356   3.280432   3.280608     1.7077     0.0223     0.0768    4.68967   1243.000    34.9146    34.9177    1485.79    4.68956  1033.5364  1033.5389     -0.850    7.31515 0.0000e+00
   1257.534     3.7366     3.7359   3.280396   3.280583     1.7083     0.0268     0.0774    4.69119   1242.000    34.9145    34.9175    1485.78    4.69107  1033.5317  1033.5342     -1.029    7.31512 0.0000e+00
   1256.518     3.7365     3.7360   3.280332   3.280526     1.7083     0.0386     0.0768    4.69075   1241.000    34.9144    34.9173    1485.76    4.69063  1033.5270  1033.5293     -1.109    7.31515 0.0000e+00
   1255.503     3.7366     3.7360   3.280264   3.280449     1.7087     0.0463     0.0768    4.69141   1240.000    34.9141    34.9169    1485.74    4.69130  1033.5221  1033.5244     -1.167    7.31516 0.0000e+00
   1254.487     3.7366     3.7359   3.280192   3.280385     1.7089     0.0347     0.0774    4.69159   1239.000    34.9137    34.9166    1485.73    4.69147  1033.5172  1033.5197     -1.215    7.31517 0.0000e+00
   1253.472     3.7370     3.7362   3.280121   3.280304     1.7095     0.0348     0.0768    4.69331   1238.000    34.9129    34.9159    1485.71    4.69319  1033.5120  1033.5144     -1.232    7.31514 0.0000e+00
   1252.456     3.7372     3.7365   3.280074   3.280263     1.7098     0.0354     0.0769    4.69398   1237.000    34.9127    34.9156    1485.70    4.69387  1033.5071  1033.5095     -1.181    7.31511 0.0000e+00
   1251.441     3.7374     3.7367   3.280039   3.280212     1.7099     0.0348     0.0765    4.69375   1236.000    34.9125    34.9154    1485.68    4.69364  1033.5023  1033.5048     -1.011    7.31508 0.0000e+00
   1250.425     3.7375     3.7366   3.280005   3.280170     1.7105     0.0432     0.0769    4.69550   1235.000    34.9126    34.9155    1485.66    4.69538  1033.4978  1033.5002     -0.719    7.31506 0.0000e+00
   1249.410     3.7381     3.7367   3.279995   3.280143     1.7111     0.0382     0.0765    4.69686   1234.000    34.9123    34.9155    1485.65    4.69675  1033.4928  1033.4956     -0.712    7.31496 0.0000e+00
