Ship_data/Irminger/Irminger-3/ctd/process/ar0701008.ros
* Sea-Bird SBE 9 Data File:
* FileName = D:\Data\ar0701008.hdr
* Software Version Seasave V 7.23.2
* Temperature SN = 4406
* Conductivity SN = 3042
* Number of Bytes Per Scan = 44
* Number of Voltage Words = 5
* Number of Scans Averaged by the Deck Unit = 1
* NMEA Latitude = 59 46.17 N
* NMEA Longitude = 039 51.52 W
* NMEA UTC (Time) = Jul 12 2016  19:23:48
** Site Irminger Flanking mooring A
** G. Tupper Tupper
** Station # 008
** Old and new
# nquan = 16
# nvalues = 588                                   
# units = specified
# name 0 = prDM: Pressure, Digiquartz [db]
# name 1 = t090C: Temperature [ITS-90, deg C]
# name 2 = t190C: Temperature, 2 [ITS-90, deg C]
# name 3 = c0S/m: Conductivity [S/m]
# name 4 = c1S/m: Conductivity, 2 [S/m]
# name 5 = sbeox0V: Oxygen raw, SBE 43 [V]
# name 6 = flECO-AFL: Fluorescence, WET Labs ECO-AFL/FL [mg/m^3]
# name 7 = turbWETntu0: Turbidity, WET Labs ECO [NTU]
# name 8 = CStarAt0: Beam Attenuation, WET Labs C-Star [1/m]
# name 9 = CStarTr0: Beam Transmission, WET Labs C-Star [%]
# name 10 = sal00: Salinity, Practical [PSU]
# name 11 = spar: SPAR/Surface Irradiance
# name 12 = par: PAR/Irradiance, Biospherical/Licor
# name 13 = scan: Scan Count
# name 14 = nbf: Bottles Fired
# name 15 = flag:  0.000e+00
# interval = seconds: 0.0416667
# start_time = Jul 12 2016 19:27:28 [NMEA time, first data scan]
# bad_flag = -9.990e-29
*END*
[from data line 452]
     91.478     4.0531     4.0537   3.257599   3.257339     3.0292     0.0348     0.9261     0.1407    96.5429    34.9197 3.3211e+02 9.5400e-02     164144         10  0.000e+00
     91.384     4.0532     4.0533   3.257587   3.257306     3.0292     0.0348     0.9261     0.1407    96.5429    34.9195 3.3211e+02 9.5400e-02     164145         10  0.000e+00
     91.415     4.0533     4.0533   3.257587   3.257311     3.0292     0.0348     0.9322     0.1418    96.5162    34.9194 3.3211e+02 9.5400e-02     164146         10  0.000e+00
     91.383     4.0533     4.0533   3.257569   3.257306     3.0292     0.0348     0.9261     0.1429    96.4895    34.9192 3.3020e+02 9.5400e-02     164147         10  0.000e+00
     91.360     4.0530     4.0532   3.257575   3.257311     3.0304     0.0348     0.9261     0.1429    96.4895    34.9195 3.3211e+02 9.5400e-02     164148         10  0.000e+00
     91.202     4.0531     4.0532   3.257569   3.257311     3.0292     0.0348     0.9261     0.1418    96.5162    34.9195 3.3211e+02 9.5400e-02     164149         10  0.000e+00
     91.533     4.0530     4.0532   3.257539   3.257333     3.0292     0.0348     0.9261     0.1418    96.5162    34.9190 3.3211e+02 9.5400e-02     164150         10  0.000e+00
     91.360     4.0531     4.0532   3.257527   3.257284     3.0292     0.0348     0.9261     0.1418    96.5162    34.9189 3.3211e+02 9.5400e-02     164151         10  0.000e+00
     91.320     4.0532     4.0533   3.257527   3.257311     3.0304     0.0348     0.9261     0.1418    96.5162    34.9188 3.3211e+02 9.5400e-02     164152         10  0.000e+00
     91.360     4.0529     4.0532   3.257539   3.257306     3.0292     0.0348     0.9322     0.1441    96.4628    34.9192 3.3211e+02 9.5400e-02     164153         10  0.000e+00
     91.320     4.0529     4.0533   3.257575   3.257284     3.0292     0.0348     0.9322     0.1452    96.4361    34.9197 3.3211e+02 9.5400e-02     164154         10  0.000e+00
     91.305     4.0531     4.0532   3.257569   3.257333     3.0292     0.0348     0.9322     0.1452    96.4361    34.9194 3.3211e+02 9.5400e-02     164155         10  0.000e+00
     91.305     4.0529     4.0532   3.257575   3.257284     3.0292     0.0348     0.9322     0.1441    96.4628    34.9197 3.3211e+02 9.5400e-02     164156         10  0.000e+00
     91.265     4.0532     4.0532   3.257569   3.257311     3.0292     0.0348     0.9322     0.1441    96.4628    34.9193 3.3211e+02 9.5400e-02     164157         10  0.000e+00
     91.305     4.0531     4.0532   3.257557   3.257273     3.0292     0.0348     0.9322     0.1441    96.4628    34.9193 3.3211e+02 9.5400e-02     164158         10  0.000e+00
     91.265     4.0529     4.0530   3.257557   3.257311     3.0292     0.0348     0.9322     0.1441    96.4628    34.9195 3.3402e+02 9.5400e-02     164159         10  0.000e+00
     91.305     4.0531     4.0532   3.257539   3.257306     3.0292     0.0348     0.9322     0.1429    96.4895    34.9191 3.3211e+02 9.5400e-02     164160         10  0.000e+00
     91.242     4.0529     4.0532   3.257569   3.257284     3.0292     0.0348     0.9322     0.1418    96.5162    34.9197 3.3211e+02 9.5400e-02     164161         10  0.000e+00
     91.265     4.0531     4.0532   3.257569   3.257311     3.0292     0.0348     0.9322     0.1418    96.5162    34.9195 3.3211e+02 9.5400e-02     164162         10  0.000e+00
     91.242     4.0530     4.0530   3.257539   3.257273     3.0292     0.0348     0.9322     0.1407    96.5429    34.9192 3.3211e+02 9.5400e-02     164163         10  0.000e+00
     91.202     4.0531     4.0529   3.257527   3.257162     3.0292     0.0348     0.9322     0.1407    96.5429    34.9190 3.3211e+02 9.5400e-02     164164         10  0.000e+00
     91.186     4.0530     4.0530   3.257527   3.257273     3.0304     0.0348     0.9322     0.1407    96.5429    34.9191 3.3211e+02 9.5400e-02     164165         10  0.000e+00
     91.242     4.0529     4.0530   3.257539   3.257311     3.0304     0.0348     0.9322     0.1407    96.5429    34.9193 3.3211e+02 9.5400e-02     164166         10  0.000e+00
     91.202     4.0529     4.0529   3.257533   3.257250     3.0304     0.0348     0.9322     0.1418    96.5162    34.9192 3.3211e+02 9.5400e-02     164167         10  0.000e+00
     91.186     4.0532     4.0527   3.257569   3.257245     3.0292     0.0348     0.9322     0.1429    96.4895    34.9194 3.3211e+02 9.5400e-02     164168         10  0.000e+00
     91.147     4.0529     4.0525   3.257587   3.257284     3.0292     0.0348     0.9322     0.1418    96.5162    34.9199 3.3211e+02 9.5400e-02     164169         10  0.000e+00
     91.186     4.0530     4.0527   3.257569   3.257245     3.0292     0.0348     0.9322     0.1429    96.4895    34.9196 3.3211e+02 9.5400e-02     164170         10  0.000e+00
     91.123     4.0531     4.0524   3.257575   3.257223     3.0292     0.0348     0.9322     0.1429    96.4895    34.9196 3.3211e+02 9.5400e-02     164171         10  0.000e+00
     91.202     4.0529     4.0525   3.257545   3.257250     3.0292     0.0348     0.9322     0.1441    96.4628    34.9194 3.3211e+02 9.5400e-02     164172         10  0.000e+00
     91.123     4.0529     4.0527   3.257545   3.257245     3.0292     0.0348     0.9322     0.1441    96.4628    34.9194 3.3211e+02 9.5400e-02     164173         10  0.000e+00
     91.147     4.0530     4.0524   3.257575   3.257195     3.0292     0.0348     0.9322     0.1441    96.4628    34.9196 3.3211e+02 9.5400e-02     164174         10  0.000e+00
     91.123     4.0529     4.0525   3.257569   3.257245     3.0292     0.0348     0.9322     0.1452    96.4361    34.9197 3.3211e+02 9.5400e-02     164175         10  0.000e+00
     91.123     4.0531     4.0524   3.257515   3.257223     3.0292     0.0348     0.9322     0.1463    96.4093    34.9189 3.3211e+02 9.5400e-02     164176         10  0.000e+00
     91.147     4.0529     4.0524   3.257480   3.257223     3.0292     0.0470     0.9444     0.1452    96.4361    34.9187 3.3211e+02 9.5400e-02     164177         10  0.000e+00
     91.068     4.0531     4.0524   3.257503   3.257245     3.0292     0.0470     0.9505     0.1452    96.4361    34.9188 3.3211e+02 9.5400e-02     164178         10  0.000e+00
     91.147     4.0528     4.0524   3.257521   3.257223     3.0292     0.0470     0.9566     0.1441    96.4628    34.9193 3.3211e+02 9.5400e-02     164179         10  0.000e+00
     91.123     4.0529     4.0525   3.257527   3.257245     3.0292     0.0470     0.9505     0.1429    96.4895    34.9192 3.3020e+02 9.5400e-02     164180         10  0.000e+00
     91.029     4.0529     4.0525   3.257527   3.257195     3.0292     0.0470     0.9505     0.1429    96.4895    34.9193 3.3211e+02 9.5400e-02     164181         10  0.000e+00
     60.636     4.1753     4.1733   3.266572   3.266170     3.0545     0.0592     0.9261     0.1529    96.2491    34.9131 3.2448e+02 9.5400e-02     168451         11  0.000e+00
     60.581     4.1750     4.1734   3.266590   3.266204     3.0557     0.0592     0.9261     0.1529    96.2491    34.9136 3.2639e+02 9.5400e-02     168452         11  0.000e+00
     60.699     4.1749     4.1733   3.266590   3.266259     3.0533     0.0592     0.9261     0.1529    96.2491    34.9136 3.2639e+02 9.5400e-02     168453         11  0.000e+00
     60.636     4.1751     4.1728   3.266626   3.266231     3.0533     0.0592     0.9261     0.1529    96.2491    34.9138 3.2448e+02 9.5400e-02     168454         11  0.000e+00
     60.580     4.1750     4.1730   3.266590   3.266231     3.0533     0.0592     0.9261     0.1518    96.2758    34.9136 3.2639e+02 9.5400e-02     168455         11  0.000e+00
     60.580     4.1748     4.1729   3.266578   3.266204     3.0533     0.0592     0.9261     0.1507    96.3025    34.9136 3.2639e+02 9.5400e-02     168456         11  0.000e+00
     60.636     4.1748     4.1733   3.266566   3.266231     3.0545     0.0592     0.9261     0.1518    96.2758    34.9134 3.2448e+02 9.5400e-02     168457         11  0.000e+00
     60.580     4.1748     4.1734   3.266554   3.266231     3.0545     0.0592     0.9261     0.1529    96.2491    34.9134 3.2448e+02 9.5400e-02     168458         11  0.000e+00
     60.580     4.1747     4.1738   3.266560   3.266231     3.0533     0.0592     0.9261     0.1529    96.2491    34.9136 3.2639e+02 9.5400e-02     168459         11  0.000e+00
     60.636     4.1748     4.1739   3.266602   3.266259     3.0533     0.0592     0.9261     0.1529    96.2491    34.9139 3.2639e+02 9.5400e-02     168460         11  0.000e+00
     60.580     4.1748     4.1738   3.266548   3.266231     3.0533     0.0592     0.9322     0.1518    96.2758    34.9133 3.2639e+02 9.5400e-02     168461         11  0.000e+00
     60.517     4.1745     4.1734   3.266578   3.266292     3.0533     0.0592     0.9261     0.1507    96.3025    34.9140 3.2639e+02 9.5400e-02     168462         11  0.000e+00
     60.635     4.1745     4.1737   3.266608   3.266259     3.0533     0.0592     0.9261     0.1507    96.3025    34.9143 3.2639e+02 9.5400e-02     168463         11  0.000e+00
     60.517     4.1745     4.1736   3.266572   3.266259     3.0533     0.0592     0.9261     0.1496    96.3292    34.9139 3.2639e+02 9.5400e-02     168464         11  0.000e+00
     60.580     4.1743     4.1736   3.266542   3.266259     3.0533     0.0592     0.9261     0.1507    96.3025    34.9137 3.2639e+02 9.5400e-02     168465         11  0.000e+00
     60.580     4.1742     4.1738   3.266614   3.266259     3.0533     0.0592     0.9261     0.1507    96.3025    34.9147 3.2639e+02 9.5400e-02     168466         11  0.000e+00
     60.580     4.1745     4.1743   3.266578   3.266292     3.0533     0.0592     0.9261     0.1507    96.3025    34.9140 3.2639e+02 9.5400e-02     168467         11  0.000e+00
     60.517     4.1743     4.1741   3.266542   3.266231     3.0545     0.0592     0.9261     0.1507    96.3025    34.9137 3.2639e+02 9.5400e-02     168468         11  0.000e+00
     60.580     4.1742     4.1741   3.266572   3.266259     3.0533     0.0592     0.9261     0.1507    96.3025    34.9142 3.2639e+02 9.5400e-02     168469         11  0.000e+00
     60.462     4.1743     4.1741   3.266566   3.266319     3.0533     0.0592     0.9322     0.1507    96.3025    34.9141 3.2639e+02 9.5400e-02     168470         11  0.000e+00
     60.698     4.1743     4.1744   3.266560   3.266259     3.0533     0.0592     0.9261     0.1507    96.3025    34.9139 3.2639e+02 9.5400e-02     168471         11  0.000e+00
     60.517     4.1742     4.1746   3.266578   3.266319     3.0533     0.0592     0.9261     0.1507    96.3025    34.9143 3.2639e+02 9.5400e-02     168472         11  0.000e+00
     60.580     4.1742     4.1743   3.266602   3.266292     3.0533     0.0592     0.9261     0.1507    96.3025    34.9146 3.2829e+02 9.5400e-02     168473         11  0.000e+00
     60.580     4.1745     4.1738   3.266536   3.266319     3.0545     0.0592     0.9261     0.1507    96.3025    34.9135 3.2639e+02 9.5400e-02     168474         11  0.000e+00
     60.580     4.1745     4.1739   3.266542   3.266319     3.0545     0.0592     0.9261     0.1507    96.3025    34.9135 3.2829e+02 9.5400e-02     168475         11  0.000e+00
     60.580     4.1745     4.1743   3.266596   3.266319     3.0545     0.0592     0.9261     0.1518    96.2758    34.9142 3.2829e+02 9.5400e-02     168476         11  0.000e+00
     60.580     4.1745     4.1743   3.266560   3.266347     3.0545     0.0592     0.9261     0.1507    96.3025    34.9138 3.2829e+02 9.5400e-02     168477         11  0.000e+00
     60.580     4.1743     4.1743   3.266548   3.266347     3.0545     0.0592     0.9322     0.1507    96.3025    34.9138 3.2639e+02 9.5400e-02     168478         11  0.000e+00
     60.635     4.1743     4.1743   3.266572   3.266319     3.0533     0.0592     0.9261     0.1507    96.3025    34.9140 3.2829e+02 9.5400e-02     168479         11  0.000e+00
     60.580     4.1743     4.1744   3.266572   3.266347     3.0533     0.0592     0.9261     0.1507    96.3025    34.9141 3.2829e+02 9.5400e-02     168480         11  0.000e+00
     60.580     4.1743     4.1745   3.266620   3.266319     3.0545     0.0592     0.9261     0.1507    96.3025    34.9146 3.2639e+02 9.5400e-02     168481         11  0.000e+00
     60.635     4.1740     4.1748   3.266554   3.266319     3.0533     0.0592     0.9261     0.1507    96.3025    34.9142 3.2829e+02 9.5400e-02     168482         11  0.000e+00
     60.635     4.1738     4.1749   3.266531   3.266380     3.0533     0.0592     0.9261     0.1507    96.3025    34.9141 3.2639e+02 9.5400e-02     168483         11  0.000e+00
     60.580     4.1740     4.1752   3.266531   3.266347     3.0533     0.0592     0.9261     0.1529    96.2491    34.9139 3.2829e+02 9.5400e-02     168484         11  0.000e+00
     60.635     4.1742     4.1754   3.266525   3.266380     3.0533     0.0592     0.9322     0.1574    96.1422    34.9136 3.2829e+02 9.5400e-02     168485         11  0.000e+00
     60.635     4.1737     4.1748   3.266489   3.266380     3.0533     0.0592     0.9261     0.1607    96.0621    34.9137 3.2639e+02 9.5400e-02     168486         11  0.000e+00
     60.635     4.1735     4.1743   3.266531   3.266380     3.0533     0.0592     0.9322     0.1596    96.0888    34.9144 3.2829e+02 9.5400e-02     168487         11  0.000e+00
     60.635     4.1738     4.1733   3.266554   3.266319     3.0533     0.0592     0.9322     0.1596    96.0888    34.9143 3.2829e+02 9.5400e-02     168488         11  0.000e+00
     60.635     4.1740     4.1731   3.266560   3.266259     3.0533     0.0592     0.9261     0.1585    96.1155    34.9142 3.2829e+02 9.5400e-02     168489         11  0.000e+00
     60.698     4.1743     4.1729   3.266578   3.266231     3.0533     0.0592     0.9261     0.1563    96.1689    34.9141 3.2829e+02 9.5400e-02     168490         11  0.000e+00
     60.698     4.1745     4.1727   3.266602   3.266231     3.0533     0.0592     0.9322     0.1551    96.1957    34.9142 3.2829e+02 9.5400e-02     168491         11  0.000e+00
     60.635     4.1747     4.1724   3.266560   3.266170     3.0533     0.0592     0.9322     0.1540    96.2224    34.9135 3.2829e+02 9.5400e-02     168492         11  0.000e+00
     60.753     4.1745     4.1723   3.266590   3.266143     3.0533     0.0592     0.9261     0.1540    96.2224    34.9140 3.2829e+02 9.5400e-02     168493         11  0.000e+00
     60.698     4.1743     4.1719   3.266572   3.266170     3.0533     0.0592     0.9322     0.1540    96.2224    34.9140 3.3020e+02 9.5400e-02     168494         11  0.000e+00
     60.635     4.1742     4.1722   3.266519   3.266170     3.0533     0.0592     0.9261     0.1540    96.2224    34.9136 3.3020e+02 9.5400e-02     168495         11  0.000e+00
     60.816     4.1743     4.1723   3.266519   3.266143     3.0533     0.0592     0.9261     0.1551    96.1957    34.9133 3.2829e+02 9.5400e-02     168496         11  0.000e+00
     60.698     4.1742     4.1730   3.266566   3.266170     3.0533     0.0592     0.9322     0.1563    96.1689    34.9141 3.2829e+02 9.5400e-02     168497         11  0.000e+00
     60.816     4.1737     4.1728   3.266507   3.266143     3.0533     0.0592     0.9322     0.1551    96.1957    34.9139 3.2829e+02 9.5400e-02     168498         11  0.000e+00
     60.753     4.1732     4.1730   3.266477   3.266204     3.0533     0.0592     0.9322     0.1540    96.2224    34.9140 3.2829e+02 9.5400e-02     168499         11  0.000e+00
     31.255     7.5110     7.4728   3.563306   3.559422     3.2605     0.9139     1.1519     0.3045    92.6697    34.8493 3.3211e+02 9.5400e-02     173488         12  0.000e+00
     31.223     7.5108     7.4738   3.563319   3.559467     3.2605     0.9139     1.1580     0.3045    92.6697    34.8496 3.3402e+02 9.5400e-02     173489         12  0.000e+00
     31.318     7.5111     7.4742   3.563393   3.559616     3.2605     0.9139     1.1580     0.3045    92.6697    34.8501 3.3211e+02 9.5400e-02     173490         12  0.000e+00
