Ship_data/Irminger/Irminger-3/ctd/process/ar0701003.cnv
* Sea-Bird SBE 9 Data File:
* FileName = D:\Data\ar0701003.hdr
* Software Version Seasave V 7.23.2
* Temperature SN = 4406
* Conductivity SN = 3042
* Number of Bytes Per Scan = 44
* Number of Voltage Words = 5
* Number of Scans Averaged by the Deck Unit = 1
* NMEA Latitude = 51 58.27 N
* NMEA Longitude = 045 45.89 W
* NMEA UTC (Time) = Jul 06 2016  14:10:07
**  Release test
** Chief Scientist: George Tupper
** Station ID 003
# nquan = 19
# nvalues = 5006                        
# units = specified
# name 0 = prDM: Pressure, Digiquartz [db]
# name 1 = t090C: Temperature [ITS-90, deg C]
# name 2 = t190C: Temperature, 2 [ITS-90, deg C]
# name 3 = c0S/m: Conductivity [S/m]
# name 4 = c1S/m: Conductivity, 2 [S/m]
# name 5 = sbeox0V: Oxygen raw, SBE 43 [V]
# name 6 = flECO-AFL: Fluorescence, WET Labs ECO-AFL/FL [mg/m^3]
# name 7 = turbWETntu0: Turbidity, WET Labs ECO [NTU]
# name 8 = CStarAt0: Beam Attenuation, WET Labs C-Star [1/m]
# name 9 = CStarTr0: Beam Transmission, WET Labs C-Star [%]
# name 10 = sal00: Salinity, Practical [PSU]
# name 11 = spar: SPAR/Surface Irradiance
# name 12 = par: PAR/Irradiance, Biospherical/Licor
# name 13 = depSM: Depth [salt water, m], lat = 51.9712
# name 14 = sal00: Salinity, Practical [PSU]
# name 15 = sal11: Salinity, Practical, 2 [PSU]
# name 16 = sbeox0ML/L: Oxygen, SBE 43 [ml/l], WS = 2
# name 17 = svCM: Sound Velocity [Chen-Millero, m/s]
# name 18 = flag: flag
# span 0 =      3.027,   2543.429       
# span 1 =     2.8830,    10.8951       
# span 2 =     2.8827,    10.8949       
# span 3 =   3.246970,   3.822465       
# span 4 =   3.246733,   3.822168       
# span 5 =     2.1524,     3.3379       
# span 6 =     0.0103,     2.9760       
# span 7 =     0.8851,     1.1299       
# span 8 =     0.1257,     0.8129       
# span 9 =    81.6093,    96.9065       
# span 10 =    34.2641,    34.9384      
# span 11 = 7.3573e+02, 3.3243e+03      
# span 12 = 9.5399e-02, 9.5477e-02      
# span 13 =      3.000,   2506.000      
# span 14 =    34.2641,    34.9384      
# span 15 =    34.1734,    34.9374      
# span 16 =     5.5695,     6.4625      
# span 17 =    1471.15,    1504.13      
# span 18 = 0.0000e+00, 0.0000e+00      
# interval = meters: 1                  
# start_time = Jul 06 2016 14:11:28 [NMEA time, first data scan]
# bad_flag = -9.990e-29
*END*
[from data line 839]
    851.175     3.6852     3.6853   3.254722   3.254421     2.6821     0.0300     0.9114     0.1318    96.7586    34.8716 1.9746e+03 9.5400e-02    842.000    34.8716    34.8680     6.4218    1479.13 0.0000e+00
    852.188     3.6860     3.6866   3.254821   3.254623     2.6806     0.0337     0.9154     0.1314    96.7675    34.8715 1.8969e+03 9.5400e-02    843.000    34.8715    34.8685     6.4177    1479.15 0.0000e+00
    853.201     3.6911     3.6911   3.255452   3.255121     2.6805     0.0347     0.9139     0.1321    96.7520    34.8730 1.8647e+03 9.5400e-02    844.000    34.8730    34.8691     6.4176    1479.19 0.0000e+00
    854.214     3.6931     3.6927   3.255677   3.255377     2.6805     0.0348     0.9195     0.1314    96.7690    34.8731 1.8574e+03 9.5400e-02    845.000    34.8731    34.8699     6.4180    1479.22 0.0000e+00
    855.227     3.6946     3.6941   3.255898   3.255559     2.6805     0.0348     0.9162     0.1316    96.7624    34.8737 1.8551e+03 9.5400e-02    846.000    34.8737    34.8701     6.4186    1479.24 0.0000e+00
    856.240     3.6950     3.6946   3.255989   3.255657     2.6804     0.0340     0.9147     0.1310    96.7780    34.8738 1.8563e+03 9.5400e-02    847.000    34.8738    34.8702     6.4188    1479.26 0.0000e+00
    857.253     3.6966     3.6963   3.256210   3.255864     2.6797     0.0229     0.9198     0.1316    96.7644    34.8741 1.8541e+03 9.5400e-02    848.000    34.8741    34.8704     6.4172    1479.28 0.0000e+00
    858.266     3.6948     3.6946   3.256047   3.255743     2.6784     0.0363     0.9128     0.1315    96.7668    34.8736 1.8470e+03 9.5400e-02    849.000    34.8736    34.8702     6.4144    1479.29 0.0000e+00
    859.279     3.6950     3.6946   3.256115   3.255777     2.6770     0.0229     0.9078     0.1323    96.7454    34.8736 1.8070e+03 9.5400e-02    850.000    34.8736    34.8701     6.4111    1479.31 0.0000e+00
    860.292     3.6939     3.6929   3.256056   3.255710     2.6771     0.0338     0.9134     0.1319    96.7574    34.8736 1.8076e+03 9.5400e-02    851.000    34.8736    34.8705     6.4126    1479.32 0.0000e+00
    861.305     3.6917     3.6912   3.255903   3.255584     2.6769     0.0344     0.9092     0.1310    96.7769    34.8736 1.8048e+03 9.5400e-02    852.000    34.8736    34.8703     6.4129    1479.33 0.0000e+00
    862.318     3.6910     3.6904   3.255884   3.255552     2.6766     0.0213     0.9167     0.1316    96.7630    34.8736 1.8049e+03 9.5400e-02    853.000    34.8736    34.8702     6.4131    1479.34 0.0000e+00
    863.331     3.6927     3.6921   3.256052   3.255701     2.6764     0.0318     0.9164     0.1311    96.7765    34.8733 1.7332e+03 9.5400e-02    854.000    34.8733    34.8697     6.4132    1479.36 0.0000e+00
    864.344     3.6918     3.6913   3.256026   3.255725     2.6771     0.0226     0.9138     0.1319    96.7565    34.8733 1.6570e+03 9.5400e-02    855.000    34.8733    34.8704     6.4163    1479.38 0.0000e+00
    865.357     3.6905     3.6902   3.255994   3.255670     2.6770     0.0226     0.9138     0.1317    96.7619    34.8738 1.6463e+03 9.5400e-02    856.000    34.8738    34.8703     6.4171    1479.39 0.0000e+00
    866.370     3.6904     3.6901   3.256020   3.255703     2.6769     0.0226     0.9138     0.1318    96.7598    34.8738 1.6405e+03 9.5400e-02    857.000    34.8738    34.8703     6.4175    1479.41 0.0000e+00
    867.383     3.6896     3.6892   3.255983   3.255669     2.6763     0.0263     0.9157     0.1317    96.7614    34.8736 1.6462e+03 9.5400e-02    858.000    34.8736    34.8703     6.4167    1479.42 0.0000e+00
    868.396     3.6927     3.6925   3.256280   3.255961     2.6756     0.0305     0.9146     0.1313    96.7705    34.8734 1.6249e+03 9.5400e-02    859.000    34.8734    34.8698     6.4149    1479.45 0.0000e+00
    869.409     3.6903     3.6903   3.256122   3.255857     2.6756     0.0290     0.9140     0.1328    96.7338    34.8735 1.5764e+03 9.5400e-02    860.000    34.8735    34.8703     6.4160    1479.46 0.0000e+00
    870.422     3.6861     3.6857   3.255822   3.255506     2.6753     0.0350     0.9138     0.1381    96.6055    34.8738 1.5383e+03 9.5400e-02    861.000    34.8738    34.8705     6.4168    1479.45 0.0000e+00
    871.435     3.6857     3.6853   3.255830   3.255510     2.6753     0.0426     0.9138     0.1320    96.7530    34.8738 1.5215e+03 9.5400e-02    862.000    34.8738    34.8704     6.4176    1479.47 0.0000e+00
    872.448     3.6869     3.6865   3.256001   3.255663     2.6751     0.0471     0.9100     0.1315    96.7656    34.8741 1.5053e+03 9.5400e-02    863.000    34.8741    34.8705     6.4176    1479.49 0.0000e+00
    873.461     3.6966     3.6966   3.257061   3.256685     2.6750     0.0391     0.9070     0.1317    96.7613    34.8759 1.4932e+03 9.5400e-02    864.000    34.8759    34.8714     6.4165    1479.55 0.0000e+00
    874.474     3.6989     3.6985   3.257333   3.257010     2.6753     0.0294     0.9105     0.1312    96.7729    34.8761 1.4781e+03 9.5400e-02    865.000    34.8761    34.8728     6.4177    1479.58 0.0000e+00
    875.487     3.6966     3.6966   3.257166   3.256881     2.6738     0.0382     0.9116     0.1311    96.7747    34.8760 1.4567e+03 9.5400e-02    866.000    34.8760    34.8727     6.4143    1479.59 0.0000e+00
    876.500     3.6986     3.6984   3.257425   3.257113     2.6735     0.0328     0.9098     0.1309    96.7800    34.8765 1.4565e+03 9.5400e-02    867.000    34.8765    34.8730     6.4139    1479.61 0.0000e+00
    877.513     3.7006     3.7002   3.257674   3.257359     2.6726     0.0271     0.9137     0.1311    96.7757    34.8768 1.4082e+03 9.5400e-02    868.000    34.8768    34.8735     6.4118    1479.64 0.0000e+00
    878.526     3.6973     3.6969   3.257415   3.257112     2.6710     0.0351     0.9138     0.1308    96.7825    34.8768 1.3638e+03 9.5400e-02    869.000    34.8768    34.8736     6.4081    1479.64 0.0000e+00
    879.539     3.6958     3.6954   3.257318   3.256993     2.6704     0.0462     0.9138     0.1309    96.7817    34.8767 1.3571e+03 9.5400e-02    870.000    34.8767    34.8732     6.4076    1479.65 0.0000e+00
    880.553     3.6952     3.6947   3.257305   3.256980     2.6699     0.0471     0.9112     0.1310    96.7784    34.8766 1.3553e+03 9.5400e-02    871.000    34.8766    34.8732     6.4068    1479.66 0.0000e+00
    881.566     3.6949     3.6946   3.257316   3.257007     2.6696     0.0463     0.9086     0.1310    96.7789    34.8765 1.3533e+03 9.5400e-02    872.000    34.8765    34.8731     6.4068    1479.68 0.0000e+00
    882.579     3.6950     3.6945   3.257366   3.257031     2.6688     0.0322     0.9162     0.1308    96.7831    34.8765 1.3494e+03 9.5400e-02    873.000    34.8765    34.8731     6.4052    1479.70 0.0000e+00
    883.592     3.6950     3.6946   3.257394   3.257075     2.6685     0.0334     0.9100     0.1309    96.7808    34.8762 1.3390e+03 9.5400e-02    874.000    34.8762    34.8729     6.4052    1479.71 0.0000e+00
    884.605     3.6944     3.6940   3.257390   3.257067     2.6680     0.0392     0.9129     0.1309    96.7793    34.8763 1.3283e+03 9.5400e-02    875.000    34.8763    34.8729     6.4047    1479.73 0.0000e+00
    885.618     3.6927     3.6926   3.257263   3.256994     2.6675     0.0341     0.9231     0.1310    96.7781    34.8761 1.3201e+03 9.5400e-02    876.000    34.8761    34.8730     6.4041    1479.74 0.0000e+00
    886.631     3.6913     3.6910   3.257207   3.256888     2.6671     0.0242     0.9146     0.1308    96.7822    34.8764 1.3255e+03 9.5400e-02    877.000    34.8764    34.8730     6.4040    1479.75 0.0000e+00
    887.644     3.6913     3.6908   3.257270   3.256941     2.6668     0.0351     0.9198     0.1309    96.7806    34.8766 1.3331e+03 9.5400e-02    878.000    34.8766    34.8732     6.4041    1479.77 0.0000e+00
    888.658     3.6903     3.6900   3.257217   3.256896     2.6666     0.0354     0.9200     0.1311    96.7766    34.8765 1.3394e+03 9.5400e-02    879.000    34.8765    34.8731     6.4044    1479.78 0.0000e+00
    889.671     3.6906     3.6901   3.257303   3.256961     2.6668     0.0348     0.9156     0.1308    96.7822    34.8767 1.3405e+03 9.5400e-02    880.000    34.8767    34.8732     6.4056    1479.80 0.0000e+00
    890.684     3.6894     3.6892   3.257205   3.256912     2.6669     0.0408     0.9094     0.1310    96.7780    34.8763 1.3536e+03 9.5400e-02    881.000    34.8763    34.8730     6.4072    1479.81 0.0000e+00
    891.697     3.6880     3.6877   3.257107   3.256808     2.6668     0.0285     0.9133     0.1309    96.7793    34.8761 1.3826e+03 9.5400e-02    882.000    34.8761    34.8728     6.4079    1479.82 0.0000e+00
    892.710     3.6869     3.6870   3.257054   3.256787     2.6667     0.0247     0.9139     0.1310    96.7782    34.8761 1.3854e+03 9.5400e-02    883.000    34.8761    34.8728     6.4086    1479.83 0.0000e+00
    893.723     3.6865     3.6862   3.257047   3.256756     2.6668     0.0300     0.9142     0.1308    96.7833    34.8760 1.3650e+03 9.5400e-02    884.000    34.8760    34.8728     6.4100    1479.84 0.0000e+00
    894.736     3.6843     3.6839   3.256887   3.256582     2.6667     0.0347     0.9139     0.1314    96.7690    34.8758 1.3377e+03 9.5400e-02    885.000    34.8758    34.8726     6.4109    1479.85 0.0000e+00
    895.750     3.6835     3.6831   3.256837   3.256519     2.6666     0.0348     0.9138     0.1308    96.7828    34.8756 1.3113e+03 9.5400e-02    886.000    34.8756    34.8722     6.4117    1479.87 0.0000e+00
    896.763     3.6829     3.6826   3.256831   3.256510     2.6663     0.0382     0.9146     0.1309    96.7805    34.8755 1.2855e+03 9.5400e-02    887.000    34.8755    34.8721     6.4115    1479.88 0.0000e+00
    897.776     3.6810     3.6807   3.256692   3.256396     2.6660     0.0292     0.9204     0.1310    96.7783    34.8755 1.2779e+03 9.5400e-02    888.000    34.8755    34.8722     6.4119    1479.89 0.0000e+00
    898.789     3.6796     3.6792   3.256622   3.256296     2.6662     0.0350     0.9091     0.1308    96.7824    34.8755 1.2772e+03 9.5400e-02    889.000    34.8755    34.8721     6.4135    1479.90 0.0000e+00
    899.802     3.6797     3.6792   3.256688   3.256350     2.6660     0.0348     0.9135     0.1348    96.6858    34.8757 1.2814e+03 9.5400e-02    890.000    34.8757    34.8722     6.4138    1479.92 0.0000e+00
    900.816     3.6798     3.6794   3.256736   3.256407     2.6662     0.0348     0.9082     0.1322    96.7488    34.8756 1.2877e+03 9.5400e-02    891.000    34.8756    34.8722     6.4151    1479.93 0.0000e+00
    901.829     3.6798     3.6794   3.256770   3.256451     2.6659     0.0348     0.9125     0.1324    96.7445    34.8756 1.2908e+03 9.5400e-02    892.000    34.8756    34.8721     6.4152    1479.95 0.0000e+00
    902.842     3.6796     3.6792   3.256808   3.256482     2.6653     0.0285     0.9138     0.1318    96.7589    34.8757 1.2956e+03 9.5400e-02    893.000    34.8757    34.8722     6.4142    1479.97 0.0000e+00
    903.855     3.6797     3.6793   3.256851   3.256532     2.6653     0.0231     0.9138     0.1309    96.7803    34.8756 1.2940e+03 9.5400e-02    894.000    34.8756    34.8722     6.4149    1479.98 0.0000e+00
    904.868     3.6805     3.6801   3.256961   3.256648     2.6652     0.0238     0.9115     0.1307    96.7848    34.8755 1.2637e+03 9.5400e-02    895.000    34.8755    34.8722     6.4154    1480.00 0.0000e+00
    905.882     3.6805     3.6801   3.257034   3.256704     2.6651     0.0348     0.9200     0.1308    96.7833    34.8759 1.2563e+03 9.5400e-02    896.000    34.8759    34.8723     6.4159    1480.02 0.0000e+00
    906.895     3.6813     3.6807   3.257153   3.256825     2.6651     0.0348     0.9161     0.1308    96.7833    34.8759 1.2528e+03 9.5400e-02    897.000    34.8759    34.8726     6.4165    1480.04 0.0000e+00
    907.908     3.6819     3.6815   3.257266   3.256925     2.6642     0.0348     0.9092     0.1308    96.7824    34.8761 1.2548e+03 9.5400e-02    898.000    34.8761    34.8724     6.4146    1480.06 0.0000e+00
    908.921     3.6827     3.6822   3.257391   3.257051     2.6633     0.0293     0.9139     0.1307    96.7859    34.8762 1.2571e+03 9.5400e-02    899.000    34.8762    34.8726     6.4125    1480.08 0.0000e+00
    909.935     3.6828     3.6827   3.257419   3.257110     2.6612     0.0259     0.9117     0.1309    96.7809    34.8758 1.2375e+03 9.5400e-02    900.000    34.8758    34.8724     6.4067    1480.10 0.0000e+00
    910.948     3.6867     3.6862   3.257909   3.257557     2.6615     0.0442     0.9138     0.1308    96.7833    34.8770 1.2254e+03 9.5400e-02    901.000    34.8770    34.8734     6.4078    1480.13 0.0000e+00
    911.961     3.6885     3.6876   3.258121   3.257743     2.6615     0.0225     0.9138     0.1307    96.7845    34.8772 1.2229e+03 9.5400e-02    902.000    34.8772    34.8736     6.4084    1480.16 0.0000e+00
    912.974     3.6906     3.6905   3.258402   3.258091     2.6614     0.0226     0.9079     0.1308    96.7833    34.8777 1.2236e+03 9.5400e-02    903.000    34.8777    34.8741     6.4084    1480.18 0.0000e+00
    913.988     3.6940     3.6933   3.258790   3.258412     2.6609     0.0431     0.9188     0.1308    96.7833    34.8783 1.2281e+03 9.5400e-02    904.000    34.8783    34.8745     6.4073    1480.21 0.0000e+00
    915.001     3.6954     3.6942   3.258977   3.258566     2.6600     0.0400     0.9164     0.1305    96.7891    34.8784 1.2246e+03 9.5400e-02    905.000    34.8784    34.8749     6.4050    1480.24 0.0000e+00
    916.014     3.6957     3.6946   3.259038   3.258646     2.6583     0.0355     0.9142     0.1304    96.7916    34.8784 1.2107e+03 9.5400e-02    906.000    34.8784    34.8748     6.4006    1480.26 0.0000e+00
    917.027     3.6945     3.6942   3.258967   3.258667     2.6569     0.0298     0.9115     0.1306    96.7870    34.8783 1.1997e+03 9.5400e-02    907.000    34.8782    34.8750     6.3974    1480.27 0.0000e+00
    918.041     3.6976     3.6981   3.259342   3.259087     2.6560     0.0418     0.9082     0.1305    96.7894    34.8789 1.1869e+03 9.5400e-02    908.000    34.8789    34.8753     6.3947    1480.30 0.0000e+00
    919.054     3.7010     3.7004   3.259747   3.259407     2.6556     0.0347     0.9125     0.1301    96.8009    34.8796 1.1796e+03 9.5400e-02    909.000    34.8796    34.8762     6.3939    1480.33 0.0000e+00
    920.067     3.7055     3.7046   3.260258   3.259841     2.6552     0.0440     0.9138     0.1304    96.7923    34.8803 1.1764e+03 9.5400e-02    910.000    34.8803    34.8763     6.3927    1480.37 0.0000e+00
    921.080     3.7067     3.7057   3.260413   3.260039     2.6544     0.0393     0.9138     0.1304    96.7919    34.8804 1.1747e+03 9.5400e-02    911.000    34.8804    34.8770     6.3908    1480.39 0.0000e+00
    922.094     3.7069     3.7059   3.260486   3.260086     2.6539     0.0350     0.9098     0.1304    96.7935    34.8806 1.1708e+03 9.5400e-02    912.000    34.8806    34.8769     6.3900    1480.41 0.0000e+00
    923.107     3.7073     3.7070   3.260561   3.260244     2.6529     0.0352     0.9128     0.1303    96.7945    34.8805 1.1653e+03 9.5400e-02    913.000    34.8805    34.8771     6.3877    1480.42 0.0000e+00
    924.120     3.7074     3.7069   3.260619   3.260288     2.6518     0.0380     0.9139     0.1300    96.8030    34.8805 1.1557e+03 9.5400e-02    914.000    34.8805    34.8771     6.3852    1480.44 0.0000e+00
    925.134     3.7072     3.7069   3.260645   3.260328     2.6508     0.0302     0.9138     0.1305    96.7910    34.8805 1.1492e+03 9.5400e-02    915.000    34.8805    34.8771     6.3829    1480.46 0.0000e+00
    926.147     3.7071     3.7067   3.260680   3.260360     2.6506     0.0347     0.9110     0.1308    96.7824    34.8806 1.1465e+03 9.5400e-02    916.000    34.8806    34.8772     6.3830    1480.47 0.0000e+00
