Ship_data/Irminger/Irminger-3/ctd/process/ar0701009.ros
* Sea-Bird SBE 9 Data File:
* FileName = D:\Data\ar0701009.hdr
* Software Version Seasave V 7.23.2
* Temperature SN = 4406
* Conductivity SN = 3042
* Number of Bytes Per Scan = 44
* Number of Voltage Words = 5
* Number of Scans Averaged by the Deck Unit = 1
* NMEA Latitude = 59 43.01 N
* NMEA Longitude = 039 20.16 W
* NMEA UTC (Time) = Jul 13 2016  16:20:08
** Site Irminger Flanking mooring B
** G. Tupper Tupper
** Station # 009
** Old and new
# nquan = 16
# nvalues = 588                                   
# units = specified
# name 0 = prDM: Pressure, Digiquartz [db]
# name 1 = t090C: Temperature [ITS-90, deg C]
# name 2 = t190C: Temperature, 2 [ITS-90, deg C]
# name 3 = c0S/m: Conductivity [S/m]
# name 4 = c1S/m: Conductivity, 2 [S/m]
# name 5 = sbeox0V: Oxygen raw, SBE 43 [V]
# name 6 = flECO-AFL: Fluorescence, WET Labs ECO-AFL/FL [mg/m^3]
# name 7 = turbWETntu0: Turbidity, WET Labs ECO [NTU]
# name 8 = CStarAt0: Beam Attenuation, WET Labs C-Star [1/m]
# name 9 = CStarTr0: Beam Transmission, WET Labs C-Star [%]
# name 10 = sal00: Salinity, Practical [PSU]
# name 11 = spar: SPAR/Surface Irradiance
# name 12 = par: PAR/Irradiance, Biospherical/Licor
# name 13 = scan: Scan Count
# name 14 = nbf: Bottles Fired
# name 15 = flag:  0.000e+00
# interval = seconds: 0.0416667
# start_time = Jul 13 2016 16:23:27 [NMEA time, first data scan]
# bad_flag = -9.990e-29
*END*
[from data line 452]
     91.305     4.0335     4.0336   3.255505   3.255327     3.0197     0.0470     0.9322     0.1352    96.6765    34.9157 8.2646e+02 9.5400e-02     149416         10  0.000e+00
     91.305     4.0334     4.0348   3.255499   3.255398     3.0197     0.0470     0.9322     0.1352    96.6765    34.9158 8.2646e+02 9.5400e-02     149417         10  0.000e+00
     91.328     4.0333     4.0357   3.255487   3.255354     3.0185     0.0470     0.9322     0.1352    96.6765    34.9157 8.2646e+02 9.5400e-02     149418         10  0.000e+00
     91.305     4.0334     4.0361   3.255487   3.255371     3.0185     0.0470     0.9322     0.1352    96.6765    34.9157 8.2646e+02 9.5400e-02     149419         10  0.000e+00
     91.273     4.0333     4.0367   3.255505   3.255415     3.0185     0.0348     0.9322     0.1363    96.6498    34.9160 8.2646e+02 9.5400e-02     149420         10  0.000e+00
     91.423     4.0340     4.0367   3.255516   3.255426     3.0185     0.0348     0.9261     0.1363    96.6498    34.9153 8.2646e+02 9.5400e-02     149421         10  0.000e+00
     91.305     4.0342     4.0370   3.255516   3.255442     3.0185     0.0348     0.9261     0.1363    96.6498    34.9152 8.2646e+02 9.5400e-02     149422         10  0.000e+00
     91.328     4.0342     4.0373   3.255475   3.255514     3.0185     0.0348     0.9261     0.1363    96.6498    34.9146 8.2646e+02 9.5400e-02     149423         10  0.000e+00
     91.305     4.0345     4.0373   3.255564   3.255514     3.0197     0.0348     0.9322     0.1363    96.6498    34.9154 8.2646e+02 9.5400e-02     149424         10  0.000e+00
     91.305     4.0346     4.0373   3.255582   3.255531     3.0185     0.0348     0.9261     0.1363    96.6498    34.9156 8.2837e+02 9.5400e-02     149425         10  0.000e+00
     91.391     4.0347     4.0373   3.255594   3.255575     3.0185     0.0348     0.9261     0.1363    96.6498    34.9155 8.2646e+02 9.5400e-02     149426         10  0.000e+00
     91.305     4.0347     4.0373   3.255564   3.255591     3.0197     0.0348     0.9261     0.1352    96.6765    34.9152 8.2837e+02 9.5400e-02     149427         10  0.000e+00
     91.391     4.0349     4.0373   3.255588   3.255602     3.0197     0.0470     0.9261     0.1352    96.6765    34.9152 8.2646e+02 9.5400e-02     149428         10  0.000e+00
     91.305     4.0349     4.0381   3.255588   3.255619     3.0197     0.0348     0.9261     0.1341    96.7032    34.9152 8.2837e+02 9.5400e-02     149429         10  0.000e+00
     91.368     4.0349     4.0381   3.255594   3.255575     3.0197     0.0348     0.9261     0.1341    96.7032    34.9153 8.2837e+02 9.5400e-02     149430         10  0.000e+00
     91.328     4.0349     4.0384   3.255588   3.255619     3.0197     0.0348     0.9322     0.1341    96.7032    34.9153 8.2837e+02 9.5400e-02     149431         10  0.000e+00
     91.368     4.0347     4.0379   3.255635   3.255575     3.0197     0.0348     0.9261     0.1352    96.6765    34.9160 8.2646e+02 9.5400e-02     149432         10  0.000e+00
     91.328     4.0346     4.0375   3.255659   3.255602     3.0197     0.0348     0.9261     0.1352    96.6765    34.9165 8.2837e+02 9.5400e-02     149433         10  0.000e+00
     91.423     4.0345     4.0376   3.255641   3.255591     3.0197     0.0348     0.9261     0.1363    96.6498    34.9163 8.2646e+02 9.5400e-02     149434         10  0.000e+00
     91.305     4.0342     4.0375   3.255629   3.255575     3.0197     0.0348     0.9322     0.1374    96.6230    34.9165 8.1883e+02 9.5400e-02     149435         10  0.000e+00
     91.391     4.0352     4.0378   3.255647   3.255591     3.0197     0.0348     0.9261     0.1385    96.5963    34.9156 8.1501e+02 9.5400e-02     149436         10  0.000e+00
     91.368     4.0356     4.0378   3.255677   3.255602     3.0197     0.0348     0.9261     0.1374    96.6230    34.9155 8.1883e+02 9.5400e-02     149437         10  0.000e+00
     91.391     4.0360     4.0375   3.255707   3.255591     3.0197     0.0348     0.9261     0.1363    96.6498    34.9155 8.2265e+02 9.5400e-02     149438         10  0.000e+00
     91.423     4.0362     4.0373   3.255719   3.255635     3.0185     0.0348     0.9261     0.1363    96.6498    34.9153 8.2455e+02 9.5400e-02     149439         10  0.000e+00
     91.368     4.0362     4.0370   3.255701   3.255619     3.0197     0.0348     0.9322     0.1363    96.6498    34.9151 8.2455e+02 9.5400e-02     149440         10  0.000e+00
     91.391     4.0361     4.0368   3.255731   3.255602     3.0197     0.0348     0.9261     0.1363    96.6498    34.9156 8.2646e+02 9.5400e-02     149441         10  0.000e+00
     91.423     4.0359     4.0372   3.255748   3.255602     3.0197     0.0348     0.9322     0.1352    96.6765    34.9160 8.2646e+02 9.5400e-02     149442         10  0.000e+00
     91.210     4.0357     4.0372   3.255683   3.255591     3.0197     0.0348     0.9261     0.1352    96.6765    34.9156 8.2646e+02 9.5400e-02     149443         10  0.000e+00
     91.541     4.0356     4.0373   3.255677   3.255575     3.0197     0.0470     0.9200     0.1363    96.6498    34.9155 8.2837e+02 9.5400e-02     149444         10  0.000e+00
     91.423     4.0358     4.0375   3.255671   3.255619     3.0197     0.0470     0.9200     0.1396    96.5696    34.9153 8.2837e+02 9.5400e-02     149445         10  0.000e+00
     91.446     4.0357     4.0376   3.255701   3.255575     3.0197     0.0470     0.9200     0.1396    96.5696    34.9157 8.2837e+02 9.5400e-02     149446         10  0.000e+00
     91.423     4.0356     4.0376   3.255719   3.255619     3.0197     0.0470     0.9200     0.1385    96.5963    34.9160 8.2646e+02 9.5400e-02     149447         10  0.000e+00
     91.423     4.0366     4.0376   3.255784   3.255635     3.0197     0.0470     0.9200     0.1363    96.6498    34.9157 8.2646e+02 9.5400e-02     149448         10  0.000e+00
     91.446     4.0372     4.0379   3.255826   3.255591     3.0197     0.0470     0.9200     0.1352    96.6765    34.9156 8.2646e+02 9.5400e-02     149449         10  0.000e+00
     91.423     4.0377     4.0379   3.255820   3.255663     3.0197     0.0470     0.9200     0.1352    96.6765    34.9150 8.2837e+02 9.5400e-02     149450         10  0.000e+00
     91.446     4.0380     4.0376   3.255850   3.255663     3.0197     0.0470     0.9200     0.1341    96.7032    34.9149 8.2646e+02 9.5400e-02     149451         10  0.000e+00
     91.423     4.0391     4.0378   3.255933   3.255652     3.0197     0.0470     0.9200     0.1341    96.7032    34.9148 8.2837e+02 9.5400e-02     149452         10  0.000e+00
     91.486     4.0398     4.0379   3.255998   3.255691     3.0197     0.0470     0.9200     0.1341    96.7032    34.9148 8.2646e+02 9.5400e-02     149453         10  0.000e+00
     61.250     4.2631     4.2548   3.275613   3.274563     3.0171     0.0470     0.9322     0.1385    96.5963    34.9265 7.9783e+02 9.5400e-02     153542         11  0.000e+00
     61.312     4.2628     4.2556   3.275625   3.274508     3.0183     0.0470     0.9322     0.1385    96.5963    34.9269 7.9783e+02 9.5400e-02     153543         11  0.000e+00
     61.312     4.2628     4.2556   3.275643   3.274541     3.0183     0.0470     0.9322     0.1374    96.6230    34.9271 7.9783e+02 9.5400e-02     153544         11  0.000e+00
     61.250     4.2628     4.2553   3.275637   3.274541     3.0171     0.0470     0.9322     0.1374    96.6230    34.9270 7.9783e+02 9.5400e-02     153545         11  0.000e+00
     61.250     4.2631     4.2546   3.275643   3.274508     3.0183     0.0470     0.9383     0.1385    96.5963    34.9268 7.9783e+02 9.5400e-02     153546         11  0.000e+00
     61.313     4.2636     4.2545   3.275637   3.274541     3.0183     0.0470     0.9444     0.1385    96.5963    34.9262 7.9783e+02 9.5400e-02     153547         11  0.000e+00
     61.250     4.2636     4.2537   3.275643   3.274569     3.0183     0.0470     0.9566     0.1385    96.5963    34.9263 7.9783e+02 9.5400e-02     153548         11  0.000e+00
     61.313     4.2636     4.2534   3.275655   3.274541     3.0183     0.0470     0.9566     0.1396    96.5696    34.9264 7.9783e+02 9.5400e-02     153549         11  0.000e+00
     61.313     4.2636     4.2537   3.275655   3.274508     3.0183     0.0470     0.9566     0.1396    96.5696    34.9264 7.9783e+02 9.5400e-02     153550         11  0.000e+00
     61.250     4.2632     4.2543   3.275673   3.274563     3.0183     0.0470     0.9566     0.1374    96.6230    34.9270 7.9783e+02 9.5400e-02     153551         11  0.000e+00
     61.250     4.2625     4.2551   3.275643   3.274596     3.0183     0.0470     0.9566     0.1374    96.6230    34.9274 7.9783e+02 9.5400e-02     153552         11  0.000e+00
     61.313     4.2625     4.2559   3.275607   3.274569     3.0183     0.0470     0.9566     0.1363    96.6498    34.9270 7.9783e+02 9.5400e-02     153553         11  0.000e+00
     61.313     4.2634     4.2561   3.275613   3.274629     3.0183     0.0470     0.9505     0.1363    96.6498    34.9261 7.9592e+02 9.5400e-02     153554         11  0.000e+00
     61.250     4.2639     4.2565   3.275643   3.274596     3.0183     0.0470     0.9566     0.1374    96.6230    34.9259 7.9783e+02 9.5400e-02     153555         11  0.000e+00
     61.313     4.2640     4.2567   3.275720   3.274629     3.0183     0.0470     0.9505     0.1374    96.6230    34.9267 7.9783e+02 9.5400e-02     153556         11  0.000e+00
     61.250     4.2647     4.2565   3.275702   3.274685     3.0183     0.0470     0.9566     0.1363    96.6498    34.9258 7.9783e+02 9.5400e-02     153557         11  0.000e+00
     61.313     4.2646     4.2567   3.275685   3.274718     3.0183     0.0470     0.9505     0.1374    96.6230    34.9256 7.9783e+02 9.5400e-02     153558         11  0.000e+00
     61.313     4.2647     4.2566   3.275702   3.274712     3.0183     0.0470     0.9566     0.1374    96.6230    34.9257 7.9783e+02 9.5400e-02     153559         11  0.000e+00
     61.313     4.2647     4.2562   3.275732   3.274718     3.0183     0.0470     0.9505     0.1374    96.6230    34.9261 7.9783e+02 9.5400e-02     153560         11  0.000e+00
     61.250     4.2645     4.2562   3.275679   3.274718     3.0183     0.0470     0.9505     0.1396    96.5696    34.9257 7.9783e+02 9.5400e-02     153561         11  0.000e+00
     61.368     4.2639     4.2564   3.275697   3.274657     3.0183     0.0470     0.9505     0.1429    96.4895    34.9265 7.9783e+02 9.5400e-02     153562         11  0.000e+00
     61.313     4.2640     4.2551   3.275607   3.274657     3.0183     0.0470     0.9505     0.1452    96.4361    34.9253 7.9783e+02 9.5400e-02     153563         11  0.000e+00
     61.313     4.2642     4.2531   3.275583   3.274685     3.0183     0.0470     0.9566     0.1463    96.4093    34.9249 7.9783e+02 9.5400e-02     153564         11  0.000e+00
     61.313     4.2645     4.2522   3.275637   3.274629     3.0183     0.0470     0.9566     0.1463    96.4093    34.9251 7.9783e+02 9.5400e-02     153565         11  0.000e+00
     61.313     4.2647     4.2521   3.275637   3.274657     3.0183     0.0470     0.9505     0.1452    96.4361    34.9250 7.9783e+02 9.5400e-02     153566         11  0.000e+00
     61.313     4.2647     4.2531   3.275625   3.274657     3.0183     0.0470     0.9566     0.1452    96.4361    34.9248 7.9783e+02 9.5400e-02     153567         11  0.000e+00
     61.368     4.2642     4.2543   3.275625   3.274563     3.0183     0.0470     0.9566     0.1429    96.4895    34.9253 7.9783e+02 9.5400e-02     153568         11  0.000e+00
     61.313     4.2647     4.2543   3.275691   3.274629     3.0183     0.0470     0.9505     0.1418    96.5162    34.9256 7.9783e+02 9.5400e-02     153569         11  0.000e+00
     61.368     4.2642     4.2542   3.275649   3.274596     3.0183     0.0470     0.9505     0.1407    96.5429    34.9256 7.9783e+02 9.5400e-02     153570         11  0.000e+00
     61.313     4.2630     4.2546   3.275559   3.274629     3.0183     0.0470     0.9322     0.1407    96.5429    34.9259 7.9783e+02 9.5400e-02     153571         11  0.000e+00
     61.313     4.2634     4.2551   3.275553   3.274629     3.0183     0.0470     0.9138     0.1429    96.4895    34.9254 7.9783e+02 9.5400e-02     153572         11  0.000e+00
     61.368     4.2640     4.2554   3.275565   3.274629     3.0183     0.0470     0.9138     0.1463    96.4093    34.9248 7.9783e+02 9.5400e-02     153573         11  0.000e+00
     61.368     4.2639     4.2554   3.275524   3.274596     3.0183     0.0470     0.9138     0.1485    96.3559    34.9245 7.9974e+02 9.5400e-02     153574         11  0.000e+00
     61.368     4.2628     4.2553   3.275530   3.274629     3.0183     0.0470     0.9138     0.1507    96.3025    34.9257 7.9592e+02 9.5400e-02     153575         11  0.000e+00
     61.250     4.2618     4.2551   3.275470   3.274651     3.0195     0.0470     0.9138     0.1518    96.2758    34.9261 7.9783e+02 9.5400e-02     153576         11  0.000e+00
     61.486     4.2608     4.2553   3.275428   3.274685     3.0195     0.0470     0.9138     0.1529    96.2491    34.9265 7.9592e+02 9.5400e-02     153577         11  0.000e+00
     61.368     4.2610     4.2556   3.275422   3.274629     3.0183     0.0470     0.9138     0.1529    96.2491    34.9263 7.9783e+02 9.5400e-02     153578         11  0.000e+00
     61.368     4.2608     4.2559   3.275416   3.274657     3.0183     0.0470     0.9138     0.1518    96.2758    34.9264 7.9783e+02 9.5400e-02     153579         11  0.000e+00
     61.368     4.2604     4.2570   3.275333   3.274657     3.0183     0.0470     0.9138     0.1496    96.3292    34.9259 7.9783e+02 9.5400e-02     153580         11  0.000e+00
     61.368     4.2608     4.2575   3.275339   3.274718     3.0183     0.0470     0.9138     0.1485    96.3559    34.9255 7.9783e+02 9.5400e-02     153581         11  0.000e+00
     61.368     4.2617     4.2575   3.275381   3.274685     3.0183     0.0470     0.9138     0.1474    96.3826    34.9251 7.9783e+02 9.5400e-02     153582         11  0.000e+00
     61.368     4.2618     4.2569   3.275428   3.274745     3.0183     0.0470     0.9138     0.1463    96.4093    34.9255 7.9783e+02 9.5400e-02     153583         11  0.000e+00
     61.431     4.2613     4.2564   3.275446   3.274740     3.0183     0.0470     0.9138     0.1441    96.4628    34.9262 7.9783e+02 9.5400e-02     153584         11  0.000e+00
     61.368     4.2613     4.2564   3.275452   3.274718     3.0183     0.0470     0.9138     0.1429    96.4895    34.9263 7.9783e+02 9.5400e-02     153585         11  0.000e+00
     61.431     4.2612     4.2564   3.275446   3.274685     3.0183     0.0470     0.9138     0.1418    96.5162    34.9264 7.9783e+02 9.5400e-02     153586         11  0.000e+00
     61.431     4.2613     4.2562   3.275494   3.274718     3.0183     0.0470     0.9138     0.1418    96.5162    34.9268 7.9783e+02 9.5400e-02     153587         11  0.000e+00
     61.431     4.2625     4.2559   3.275637   3.274685     3.0183     0.0470     0.9138     0.1407    96.5429    34.9273 7.9592e+02 9.5400e-02     153588         11  0.000e+00
     61.368     4.2675     4.2564   3.275863   3.274657     3.0183     0.0470     0.9138     0.1407    96.5429    34.9246 7.9783e+02 9.5400e-02     153589         11  0.000e+00
     61.431     4.2693     4.2569   3.276030   3.274745     3.0183     0.0470     0.9138     0.1396    96.5696    34.9247 7.9783e+02 9.5400e-02     153590         11  0.000e+00
     30.267     4.6584     4.6197   3.307275   3.304047     3.1216     0.4255     0.9566     0.2133    94.8066    34.8974 7.8256e+02 9.5400e-02     159219         12  0.000e+00
     30.236     4.6576     4.6210   3.307257   3.304108     3.1216     0.4255     0.9566     0.2133    94.8066    34.8980 7.8256e+02 9.5400e-02     159220         12  0.000e+00
     30.267     4.6581     4.6220   3.307251   3.304135     3.1216     0.4255     0.9505     0.2122    94.8333    34.8974 7.8256e+02 9.5400e-02     159221         12  0.000e+00
