Ship_data/Irminger/Irminger-3/ctd/process/ar0701009.ros
* Sea-Bird SBE 9 Data File:
* FileName = D:\Data\ar0701009.hdr
* Software Version Seasave V 7.23.2
* Temperature SN = 4406
* Conductivity SN = 3042
* Number of Bytes Per Scan = 44
* Number of Voltage Words = 5
* Number of Scans Averaged by the Deck Unit = 1
* NMEA Latitude = 59 43.01 N
* NMEA Longitude = 039 20.16 W
* NMEA UTC (Time) = Jul 13 2016  16:20:08
** Site Irminger Flanking mooring B
** G. Tupper Tupper
** Station # 009
** Old and new
# nquan = 16
# nvalues = 588                                   
# units = specified
# name 0 = prDM: Pressure, Digiquartz [db]
# name 1 = t090C: Temperature [ITS-90, deg C]
# name 2 = t190C: Temperature, 2 [ITS-90, deg C]
# name 3 = c0S/m: Conductivity [S/m]
# name 4 = c1S/m: Conductivity, 2 [S/m]
# name 5 = sbeox0V: Oxygen raw, SBE 43 [V]
# name 6 = flECO-AFL: Fluorescence, WET Labs ECO-AFL/FL [mg/m^3]
# name 7 = turbWETntu0: Turbidity, WET Labs ECO [NTU]
# name 8 = CStarAt0: Beam Attenuation, WET Labs C-Star [1/m]
# name 9 = CStarTr0: Beam Transmission, WET Labs C-Star [%]
# name 10 = sal00: Salinity, Practical [PSU]
# name 11 = spar: SPAR/Surface Irradiance
# name 12 = par: PAR/Irradiance, Biospherical/Licor
# name 13 = scan: Scan Count
# name 14 = nbf: Bottles Fired
# name 15 = flag:  0.000e+00
# interval = seconds: 0.0416667
# start_time = Jul 13 2016 16:23:27 [NMEA time, first data scan]
# bad_flag = -9.990e-29
*END*
[from data line 362]
    182.177     3.8149     3.8127   3.239357   3.238755     2.9885     0.0348     0.9383     0.1330    96.7299    34.9067 8.8182e+02 9.5400e-02     141322          8  0.000e+00
    182.209     3.8138     3.8151   3.239244   3.238782     2.9885     0.0348     0.9383     0.1330    96.7299    34.9065 8.8182e+02 9.5400e-02     141323          8  0.000e+00
    182.177     3.8113     3.8142   3.239066   3.238931     2.9897     0.0348     0.9383     0.1319    96.7566    34.9071 8.8182e+02 9.5400e-02     141324          8  0.000e+00
    182.145     3.8104     3.8136   3.239072   3.238958     2.9885     0.0348     0.9383     0.1308    96.7833    34.9082 8.8182e+02 9.5400e-02     141325          8  0.000e+00
    182.177     3.8125     3.8125   3.239214   3.238898     2.9885     0.0348     0.9383     0.1308    96.7833    34.9075 8.8372e+02 9.5400e-02     141326          8  0.000e+00
    182.209     3.8152     3.8134   3.239345   3.238843     2.9885     0.0348     0.9383     0.1297    96.8100    34.9062 8.8372e+02 9.5400e-02     141327          8  0.000e+00
    182.177     3.8159     3.8159   3.239363   3.238870     2.9885     0.0348     0.9383     0.1297    96.8100    34.9057 8.8182e+02 9.5400e-02     141328          8  0.000e+00
    182.209     3.8154     3.8178   3.239386   3.239046     2.9885     0.0348     0.9383     0.1286    96.8367    34.9065 8.8372e+02 9.5400e-02     141329          8  0.000e+00
    182.177     3.8154     3.8177   3.239428   3.239244     2.9885     0.0348     0.9383     0.1286    96.8367    34.9071 8.8182e+02 9.5400e-02     141330          8  0.000e+00
    182.209     3.8149     3.8137   3.239351   3.239283     2.9885     0.0348     0.9383     0.1275    96.8634    34.9066 8.8372e+02 9.5400e-02     141331          8  0.000e+00
    182.035     3.8146     3.8157   3.239297   3.239019     2.9885     0.0348     0.9383     0.1286    96.8367    34.9064 8.8372e+02 9.5400e-02     141332          8  0.000e+00
    182.358     3.8160     3.8178   3.239268   3.238755     2.9885     0.0348     0.9383     0.1286    96.8367    34.9043 8.8372e+02 9.5400e-02     141333          8  0.000e+00
    182.209     3.8149     3.8156   3.239256   3.238898     2.9885     0.0348     0.9383     0.1286    96.8367    34.9055 8.8372e+02 9.5400e-02     141334          8  0.000e+00
    182.177     3.8145     3.8134   3.239244   3.239046     2.9885     0.0226     0.9322     0.1286    96.8367    34.9059 8.8372e+02 9.5400e-02     141335          8  0.000e+00
    182.209     3.8136     3.8123   3.239167   3.239074     2.9885     0.0226     0.9261     0.1286    96.8367    34.9058 8.8372e+02 9.5400e-02     141336          8  0.000e+00
    182.177     3.8140     3.8097   3.239208   3.239074     2.9885     0.0226     0.9261     0.1286    96.8367    34.9060 8.8372e+02 9.5400e-02     141337          8  0.000e+00
    182.264     3.8130     3.8088   3.239208   3.238958     2.9885     0.0226     0.9261     0.1286    96.8367    34.9069 8.8372e+02 9.5400e-02     141338          8  0.000e+00
    182.177     3.8129     3.8091   3.239226   3.238722     2.9885     0.0226     0.9261     0.1286    96.8367    34.9073 8.8372e+02 9.5400e-02     141339          8  0.000e+00
    182.209     3.8143     3.8085   3.239256   3.238667     2.9885     0.0226     0.9261     0.1297    96.8100    34.9062 8.8372e+02 9.5400e-02     141340          8  0.000e+00
    182.177     3.8146     3.8093   3.239262   3.238634     2.9885     0.0226     0.9261     0.1297    96.8100    34.9059 8.8372e+02 9.5400e-02     141341          8  0.000e+00
    182.209     3.8154     3.8110   3.239279   3.238667     2.9885     0.0226     0.9261     0.1308    96.7833    34.9053 8.8182e+02 9.5400e-02     141342          8  0.000e+00
    182.240     3.8154     3.8104   3.239220   3.238667     2.9885     0.0226     0.9261     0.1308    96.7833    34.9045 8.8372e+02 9.5400e-02     141343          8  0.000e+00
    182.209     3.8138     3.8091   3.239184   3.238722     2.9885     0.0226     0.9322     0.1308    96.7833    34.9058 8.8372e+02 9.5400e-02     141344          8  0.000e+00
    182.240     3.8121     3.8081   3.239060   3.238782     2.9885     0.0226     0.9322     0.1297    96.8100    34.9062 8.8372e+02 9.5400e-02     141345          8  0.000e+00
    182.146     3.8116     3.8082   3.239024   3.238716     2.9885     0.0226     0.9261     0.1297    96.8100    34.9063 8.8372e+02 9.5400e-02     141346          8  0.000e+00
    182.240     3.8111     3.8125   3.239012   3.238667     2.9885     0.0226     0.9261     0.1297    96.8100    34.9066 8.8372e+02 9.5400e-02     141347          8  0.000e+00
    182.209     3.8111     3.8151   3.238971   3.238694     2.9885     0.0226     0.9261     0.1286    96.8367    34.9061 8.8372e+02 9.5400e-02     141348          8  0.000e+00
    182.240     3.8108     3.8132   3.238965   3.238694     2.9885     0.0226     0.9261     0.1297    96.8100    34.9064 8.8372e+02 9.5400e-02     141349          8  0.000e+00
    182.209     3.8105     3.8107   3.238941   3.238755     2.9885     0.0226     0.9322     0.1297    96.8100    34.9064 8.8372e+02 9.5400e-02     141350          8  0.000e+00
    182.177     3.8094     3.8091   3.238894   3.238722     2.9885     0.0226     0.9261     0.1308    96.7833    34.9071 8.8372e+02 9.5400e-02     141351          8  0.000e+00
    131.951     3.9552     3.9547   3.250486   3.250205     3.0128     0.0348     0.9261     0.1319    96.7566    34.9173 8.6464e+02 9.5400e-02     144875          9  0.000e+00
    131.880     3.9554     3.9550   3.250486   3.250205     3.0128     0.0348     0.9261     0.1319    96.7566    34.9171 8.6464e+02 9.5400e-02     144876          9  0.000e+00
    131.833     3.9555     3.9549   3.250492   3.250182     3.0140     0.0348     0.9261     0.1308    96.7833    34.9171 8.6464e+02 9.5400e-02     144877          9  0.000e+00
    131.825     3.9552     3.9550   3.250504   3.250204     3.0128     0.0348     0.9261     0.1319    96.7566    34.9176 8.6464e+02 9.5400e-02     144878          9  0.000e+00
    131.880     3.9550     3.9550   3.250486   3.250210     3.0128     0.0348     0.9261     0.1308    96.7833    34.9175 8.6464e+02 9.5400e-02     144879          9  0.000e+00
    131.888     3.9550     3.9550   3.250475   3.250177     3.0140     0.0226     0.9261     0.1308    96.7833    34.9174 8.6464e+02 9.5400e-02     144880          9  0.000e+00
    131.825     3.9550     3.9553   3.250457   3.250177     3.0140     0.0226     0.9261     0.1319    96.7566    34.9172 8.6464e+02 9.5400e-02     144881          9  0.000e+00
    131.888     3.9548     3.9553   3.250433   3.250210     3.0140     0.0226     0.9261     0.1330    96.7299    34.9171 8.6464e+02 9.5400e-02     144882          9  0.000e+00
    131.880     3.9547     3.9552   3.250421   3.250177     3.0140     0.0226     0.9261     0.1341    96.7032    34.9170 8.6464e+02 9.5400e-02     144883          9  0.000e+00
    131.833     3.9548     3.9551   3.250433   3.250204     3.0140     0.0226     0.9261     0.1341    96.7032    34.9171 8.6464e+02 9.5400e-02     144884          9  0.000e+00
    131.943     3.9547     3.9552   3.250463   3.250210     3.0128     0.0226     0.9261     0.1341    96.7032    34.9176 8.6273e+02 9.5400e-02     144885          9  0.000e+00
    131.833     3.9545     3.9549   3.250475   3.250204     3.0128     0.0226     0.9261     0.1341    96.7032    34.9179 8.6464e+02 9.5400e-02     144886          9  0.000e+00
    131.880     3.9548     3.9550   3.250475   3.250210     3.0128     0.0226     0.9261     0.1330    96.7299    34.9176 8.6464e+02 9.5400e-02     144887          9  0.000e+00
    131.833     3.9547     3.9550   3.250492   3.250204     3.0128     0.0226     0.9261     0.1319    96.7566    34.9180 8.6464e+02 9.5400e-02     144888          9  0.000e+00
    131.880     3.9547     3.9552   3.250463   3.250205     3.0128     0.0226     0.9261     0.1319    96.7566    34.9175 8.6464e+02 9.5400e-02     144889          9  0.000e+00
    131.880     3.9548     3.9550   3.250427   3.250210     3.0128     0.0226     0.9261     0.1319    96.7566    34.9170 8.6464e+02 9.5400e-02     144890          9  0.000e+00
    131.888     3.9547     3.9550   3.250403   3.250238     3.0140     0.0226     0.9261     0.1319    96.7566    34.9169 8.6464e+02 9.5400e-02     144891          9  0.000e+00
    131.880     3.9548     3.9550   3.250433   3.250155     3.0140     0.0226     0.9261     0.1319    96.7566    34.9171 8.6464e+02 9.5400e-02     144892          9  0.000e+00
    131.888     3.9548     3.9547   3.250427   3.250177     3.0140     0.0226     0.9261     0.1330    96.7299    34.9170 8.6464e+02 9.5400e-02     144893          9  0.000e+00
    131.880     3.9550     3.9549   3.250457   3.250205     3.0140     0.0226     0.9261     0.1341    96.7032    34.9172 8.6464e+02 9.5400e-02     144894          9  0.000e+00
    131.888     3.9547     3.9547   3.250475   3.250182     3.0140     0.0226     0.9261     0.1341    96.7032    34.9177 8.6464e+02 9.5400e-02     144895          9  0.000e+00
    131.943     3.9547     3.9548   3.250492   3.250149     3.0140     0.0226     0.9322     0.1341    96.7032    34.9179 8.6464e+02 9.5400e-02     144896          9  0.000e+00
    131.833     3.9550     3.9547   3.250504   3.250182     3.0128     0.0226     0.9261     0.1330    96.7299    34.9178 8.6464e+02 9.5400e-02     144897          9  0.000e+00
    131.880     3.9552     3.9547   3.250486   3.250205     3.0128     0.0226     0.9322     0.1330    96.7299    34.9173 8.6464e+02 9.5400e-02     144898          9  0.000e+00
    131.943     3.9555     3.9549   3.250463   3.250205     3.0128     0.0226     0.9261     0.1330    96.7299    34.9167 8.6464e+02 9.5400e-02     144899          9  0.000e+00
    131.888     3.9553     3.9548   3.250492   3.250182     3.0128     0.0226     0.9322     0.1330    96.7299    34.9172 8.6464e+02 9.5400e-02     144900          9  0.000e+00
    131.943     3.9556     3.9547   3.250486   3.250177     3.0140     0.0226     0.9261     0.1319    96.7566    34.9168 8.6464e+02 9.5400e-02     144901          9  0.000e+00
    131.888     3.9563     3.9549   3.250516   3.250122     3.0140     0.0226     0.9261     0.1319    96.7566    34.9165 8.6464e+02 9.5400e-02     144902          9  0.000e+00
    131.943     3.9572     3.9547   3.250534   3.250205     3.0140     0.0226     0.9261     0.1319    96.7566    34.9157 8.6464e+02 9.5400e-02     144903          9  0.000e+00
    131.888     3.9574     3.9547   3.250599   3.250177     3.0140     0.0470     0.9261     0.1330    96.7299    34.9163 8.6464e+02 9.5400e-02     144904          9  0.000e+00
    131.943     3.9571     3.9549   3.250641   3.250210     3.0128     0.0470     0.9322     0.1330    96.7299    34.9171 8.6464e+02 9.5400e-02     144905          9  0.000e+00
    131.951     3.9567     3.9550   3.250653   3.250177     3.0128     0.0470     0.9261     0.1330    96.7299    34.9176 8.6464e+02 9.5400e-02     144906          9  0.000e+00
    131.943     3.9566     3.9550   3.250587   3.250182     3.0128     0.0470     0.9261     0.1330    96.7299    34.9170 8.6464e+02 9.5400e-02     144907          9  0.000e+00
    131.943     3.9561     3.9550   3.250564   3.250149     3.0128     0.0470     0.9322     0.1319    96.7566    34.9172 8.6464e+02 9.5400e-02     144908          9  0.000e+00
    131.888     3.9561     3.9547   3.250528   3.250177     3.0128     0.0470     0.9322     0.1319    96.7566    34.9168 8.6464e+02 9.5400e-02     144909          9  0.000e+00
    131.998     3.9558     3.9549   3.250552   3.250210     3.0128     0.0470     0.9261     0.1319    96.7566    34.9174 8.6464e+02 9.5400e-02     144910          9  0.000e+00
    131.951     3.9558     3.9547   3.250546   3.250205     3.0140     0.0470     0.9322     0.1319    96.7566    34.9173 8.6464e+02 9.5400e-02     144911          9  0.000e+00
    131.943     3.9556     3.9550   3.250534   3.250210     3.0128     0.0470     0.9261     0.1319    96.7566    34.9174 8.6464e+02 9.5400e-02     144912          9  0.000e+00
    131.951     3.9558     3.9550   3.250576   3.250177     3.0128     0.0470     0.9261     0.1319    96.7566    34.9177 8.6464e+02 9.5400e-02     144913          9  0.000e+00
    131.999     3.9558     3.9549   3.250576   3.250205     3.0128     0.0470     0.9261     0.1319    96.7566    34.9176 8.6464e+02 9.5400e-02     144914          9  0.000e+00
    131.951     3.9558     3.9550   3.250582   3.250182     3.0128     0.0470     0.9261     0.1319    96.7566    34.9177 8.6464e+02 9.5400e-02     144915          9  0.000e+00
    131.943     3.9560     3.9550   3.250593   3.250177     3.0140     0.0470     0.9322     0.1319    96.7566    34.9177 8.6464e+02 9.5400e-02     144916          9  0.000e+00
    132.006     3.9562     3.9549   3.250552   3.250183     3.0128     0.0470     0.9261     0.1319    96.7566    34.9169 8.6464e+02 9.5400e-02     144917          9  0.000e+00
    131.943     3.9569     3.9550   3.250587   3.250238     3.0128     0.0470     0.9261     0.1319    96.7566    34.9167 8.6464e+02 9.5400e-02     144918          9  0.000e+00
    131.999     3.9571     3.9552   3.250576   3.250177     3.0140     0.0470     0.9322     0.1319    96.7566    34.9163 8.6464e+02 9.5400e-02     144919          9  0.000e+00
    132.006     3.9571     3.9553   3.250582   3.250210     3.0140     0.0470     0.9261     0.1319    96.7566    34.9164 8.6464e+02 9.5400e-02     144920          9  0.000e+00
    131.999     3.9572     3.9550   3.250683   3.250205     3.0140     0.0470     0.9261     0.1319    96.7566    34.9174 8.6464e+02 9.5400e-02     144921          9  0.000e+00
    132.007     3.9569     3.9550   3.250671   3.250210     3.0128     0.0470     0.9261     0.1319    96.7566    34.9176 8.6464e+02 9.5400e-02     144922          9  0.000e+00
    131.999     3.9569     3.9552   3.250653   3.250238     3.0128     0.0470     0.9322     0.1330    96.7299    34.9174 8.6464e+02 9.5400e-02     144923          9  0.000e+00
     91.328     4.0344     4.0343   3.255641   3.255443     3.0197     0.0470     0.9322     0.1429    96.4895    34.9164 8.2646e+02 9.5400e-02     149405         10  0.000e+00
     91.367     4.0345     4.0343   3.255594   3.255371     3.0197     0.0470     0.9322     0.1474    96.3826    34.9157 8.2646e+02 9.5400e-02     149406         10  0.000e+00
     91.304     4.0345     4.0341   3.255612   3.255387     3.0197     0.0470     0.9322     0.1474    96.3826    34.9160 8.2646e+02 9.5400e-02     149407         10  0.000e+00
     91.328     4.0342     4.0346   3.255612   3.255310     3.0197     0.0470     0.9322     0.1452    96.4361    34.9162 8.2646e+02 9.5400e-02     149408         10  0.000e+00
     91.249     4.0345     4.0341   3.255606   3.255327     3.0197     0.0470     0.9322     0.1418    96.5162    34.9159 8.2646e+02 9.5400e-02     149409         10  0.000e+00
     91.391     4.0341     4.0349   3.255588   3.255338     3.0197     0.0470     0.9322     0.1396    96.5696    34.9160 8.2646e+02 9.5400e-02     149410         10  0.000e+00
     91.305     4.0340     4.0356   3.255558   3.255327     3.0185     0.0470     0.9322     0.1374    96.6230    34.9159 8.2646e+02 9.5400e-02     149411         10  0.000e+00
     91.305     4.0342     4.0352   3.255546   3.255310     3.0185     0.0470     0.9322     0.1363    96.6498    34.9155 8.2837e+02 9.5400e-02     149412         10  0.000e+00
     91.328     4.0341     4.0345   3.255528   3.255338     3.0185     0.0470     0.9322     0.1352    96.6765    34.9154 8.2837e+02 9.5400e-02     149413         10  0.000e+00
     91.305     4.0337     4.0335   3.255516   3.255327     3.0197     0.0470     0.9322     0.1352    96.6765    34.9157 8.2646e+02 9.5400e-02     149414         10  0.000e+00
