Ship_data/Irminger/Irminger-3/ctd/process/ar0701010.cnv
* Sea-Bird SBE 9 Data File:
* FileName = D:\Data\ar0701010.hdr
* Software Version Seasave V 7.23.2
* Temperature SN = 4406
* Conductivity SN = 3042
* Number of Bytes Per Scan = 44
* Number of Voltage Words = 5
* Number of Scans Averaged by the Deck Unit = 1
* NMEA Latitude = 59 55.71 N
* NMEA Longitude = 039 37.28 W
* NMEA UTC (Time) = Jul 16 2016  20:07:47
** Site Irminger Surface Mooring (old 2015)
** G. Tupper Tupper
** Station # 010
** before old mooring recovery
# nquan = 19
# nvalues = 3002                        
# units = specified
# name 0 = prDM: Pressure, Digiquartz [db]
# name 1 = t090C: Temperature [ITS-90, deg C]
# name 2 = t190C: Temperature, 2 [ITS-90, deg C]
# name 3 = c0S/m: Conductivity [S/m]
# name 4 = c1S/m: Conductivity, 2 [S/m]
# name 5 = sbeox0V: Oxygen raw, SBE 43 [V]
# name 6 = flECO-AFL: Fluorescence, WET Labs ECO-AFL/FL [mg/m^3]
# name 7 = turbWETntu0: Turbidity, WET Labs ECO [NTU]
# name 8 = CStarAt0: Beam Attenuation, WET Labs C-Star [1/m]
# name 9 = CStarTr0: Beam Transmission, WET Labs C-Star [%]
# name 10 = sal00: Salinity, Practical [PSU]
# name 11 = spar: SPAR/Surface Irradiance
# name 12 = par: PAR/Irradiance, Biospherical/Licor
# name 13 = depSM: Depth [salt water, m], lat = 59.9285
# name 14 = sal00: Salinity, Practical [PSU]
# name 15 = sal11: Salinity, Practical, 2 [PSU]
# name 16 = sbeox0ML/L: Oxygen, SBE 43 [ml/l], WS = 2
# name 17 = svCM: Sound Velocity [Chen-Millero, m/s]
# name 18 = flag: flag
# span 0 =      2.019,   1522.840       
# span 1 =     3.4645,     8.4115       
# span 2 =     3.4643,     8.4116       
# span 3 =   3.239427,   3.645609       
# span 4 =   3.239128,   3.645457       
# span 5 =     2.4197,     4.7606       
# span 6 =     0.0094,     1.8981       
# span 7 =     0.8846,     1.1029       
# span 8 =     0.1263,     0.4895       
# span 9 =    88.4830,    96.8918       
# span 10 =    33.6781,    35.0664      
# span 11 = 4.7076e+01, 1.9082e+02      
# span 12 = 9.5398e-02, 9.5472e-02      
# span 13 =      2.000,   1503.000      
# span 14 =    33.6781,    35.0664      
# span 15 =    34.7952,    34.9816      
# span 16 =     5.7558,    10.1669      
# span 17 =    1469.47,    1490.24      
# span 18 = 0.0000e+00, 0.0000e+00      
# interval = meters: 1                  
# start_time = Jul 16 2016 20:10:01 [NMEA time, first data scan]
# bad_flag = -9.990e-29
*END*
[from data line 915]
    928.806     3.5514     3.5512   3.247446   3.247106     2.7278     0.0372     0.9228     0.1274    96.8645    34.8867 1.0680e+02 9.5400e-02    918.000    34.8867    34.8829     6.6518    1479.87 0.0000e+00
    929.820     3.5513     3.5509   3.247494   3.247150     2.7275     0.0368     0.9327     0.1277    96.8588    34.8868 1.0681e+02 9.5400e-02    919.000    34.8868    34.8831     6.6520    1479.89 0.0000e+00
    930.834     3.5511     3.5508   3.247526   3.247180     2.7276     0.0348     0.9307     0.1273    96.8666    34.8870 1.0689e+02 9.5400e-02    920.000    34.8870    34.8831     6.6530    1479.90 0.0000e+00
    931.848     3.5508     3.5505   3.247545   3.247204     2.7276     0.0348     0.9265     0.1275    96.8635    34.8869 1.0675e+02 9.5400e-02    921.000    34.8869    34.8832     6.6539    1479.92 0.0000e+00
    932.862     3.5506     3.5502   3.247577   3.247215     2.7274     0.0348     0.9198     0.1276    96.8598    34.8870 1.0689e+02 9.5400e-02    922.000    34.8870    34.8831     6.6543    1479.93 0.0000e+00
    933.876     3.5506     3.5503   3.247607   3.247264     2.7271     0.0276     0.9200     0.1276    96.8595    34.8868 1.0698e+02 9.5400e-02    923.000    34.8868    34.8830     6.6542    1479.95 0.0000e+00
    934.890     3.5512     3.5506   3.247685   3.247312     2.7263     0.0325     0.9281     0.1278    96.8543    34.8866 1.0651e+02 9.5400e-02    924.000    34.8866    34.8827     6.6526    1479.97 0.0000e+00
    935.904     3.5501     3.5494   3.247655   3.247276     2.7265     0.0434     0.9243     0.1281    96.8490    34.8869 1.0478e+02 9.5400e-02    925.000    34.8869    34.8831     6.6542    1479.98 0.0000e+00
    936.918     3.5496     3.5492   3.247649   3.247308     2.7263     0.0462     0.9265     0.1283    96.8438    34.8869 1.0574e+02 9.5400e-02    926.000    34.8869    34.8832     6.6547    1480.00 0.0000e+00
    937.932     3.5495     3.5492   3.247676   3.247350     2.7262     0.0234     0.9202     0.1277    96.8580    34.8868 1.0650e+02 9.5400e-02    927.000    34.8868    34.8831     6.6551    1480.01 0.0000e+00
    938.947     3.5493     3.5492   3.247715   3.247383     2.7262     0.0226     0.9242     0.1277    96.8587    34.8869 1.0644e+02 9.5400e-02    928.000    34.8869    34.8831     6.6561    1480.03 0.0000e+00
    939.961     3.5495     3.5492   3.247761   3.247414     2.7258     0.0290     0.9275     0.1276    96.8595    34.8867 1.0665e+02 9.5400e-02    929.000    34.8867    34.8829     6.6558    1480.05 0.0000e+00
    940.975     3.5502     3.5497   3.247841   3.247481     2.7243     0.0442     0.9283     0.1278    96.8563    34.8864 1.0616e+02 9.5400e-02    930.000    34.8864    34.8826     6.6517    1480.07 0.0000e+00
    941.989     3.5489     3.5486   3.247805   3.247466     2.7242     0.0267     0.9238     0.1277    96.8577    34.8868 1.0523e+02 9.5400e-02    931.000    34.8868    34.8831     6.6525    1480.08 0.0000e+00
    943.003     3.5485     3.5483   3.247811   3.247472     2.7243     0.0349     0.9199     0.1277    96.8577    34.8867 1.0442e+02 9.5400e-02    932.000    34.8867    34.8829     6.6538    1480.09 0.0000e+00
    944.017     3.5484     3.5481   3.247830   3.247495     2.7239     0.0348     0.9257     0.1284    96.8401    34.8866 1.0534e+02 9.5400e-02    933.000    34.8866    34.8829     6.6537    1480.11 0.0000e+00
    945.031     3.5482     3.5480   3.247862   3.247511     2.7240     0.0313     0.9304     0.1287    96.8343    34.8866 1.0545e+02 9.5400e-02    934.000    34.8866    34.8827     6.6546    1480.13 0.0000e+00
    946.045     3.5486     3.5484   3.247929   3.247596     2.7237     0.0237     0.9309     0.1280    96.8504    34.8865 1.0581e+02 9.5400e-02    935.000    34.8865    34.8827     6.6545    1480.14 0.0000e+00
    947.059     3.5488     3.5485   3.247987   3.247650     2.7219     0.0470     0.9324     0.1276    96.8610    34.8864 1.0694e+02 9.5400e-02    936.000    34.8864    34.8827     6.6499    1480.16 0.0000e+00
    948.073     3.5483     3.5480   3.247998   3.247660     2.7227     0.0471     0.9274     0.1275    96.8635    34.8866 1.0678e+02 9.5400e-02    937.000    34.8866    34.8829     6.6534    1480.18 0.0000e+00
    949.087     3.5482     3.5479   3.248027   3.247689     2.7225     0.0470     0.9267     0.1279    96.8533    34.8865 1.0637e+02 9.5400e-02    938.000    34.8865    34.8828     6.6536    1480.19 0.0000e+00
    950.102     3.5483     3.5480   3.248085   3.247740     2.7222     0.0328     0.9251     0.1275    96.8629    34.8866 1.0676e+02 9.5400e-02    939.000    34.8866    34.8827     6.6535    1480.21 0.0000e+00
    951.116     3.5485     3.5482   3.248133   3.247800     2.7221     0.0127     0.9220     0.1274    96.8647    34.8865 1.0571e+02 9.5400e-02    940.000    34.8865    34.8828     6.6541    1480.23 0.0000e+00
    952.130     3.5486     3.5483   3.248190   3.247843     2.7219     0.0283     0.9283     0.1274    96.8642    34.8865 1.0702e+02 9.5400e-02    941.000    34.8865    34.8827     6.6543    1480.24 0.0000e+00
    953.144     3.5487     3.5485   3.248245   3.247897     2.7208     0.0284     0.9296     0.1285    96.8391    34.8865 1.0817e+02 9.5400e-02    942.000    34.8865    34.8826     6.6517    1480.26 0.0000e+00
    954.158     3.5487     3.5484   3.248287   3.247951     2.7201     0.0263     0.9293     0.1277    96.8568    34.8865 1.0859e+02 9.5400e-02    943.000    34.8865    34.8828     6.6504    1480.28 0.0000e+00
    955.172     3.5486     3.5483   3.248333   3.247977     2.7193     0.0317     0.9308     0.1277    96.8574    34.8866 1.0808e+02 9.5400e-02    944.000    34.8866    34.8826     6.6490    1480.29 0.0000e+00
    956.186     3.5485     3.5483   3.248359   3.248021     2.7193     0.0274     0.9298     0.1275    96.8623    34.8865 1.0730e+02 9.5400e-02    945.000    34.8865    34.8827     6.6497    1480.31 0.0000e+00
    957.201     3.5483     3.5480   3.248389   3.248041     2.7193     0.0225     0.9230     0.1277    96.8570    34.8865 1.0688e+02 9.5400e-02    946.000    34.8865    34.8827     6.6507    1480.33 0.0000e+00
    958.215     3.5479     3.5475   3.248379   3.248039     2.7191     0.0413     0.9289     0.1279    96.8523    34.8864 1.0666e+02 9.5400e-02    947.000    34.8864    34.8826     6.6511    1480.34 0.0000e+00
    959.229     3.5478     3.5475   3.248430   3.248085     2.7190     0.0347     0.9201     0.1279    96.8530    34.8865 1.0731e+02 9.5400e-02    948.000    34.8865    34.8827     6.6515    1480.36 0.0000e+00
    960.243     3.5479     3.5476   3.248487   3.248147     2.7192     0.0226     0.9270     0.1272    96.8689    34.8866 1.0842e+02 9.5400e-02    949.000    34.8866    34.8828     6.6530    1480.38 0.0000e+00
    961.257     3.5478     3.5474   3.248511   3.248159     2.7193     0.0226     0.9281     0.1280    96.8508    34.8865 1.0869e+02 9.5400e-02    950.000    34.8865    34.8826     6.6541    1480.39 0.0000e+00
    962.271     3.5470     3.5467   3.248475   3.248137     2.7192     0.0226     0.9277     0.1276    96.8609    34.8864 1.0862e+02 9.5400e-02    951.000    34.8864    34.8827     6.6550    1480.41 0.0000e+00
    963.286     3.5463     3.5460   3.248465   3.248111     2.7189     0.0226     0.9303     0.1280    96.8518    34.8864 1.0845e+02 9.5400e-02    952.000    34.8864    34.8825     6.6550    1480.42 0.0000e+00
    964.300     3.5459     3.5456   3.248461   3.248120     2.7184     0.0413     0.9288     0.1284    96.8417    34.8862 1.0713e+02 9.5400e-02    953.000    34.8862    34.8825     6.6544    1480.43 0.0000e+00
    965.314     3.5457     3.5454   3.248480   3.248130     2.7174     0.0288     0.9304     0.1277    96.8567    34.8862 1.0745e+02 9.5400e-02    954.000    34.8862    34.8823     6.6524    1480.45 0.0000e+00
    966.328     3.5458     3.5454   3.248532   3.248176     2.7171     0.0227     0.9273     0.1282    96.8467    34.8862 1.0858e+02 9.5400e-02    955.000    34.8862    34.8824     6.6522    1480.47 0.0000e+00
    967.342     3.5453     3.5451   3.248521   3.248187     2.7171     0.0441     0.9315     0.1275    96.8616    34.8861 1.0861e+02 9.5400e-02    956.000    34.8861    34.8823     6.6530    1480.48 0.0000e+00
    968.357     3.5454     3.5450   3.248595   3.248234     2.7165     0.0318     0.9258     0.1273    96.8681    34.8863 1.0748e+02 9.5400e-02    957.000    34.8863    34.8824     6.6523    1480.50 0.0000e+00
    969.371     3.5449     3.5447   3.248582   3.248236     2.7165     0.0237     0.9205     0.1277    96.8579    34.8862 1.0765e+02 9.5400e-02    958.000    34.8862    34.8823     6.6531    1480.51 0.0000e+00
    970.385     3.5448     3.5445   3.248616   3.248283     2.7163     0.0354     0.9279     0.1275    96.8634    34.8862 1.0832e+02 9.5400e-02    959.000    34.8862    34.8824     6.6533    1480.53 0.0000e+00
    971.399     3.5448     3.5445   3.248657   3.248320     2.7159     0.0348     0.9215     0.1277    96.8590    34.8861 1.0830e+02 9.5400e-02    960.000    34.8861    34.8824     6.6530    1480.55 0.0000e+00
    972.413     3.5445     3.5443   3.248666   3.248336     2.7157     0.0348     0.9342     0.1275    96.8633    34.8860 1.0861e+02 9.5400e-02    961.000    34.8860    34.8823     6.6532    1480.56 0.0000e+00
    973.428     3.5444     3.5441   3.248703   3.248362     2.7154     0.0441     0.9247     0.1275    96.8634    34.8861 1.0824e+02 9.5400e-02    962.000    34.8861    34.8823     6.6535    1480.58 0.0000e+00
    974.442     3.5443     3.5440   3.248734   3.248386     2.7152     0.0370     0.9309     0.1275    96.8634    34.8860 1.0852e+02 9.5400e-02    963.000    34.8860    34.8821     6.6534    1480.60 0.0000e+00
    975.456     3.5441     3.5438   3.248759   3.248410     2.7148     0.0427     0.9291     0.1282    96.8453    34.8860 1.0875e+02 9.5400e-02    964.000    34.8860    34.8821     6.6534    1480.61 0.0000e+00
    976.470     3.5420     3.5427   3.248590   3.248349     2.7146     0.0265     0.9283     0.1276    96.8607    34.8857 1.0912e+02 9.5400e-02    965.000    34.8857    34.8821     6.6539    1480.62 0.0000e+00
    977.485     3.5407     3.5404   3.248509   3.248168     2.7143     0.0323     0.9298     0.1281    96.8487    34.8855 1.0834e+02 9.5400e-02    966.000    34.8855    34.8818     6.6542    1480.63 0.0000e+00
    978.499     3.5407     3.5404   3.248551   3.248209     2.7144     0.0283     0.9323     0.1279    96.8531    34.8855 1.0881e+02 9.5400e-02    967.000    34.8855    34.8818     6.6552    1480.65 0.0000e+00
    979.513     3.5407     3.5403   3.248586   3.248235     2.7142     0.0348     0.9309     0.1278    96.8550    34.8855 1.0880e+02 9.5400e-02    968.000    34.8855    34.8817     6.6555    1480.66 0.0000e+00
    980.527     3.5407     3.5404   3.248648   3.248302     2.7143     0.0348     0.9274     0.1277    96.8580    34.8856 1.0892e+02 9.5400e-02    969.000    34.8856    34.8818     6.6568    1480.68 0.0000e+00
    981.542     3.5404     3.5401   3.248650   3.248318     2.7138     0.0348     0.9310     0.1282    96.8464    34.8855 1.0913e+02 9.5400e-02    970.000    34.8855    34.8818     6.6561    1480.70 0.0000e+00
    982.556     3.5401     3.5399   3.248671   3.248335     2.7138     0.0295     0.9308     0.1275    96.8617    34.8855 1.0973e+02 9.5400e-02    971.000    34.8855    34.8817     6.6572    1480.71 0.0000e+00
    983.570     3.5408     3.5402   3.248749   3.248382     2.7136     0.0230     0.9276     0.1283    96.8427    34.8852 1.1033e+02 9.5400e-02    972.000    34.8852    34.8814     6.6572    1480.73 0.0000e+00
    984.585     3.5402     3.5399   3.248751   3.248411     2.7136     0.0353     0.9326     0.1277    96.8591    34.8854 1.0976e+02 9.5400e-02    973.000    34.8854    34.8815     6.6582    1480.74 0.0000e+00
    985.599     3.5401     3.5397   3.248783   3.248444     2.7130     0.0348     0.9304     0.1285    96.8393    34.8853 1.1073e+02 9.5400e-02    974.000    34.8853    34.8816     6.6571    1480.76 0.0000e+00
    986.613     3.5399     3.5395   3.248815   3.248468     2.7124     0.0391     0.9297     0.1278    96.8567    34.8854 1.1061e+02 9.5400e-02    975.000    34.8854    34.8816     6.6561    1480.78 0.0000e+00
    987.627     3.5398     3.5396   3.248850   3.248501     2.7121     0.0462     0.9321     0.1277    96.8575    34.8853 1.1070e+02 9.5400e-02    976.000    34.8853    34.8814     6.6560    1480.79 0.0000e+00
    988.642     3.5398     3.5394   3.248899   3.248530     2.7110     0.0226     0.9322     0.1279    96.8522    34.8854 1.1070e+02 9.5400e-02    977.000    34.8854    34.8814     6.6535    1480.81 0.0000e+00
    989.656     3.5396     3.5391   3.248905   3.248553     2.7104     0.0323     0.9324     0.1276    96.8612    34.8852 1.1070e+02 9.5400e-02    978.000    34.8852    34.8815     6.6526    1480.83 0.0000e+00
    990.670     3.5388     3.5382   3.248869   3.248482     2.7098     0.0348     0.9293     0.1278    96.8554    34.8851 1.1086e+02 9.5400e-02    979.000    34.8851    34.8811     6.6519    1480.84 0.0000e+00
    991.685     3.5376     3.5373   3.248789   3.248444     2.7096     0.0351     0.9280     0.1277    96.8577    34.8849 1.1090e+02 9.5400e-02    980.000    34.8849    34.8810     6.6523    1480.85 0.0000e+00
    992.699     3.5377     3.5374   3.248846   3.248489     2.7092     0.0306     0.9307     0.1278    96.8547    34.8849 1.1089e+02 9.5400e-02    981.000    34.8849    34.8810     6.6519    1480.87 0.0000e+00
    993.713     3.5380     3.5378   3.248925   3.248576     2.7093     0.0323     0.9281     0.1279    96.8534    34.8850 1.1023e+02 9.5400e-02    982.000    34.8850    34.8811     6.6529    1480.89 0.0000e+00
    994.728     3.5381     3.5379   3.248982   3.248632     2.7097     0.0348     0.9270     0.1279    96.8522    34.8850 1.1061e+02 9.5400e-02    983.000    34.8850    34.8811     6.6550    1480.90 0.0000e+00
    995.742     3.5381     3.5377   3.249011   3.248668     2.7091     0.0348     0.9348     0.1279    96.8533    34.8849 1.1061e+02 9.5400e-02    984.000    34.8849    34.8812     6.6541    1480.92 0.0000e+00
    996.756     3.5381     3.5377   3.249058   3.248699     2.7089     0.0320     0.9442     0.1278    96.8545    34.8850 1.1061e+02 9.5400e-02    985.000    34.8850    34.8810     6.6545    1480.94 0.0000e+00
    997.771     3.5381     3.5379   3.249106   3.248757     2.7088     0.0265     0.9410     0.1283    96.8433    34.8850 1.1084e+02 9.5400e-02    986.000    34.8850    34.8811     6.6550    1480.95 0.0000e+00
    998.785     3.5384     3.5380   3.249167   3.248817     2.7086     0.0300     0.9432     0.1285    96.8379    34.8849 1.1072e+02 9.5400e-02    987.000    34.8849    34.8811     6.6550    1480.97 0.0000e+00
    999.799     3.5384     3.5380   3.249214   3.248858     2.7082     0.0321     0.9268     0.1276    96.8605    34.8849 1.1048e+02 9.5400e-02    988.000    34.8849    34.8810     6.6549    1480.99 0.0000e+00
   1000.814     3.5377     3.5375   3.249197   3.248852     2.7079     0.0223     0.9271     0.1275    96.8637    34.8849 1.1059e+02 9.5400e-02    989.000    34.8849    34.8810     6.6548    1481.00 0.0000e+00
   1001.828     3.5373     3.5370   3.249207   3.248862     2.7080     0.0309     0.9274     0.1276    96.8604    34.8849 1.1071e+02 9.5400e-02    990.000    34.8849    34.8811     6.6562    1481.02 0.0000e+00
   1002.843     3.5365     3.5358   3.249171   3.248781     2.7082     0.0293     0.9299     0.1285    96.8397    34.8848 1.0986e+02 9.5400e-02    991.000    34.8848    34.8809     6.6579    1481.03 0.0000e+00
   1003.857     3.5363     3.5360   3.249177   3.248835     2.7074     0.0300     0.9295     0.1277    96.8582    34.8846 1.1036e+02 9.5400e-02    992.000    34.8846    34.8808     6.6562    1481.05 0.0000e+00
