Ship_data/Irminger/Irminger-3/ctd/process/ar0701008.ros
* Sea-Bird SBE 9 Data File:
* FileName = D:\Data\ar0701008.hdr
* Software Version Seasave V 7.23.2
* Temperature SN = 4406
* Conductivity SN = 3042
* Number of Bytes Per Scan = 44
* Number of Voltage Words = 5
* Number of Scans Averaged by the Deck Unit = 1
* NMEA Latitude = 59 46.17 N
* NMEA Longitude = 039 51.52 W
* NMEA UTC (Time) = Jul 12 2016  19:23:48
** Site Irminger Flanking mooring A
** G. Tupper Tupper
** Station # 008
** Old and new
# nquan = 16
# nvalues = 588                                   
# units = specified
# name 0 = prDM: Pressure, Digiquartz [db]
# name 1 = t090C: Temperature [ITS-90, deg C]
# name 2 = t190C: Temperature, 2 [ITS-90, deg C]
# name 3 = c0S/m: Conductivity [S/m]
# name 4 = c1S/m: Conductivity, 2 [S/m]
# name 5 = sbeox0V: Oxygen raw, SBE 43 [V]
# name 6 = flECO-AFL: Fluorescence, WET Labs ECO-AFL/FL [mg/m^3]
# name 7 = turbWETntu0: Turbidity, WET Labs ECO [NTU]
# name 8 = CStarAt0: Beam Attenuation, WET Labs C-Star [1/m]
# name 9 = CStarTr0: Beam Transmission, WET Labs C-Star [%]
# name 10 = sal00: Salinity, Practical [PSU]
# name 11 = spar: SPAR/Surface Irradiance
# name 12 = par: PAR/Irradiance, Biospherical/Licor
# name 13 = scan: Scan Count
# name 14 = nbf: Bottles Fired
# name 15 = flag:  0.000e+00
# interval = seconds: 0.0416667
# start_time = Jul 12 2016 19:27:28 [NMEA time, first data scan]
# bad_flag = -9.990e-29
*END*
[from data line 91]
   2030.327     3.2088     3.2079   3.266799   3.266382     2.2912     0.0348     0.9505     0.1297    96.8100    34.9314 5.0771e+02 9.5400e-02      97416          2  0.000e+00
   2030.327     3.2088     3.2080   3.266781   3.266382     2.2912     0.0348     0.9505     0.1297    96.8100    34.9312 5.0771e+02 9.5400e-02      97417          2  0.000e+00
   2030.327     3.2086     3.2080   3.266799   3.266382     2.2912     0.0348     0.9505     0.1297    96.8100    34.9315 5.0771e+02 9.5400e-02      97418          2  0.000e+00
   2030.392     3.2086     3.2081   3.266823   3.266383     2.2912     0.0348     0.9505     0.1297    96.8100    34.9318 5.0771e+02 9.5400e-02      97419          2  0.000e+00
   2030.327     3.2088     3.2080   3.266811   3.266355     2.2912     0.0348     0.9505     0.1297    96.8100    34.9315 5.0771e+02 9.5400e-02      97420          2  0.000e+00
   2030.392     3.2088     3.2080   3.266787   3.266410     2.2912     0.0348     0.9566     0.1297    96.8100    34.9312 5.0771e+02 9.5400e-02      97421          2  0.000e+00
   2030.327     3.2085     3.2082   3.266817   3.266382     2.2912     0.0348     0.9505     0.1297    96.8100    34.9319 5.0771e+02 9.5400e-02      97422          2  0.000e+00
   1725.110     3.4644     3.4641   3.276722   3.276369     2.3551     0.0470     0.9505     0.1275    96.8634    34.9269 5.5161e+02 9.5400e-02     106931          3  0.000e+00
   1725.110     3.4646     3.4640   3.276764   3.276342     2.3551     0.0470     0.9566     0.1275    96.8634    34.9272 5.4779e+02 9.5400e-02     106932          3  0.000e+00
   1725.045     3.4644     3.4640   3.276740   3.276342     2.3564     0.0470     0.9505     0.1275    96.8634    34.9272 5.4398e+02 9.5400e-02     106933          3  0.000e+00
   1725.110     3.4644     3.4640   3.276722   3.276369     2.3564     0.0470     0.9505     0.1275    96.8634    34.9269 5.4207e+02 9.5400e-02     106934          3  0.000e+00
   1725.167     3.4643     3.4640   3.276722   3.276369     2.3564     0.0470     0.9566     0.1264    96.8902    34.9271 5.4589e+02 9.5400e-02     106935          3  0.000e+00
   1725.045     3.4639     3.4641   3.276704   3.276364     2.3551     0.0470     0.9505     0.1264    96.8902    34.9273 5.4970e+02 9.5400e-02     106936          3  0.000e+00
   1725.167     3.4644     3.4640   3.276692   3.276342     2.3551     0.0470     0.9505     0.1275    96.8634    34.9265 5.4970e+02 9.5400e-02     106937          3  0.000e+00
   1725.110     3.4641     3.4640   3.276710   3.276369     2.3564     0.0470     0.9505     0.1275    96.8634    34.9271 5.5161e+02 9.5400e-02     106938          3  0.000e+00
   1725.167     3.4639     3.4640   3.276740   3.276342     2.3564     0.0470     0.9505     0.1275    96.8634    34.9276 5.4970e+02 9.5400e-02     106939          3  0.000e+00
   1725.167     3.4643     3.4640   3.276734   3.276342     2.3551     0.0470     0.9505     0.1275    96.8634    34.9272 5.5161e+02 9.5400e-02     106940          3  0.000e+00
   1725.110     3.4644     3.4640   3.276680   3.276342     2.3564     0.0470     0.9505     0.1264    96.8902    34.9264 5.5161e+02 9.5400e-02     106941          3  0.000e+00
   1725.150     3.4643     3.4638   3.276728   3.276342     2.3564     0.0470     0.9505     0.1264    96.8902    34.9271 5.5161e+02 9.5400e-02     106942          3  0.000e+00
   1725.167     3.4641     3.4638   3.276734   3.276392     2.3564     0.0470     0.9505     0.1264    96.8902    34.9274 5.5161e+02 9.5400e-02     106943          3  0.000e+00
   1725.167     3.4643     3.4641   3.276764   3.276342     2.3551     0.0470     0.9505     0.1264    96.8902    34.9276 5.5161e+02 9.5400e-02     106944          3  0.000e+00
   1725.167     3.4643     3.4640   3.276764   3.276369     2.3564     0.0470     0.9505     0.1275    96.8634    34.9276 5.5161e+02 9.5400e-02     106945          3  0.000e+00
   1725.167     3.4646     3.4640   3.276710   3.276369     2.3564     0.0470     0.9505     0.1264    96.8902    34.9266 5.5161e+02 9.5400e-02     106946          3  0.000e+00
   1725.231     3.4644     3.4640   3.276710   3.276342     2.3551     0.0470     0.9566     0.1275    96.8634    34.9267 5.5161e+02 9.5400e-02     106947          3  0.000e+00
   1725.167     3.4644     3.4640   3.276722   3.276342     2.3564     0.0470     0.9505     0.1264    96.8902    34.9269 5.5161e+02 9.5400e-02     106948          3  0.000e+00
   1725.231     3.4644     3.4641   3.276740   3.276364     2.3551     0.0470     0.9505     0.1264    96.8902    34.9271 5.5161e+02 9.5400e-02     106949          3  0.000e+00
   1725.167     3.4644     3.4640   3.276752   3.276342     2.3551     0.0470     0.9505     0.1275    96.8634    34.9272 5.5161e+02 9.5400e-02     106950          3  0.000e+00
   1725.231     3.4646     3.4640   3.276710   3.276370     2.3564     0.0470     0.9505     0.1275    96.8634    34.9265 5.5161e+02 9.5400e-02     106951          3  0.000e+00
   1725.231     3.4644     3.4640   3.276734   3.276370     2.3551     0.0470     0.9505     0.1275    96.8634    34.9270 5.4970e+02 9.5400e-02     106952          3  0.000e+00
   1725.231     3.4643     3.4640   3.276710   3.276370     2.3551     0.0470     0.9566     0.1275    96.8634    34.9269 5.5161e+02 9.5400e-02     106953          3  0.000e+00
   1725.167     3.4644     3.4640   3.276734   3.276342     2.3551     0.0470     0.9505     0.1264    96.8902    34.9270 5.5161e+02 9.5400e-02     106954          3  0.000e+00
   1725.272     3.4644     3.4638   3.276770   3.276342     2.3564     0.0348     0.9505     0.1275    96.8634    34.9274 5.5161e+02 9.5400e-02     106955          3  0.000e+00
   1725.231     3.4646     3.4641   3.276764   3.276364     2.3564     0.0348     0.9566     0.1264    96.8902    34.9272 5.5161e+02 9.5400e-02     106956          3  0.000e+00
   1725.231     3.4644     3.4639   3.276734   3.276342     2.3564     0.0348     0.9505     0.1275    96.8634    34.9270 5.5161e+02 9.5400e-02     106957          3  0.000e+00
   1725.231     3.4646     3.4640   3.276704   3.276370     2.3564     0.0348     0.9505     0.1275    96.8634    34.9265 5.5161e+02 9.5400e-02     106958          3  0.000e+00
   1725.231     3.4646     3.4641   3.276734   3.276342     2.3551     0.0348     0.9505     0.1275    96.8634    34.9268 5.5161e+02 9.5400e-02     106959          3  0.000e+00
   1725.288     3.4644     3.4638   3.276734   3.276314     2.3551     0.0348     0.9505     0.1275    96.8634    34.9270 5.4970e+02 9.5400e-02     106960          3  0.000e+00
   1725.231     3.4646     3.4640   3.276764   3.276342     2.3551     0.0348     0.9505     0.1275    96.8634    34.9272 5.5161e+02 9.5400e-02     106961          3  0.000e+00
   1725.231     3.4644     3.4641   3.276740   3.276336     2.3564     0.0348     0.9505     0.1275    96.8634    34.9271 5.4970e+02 9.5400e-02     106962          3  0.000e+00
   1725.288     3.4646     3.4640   3.276722   3.276342     2.3551     0.0348     0.9505     0.1264    96.8902    34.9267 5.5161e+02 9.5400e-02     106963          3  0.000e+00
   1725.231     3.4644     3.4640   3.276722   3.276342     2.3551     0.0348     0.9505     0.1264    96.8902    34.9269 5.5161e+02 9.5400e-02     106964          3  0.000e+00
   1725.288     3.4644     3.4640   3.276740   3.276314     2.3564     0.0348     0.9505     0.1264    96.8902    34.9270 5.4970e+02 9.5400e-02     106965          3  0.000e+00
   1725.231     3.4643     3.4640   3.276752   3.276370     2.3564     0.0348     0.9566     0.1275    96.8634    34.9274 5.4970e+02 9.5400e-02     106966          3  0.000e+00
   1725.288     3.4646     3.4639   3.276752   3.276370     2.3564     0.0348     0.9505     0.1275    96.8634    34.9270 5.4970e+02 9.5400e-02     106967          3  0.000e+00
   1725.231     3.4643     3.4641   3.276710   3.276369     2.3551     0.0348     0.9505     0.1275    96.8634    34.9269 5.4970e+02 9.5400e-02     106968          3  0.000e+00
   1725.337     3.4646     3.4641   3.276734   3.276364     2.3551     0.0348     0.9505     0.1264    96.8902    34.9268 5.4970e+02 9.5400e-02     106969          3  0.000e+00
   1725.231     3.4644     3.4641   3.276734   3.276314     2.3551     0.0348     0.9505     0.1275    96.8634    34.9270 5.4970e+02 9.5400e-02     106970          3  0.000e+00
   1725.288     3.4644     3.4640   3.276740   3.276370     2.3551     0.0348     0.9505     0.1275    96.8634    34.9270 5.4970e+02 9.5400e-02     106971          3  0.000e+00
   1725.288     3.4644     3.4641   3.276752   3.276342     2.3551     0.0348     0.9505     0.1264    96.8902    34.9272 5.4970e+02 9.5400e-02     106972          3  0.000e+00
   1725.231     3.4644     3.4638   3.276734   3.276370     2.3551     0.0348     0.9505     0.1264    96.8902    34.9270 5.4970e+02 9.5400e-02     106973          3  0.000e+00
   1725.288     3.4644     3.4640   3.276704   3.276342     2.3551     0.0348     0.9505     0.1275    96.8634    34.9266 5.4970e+02 9.5400e-02     106974          3  0.000e+00
   1725.231     3.4646     3.4640   3.276692   3.276336     2.3551     0.0348     0.9505     0.1275    96.8634    34.9263 5.4779e+02 9.5400e-02     106975          3  0.000e+00
   1725.288     3.4644     3.4641   3.276710   3.276342     2.3564     0.0348     0.9505     0.1286    96.8367    34.9267 5.4970e+02 9.5400e-02     106976          3  0.000e+00
   1725.288     3.4644     3.4639   3.276740   3.276370     2.3564     0.0348     0.9505     0.1308    96.7833    34.9270 5.4970e+02 9.5400e-02     106977          3  0.000e+00
   1725.288     3.4646     3.4640   3.276752   3.276342     2.3551     0.0348     0.9505     0.1308    96.7833    34.9270 5.4970e+02 9.5400e-02     106978          3  0.000e+00
   1725.231     3.4644     3.4638   3.276752   3.276370     2.3551     0.0470     0.9505     0.1297    96.8100    34.9272 5.4970e+02 9.5400e-02     106979          3  0.000e+00
   1520.061     3.6281     3.6279   3.282461   3.282091     2.4244     0.0470     0.9444     0.1286    96.8367    34.9228 5.1535e+02 9.5400e-02     114849          4  0.000e+00
   1520.045     3.6277     3.6279   3.282509   3.282147     2.4257     0.0470     0.9444     0.1286    96.8367    34.9238 5.1535e+02 9.5400e-02     114850          4  0.000e+00
   1520.110     3.6279     3.6278   3.282497   3.282091     2.4257     0.0470     0.9444     0.1286    96.8367    34.9234 5.1535e+02 9.5400e-02     114851          4  0.000e+00
   1520.045     3.6279     3.6279   3.282437   3.282147     2.4257     0.0470     0.9444     0.1286    96.8367    34.9227 5.1726e+02 9.5400e-02     114852          4  0.000e+00
   1520.045     3.6281     3.6276   3.282485   3.282119     2.4257     0.0470     0.9444     0.1286    96.8367    34.9231 5.1535e+02 9.5400e-02     114853          4  0.000e+00
   1520.061     3.6281     3.6278   3.282485   3.282119     2.4257     0.0470     0.9444     0.1286    96.8367    34.9231 5.1726e+02 9.5400e-02     114854          4  0.000e+00
   1520.045     3.6282     3.6276   3.282521   3.282119     2.4257     0.0470     0.9444     0.1286    96.8367    34.9234 5.1535e+02 9.5400e-02     114855          4  0.000e+00
   1520.045     3.6284     3.6276   3.282473   3.282147     2.4244     0.0470     0.9444     0.1286    96.8367    34.9226 5.1535e+02 9.5400e-02     114856          4  0.000e+00
   1519.981     3.6284     3.6278   3.282491   3.282119     2.4244     0.0470     0.9444     0.1286    96.8367    34.9229 5.1535e+02 9.5400e-02     114857          4  0.000e+00
   1520.045     3.6281     3.6274   3.282509   3.282086     2.4244     0.0470     0.9444     0.1286    96.8367    34.9234 5.1535e+02 9.5400e-02     114858          4  0.000e+00
   1520.005     3.6282     3.6280   3.282485   3.282119     2.4244     0.0470     0.9444     0.1275    96.8634    34.9230 5.1535e+02 9.5400e-02     114859          4  0.000e+00
   1519.981     3.6281     3.6278   3.282479   3.282119     2.4257     0.0470     0.9444     0.1275    96.8634    34.9231 5.1535e+02 9.5400e-02     114860          4  0.000e+00
   1519.981     3.6281     3.6276   3.282479   3.282086     2.4257     0.0470     0.9444     0.1275    96.8634    34.9231 5.1535e+02 9.5400e-02     114861          4  0.000e+00
   1519.981     3.6281     3.6277   3.282497   3.282147     2.4257     0.0470     0.9444     0.1286    96.8367    34.9233 5.1726e+02 9.5400e-02     114862          4  0.000e+00
   1519.819     3.6282     3.6276   3.282485   3.282091     2.4257     0.0470     0.9444     0.1286    96.8367    34.9231 5.1535e+02 9.5400e-02     114863          4  0.000e+00
   1520.110     3.6281     3.6278   3.282461   3.282147     2.4244     0.0470     0.9444     0.1286    96.8367    34.9228 5.1535e+02 9.5400e-02     114864          4  0.000e+00
   1519.981     3.6282     3.6278   3.282467   3.282119     2.4257     0.0470     0.9444     0.1286    96.8367    34.9228 5.1726e+02 9.5400e-02     114865          4  0.000e+00
   1519.924     3.6282     3.6278   3.282497   3.282119     2.4244     0.0470     0.9444     0.1286    96.8367    34.9232 5.1726e+02 9.5400e-02     114866          4  0.000e+00
   1519.981     3.6284     3.6278   3.282485   3.282119     2.4257     0.0470     0.9444     0.1286    96.8367    34.9228 5.1535e+02 9.5400e-02     114867          4  0.000e+00
   1519.884     3.6281     3.6275   3.282479   3.282147     2.4257     0.0470     0.9444     0.1286    96.8367    34.9231 5.1726e+02 9.5400e-02     114868          4  0.000e+00
   1519.981     3.6283     3.6276   3.282479   3.282091     2.4257     0.0470     0.9566     0.1286    96.8367    34.9229 5.1535e+02 9.5400e-02     114869          4  0.000e+00
   1519.924     3.6284     3.6278   3.282479   3.282086     2.4257     0.0348     0.9566     0.1297    96.8100    34.9228 5.1535e+02 9.5400e-02     114870          4  0.000e+00
   1519.924     3.6282     3.6277   3.282497   3.282119     2.4257     0.0348     0.9566     0.1308    96.7833    34.9232 5.1535e+02 9.5400e-02     114871          4  0.000e+00
   1519.924     3.6281     3.6274   3.282527   3.282091     2.4257     0.0348     0.9566     0.1308    96.7833    34.9237 5.1535e+02 9.5400e-02     114872          4  0.000e+00
   1519.884     3.6284     3.6274   3.282497   3.282086     2.4257     0.0348     0.9566     0.1308    96.7833    34.9230 5.1535e+02 9.5400e-02     114873          4  0.000e+00
   1519.924     3.6283     3.6275   3.282479   3.282091     2.4257     0.0348     0.9566     0.1297    96.8100    34.9229 5.1535e+02 9.5400e-02     114874          4  0.000e+00
   1519.924     3.6284     3.6273   3.282521   3.282119     2.4257     0.0348     0.9566     0.1286    96.8367    34.9233 5.1535e+02 9.5400e-02     114875          4  0.000e+00
   1519.924     3.6284     3.6277   3.282497   3.282086     2.4244     0.0348     0.9566     0.1286    96.8367    34.9230 5.1726e+02 9.5400e-02     114876          4  0.000e+00
   1519.860     3.6284     3.6273   3.282497   3.282119     2.4244     0.0348     0.9566     0.1286    96.8367    34.9230 5.1535e+02 9.5400e-02     114877          4  0.000e+00
   1519.940     3.6284     3.6274   3.282509   3.282119     2.4257     0.0348     0.9566     0.1286    96.8367    34.9231 5.1535e+02 9.5400e-02     114878          4  0.000e+00
   1519.860     3.6284     3.6273   3.282527   3.282086     2.4257     0.0348     0.9566     0.1286    96.8367    34.9234 5.1726e+02 9.5400e-02     114879          4  0.000e+00
   1519.860     3.6286     3.6274   3.282539   3.282119     2.4257     0.0348     0.9566     0.1286    96.8367    34.9233 5.1726e+02 9.5400e-02     114880          4  0.000e+00
   1519.924     3.6286     3.6273   3.282521   3.282091     2.4244     0.0348     0.9566     0.1286    96.8367    34.9231 5.1535e+02 9.5400e-02     114881          4  0.000e+00
