Ship_data/Irminger/Irminger-3/ctd/process/ar0701006.ros
* Sea-Bird SBE 9 Data File:
* FileName = D:\Data\ar0701006.hdr
* Software Version Seasave V 7.23.2
* Temperature SN = 4406
* Conductivity SN = 3042
* Number of Bytes Per Scan = 44
* Number of Voltage Words = 5
* Number of Scans Averaged by the Deck Unit = 1
* NMEA Latitude = 59 55.99 N
* NMEA Longitude = 039 27.05 W
* NMEA UTC (Time) = Jul 10 2016  19:49:21
** Site Irminger Surface Mooring
** G. Tupper Tupper
** Station # 006
** new mooring
# nquan = 16
# nvalues = 539                                   
# units = specified
# name 0 = prDM: Pressure, Digiquartz [db]
# name 1 = t090C: Temperature [ITS-90, deg C]
# name 2 = t190C: Temperature, 2 [ITS-90, deg C]
# name 3 = c0S/m: Conductivity [S/m]
# name 4 = c1S/m: Conductivity, 2 [S/m]
# name 5 = sbeox0V: Oxygen raw, SBE 43 [V]
# name 6 = flECO-AFL: Fluorescence, WET Labs ECO-AFL/FL [mg/m^3]
# name 7 = turbWETntu0: Turbidity, WET Labs ECO [NTU]
# name 8 = CStarAt0: Beam Attenuation, WET Labs C-Star [1/m]
# name 9 = CStarTr0: Beam Transmission, WET Labs C-Star [%]
# name 10 = sal00: Salinity, Practical [PSU]
# name 11 = spar: SPAR/Surface Irradiance
# name 12 = par: PAR/Irradiance, Biospherical/Licor
# name 13 = scan: Scan Count
# name 14 = nbf: Bottles Fired
# name 15 = flag:  0.000e+00
# interval = seconds: 0.0416667
# start_time = Jul 10 2016 19:51:27 [NMEA time, first data scan]
# bad_flag = -9.990e-29
*END*
[from data line 91]
   1011.128     3.5383     3.5380   3.249759   3.249452     2.7128     0.0348     0.9566     0.1253    96.9169    34.8856 2.6913e+02 9.5400e-02      67134          2  0.000e+00
   1011.104     3.5383     3.5380   3.249748   3.249480     2.7128     0.0348     0.9505     0.1253    96.9169    34.8855 2.7103e+02 9.5400e-02      67135          2  0.000e+00
   1011.192     3.5383     3.5380   3.249712   3.249430     2.7115     0.0348     0.9444     0.1253    96.9169    34.8850 2.7103e+02 9.5400e-02      67136          2  0.000e+00
   1011.104     3.5382     3.5379   3.249801   3.249452     2.7128     0.0348     0.9444     0.1275    96.8634    34.8863 2.6913e+02 9.5400e-02      67137          2  0.000e+00
   1011.128     3.5383     3.5378   3.249819   3.249452     2.7115     0.0348     0.9444     0.1308    96.7833    34.8864 2.7103e+02 9.5400e-02      67138          2  0.000e+00
   1011.168     3.5382     3.5376   3.249765   3.249463     2.7128     0.0348     0.9444     0.1308    96.7833    34.8858 2.7103e+02 9.5400e-02      67139          2  0.000e+00
   1011.192     3.5383     3.5380   3.249789   3.249452     2.7128     0.0348     0.9444     0.1286    96.8367    34.8860 2.6913e+02 9.5400e-02      67140          2  0.000e+00
    506.419     3.6871     3.6871   3.242107   3.241877     2.8675     0.0470     0.9383     0.1253    96.9169    34.9008 2.5386e+02 9.5400e-02      81700          3  0.000e+00
    506.396     3.6871     3.6872   3.242161   3.241861     2.8675     0.0470     0.9383     0.1253    96.9169    34.9015 2.5386e+02 9.5400e-02      81701          3  0.000e+00
    506.538     3.6870     3.6870   3.242191   3.241910     2.8675     0.0348     0.9444     0.1253    96.9169    34.9018 2.5386e+02 9.5400e-02      81702          3  0.000e+00
    506.475     3.6873     3.6871   3.242155   3.241910     2.8675     0.0226     0.9444     0.1253    96.9169    34.9012 2.5386e+02 9.5400e-02      81703          3  0.000e+00
    506.475     3.6869     3.6871   3.242155   3.241850     2.8675     0.0226     0.9444     0.1253    96.9169    34.9015 2.5386e+02 9.5400e-02      81704          3  0.000e+00
    506.475     3.6872     3.6872   3.242179   3.241877     2.8675     0.0226     0.9444     0.1264    96.8902    34.9015 2.5386e+02 9.5400e-02      81705          3  0.000e+00
    506.515     3.6871     3.6869   3.242173   3.241877     2.8675     0.0226     0.9444     0.1264    96.8902    34.9015 2.5386e+02 9.5400e-02      81706          3  0.000e+00
    506.475     3.6869     3.6874   3.242185   3.241877     2.8675     0.0226     0.9444     0.1253    96.9169    34.9019 2.5386e+02 9.5400e-02      81707          3  0.000e+00
    506.539     3.6870     3.6871   3.242155   3.241949     2.8675     0.0226     0.9444     0.1253    96.9169    34.9014 2.5386e+02 9.5400e-02      81708          3  0.000e+00
    506.475     3.6871     3.6872   3.242137   3.241910     2.8675     0.0226     0.9444     0.1253    96.9169    34.9011 2.5386e+02 9.5400e-02      81709          3  0.000e+00
    506.539     3.6869     3.6872   3.242196   3.241877     2.8675     0.0226     0.9444     0.1253    96.9169    34.9020 2.5386e+02 9.5400e-02      81710          3  0.000e+00
    506.539     3.6872     3.6871   3.242161   3.241938     2.8675     0.0226     0.9444     0.1253    96.9169    34.9013 2.5386e+02 9.5400e-02      81711          3  0.000e+00
    506.570     3.6871     3.6869   3.242155   3.241850     2.8675     0.0226     0.9444     0.1253    96.9169    34.9013 2.5386e+02 9.5400e-02      81712          3  0.000e+00
    506.539     3.6872     3.6867   3.242161   3.241910     2.8687     0.0226     0.9444     0.1253    96.9169    34.9013 2.5386e+02 9.5400e-02      81713          3  0.000e+00
    506.539     3.6873     3.6869   3.242161   3.241910     2.8675     0.0226     0.9444     0.1242    96.9436    34.9012 2.5386e+02 9.5400e-02      81714          3  0.000e+00
    506.594     3.6871     3.6867   3.242167   3.241861     2.8675     0.0226     0.9444     0.1242    96.9436    34.9014 2.5386e+02 9.5400e-02      81715          3  0.000e+00
    506.594     3.6872     3.6867   3.242161   3.241850     2.8675     0.0226     0.9444     0.1242    96.9436    34.9012 2.5386e+02 9.5400e-02      81716          3  0.000e+00
    506.594     3.6869     3.6867   3.242161   3.241877     2.8675     0.0226     0.9444     0.1242    96.9436    34.9015 2.5386e+02 9.5400e-02      81717          3  0.000e+00
    506.570     3.6873     3.6866   3.242167   3.241877     2.8663     0.0226     0.9444     0.1242    96.9436    34.9013 2.5386e+02 9.5400e-02      81718          3  0.000e+00
    506.594     3.6870     3.6867   3.242179   3.241850     2.8675     0.0226     0.9444     0.1253    96.9169    34.9016 2.5386e+02 9.5400e-02      81719          3  0.000e+00
    506.658     3.6873     3.6869   3.242155   3.241910     2.8675     0.0226     0.9444     0.1253    96.9169    34.9011 2.5386e+02 9.5400e-02      81720          3  0.000e+00
    506.658     3.6871     3.6869   3.242197   3.241877     2.8687     0.0226     0.9444     0.1253    96.9169    34.9017 2.5386e+02 9.5400e-02      81721          3  0.000e+00
    506.658     3.6870     3.6867   3.242155   3.241861     2.8687     0.0226     0.9444     0.1253    96.9169    34.9013 2.5386e+02 9.5400e-02      81722          3  0.000e+00
    506.594     3.6873     3.6866   3.242155   3.241850     2.8687     0.0226     0.9444     0.1253    96.9169    34.9011 2.5386e+02 9.5400e-02      81723          3  0.000e+00
    506.689     3.6869     3.6866   3.242167   3.241877     2.8675     0.0226     0.9444     0.1253    96.9169    34.9015 2.5386e+02 9.5400e-02      81724          3  0.000e+00
    506.713     3.6874     3.6864   3.242179   3.241822     2.8687     0.0226     0.9444     0.1253    96.9169    34.9012 2.5386e+02 9.5400e-02      81725          3  0.000e+00
    506.713     3.6871     3.6869   3.242173   3.241910     2.8675     0.0226     0.9444     0.1253    96.9169    34.9014 2.5386e+02 9.5400e-02      81726          3  0.000e+00
    506.713     3.6870     3.6869   3.242167   3.241850     2.8675     0.0348     0.9383     0.1253    96.9169    34.9014 2.5386e+02 9.5400e-02      81727          3  0.000e+00
    506.658     3.6873     3.6872   3.242161   3.241910     2.8675     0.0348     0.9383     0.1253    96.9169    34.9011 2.5386e+02 9.5400e-02      81728          3  0.000e+00
    506.777     3.6871     3.6869   3.242161   3.241916     2.8675     0.0348     0.9383     0.1253    96.9169    34.9013 2.5386e+02 9.5400e-02      81729          3  0.000e+00
    506.689     3.6870     3.6867   3.242185   3.241850     2.8687     0.0348     0.9383     0.1253    96.9169    34.9016 2.5386e+02 9.5400e-02      81730          3  0.000e+00
    506.777     3.6871     3.6867   3.242191   3.241910     2.8675     0.0348     0.9383     0.1253    96.9169    34.9016 2.5386e+02 9.5400e-02      81731          3  0.000e+00
    506.777     3.6869     3.6864   3.242155   3.241877     2.8675     0.0348     0.9383     0.1253    96.9169    34.9014 2.5195e+02 9.5400e-02      81732          3  0.000e+00
    506.777     3.6870     3.6866   3.242197   3.241850     2.8675     0.0348     0.9383     0.1253    96.9169    34.9017 2.4813e+02 9.5400e-02      81733          3  0.000e+00
    506.832     3.6868     3.6864   3.242203   3.241877     2.8675     0.0348     0.9383     0.1253    96.9169    34.9021 2.4622e+02 9.5400e-02      81734          3  0.000e+00
    506.808     3.6869     3.6867   3.242155   3.241861     2.8687     0.0348     0.9383     0.1253    96.9169    34.9013 2.4813e+02 9.5400e-02      81735          3  0.000e+00
    506.777     3.6870     3.6864   3.242173   3.241877     2.8675     0.0348     0.9383     0.1253    96.9169    34.9015 2.5195e+02 9.5400e-02      81736          3  0.000e+00
    506.832     3.6868     3.6864   3.242191   3.241850     2.8675     0.0348     0.9383     0.1253    96.9169    34.9019 2.5195e+02 9.5400e-02      81737          3  0.000e+00
    506.896     3.6869     3.6864   3.242173   3.241877     2.8675     0.0348     0.9383     0.1253    96.9169    34.9015 2.5195e+02 9.5400e-02      81738          3  0.000e+00
    506.832     3.6869     3.6864   3.242185   3.241850     2.8675     0.0348     0.9383     0.1253    96.9169    34.9017 2.5195e+02 9.5400e-02      81739          3  0.000e+00
    506.832     3.6869     3.6863   3.242155   3.241877     2.8687     0.0348     0.9383     0.1253    96.9169    34.9013 2.5386e+02 9.5400e-02      81740          3  0.000e+00
    506.927     3.6869     3.6864   3.242173   3.241822     2.8675     0.0348     0.9383     0.1253    96.9169    34.9015 2.5386e+02 9.5400e-02      81741          3  0.000e+00
    506.896     3.6871     3.6864   3.242173   3.241861     2.8675     0.0348     0.9383     0.1253    96.9169    34.9013 2.5386e+02 9.5400e-02      81742          3  0.000e+00
    506.896     3.6868     3.6863   3.242161   3.241850     2.8675     0.0348     0.9383     0.1253    96.9169    34.9015 2.5386e+02 9.5400e-02      81743          3  0.000e+00
    506.896     3.6869     3.6864   3.242185   3.241850     2.8687     0.0348     0.9383     0.1253    96.9169    34.9017 2.5386e+02 9.5400e-02      81744          3  0.000e+00
    506.896     3.6869     3.6863   3.242149   3.241911     2.8675     0.0348     0.9383     0.1242    96.9436    34.9012 2.5195e+02 9.5400e-02      81745          3  0.000e+00
    506.991     3.6868     3.6864   3.242179   3.241850     2.8675     0.0348     0.9383     0.1242    96.9436    34.9017 2.5386e+02 9.5400e-02      81746          3  0.000e+00
    506.951     3.6869     3.6863   3.242197   3.241822     2.8675     0.0348     0.9383     0.1242    96.9436    34.9018 2.5386e+02 9.5400e-02      81747          3  0.000e+00
    506.951     3.6869     3.6864   3.242191   3.241822     2.8687     0.0348     0.9383     0.1242    96.9436    34.9017 2.5386e+02 9.5400e-02      81748          3  0.000e+00
    251.059     3.9493     3.9487   3.255871   3.255537     2.9502     0.0348     0.9261     0.1286    96.8367    34.9229 2.3095e+02 9.5400e-02      90204          4  0.000e+00
    251.122     3.9493     3.9487   3.255876   3.255581     2.9502     0.0348     0.9261     0.1286    96.8367    34.9230 2.3095e+02 9.5400e-02      90205          4  0.000e+00
    251.003     3.9493     3.9484   3.255870   3.255565     2.9502     0.0348     0.9261     0.1286    96.8367    34.9230 2.3095e+02 9.5400e-02      90206          4  0.000e+00
    251.059     3.9493     3.9487   3.255859   3.255554     2.9502     0.0348     0.9261     0.1286    96.8367    34.9228 2.3095e+02 9.5400e-02      90207          4  0.000e+00
    251.122     3.9493     3.9485   3.255876   3.255537     2.9502     0.0348     0.9261     0.1286    96.8367    34.9230 2.3095e+02 9.5400e-02      90208          4  0.000e+00
    251.059     3.9493     3.9485   3.255847   3.255554     2.9502     0.0348     0.9261     0.1275    96.8634    34.9227 2.3095e+02 9.5400e-02      90209          4  0.000e+00
    251.122     3.9492     3.9484   3.255847   3.255598     2.9502     0.0348     0.9261     0.1275    96.8634    34.9227 2.3095e+02 9.5400e-02      90210          4  0.000e+00
    251.177     3.9492     3.9487   3.255859   3.255581     2.9502     0.0348     0.9261     0.1275    96.8634    34.9229 2.3095e+02 9.5400e-02      90211          4  0.000e+00
    251.138     3.9493     3.9485   3.255876   3.255565     2.9502     0.0348     0.9261     0.1275    96.8634    34.9230 2.3095e+02 9.5400e-02      90212          4  0.000e+00
    251.177     3.9490     3.9488   3.255871   3.255598     2.9502     0.0348     0.9261     0.1275    96.8634    34.9232 2.3095e+02 9.5400e-02      90213          4  0.000e+00
    251.177     3.9493     3.9487   3.255876   3.255554     2.9502     0.0348     0.9322     0.1275    96.8634    34.9230 2.3095e+02 9.5400e-02      90214          4  0.000e+00
    251.232     3.9492     3.9485   3.255871   3.255565     2.9514     0.0348     0.9261     0.1275    96.8634    34.9230 2.3095e+02 9.5400e-02      90215          4  0.000e+00
    251.232     3.9492     3.9485   3.255877   3.255581     2.9502     0.0348     0.9261     0.1275    96.8634    34.9230 2.3095e+02 9.5400e-02      90216          4  0.000e+00
    251.295     3.9494     3.9486   3.255888   3.255565     2.9502     0.0348     0.9261     0.1286    96.8367    34.9229 2.3095e+02 9.5400e-02      90217          4  0.000e+00
    251.295     3.9492     3.9482   3.255888   3.255581     2.9514     0.0348     0.9261     0.1286    96.8367    34.9231 2.3095e+02 9.5400e-02      90218          4  0.000e+00
    251.351     3.9493     3.9485   3.255888   3.255537     2.9514     0.0470     0.9261     0.1286    96.8367    34.9230 2.3095e+02 9.5400e-02      90219          4  0.000e+00
    251.351     3.9492     3.9486   3.255906   3.255581     2.9502     0.0348     0.9261     0.1286    96.8367    34.9233 2.3095e+02 9.5400e-02      90220          4  0.000e+00
    251.414     3.9492     3.9487   3.255900   3.255598     2.9514     0.0348     0.9261     0.1286    96.8367    34.9232 2.3095e+02 9.5400e-02      90221          4  0.000e+00
    251.469     3.9493     3.9487   3.255888   3.255598     2.9514     0.0348     0.9261     0.1286    96.8367    34.9229 2.3095e+02 9.5400e-02      90222          4  0.000e+00
    251.414     3.9493     3.9487   3.255888   3.255554     2.9514     0.0348     0.9261     0.1286    96.8367    34.9230 2.3095e+02 9.5400e-02      90223          4  0.000e+00
    251.374     3.9492     3.9486   3.255888   3.255626     2.9514     0.0348     0.9322     0.1286    96.8367    34.9231 2.3095e+02 9.5400e-02      90224          4  0.000e+00
    251.706     3.9492     3.9487   3.255906   3.255615     2.9514     0.0348     0.9261     0.1286    96.8367    34.9231 2.3095e+02 9.5400e-02      90225          4  0.000e+00
    251.588     3.9492     3.9484   3.255918   3.255598     2.9502     0.0348     0.9261     0.1286    96.8367    34.9233 2.3095e+02 9.5400e-02      90226          4  0.000e+00
    251.588     3.9492     3.9487   3.255900   3.255582     2.9514     0.0348     0.9261     0.1286    96.8367    34.9231 2.3095e+02 9.5400e-02      90227          4  0.000e+00
    251.651     3.9493     3.9486   3.255871   3.255598     2.9514     0.0348     0.9261     0.1286    96.8367    34.9226 2.3095e+02 9.5400e-02      90228          4  0.000e+00
    251.706     3.9493     3.9485   3.255859   3.255582     2.9514     0.0348     0.9261     0.1286    96.8367    34.9225 2.3286e+02 9.5400e-02      90229          4  0.000e+00
    251.706     3.9490     3.9487   3.255859   3.255598     2.9514     0.0348     0.9261     0.1286    96.8367    34.9227 2.3095e+02 9.5400e-02      90230          4  0.000e+00
    251.824     3.9490     3.9483   3.255877   3.255598     2.9514     0.0348     0.9261     0.1286    96.8367    34.9229 2.3095e+02 9.5400e-02      90231          4  0.000e+00
    251.761     3.9492     3.9487   3.255889   3.255615     2.9514     0.0348     0.9322     0.1286    96.8367    34.9228 2.3095e+02 9.5400e-02      90232          4  0.000e+00
    251.880     3.9490     3.9489   3.255871   3.255598     2.9514     0.0348     0.9261     0.1286    96.8367    34.9228 2.3095e+02 9.5400e-02      90233          4  0.000e+00
    251.880     3.9493     3.9485   3.255859   3.255582     2.9514     0.0348     0.9261     0.1286    96.8367    34.9224 2.3286e+02 9.5400e-02      90234          4  0.000e+00
    251.943     3.9492     3.9488   3.255859   3.255565     2.9514     0.0348     0.9261     0.1286    96.8367    34.9224 2.3095e+02 9.5400e-02      90235          4  0.000e+00
    251.998     3.9492     3.9485   3.255877   3.255615     2.9514     0.0348     0.9261     0.1286    96.8367    34.9226 2.3286e+02 9.5400e-02      90236          4  0.000e+00
