Ship_data/Irminger/Irminger-3/ctd/process/ar0701003.cnv
* Sea-Bird SBE 9 Data File:
* FileName = D:\Data\ar0701003.hdr
* Software Version Seasave V 7.23.2
* Temperature SN = 4406
* Conductivity SN = 3042
* Number of Bytes Per Scan = 44
* Number of Voltage Words = 5
* Number of Scans Averaged by the Deck Unit = 1
* NMEA Latitude = 51 58.27 N
* NMEA Longitude = 045 45.89 W
* NMEA UTC (Time) = Jul 06 2016  14:10:07
**  Release test
** Chief Scientist: George Tupper
** Station ID 003
# nquan = 19
# nvalues = 5006                        
# units = specified
# name 0 = prDM: Pressure, Digiquartz [db]
# name 1 = t090C: Temperature [ITS-90, deg C]
# name 2 = t190C: Temperature, 2 [ITS-90, deg C]
# name 3 = c0S/m: Conductivity [S/m]
# name 4 = c1S/m: Conductivity, 2 [S/m]
# name 5 = sbeox0V: Oxygen raw, SBE 43 [V]
# name 6 = flECO-AFL: Fluorescence, WET Labs ECO-AFL/FL [mg/m^3]
# name 7 = turbWETntu0: Turbidity, WET Labs ECO [NTU]
# name 8 = CStarAt0: Beam Attenuation, WET Labs C-Star [1/m]
# name 9 = CStarTr0: Beam Transmission, WET Labs C-Star [%]
# name 10 = sal00: Salinity, Practical [PSU]
# name 11 = spar: SPAR/Surface Irradiance
# name 12 = par: PAR/Irradiance, Biospherical/Licor
# name 13 = depSM: Depth [salt water, m], lat = 51.9712
# name 14 = sal00: Salinity, Practical [PSU]
# name 15 = sal11: Salinity, Practical, 2 [PSU]
# name 16 = sbeox0ML/L: Oxygen, SBE 43 [ml/l], WS = 2
# name 17 = svCM: Sound Velocity [Chen-Millero, m/s]
# name 18 = flag: flag
# span 0 =      3.027,   2543.429       
# span 1 =     2.8830,    10.8951       
# span 2 =     2.8827,    10.8949       
# span 3 =   3.246970,   3.822465       
# span 4 =   3.246733,   3.822168       
# span 5 =     2.1524,     3.3379       
# span 6 =     0.0103,     2.9760       
# span 7 =     0.8851,     1.1299       
# span 8 =     0.1257,     0.8129       
# span 9 =    81.6093,    96.9065       
# span 10 =    34.2641,    34.9384      
# span 11 = 7.3573e+02, 3.3243e+03      
# span 12 = 9.5399e-02, 9.5477e-02      
# span 13 =      3.000,   2506.000      
# span 14 =    34.2641,    34.9384      
# span 15 =    34.1734,    34.9374      
# span 16 =     5.5695,     6.4625      
# span 17 =    1471.15,    1504.13      
# span 18 = 0.0000e+00, 0.0000e+00      
# interval = meters: 1                  
# start_time = Jul 06 2016 14:11:28 [NMEA time, first data scan]
# bad_flag = -9.990e-29
*END*
[from data line 4496]
    518.176     4.1500     4.1505   3.283400   3.283136     2.7122     0.0466     0.9324     0.1356    96.6660    34.8936 9.7389e+02 9.5400e-02    513.000    34.8936    34.8900     6.1587    1475.61 0.0000e+00
    517.165     4.1540     4.1542   3.283756   3.283414     2.7125     0.0456     0.9329     0.1360    96.6568    34.8942 9.7345e+02 9.5400e-02    512.000    34.8942    34.8899     6.1579    1475.61 0.0000e+00
    516.153     4.1599     4.1599   3.284268   3.283865     2.7129     0.0351     0.9388     0.1355    96.6702    34.8945 9.7343e+02 9.5400e-02    511.000    34.8945    34.8897     6.1573    1475.62 0.0000e+00
    515.142     4.1654     4.1633   3.284697   3.284229     2.7132     0.0348     0.9383     0.1352    96.6763    34.8943 9.7413e+02 9.5400e-02    510.000    34.8943    34.8909     6.1566    1475.62 0.0000e+00
    514.131     4.1661     4.1663   3.284749   3.284431     2.7137     0.0348     0.9369     0.1356    96.6676    34.8946 9.7576e+02 9.5400e-02    509.000    34.8946    34.8906     6.1570    1475.61 0.0000e+00
    513.119     4.1677     4.1671   3.284850   3.284592     2.7137     0.0348     0.9322     0.1363    96.6497    34.8947 9.7763e+02 9.5400e-02    508.000    34.8947    34.8923     6.1559    1475.60 0.0000e+00
    512.108     4.1676     4.1691   3.284815   3.284628     2.7139     0.0365     0.9330     0.1364    96.6479    34.8949 9.8008e+02 9.5400e-02    507.000    34.8949    34.8911     6.1558    1475.58 0.0000e+00
    511.097     4.1671     4.1643   3.284763   3.284282     2.7130     0.0391     0.9413     0.1356    96.6679    34.8954 9.9603e+02 9.5400e-02    506.000    34.8954    34.8926     6.1522    1475.56 0.0000e+00
    510.085     4.1653     4.1616   3.284506   3.283911     2.7105     0.0333     0.9382     0.1352    96.6772    34.8947 9.8849e+02 9.5400e-02    505.000    34.8947    34.8916     6.1446    1475.54 0.0000e+00
    509.074     4.1653     4.1627   3.284455   3.283942     2.7106     0.0249     0.9383     0.1352    96.6765    34.8947 9.8688e+02 9.5400e-02    504.000    34.8947    34.8914     6.1440    1475.52 0.0000e+00
    508.063     4.1669     4.1676   3.284573   3.284308     2.7107     0.0468     0.9383     0.1356    96.6677    34.8949 9.8679e+02 9.5400e-02    503.000    34.8949    34.8910     6.1434    1475.51 0.0000e+00
    507.051     4.1697     4.1689   3.284777   3.284424     2.7114     0.0470     0.9383     0.1365    96.6462    34.8949 9.8839e+02 9.5400e-02    502.000    34.8949    34.8916     6.1441    1475.51 0.0000e+00
    506.040     4.1718     4.1717   3.284899   3.284564     2.7114     0.0358     0.9383     0.1358    96.6609    34.8946 9.9046e+02 9.5400e-02    501.000    34.8946    34.8908     6.1430    1475.50 0.0000e+00
    505.029     4.1748     4.1745   3.285064   3.284800     2.7119     0.0348     0.9383     0.1354    96.6709    34.8939 9.9247e+02 9.5400e-02    500.000    34.8939    34.8912     6.1430    1475.50 0.0000e+00
    504.018     4.1737     4.1736   3.284911   3.284664     2.7121     0.0267     0.9383     0.1359    96.6584    34.8938 9.9365e+02 9.5400e-02    499.000    34.8938    34.8910     6.1429    1475.47 0.0000e+00
    503.006     4.1736     4.1733   3.284825   3.284527     2.7123     0.0262     0.9383     0.1353    96.6738    34.8935 9.9365e+02 9.5400e-02    498.000    34.8935    34.8903     6.1429    1475.46 0.0000e+00
    501.995     4.1736     4.1732   3.284767   3.284477     2.7125     0.0395     0.9384     0.1353    96.6742    34.8933 9.9772e+02 9.5400e-02    497.000    34.8933    34.8903     6.1426    1475.44 0.0000e+00
    500.984     4.1743     4.1738   3.284837   3.284536     2.7117     0.0346     0.9356     0.1353    96.6738    34.8940 1.0024e+03 9.5400e-02    496.000    34.8940    34.8909     6.1393    1475.43 0.0000e+00
    499.973     4.1755     4.1755   3.284933   3.284706     2.7107     0.0348     0.9373     0.1352    96.6765    34.8943 1.0068e+03 9.5400e-02    495.000    34.8943    34.8917     6.1355    1475.42 0.0000e+00
    498.961     4.1736     4.1741   3.284625   3.284501     2.7106     0.0429     0.9405     0.1348    96.6857    34.8932 1.0121e+03 9.5400e-02    494.000    34.8932    34.8913     6.1348    1475.39 0.0000e+00
    497.950     4.1683     4.1729   3.284011   3.284332     2.7100     0.0339     0.9363     0.1349    96.6836    34.8921 1.0131e+03 9.5400e-02    493.000    34.8921    34.8910     6.1331    1475.35 0.0000e+00
    496.939     4.1663     4.1677   3.283715   3.283810     2.7103     0.0348     0.9383     0.1350    96.6824    34.8913 1.0089e+03 9.5400e-02    492.000    34.8913    34.8909     6.1334    1475.32 0.0000e+00
    495.927     4.1646     4.1651   3.283437   3.283283     2.7104     0.0454     0.9383     0.1352    96.6762    34.8904 1.0079e+03 9.5400e-02    491.000    34.8904    34.8879     6.1333    1475.30 0.0000e+00
    494.916     4.1674     4.1672   3.283613   3.283340     2.7107     0.0471     0.9383     0.1352    96.6765    34.8900 1.0078e+03 9.5400e-02    490.000    34.8900    34.8870     6.1330    1475.29 0.0000e+00
    493.905     4.1704     4.1699   3.283869   3.283520     2.7101     0.0371     0.9383     0.1352    96.6765    34.8904 1.0082e+03 9.5400e-02    489.000    34.8904    34.8868     6.1300    1475.29 0.0000e+00
    492.894     4.1732     4.1745   3.284095   3.283896     2.7106     0.0348     0.9383     0.1352    96.6765    34.8906 1.0089e+03 9.5400e-02    488.000    34.8906    34.8869     6.1300    1475.28 0.0000e+00
    491.883     4.1746     4.1743   3.284155   3.283897     2.7110     0.0348     0.9428     0.1352    96.6765    34.8904 1.0123e+03 9.5400e-02    487.000    34.8904    34.8876     6.1301    1475.27 0.0000e+00
    490.871     4.1732     4.1734   3.284002   3.283769     2.7115     0.0348     0.9443     0.1352    96.6765    34.8906 1.0151e+03 9.5400e-02    486.000    34.8906    34.8876     6.1311    1475.25 0.0000e+00
    489.860     4.1735     4.1733   3.283981   3.283714     2.7120     0.0241     0.9390     0.1352    96.6765    34.8906 1.0179e+03 9.5400e-02    485.000    34.8906    34.8876     6.1316    1475.24 0.0000e+00
    488.849     4.1736     4.1723   3.283943   3.283573     2.7115     0.0392     0.9335     0.1356    96.6667    34.8905 1.0256e+03 9.5400e-02    484.000    34.8905    34.8875     6.1293    1475.22 0.0000e+00
    487.838     4.1740     4.1739   3.283924   3.283654     2.7102     0.0348     0.9410     0.1348    96.6867    34.8904 1.0287e+03 9.5400e-02    483.000    34.8904    34.8873     6.1247    1475.20 0.0000e+00
    486.827     4.1734     4.1733   3.283804   3.283572     2.7106     0.0348     0.9420     0.1347    96.6883    34.8901 1.0301e+03 9.5400e-02    482.000    34.8901    34.8875     6.1253    1475.18 0.0000e+00
    485.815     4.1734     4.1718   3.283744   3.283320     2.7110     0.0348     0.9383     0.1347    96.6890    34.8900 1.0306e+03 9.5400e-02    481.000    34.8900    34.8867     6.1255    1475.17 0.0000e+00
    484.804     4.1796     4.1723   3.284254   3.283308     2.7115     0.0348     0.9383     0.1349    96.6847    34.8899 1.0292e+03 9.5400e-02    480.000    34.8899    34.8865     6.1252    1475.18 0.0000e+00
    483.793     4.1791     4.1799   3.284175   3.283932     2.7121     0.0348     0.9383     0.1349    96.6843    34.8901 1.0306e+03 9.5400e-02    479.000    34.8901    34.8864     6.1262    1475.16 0.0000e+00
    482.782     4.1902     4.1942   3.284951   3.285187     2.7122     0.0348     0.9383     0.1349    96.6837    34.8880 1.0326e+03 9.5400e-02    478.000    34.8880    34.8866     6.1241    1475.19 0.0000e+00
    481.771     4.1980     4.2022   3.285821   3.285798     2.7120     0.0348     0.9333     0.1343    96.6980    34.8907 1.0326e+03 9.5400e-02    477.000    34.8907    34.8859     6.1212    1475.20 0.0000e+00
    480.759     4.2211     4.2182   3.287958   3.287330     2.7120     0.0348     0.9349     0.1350    96.6807    34.8919 1.0345e+03 9.5400e-02    476.000    34.8919    34.8876     6.1164    1475.29 0.0000e+00
    479.748     4.2286     4.2264   3.288719   3.288166     2.7123     0.0348     0.9383     0.1351    96.6800    34.8935 1.0356e+03 9.5400e-02    475.000    34.8935    34.8893     6.1153    1475.30 0.0000e+00
    478.737     4.2327     4.2329   3.289127   3.288824     2.7121     0.0348     0.9383     0.1347    96.6878    34.8946 1.0367e+03 9.5400e-02    474.000    34.8946    34.8908     6.1133    1475.30 0.0000e+00
    477.726     4.2352     4.2355   3.289335   3.289027     2.7119     0.0348     0.9383     0.1352    96.6771    34.8949 1.0385e+03 9.5400e-02    473.000    34.8949    34.8909     6.1114    1475.30 0.0000e+00
    476.715     4.2354     4.2354   3.289398   3.289170     2.7087     0.0324     0.9384     0.1508    96.3086    34.8959 1.0421e+03 9.5400e-02    472.000    34.8959    34.8932     6.1014    1475.28 0.0000e+00
    475.704     4.2371     4.2353   3.289491   3.288998     2.7060     0.0472     0.9383     0.1347    96.6893    34.8957 1.0440e+03 9.5400e-02    471.000    34.8957    34.8919     6.0924    1475.27 0.0000e+00
    474.692     4.2417     4.2425   3.289908   3.289623     2.7055     0.0373     0.9383     0.1351    96.6783    34.8963 1.0439e+03 9.5400e-02    470.000    34.8963    34.8922     6.0896    1475.28 0.0000e+00
    473.681     4.2480     4.2482   3.290467   3.290125     2.7054     0.0348     0.9383     0.1351    96.6789    34.8968 1.0441e+03 9.5400e-02    469.000    34.8968    34.8926     6.0873    1475.29 0.0000e+00
    472.670     4.2616     4.2595   3.291687   3.290923     2.7053     0.0348     0.9353     0.1344    96.6949    34.8974 1.0433e+03 9.5400e-02    468.000    34.8974    34.8906     6.0841    1475.33 0.0000e+00
    471.659     4.2747     4.2749   3.292933   3.292516     2.7055     0.0348     0.9323     0.1343    96.6977    34.8987 1.0424e+03 9.5400e-02    467.000    34.8987    34.8936     6.0815    1475.37 0.0000e+00
    470.648     4.2833     4.2820   3.293760   3.293386     2.7057     0.0335     0.9335     0.1341    96.7031    34.8999 1.0421e+03 9.5400e-02    466.000    34.8999    34.8969     6.0799    1475.39 0.0000e+00
    469.637     4.2827     4.2819   3.293641   3.293287     2.7058     0.0226     0.9383     0.1343    96.6987    34.8997 1.0418e+03 9.5400e-02    465.000    34.8997    34.8963     6.0796    1475.37 0.0000e+00
    468.626     4.2788     4.2836   3.293326   3.293422     2.7062     0.0258     0.9399     0.1344    96.6961    34.9006 1.0413e+03 9.5400e-02    464.000    34.9006    34.8967     6.0805    1475.34 0.0000e+00
    467.615     4.2853     4.2844   3.293922   3.293643     2.7021     0.0392     0.9384     0.1344    96.6953    34.9013 1.0492e+03 9.5400e-02    463.000    34.9013    34.8989     6.0669    1475.35 0.0000e+00
    466.604     4.2831     4.2825   3.293631   3.293271     2.6981     0.0417     0.9348     0.1341    96.7037    34.9008 1.0520e+03 9.5400e-02    462.000    34.9008    34.8971     6.0549    1475.32 0.0000e+00
    465.592     4.2856     4.2854   3.293850   3.293569     2.6984     0.0430     0.9320     0.1341    96.7032    34.9012 1.0530e+03 9.5400e-02    461.000    34.9012    34.8981     6.0546    1475.32 0.0000e+00
    464.581     4.2865     4.2859   3.293895   3.293566     2.6981     0.0229     0.9322     0.1342    96.7014    34.9014 1.0532e+03 9.5400e-02    460.000    34.9014    34.8981     6.0527    1475.30 0.0000e+00
    463.570     4.2877     4.2873   3.293968   3.293675     2.6975     0.0226     0.9355     0.1341    96.7031    34.9014 1.0525e+03 9.5400e-02    459.000    34.9014    34.8984     6.0501    1475.29 0.0000e+00
    462.559     4.2985     4.3108   3.294961   3.295290     2.6972     0.0226     0.9382     0.1343    96.6984    34.9023 1.0542e+03 9.5400e-02    458.000    34.9023    34.8932     6.0465    1475.32 0.0000e+00
    461.548     4.3381     4.3166   3.298472   3.296251     2.6970     0.0335     0.9383     0.1342    96.6999    34.9023 1.0547e+03 9.5400e-02    457.000    34.9023    34.8988     6.0389    1475.47 0.0000e+00
    460.537     4.3176     4.3162   3.296820   3.296194     2.6974     0.0277     0.9315     0.1342    96.7018    34.9050 1.0554e+03 9.5400e-02    456.000    34.9050    34.8991     6.0425    1475.37 0.0000e+00
    459.526     4.3434     4.3493   3.299349   3.299452     2.6970     0.0299     0.9345     0.1337    96.7117    34.9080 1.0551e+03 9.5400e-02    455.000    34.9080    34.9030     6.0362    1475.46 0.0000e+00
    458.515     4.3778     4.3771   3.302616   3.302283     2.6957     0.0417     0.9358     0.1338    96.7093    34.9107 1.0595e+03 9.5400e-02    454.000    34.9107    34.9075     6.0261    1475.59 0.0000e+00
    457.504     4.3764     4.3779   3.302479   3.302427     2.6929     0.0345     0.9283     0.1342    96.6997    34.9110 1.0625e+03 9.5400e-02    453.000    34.9110    34.9089     6.0173    1475.57 0.0000e+00
    456.493     4.3907     4.3868   3.303700   3.302855     2.6901     0.0348     0.9372     0.1332    96.7255    34.9109 1.0609e+03 9.5400e-02    452.000    34.9109    34.9051     6.0063    1475.61 0.0000e+00
    455.482     4.4156     4.4171   3.306160   3.305814     2.6887     0.0348     0.9383     0.1331    96.7283    34.9141 1.0603e+03 9.5400e-02    451.000    34.9141    34.9084     5.9976    1475.70 0.0000e+00
    454.471     4.4244     4.4236   3.307065   3.306657     2.6884     0.0383     0.9371     0.1335    96.7183    34.9159 1.0612e+03 9.5400e-02    450.000    34.9159    34.9120     5.9944    1475.72 0.0000e+00
    453.460     4.4234     4.4343   3.306922   3.307621     2.6872     0.0471     0.9321     0.1340    96.7065    34.9158 1.0622e+03 9.5400e-02    449.000    34.9158    34.9125     5.9904    1475.70 0.0000e+00
    452.449     4.4319     4.4341   3.307822   3.307802     2.6844     0.0470     0.9341     0.1335    96.7180    34.9180 1.0671e+03 9.5400e-02    448.000    34.9180    34.9154     5.9802    1475.73 0.0000e+00
    451.438     4.4461     4.4427   3.309135   3.308192     2.6823     0.0470     0.9370     0.1335    96.7178    34.9189 1.0677e+03 9.5400e-02    447.000    34.9189    34.9115     5.9710    1475.77 0.0000e+00
    450.427     4.4704     4.4643   3.311335   3.310322     2.6814     0.0470     0.9322     0.1337    96.7136    34.9196 1.0686e+03 9.5400e-02    446.000    34.9196    34.9141     5.9637    1475.85 0.0000e+00
    449.416     4.4748     4.4752   3.311788   3.311591     2.6811     0.0360     0.9380     0.1336    96.7148    34.9208 1.0690e+03 9.5400e-02    445.000    34.9208    34.9181     5.9614    1475.86 0.0000e+00
    448.405     4.4730     4.4727   3.311661   3.311454     2.6800     0.0349     0.9352     0.1344    96.6946    34.9217 1.0685e+03 9.5400e-02    444.000    34.9217    34.9197     5.9579    1475.83 0.0000e+00
    447.394     4.4705     4.4694   3.311391   3.311002     2.6756     0.0362     0.9332     0.1340    96.7060    34.9217 1.0735e+03 9.5400e-02    443.000    34.9217    34.9184     5.9448    1475.81 0.0000e+00
    446.383     4.4683     4.4701   3.311090   3.311134     2.6708     0.0473     0.9366     0.1342    96.7005    34.9211 1.0727e+03 9.5400e-02    442.000    34.9211    34.9197     5.9309    1475.78 0.0000e+00
    445.372     4.4622     4.4624   3.310452   3.310275     2.6700     0.0470     0.9320     0.1342    96.7014    34.9205 1.0722e+03 9.5400e-02    441.000    34.9205    34.9183     5.9289    1475.74 0.0000e+00
    444.361     4.4571     4.4565   3.309847   3.309673     2.6695     0.0470     0.9322     0.1339    96.7074    34.9194 1.0740e+03 9.5400e-02    440.000    34.9194    34.9179     5.9274    1475.70 0.0000e+00
    443.350     4.4484     4.4471   3.308947   3.308663     2.6696     0.0470     0.9322     0.1340    96.7054    34.9185 1.0749e+03 9.5400e-02    439.000    34.9185    34.9165     5.9283    1475.64 0.0000e+00
