Ship_data/Irminger/Irminger-3/ctd/process/ar0701005.ros
* Sea-Bird SBE 9 Data File:
* FileName = D:\Data\ar0701005.hdr
* Software Version Seasave V 7.23.2
* Temperature SN = 4406
* Conductivity SN = 3042
* Number of Bytes Per Scan = 44
* Number of Voltage Words = 5
* Number of Scans Averaged by the Deck Unit = 1
* NMEA Latitude = 59 51.82 N
* NMEA Longitude = 039 07.47 W
* NMEA UTC (Time) = Jul 09 2016  12:14:52
**  Gliders
** Chief Scientist: Tupper
** Station ID 005
# nquan = 16
# nvalues = 588                                   
# units = specified
# name 0 = prDM: Pressure, Digiquartz [db]
# name 1 = t090C: Temperature [ITS-90, deg C]
# name 2 = t190C: Temperature, 2 [ITS-90, deg C]
# name 3 = c0S/m: Conductivity [S/m]
# name 4 = c1S/m: Conductivity, 2 [S/m]
# name 5 = sbeox0V: Oxygen raw, SBE 43 [V]
# name 6 = flECO-AFL: Fluorescence, WET Labs ECO-AFL/FL [mg/m^3]
# name 7 = turbWETntu0: Turbidity, WET Labs ECO [NTU]
# name 8 = CStarAt0: Beam Attenuation, WET Labs C-Star [1/m]
# name 9 = CStarTr0: Beam Transmission, WET Labs C-Star [%]
# name 10 = sal00: Salinity, Practical [PSU]
# name 11 = spar: SPAR/Surface Irradiance
# name 12 = par: PAR/Irradiance, Biospherical/Licor
# name 13 = scan: Scan Count
# name 14 = nbf: Bottles Fired
# name 15 = flag:  0.000e+00
# interval = seconds: 0.0416667
# start_time = Jul 09 2016 12:15:52 [NMEA time, first data scan]
# bad_flag = -9.990e-29
*END*
[from data line 452]
     31.018     6.3078     6.2756   3.452484   3.449363     3.2234     1.6954     1.0787     0.3509    91.6012    34.8462 3.1875e+02 4.0357e+00      68158         10  0.000e+00
     30.979     6.3101     6.2751   3.452636   3.449515     3.2234     1.6954     1.0848     0.3521    91.5745    34.8455 3.1875e+02 4.0357e+00      68159         10  0.000e+00
     30.956     6.3121     6.2780   3.452916   3.449639     3.2234     1.6954     1.0848     0.3509    91.6012    34.8466 3.1875e+02 4.0357e+00      68160         10  0.000e+00
     30.956     6.3147     6.2819   3.453232   3.449887     3.2234     1.6954     1.0848     0.3579    91.4409    34.8476 3.1875e+02 4.0471e+00      68161         10  0.000e+00
     30.924     6.3186     6.2871   3.453348   3.450135     3.2234     1.6954     1.0787     0.3696    91.1738    34.8449 3.1875e+02 4.0585e+00      68162         10  0.000e+00
     30.956     6.3163     6.2884   3.453257   3.450501     3.2234     1.6954     1.0787     0.3766    91.0136    34.8462 3.1875e+02 4.0585e+00      68163         10  0.000e+00
     30.901     6.3097     6.2874   3.452965   3.450659     3.2234     1.6954     1.0848     0.3755    91.0403    34.8497 3.1875e+02 4.0814e+00      68164         10  0.000e+00
     30.924     6.3029     6.2870   3.453129   3.450659     3.2234     1.6954     1.0787     0.3755    91.0403    34.8585 3.1875e+02 4.1044e+00      68165         10  0.000e+00
     30.901     6.3099     6.2892   3.453957   3.450687     3.2234     1.6954     1.0848     0.3802    90.9334    34.8607 3.1875e+02 4.0929e+00      68166         10  0.000e+00
     30.728     6.3247     6.2907   3.454882   3.450682     3.2222     1.6954     1.0848     0.3755    91.0403    34.8559 3.1875e+02 4.1044e+00      68167         10  0.000e+00
     31.034     6.3390     6.2929   3.455801   3.450811     3.2222     1.6954     1.0787     0.3720    91.1204    34.8515 3.1875e+02 4.1159e+00      68168         10  0.000e+00
     30.901     6.3508     6.2984   3.456818   3.451087     3.2222     1.6954     1.0787     0.3684    91.2005    34.8507 3.1875e+02 4.1275e+00      68169         10  0.000e+00
     30.861     6.3702     6.3026   3.457530   3.451488     3.2222     1.6954     1.0787     0.3649    91.2807    34.8389 3.1875e+02 4.1391e+00      68170         10  0.000e+00
     30.838     6.3806     6.3045   3.457828   3.451730     3.2234     1.6954     1.0848     0.3614    91.3608    34.8317 3.1875e+02 4.1508e+00      68171         10  0.000e+00
     30.838     6.3888     6.2995   3.458267   3.451860     3.2234     1.6954     1.0848     0.3602    91.3875    34.8281 3.1875e+02 4.1508e+00      68172         10  0.000e+00
     30.861     6.3985     6.2969   3.458796   3.451798     3.2234     1.6954     1.0787     0.3614    91.3608    34.8242 3.1875e+02 4.1742e+00      68173         10  0.000e+00
     30.838     6.4012     6.2958   3.459003   3.451821     3.2234     1.6954     1.0848     0.3567    91.4677    34.8238 3.1875e+02 4.1860e+00      68174         10  0.000e+00
     30.783     6.3975     6.2957   3.458644   3.451674     3.2234     1.6832     1.0787     0.3509    91.6012    34.8235 3.1875e+02 4.1860e+00      68175         10  0.000e+00
     30.806     6.3908     6.2951   3.458321   3.451646     3.2234     1.6221     1.0787     0.3521    91.5745    34.8268 3.1875e+02 4.1977e+00      68176         10  0.000e+00
     30.838     6.3857     6.2936   3.458060   3.451646     3.2234     1.6099     1.0787     0.3567    91.4677    34.8290 3.1875e+02 4.2214e+00      68177         10  0.000e+00
     30.783     6.3793     6.2932   3.457956   3.451634     3.2234     1.6099     1.0787     0.3591    91.4142    34.8344 3.2066e+02 4.2214e+00      68178         10  0.000e+00
     30.806     6.3736     6.2928   3.457773   3.451646     3.2234     1.6099     1.0787     0.3684    91.2005    34.8382 3.2066e+02 4.2333e+00      68179         10  0.000e+00
     30.783     6.3668     6.2934   3.457767   3.451708     3.2234     1.6099     1.0787     0.3802    90.9334    34.8451 3.1875e+02 4.2452e+00      68180         10  0.000e+00
     30.806     6.3644     6.2940   3.457664   3.451730     3.2234     1.6099     1.0787     0.3884    90.7464    34.8464 3.1875e+02 4.2572e+00      68181         10  0.000e+00
     30.783     6.3685     6.2947   3.457506   3.451770     3.2234     1.6099     1.0787     0.3908    90.6930    34.8405 3.1875e+02 4.2572e+00      68182         10  0.000e+00
     30.783     6.3711     6.2945   3.457341   3.451798     3.2246     1.6099     1.0787     0.3825    90.8800    34.8359 3.1875e+02 4.2692e+00      68183         10  0.000e+00
     30.744     6.3686     6.2937   3.457238   3.451770     3.2246     1.6099     1.0787     0.3684    91.2005    34.8373 3.1875e+02 4.2932e+00      68184         10  0.000e+00
     30.838     6.3649     6.2939   3.457213   3.451792     3.2234     1.6099     1.0787     0.3579    91.4409    34.8408 3.2066e+02 4.2812e+00      68185         10  0.000e+00
     30.728     6.3607     6.2951   3.457256   3.451736     3.2234     1.6099     1.0787     0.3509    91.6012    34.8456 3.1875e+02 4.3053e+00      68186         10  0.000e+00
     30.807     6.3604     6.2997   3.457475   3.451860     3.2234     1.6099     1.0787     0.3509    91.6012    34.8484 3.1875e+02 4.3053e+00      68187         10  0.000e+00
     30.728     6.3556     6.3018   3.457688   3.451944     3.2234     1.6099     1.0787     0.3591    91.4142    34.8557 3.1875e+02 4.3174e+00      68188         10  0.000e+00
     30.783     6.3524     6.3005   3.457688   3.452232     3.2246     1.6099     1.0787     0.3673    91.2273    34.8589 3.2066e+02 4.3296e+00      68189         10  0.000e+00
     30.744     6.3578     6.3019   3.457676   3.452570     3.2246     1.6099     1.0787     0.3802    90.9334    34.8533 3.1875e+02 4.3418e+00      68190         10  0.000e+00
     30.783     6.3649     6.3045   3.457652   3.452819     3.2234     1.6099     1.0787     0.3884    90.7464    34.8458 3.1493e+02 4.3418e+00      68191         10  0.000e+00
     30.783     6.3665     6.3156   3.457786   3.452988     3.2246     1.6099     1.0787     0.3884    90.7464    34.8456 3.1493e+02 4.3540e+00      68192         10  0.000e+00
     30.689     6.3732     6.3289   3.458078   3.453281     3.2246     1.6099     1.0787     0.3813    90.9067    34.8420 3.1684e+02 4.3663e+00      68193         10  0.000e+00
     30.838     6.3758     6.3404   3.458523   3.453833     3.2246     1.6099     1.0787     0.3743    91.0670    34.8443 3.1684e+02 4.3663e+00      68194         10  0.000e+00
     30.744     6.3825     6.3418   3.459119   3.454403     3.2246     1.6099     1.0787     0.3743    91.0670    34.8442 3.1875e+02 4.3663e+00      68195         10  0.000e+00
      3.212     7.4056     7.4055   3.550159   3.549818     3.3401     1.3779     1.1336     0.4156    90.1321    34.8260 3.2639e+02 2.1259e+02      71667         11  0.000e+00
      3.267     7.4058     7.4055   3.550115   3.549881     3.3401     1.3779     1.1336     0.4251    89.9184    34.8253 3.2829e+02 2.1139e+02      71668         11  0.000e+00
      3.228     7.4058     7.4055   3.550097   3.549847     3.3401     1.3779     1.1397     0.4334    89.7314    34.8251 3.2829e+02 2.1259e+02      71669         11  0.000e+00
      3.330     7.4056     7.4055   3.550097   3.549801     3.3413     1.3779     1.1397     0.4370    89.6513    34.8252 3.2639e+02 2.1439e+02      71670         11  0.000e+00
      3.330     7.4058     7.4055   3.550097   3.549847     3.3401     1.3779     1.1397     0.4405    89.5711    34.8251 3.2829e+02 2.1499e+02      71671         11  0.000e+00
      3.330     7.4058     7.4055   3.550115   3.549818     3.3401     1.3901     1.1336     0.4417    89.5444    34.8253 3.2829e+02 2.1499e+02      71672         11  0.000e+00
      3.330     7.4059     7.4057   3.550085   3.549881     3.3401     1.3779     1.1397     0.4441    89.4910    34.8248 3.2639e+02 2.1560e+02      71673         11  0.000e+00
      3.346     7.4060     7.4055   3.550085   3.549909     3.3401     1.4023     1.1275     0.4405    89.5711    34.8247 3.2639e+02 2.1560e+02      71674         11  0.000e+00
      3.385     7.4059     7.4056   3.550116   3.549818     3.3401     1.4878     1.1092     0.4322    89.7581    34.8251 3.2829e+02 2.1560e+02      71675         11  0.000e+00
      3.330     7.4059     7.4055   3.550085   3.549847     3.3401     1.5366     1.1031     0.4239    89.9451    34.8248 3.2829e+02 2.1620e+02      71676         11  0.000e+00
      3.385     7.4058     7.4056   3.550109   3.549818     3.3401     1.5366     1.0970     0.4227    89.9718    34.8252 3.2829e+02 2.1742e+02      71677         11  0.000e+00
      3.401     7.4061     7.4056   3.550128   3.549881     3.3401     1.5366     1.1031     0.4203    90.0252    34.8251 3.2829e+02 2.1681e+02      71678         11  0.000e+00
      3.330     7.4061     7.4057   3.550109   3.549847     3.3401     1.5366     1.1031     0.4168    90.1054    34.8249 3.2829e+02 2.1742e+02      71679         11  0.000e+00
      3.448     7.4061     7.4056   3.550116   3.549864     3.3401     1.5244     1.0970     0.4144    90.1588    34.8249 3.2829e+02 2.1742e+02      71680         11  0.000e+00
      3.385     7.4060     7.4056   3.550128   3.549909     3.3401     1.5244     1.1031     0.4132    90.1855    34.8252 3.2829e+02 2.1742e+02      71681         11  0.000e+00
      3.385     7.4059     7.4055   3.550152   3.549881     3.3401     1.5366     1.0970     0.4156    90.1321    34.8255 3.2639e+02 2.1681e+02      71682         11  0.000e+00
      3.401     7.4059     7.4056   3.550183   3.549847     3.3388     1.5366     1.1031     0.4191    90.0519    34.8258 3.2639e+02 2.1620e+02      71683         11  0.000e+00
      3.385     7.4061     7.4056   3.550146   3.549818     3.3388     1.5366     1.1031     0.4239    89.9451    34.8253 3.2639e+02 2.1620e+02      71684         11  0.000e+00
      3.385     7.4060     7.4055   3.550109   3.549881     3.3401     1.5244     1.1031     0.4286    89.8382    34.8250 3.2639e+02 2.1439e+02      71685         11  0.000e+00
      3.448     7.4062     7.4058   3.550146   3.549847     3.3401     1.5244     1.1031     0.4298    89.8115    34.8251 3.2829e+02 2.1318e+02      71686         11  0.000e+00
      3.385     7.4059     7.4056   3.550109   3.549881     3.3388     1.5366     1.1031     0.4322    89.7581    34.8250 3.2639e+02 2.1318e+02      71687         11  0.000e+00
      3.401     7.4060     7.4057   3.550116   3.549818     3.3401     1.5244     1.1031     0.4405    89.5711    34.8250 3.2829e+02 2.1080e+02      71688         11  0.000e+00
      3.330     7.4058     7.4055   3.550128   3.549847     3.3401     1.5244     1.1031     0.4573    89.1972    34.8254 3.2829e+02 2.0844e+02      71689         11  0.000e+00
      3.385     7.4056     7.4058   3.550060   3.549864     3.3401     1.5244     1.1031     0.4657    89.0102    34.8248 3.2829e+02 2.0786e+02      71690         11  0.000e+00
      3.330     7.4053     7.4055   3.550054   3.549818     3.3401     1.5244     1.1031     0.4645    89.0369    34.8251 3.2829e+02 2.0669e+02      71691         11  0.000e+00
      3.330     7.4054     7.4055   3.550048   3.549818     3.3413     1.5244     1.1031     0.4669    88.9835    34.8249 3.2829e+02 2.0438e+02      71692         11  0.000e+00
      3.346     7.4051     7.4056   3.550017   3.549847     3.3401     1.5244     1.1031     0.4681    88.9567    34.8249 3.2639e+02 2.0381e+02      71693         11  0.000e+00
      3.268     7.4049     7.4054   3.549986   3.549847     3.3401     1.5244     1.1031     0.4633    89.0636    34.8247 3.2639e+02 2.0323e+02      71694         11  0.000e+00
      3.330     7.4051     7.4056   3.550017   3.549818     3.3401     1.5366     1.1031     0.4549    89.2506    34.8248 3.2829e+02 2.0210e+02      71695         11  0.000e+00
      3.268     7.4049     7.4056   3.550017   3.549818     3.3401     1.5366     1.1031     0.4441    89.4910    34.8251 3.2829e+02 2.0210e+02      71696         11  0.000e+00
      3.055     7.4053     7.4057   3.550005   3.549818     3.3401     1.5366     1.1031     0.4429    89.5177    34.8247 3.2829e+02 2.0210e+02      71697         11  0.000e+00
      3.386     7.4053     7.4056   3.550023   3.549784     3.3401     1.5366     1.1031     0.4429    89.5177    34.8247 3.2639e+02 2.0210e+02      71698         11  0.000e+00
      3.213     7.4053     7.4053   3.550054   3.549784     3.3401     1.5611     1.0848     0.4370    89.6513    34.8251 3.2639e+02 2.0210e+02      71699         11  0.000e+00
      3.158     7.4051     7.4052   3.550048   3.549835     3.3401     1.5733     1.0787     0.4286    89.8382    34.8253 3.2829e+02 2.0210e+02      71700         11  0.000e+00
      3.158     7.4051     7.4055   3.550054   3.549784     3.3401     1.5855     1.0787     0.4215    89.9985    34.8254 3.2829e+02 2.0381e+02      71701         11  0.000e+00
      3.110     7.4051     7.4055   3.550066   3.549784     3.3401     1.5733     1.0787     0.4227    89.9718    34.8255 3.2639e+02 2.0438e+02      71702         11  0.000e+00
      3.095     7.4051     7.4054   3.550085   3.549818     3.3401     1.5733     1.0787     0.4263    89.8917    34.8257 3.2639e+02 2.0438e+02      71703         11  0.000e+00
      3.040     7.4053     7.4055   3.550078   3.549818     3.3401     1.5733     1.0787     0.4286    89.8382    34.8255 3.2639e+02 2.0438e+02      71704         11  0.000e+00
      3.095     7.4051     7.4055   3.550085   3.549750     3.3401     1.5733     1.0787     0.4286    89.8382    34.8257 3.2639e+02 2.0438e+02      71705         11  0.000e+00
      2.977     7.4054     7.4056   3.550097   3.549818     3.3388     1.5733     1.0787     0.4263    89.8917    34.8256 3.2829e+02 2.0496e+02      71706         11  0.000e+00
      2.938     7.4053     7.4059   3.550097   3.549818     3.3388     1.5733     1.0787     0.4215    89.9985    34.8257 3.2639e+02 2.0553e+02      71707         11  0.000e+00
      2.977     7.4056     7.4058   3.550072   3.549784     3.3401     1.5733     1.0787     0.4179    90.0786    34.8251 3.2639e+02 2.0553e+02      71708         11  0.000e+00
      2.922     7.4056     7.4058   3.550066   3.549818     3.3401     1.5733     1.0787     0.4156    90.1321    34.8251 3.2829e+02 2.0553e+02      71709         11  0.000e+00
      2.867     7.4054     7.4055   3.550048   3.549801     3.3388     1.5733     1.0787     0.4203    90.0252    34.8251 3.2829e+02 2.0727e+02      71710         11  0.000e+00
      2.883     7.4054     7.4058   3.550035   3.549818     3.3388     1.5733     1.0787     0.4274    89.8649    34.8249 3.2639e+02 2.0844e+02      71711         11  0.000e+00
      2.867     7.4051     7.4056   3.550035   3.549847     3.3388     1.5733     1.0787     0.4310    89.7848    34.8253 3.2639e+02 2.0903e+02      71712         11  0.000e+00
      2.749     7.4053     7.4059   3.550017   3.549784     3.3401     1.5733     1.0787     0.4298    89.8115    34.8250 3.2639e+02 2.1021e+02      71713         11  0.000e+00
      2.804     7.4050     7.4056   3.549986   3.549784     3.3401     1.5733     1.0787     0.4286    89.8382    34.8249 3.2639e+02 2.1199e+02      71714         11  0.000e+00
      2.749     7.4053     7.4056   3.550041   3.549818     3.3401     1.5733     1.0787     0.4298    89.8115    34.8252 3.2639e+02 2.1199e+02      71715         11  0.000e+00
      2.054     7.4056     7.4051   3.550084   3.549818     3.3425     1.3413     1.0787     0.4156    90.1321    34.8257 3.2829e+02 2.6546e+02      71988         12  0.000e+00
      2.007     7.4054     7.4051   3.550029   3.549749     3.3425     1.3535     1.0848     0.4168    90.1054    34.8253 3.2829e+02 2.7534e+02      71989         12  0.000e+00
      2.054     7.4058     7.4054   3.550004   3.549749     3.3412     1.3535     1.0909     0.4203    90.0252    34.8247 3.2639e+02 2.8239e+02      71990         12  0.000e+00
