Ship_data/Irminger/Irminger-3/ctd/process/ar0701007.ros
* Sea-Bird SBE 9 Data File:
* FileName = D:\Data\ar0701007.hdr
* Software Version Seasave V 7.23.2
* Temperature SN = 4406
* Conductivity SN = 3042
* Number of Bytes Per Scan = 44
* Number of Voltage Words = 5
* Number of Scans Averaged by the Deck Unit = 1
* NMEA Latitude = 59 58.33 N
* NMEA Longitude = 039 30.33 W
* NMEA UTC (Time) = Jul 11 2016  19:24:31
** Site Irminger Hybrid profiler mooring
** G. Tupper Tupper
** Station # 007
# nquan = 16
# nvalues = 539                                   
# units = specified
# name 0 = prDM: Pressure, Digiquartz [db]
# name 1 = t090C: Temperature [ITS-90, deg C]
# name 2 = t190C: Temperature, 2 [ITS-90, deg C]
# name 3 = c0S/m: Conductivity [S/m]
# name 4 = c1S/m: Conductivity, 2 [S/m]
# name 5 = sbeox0V: Oxygen raw, SBE 43 [V]
# name 6 = flECO-AFL: Fluorescence, WET Labs ECO-AFL/FL [mg/m^3]
# name 7 = turbWETntu0: Turbidity, WET Labs ECO [NTU]
# name 8 = CStarAt0: Beam Attenuation, WET Labs C-Star [1/m]
# name 9 = CStarTr0: Beam Transmission, WET Labs C-Star [%]
# name 10 = sal00: Salinity, Practical [PSU]
# name 11 = spar: SPAR/Surface Irradiance
# name 12 = par: PAR/Irradiance, Biospherical/Licor
# name 13 = scan: Scan Count
# name 14 = nbf: Bottles Fired
# name 15 = flag:  0.000e+00
# interval = seconds: 0.0416667
# start_time = Jul 11 2016 19:29:37 [NMEA time, first data scan]
# bad_flag = -9.990e-29
*END*
[from data line 91]
   2131.820     3.0364     3.0369   3.255550   3.255312     2.2510     0.0470     0.9383     0.1286    96.8367    34.9309 1.5460e+02 9.5400e-02     142096          2  0.000e+00
   2131.820     3.0363     3.0366   3.255580   3.255295     2.2498     0.0470     0.9383     0.1286    96.8367    34.9314 1.5460e+02 9.5400e-02     142097          2  0.000e+00
   2131.820     3.0362     3.0368   3.255598   3.255251     2.2498     0.0470     0.9383     0.1275    96.8634    34.9317 1.5651e+02 9.5400e-02     142098          2  0.000e+00
   2131.755     3.0366     3.0369   3.255580   3.255295     2.2498     0.0470     0.9383     0.1275    96.8634    34.9311 1.5460e+02 9.5400e-02     142099          2  0.000e+00
   2131.869     3.0365     3.0370   3.255609   3.255312     2.2498     0.0470     0.9383     0.1275    96.8634    34.9314 1.5460e+02 9.5400e-02     142100          2  0.000e+00
   2131.820     3.0367     3.0366   3.255609   3.255262     2.2498     0.0470     0.9383     0.1275    96.8634    34.9313 1.5651e+02 9.5400e-02     142101          2  0.000e+00
   2131.820     3.0365     3.0369   3.255580   3.255312     2.2498     0.0470     0.9383     0.1275    96.8634    34.9311 1.5460e+02 9.5400e-02     142102          2  0.000e+00
   1826.977     3.3425     3.3423   3.270351   3.269983     2.3323     0.0348     0.9444     0.1275    96.8634    34.9304 1.6033e+02 9.5400e-02     151855          3  0.000e+00
   1827.042     3.3425     3.3422   3.270333   3.270044     2.3323     0.0348     0.9444     0.1275    96.8634    34.9301 1.6224e+02 9.5400e-02     151856          3  0.000e+00
   1826.977     3.3425     3.3424   3.270345   3.269983     2.3323     0.0348     0.9444     0.1275    96.8634    34.9303 1.6224e+02 9.5400e-02     151857          3  0.000e+00
   1826.977     3.3425     3.3423   3.270357   3.269983     2.3311     0.0348     0.9444     0.1275    96.8634    34.9305 1.6033e+02 9.5400e-02     151858          3  0.000e+00
   1826.977     3.3422     3.3420   3.270315   3.270011     2.3311     0.0348     0.9444     0.1275    96.8634    34.9303 1.6224e+02 9.5400e-02     151859          3  0.000e+00
   1827.042     3.3424     3.3424   3.270339   3.269956     2.3323     0.0348     0.9444     0.1275    96.8634    34.9304 1.6224e+02 9.5400e-02     151860          3  0.000e+00
   1826.977     3.3424     3.3423   3.270357   3.270011     2.3323     0.0348     0.9444     0.1275    96.8634    34.9306 1.6224e+02 9.5400e-02     151861          3  0.000e+00
   1827.042     3.3422     3.3426   3.270375   3.270011     2.3323     0.0348     0.9444     0.1275    96.8634    34.9310 1.6033e+02 9.5400e-02     151862          3  0.000e+00
   1826.920     3.3425     3.3425   3.270387   3.270044     2.3323     0.0348     0.9444     0.1275    96.8634    34.9308 1.6033e+02 9.5400e-02     151863          3  0.000e+00
   1827.042     3.3427     3.3428   3.270345   3.270055     2.3323     0.0348     0.9444     0.1275    96.8634    34.9301 1.6224e+02 9.5400e-02     151864          3  0.000e+00
   1826.977     3.3424     3.3429   3.270345   3.270099     2.3323     0.0348     0.9444     0.1275    96.8634    34.9305 1.6224e+02 9.5400e-02     151865          3  0.000e+00
   1826.977     3.3425     3.3433   3.270357   3.270044     2.3323     0.0348     0.9444     0.1275    96.8634    34.9305 1.6033e+02 9.5400e-02     151866          3  0.000e+00
   1826.977     3.3425     3.3432   3.270375   3.270072     2.3323     0.0348     0.9444     0.1275    96.8634    34.9307 1.6224e+02 9.5400e-02     151867          3  0.000e+00
   1826.969     3.3424     3.3431   3.270363   3.270072     2.3323     0.0348     0.9444     0.1275    96.8634    34.9307 1.6224e+02 9.5400e-02     151868          3  0.000e+00
   1826.977     3.3429     3.3429   3.270399   3.270044     2.3323     0.0348     0.9444     0.1275    96.8634    34.9306 1.6033e+02 9.5400e-02     151869          3  0.000e+00
   1826.920     3.3425     3.3430   3.270375   3.270044     2.3323     0.0348     0.9444     0.1275    96.8634    34.9307 1.6033e+02 9.5400e-02     151870          3  0.000e+00
   1826.977     3.3425     3.3431   3.270357   3.270072     2.3311     0.0348     0.9444     0.1275    96.8634    34.9305 1.6224e+02 9.5400e-02     151871          3  0.000e+00
   1826.977     3.3427     3.3429   3.270375   3.270044     2.3311     0.0348     0.9444     0.1275    96.8634    34.9305 1.6224e+02 9.5400e-02     151872          3  0.000e+00
   1826.856     3.3427     3.3432   3.270339   3.270072     2.3311     0.0348     0.9444     0.1275    96.8634    34.9301 1.6224e+02 9.5400e-02     151873          3  0.000e+00
   1826.977     3.3430     3.3429   3.270369   3.270044     2.3323     0.0348     0.9444     0.1275    96.8634    34.9301 1.6033e+02 9.5400e-02     151874          3  0.000e+00
   1826.921     3.3429     3.3429   3.270387   3.270044     2.3323     0.0348     0.9505     0.1275    96.8634    34.9305 1.6224e+02 9.5400e-02     151875          3  0.000e+00
   1826.921     3.3428     3.3432   3.270363   3.270072     2.3336     0.0348     0.9566     0.1275    96.8634    34.9303 1.6033e+02 9.5400e-02     151876          3  0.000e+00
   1826.921     3.3427     3.3429   3.270399   3.270011     2.3323     0.0348     0.9566     0.1275    96.8634    34.9308 1.6224e+02 9.5400e-02     151877          3  0.000e+00
   1826.856     3.3430     3.3431   3.270393   3.270011     2.3323     0.0348     0.9505     0.1275    96.8634    34.9304 1.6033e+02 9.5400e-02     151878          3  0.000e+00
   1826.921     3.3431     3.3429   3.270381   3.270099     2.3323     0.0348     0.9566     0.1264    96.8902    34.9301 1.6033e+02 9.5400e-02     151879          3  0.000e+00
   1826.856     3.3430     3.3432   3.270405   3.270011     2.3323     0.0348     0.9505     0.1275    96.8634    34.9306 1.6224e+02 9.5400e-02     151880          3  0.000e+00
   1826.921     3.3432     3.3429   3.270375   3.270044     2.3323     0.0348     0.9566     0.1264    96.8902    34.9300 1.6224e+02 9.5400e-02     151881          3  0.000e+00
   1826.856     3.3431     3.3431   3.270375   3.270072     2.3323     0.0348     0.9505     0.1264    96.8902    34.9301 1.6224e+02 9.5400e-02     151882          3  0.000e+00
   1826.856     3.3432     3.3430   3.270363   3.270044     2.3323     0.0348     0.9505     0.1275    96.8634    34.9299 1.6033e+02 9.5400e-02     151883          3  0.000e+00
   1826.856     3.3430     3.3431   3.270399   3.270044     2.3323     0.0348     0.9505     0.1275    96.8634    34.9305 1.6224e+02 9.5400e-02     151884          3  0.000e+00
   1826.856     3.3430     3.3429   3.270435   3.270011     2.3323     0.0348     0.9566     0.1275    96.8634    34.9310 1.6033e+02 9.5400e-02     151885          3  0.000e+00
   1826.799     3.3432     3.3432   3.270441   3.270044     2.3323     0.0348     0.9566     0.1275    96.8634    34.9308 1.6033e+02 9.5400e-02     151886          3  0.000e+00
   1826.856     3.3434     3.3429   3.270423   3.270044     2.3323     0.0348     0.9566     0.1275    96.8634    34.9304 1.6224e+02 9.5400e-02     151887          3  0.000e+00
   1826.734     3.3431     3.3429   3.270393   3.270044     2.3323     0.0348     0.9566     0.1275    96.8634    34.9304 1.6033e+02 9.5400e-02     151888          3  0.000e+00
   1826.856     3.3430     3.3431   3.270453   3.270072     2.3323     0.0348     0.9505     0.1275    96.8634    34.9311 1.6033e+02 9.5400e-02     151889          3  0.000e+00
   1826.799     3.3432     3.3430   3.270405   3.270044     2.3323     0.0348     0.9505     0.1275    96.8634    34.9304 1.6033e+02 9.5400e-02     151890          3  0.000e+00
   1826.718     3.3433     3.3433   3.270405   3.270099     2.3336     0.0348     0.9505     0.1275    96.8634    34.9303 1.6033e+02 9.5400e-02     151891          3  0.000e+00
   1826.799     3.3432     3.3434   3.270369   3.270072     2.3323     0.0348     0.9566     0.1275    96.8634    34.9300 1.6033e+02 9.5400e-02     151892          3  0.000e+00
   1826.734     3.3430     3.3432   3.270375   3.270072     2.3323     0.0348     0.9505     0.1275    96.8634    34.9303 1.6033e+02 9.5400e-02     151893          3  0.000e+00
   1826.734     3.3431     3.3431   3.270429   3.270083     2.3311     0.0348     0.9566     0.1275    96.8634    34.9308 1.6033e+02 9.5400e-02     151894          3  0.000e+00
   1826.734     3.3430     3.3433   3.270357   3.270099     2.3323     0.0348     0.9505     0.1275    96.8634    34.9301 1.6033e+02 9.5400e-02     151895          3  0.000e+00
   1826.734     3.3431     3.3433   3.270393   3.270072     2.3323     0.0348     0.9566     0.1275    96.8634    34.9304 1.6033e+02 9.5400e-02     151896          3  0.000e+00
   1826.669     3.3434     3.3433   3.270417   3.270044     2.3323     0.0470     0.9505     0.1275    96.8634    34.9304 1.6033e+02 9.5400e-02     151897          3  0.000e+00
   1826.669     3.3432     3.3433   3.270435   3.270099     2.3323     0.0348     0.9505     0.1275    96.8634    34.9308 1.6033e+02 9.5400e-02     151898          3  0.000e+00
   1826.669     3.3433     3.3433   3.270399   3.270044     2.3323     0.0226     0.9444     0.1275    96.8634    34.9303 1.6033e+02 9.5400e-02     151899          3  0.000e+00
   1826.669     3.3434     3.3432   3.270381   3.270072     2.3323     0.0226     0.9444     0.1275    96.8634    34.9300 1.6033e+02 9.5400e-02     151900          3  0.000e+00
   1826.670     3.3432     3.3434   3.270369   3.270099     2.3335     0.0226     0.9444     0.1275    96.8634    34.9301 1.6033e+02 9.5400e-02     151901          3  0.000e+00
   1826.613     3.3435     3.3431   3.270417   3.270072     2.3335     0.0226     0.9444     0.1275    96.8634    34.9304 1.6224e+02 9.5400e-02     151902          3  0.000e+00
   1826.613     3.3434     3.3432   3.270441   3.270044     2.3335     0.0226     0.9444     0.1264    96.8902    34.9308 1.6033e+02 9.5400e-02     151903          3  0.000e+00
   1522.384     3.6225     3.6232   3.282641   3.282324     2.4101     0.0348     0.9505     0.1275    96.8634    34.9297 1.4697e+02 9.5400e-02     161913          4  0.000e+00
   1522.344     3.6230     3.6234   3.282611   3.282358     2.4101     0.0348     0.9566     0.1275    96.8634    34.9288 1.4697e+02 9.5400e-02     161914          4  0.000e+00
   1522.384     3.6227     3.6232   3.282635   3.282358     2.4113     0.0348     0.9566     0.1275    96.8634    34.9294 1.4697e+02 9.5400e-02     161915          4  0.000e+00
   1522.328     3.6232     3.6234   3.282617   3.282324     2.4113     0.0348     0.9505     0.1286    96.8367    34.9287 1.4506e+02 9.5400e-02     161916          4  0.000e+00
   1522.384     3.6230     3.6234   3.282617   3.282330     2.4113     0.0348     0.9505     0.1286    96.8367    34.9289 1.4697e+02 9.5400e-02     161917          4  0.000e+00
   1522.328     3.6232     3.6231   3.282665   3.282330     2.4101     0.0348     0.9505     0.1275    96.8634    34.9293 1.4697e+02 9.5400e-02     161918          4  0.000e+00
   1522.449     3.6230     3.6230   3.282617   3.282297     2.4101     0.0348     0.9505     0.1275    96.8634    34.9289 1.4697e+02 9.5400e-02     161919          4  0.000e+00
   1522.287     3.6232     3.6227   3.282659   3.282330     2.4101     0.0348     0.9566     0.1286    96.8367    34.9292 1.4697e+02 9.5400e-02     161920          4  0.000e+00
   1522.384     3.6232     3.6227   3.282647   3.282297     2.4101     0.0348     0.9505     0.1275    96.8634    34.9291 1.4697e+02 9.5400e-02     161921          4  0.000e+00
   1522.328     3.6232     3.6226   3.282611   3.282297     2.4101     0.0348     0.9505     0.1275    96.8634    34.9287 1.4697e+02 9.5400e-02     161922          4  0.000e+00
   1522.384     3.6230     3.6227   3.282617   3.282269     2.4113     0.0348     0.9505     0.1275    96.8634    34.9289 1.4697e+02 9.5400e-02     161923          4  0.000e+00
   1522.328     3.6233     3.6226   3.282665   3.282269     2.4113     0.0348     0.9566     0.1275    96.8634    34.9292 1.4697e+02 9.5400e-02     161924          4  0.000e+00
   1522.344     3.6234     3.6226   3.282665   3.282236     2.4113     0.0470     0.9566     0.1275    96.8634    34.9291 1.4697e+02 9.5400e-02     161925          4  0.000e+00
   1522.384     3.6233     3.6226   3.282659   3.282297     2.4100     0.0470     0.9566     0.1275    96.8634    34.9291 1.4697e+02 9.5400e-02     161926          4  0.000e+00
   1522.328     3.6235     3.6227   3.282659   3.282269     2.4100     0.0470     0.9505     0.1275    96.8634    34.9289 1.4506e+02 9.5400e-02     161927          4  0.000e+00
   1522.328     3.6233     3.6226   3.282611   3.282236     2.4100     0.0470     0.9505     0.1286    96.8367    34.9285 1.4697e+02 9.5400e-02     161928          4  0.000e+00
   1522.328     3.6233     3.6226   3.282641   3.282297     2.4113     0.0470     0.9566     0.1286    96.8367    34.9289 1.4697e+02 9.5400e-02     161929          4  0.000e+00
   1522.328     3.6235     3.6227   3.282641   3.282297     2.4100     0.0470     0.9566     0.1275    96.8634    34.9287 1.4697e+02 9.5400e-02     161930          4  0.000e+00
   1522.287     3.6233     3.6229   3.282665   3.282236     2.4100     0.0470     0.9505     0.1275    96.8634    34.9292 1.4697e+02 9.5400e-02     161931          4  0.000e+00
   1522.328     3.6233     3.6230   3.282665   3.282297     2.4113     0.0470     0.9566     0.1275    96.8634    34.9292 1.4506e+02 9.5400e-02     161932          4  0.000e+00
   1522.328     3.6233     3.6229   3.282635   3.282297     2.4100     0.0470     0.9566     0.1286    96.8367    34.9288 1.4315e+02 9.5400e-02     161933          4  0.000e+00
   1522.263     3.6232     3.6229   3.282629   3.282324     2.4100     0.0470     0.9505     0.1275    96.8634    34.9289 1.4124e+02 9.5400e-02     161934          4  0.000e+00
   1522.328     3.6232     3.6230   3.282611   3.282297     2.4100     0.0470     0.9566     0.1275    96.8634    34.9287 1.4315e+02 9.5400e-02     161935          4  0.000e+00
   1522.263     3.6231     3.6230   3.282635   3.282330     2.4100     0.0470     0.9566     0.1275    96.8634    34.9290 1.4315e+02 9.5400e-02     161936          4  0.000e+00
   1522.288     3.6232     3.6231   3.282671   3.282324     2.4100     0.0470     0.9505     0.1275    96.8634    34.9294 1.4506e+02 9.5400e-02     161937          4  0.000e+00
   1522.263     3.6232     3.6232   3.282599   3.282330     2.4100     0.0470     0.9566     0.1275    96.8634    34.9285 1.4506e+02 9.5400e-02     161938          4  0.000e+00
   1522.207     3.6232     3.6232   3.282611   3.282330     2.4100     0.0470     0.9566     0.1275    96.8634    34.9287 1.4506e+02 9.5400e-02     161939          4  0.000e+00
   1522.263     3.6232     3.6232   3.282605   3.282324     2.4100     0.0470     0.9566     0.1275    96.8634    34.9286 1.4506e+02 9.5400e-02     161940          4  0.000e+00
   1522.207     3.6232     3.6232   3.282617   3.282330     2.4100     0.0470     0.9505     0.1275    96.8634    34.9288 1.4697e+02 9.5400e-02     161941          4  0.000e+00
   1522.223     3.6233     3.6232   3.282611   3.282330     2.4100     0.0470     0.9566     0.1275    96.8634    34.9286 1.4506e+02 9.5400e-02     161942          4  0.000e+00
   1522.207     3.6229     3.6232   3.282557   3.282352     2.4100     0.0470     0.9505     0.1275    96.8634    34.9284 1.4697e+02 9.5400e-02     161943          4  0.000e+00
   1522.263     3.6232     3.6234   3.282599   3.282297     2.4100     0.0470     0.9566     0.1275    96.8634    34.9285 1.4697e+02 9.5400e-02     161944          4  0.000e+00
   1522.143     3.6230     3.6232   3.282623   3.282385     2.4100     0.0470     0.9566     0.1275    96.8634    34.9291 1.4697e+02 9.5400e-02     161945          4  0.000e+00
