Ship_data/Irminger/Irminger-3/ctd/process/ar0701009.ros
* Sea-Bird SBE 9 Data File:
* FileName = D:\Data\ar0701009.hdr
* Software Version Seasave V 7.23.2
* Temperature SN = 4406
* Conductivity SN = 3042
* Number of Bytes Per Scan = 44
* Number of Voltage Words = 5
* Number of Scans Averaged by the Deck Unit = 1
* NMEA Latitude = 59 43.01 N
* NMEA Longitude = 039 20.16 W
* NMEA UTC (Time) = Jul 13 2016  16:20:08
** Site Irminger Flanking mooring B
** G. Tupper Tupper
** Station # 009
** Old and new
# nquan = 16
# nvalues = 588                                   
# units = specified
# name 0 = prDM: Pressure, Digiquartz [db]
# name 1 = t090C: Temperature [ITS-90, deg C]
# name 2 = t190C: Temperature, 2 [ITS-90, deg C]
# name 3 = c0S/m: Conductivity [S/m]
# name 4 = c1S/m: Conductivity, 2 [S/m]
# name 5 = sbeox0V: Oxygen raw, SBE 43 [V]
# name 6 = flECO-AFL: Fluorescence, WET Labs ECO-AFL/FL [mg/m^3]
# name 7 = turbWETntu0: Turbidity, WET Labs ECO [NTU]
# name 8 = CStarAt0: Beam Attenuation, WET Labs C-Star [1/m]
# name 9 = CStarTr0: Beam Transmission, WET Labs C-Star [%]
# name 10 = sal00: Salinity, Practical [PSU]
# name 11 = spar: SPAR/Surface Irradiance
# name 12 = par: PAR/Irradiance, Biospherical/Licor
# name 13 = scan: Scan Count
# name 14 = nbf: Bottles Fired
# name 15 = flag:  0.000e+00
# interval = seconds: 0.0416667
# start_time = Jul 13 2016 16:23:27 [NMEA time, first data scan]
# bad_flag = -9.990e-29
*END*
[from data line 91]
   2164.225     3.1410     3.1407   3.266121   3.265719     2.2431     0.0470     0.9322     0.1231    96.9703    34.9311 1.1414e+03 9.5400e-02      78675          2  0.000e+00
   2164.225     3.1411     3.1408   3.266145   3.265746     2.2431     0.0470     0.9322     0.1231    96.9703    34.9312 1.1414e+03 9.5400e-02      78676          2  0.000e+00
   2164.201     3.1413     3.1407   3.266157   3.265746     2.2431     0.0470     0.9322     0.1231    96.9703    34.9312 1.1395e+03 9.5400e-02      78677          2  0.000e+00
   2164.290     3.1410     3.1407   3.266139   3.265779     2.2431     0.0470     0.9322     0.1231    96.9703    34.9313 1.1395e+03 9.5400e-02      78678          2  0.000e+00
   2164.225     3.1411     3.1408   3.266115   3.265719     2.2431     0.0470     0.9322     0.1231    96.9703    34.9308 1.1414e+03 9.5400e-02      78679          2  0.000e+00
   2164.290     3.1408     3.1410   3.266145   3.265779     2.2431     0.0470     0.9322     0.1231    96.9703    34.9315 1.1414e+03 9.5400e-02      78680          2  0.000e+00
   2164.266     3.1413     3.1407   3.266139   3.265746     2.2431     0.0470     0.9322     0.1231    96.9703    34.9310 1.1414e+03 9.5400e-02      78681          2  0.000e+00
   1858.863     3.4040     3.4034   3.277259   3.276860     2.3153     0.0348     0.9383     0.1231    96.9703    34.9321 1.0040e+03 9.5400e-02      88565          3  0.000e+00
   1858.790     3.4040     3.4034   3.277253   3.276887     2.3153     0.0348     0.9383     0.1231    96.9703    34.9321 1.0059e+03 9.5400e-02      88566          3  0.000e+00
   1858.863     3.4042     3.4036   3.277242   3.276849     2.3153     0.0348     0.9383     0.1231    96.9703    34.9317 1.0040e+03 9.5400e-02      88567          3  0.000e+00
   1858.790     3.4042     3.4036   3.277259   3.276860     2.3153     0.0348     0.9444     0.1231    96.9703    34.9320 1.0040e+03 9.5400e-02      88568          3  0.000e+00
   1858.855     3.4042     3.4033   3.277253   3.276832     2.3153     0.0348     0.9383     0.1231    96.9703    34.9319 1.0040e+03 9.5400e-02      88569          3  0.000e+00
   1858.863     3.4042     3.4031   3.277259   3.276832     2.3153     0.0348     0.9383     0.1231    96.9703    34.9319 1.0040e+03 9.5400e-02      88570          3  0.000e+00
   1858.855     3.4045     3.4033   3.277271   3.276832     2.3153     0.0348     0.9383     0.1231    96.9703    34.9317 1.0040e+03 9.5400e-02      88571          3  0.000e+00
   1858.790     3.4042     3.4034   3.277253   3.276860     2.3153     0.0348     0.9383     0.1231    96.9703    34.9319 1.0040e+03 9.5400e-02      88572          3  0.000e+00
   1858.928     3.4042     3.4034   3.277259   3.276821     2.3153     0.0348     0.9383     0.1231    96.9703    34.9319 1.0040e+03 9.5400e-02      88573          3  0.000e+00
   1858.855     3.4042     3.4034   3.277253   3.276832     2.3153     0.0348     0.9383     0.1242    96.9436    34.9319 1.0040e+03 9.5400e-02      88574          3  0.000e+00
   1858.855     3.4044     3.4034   3.277277   3.276860     2.3153     0.0348     0.9383     0.1242    96.9436    34.9320 1.0040e+03 9.5400e-02      88575          3  0.000e+00
   1858.806     3.4040     3.4034   3.277277   3.276860     2.3153     0.0348     0.9383     0.1231    96.9703    34.9324 1.0040e+03 9.5400e-02      88576          3  0.000e+00
   1858.912     3.4042     3.4034   3.277271   3.276887     2.3153     0.0348     0.9383     0.1231    96.9703    34.9321 1.0040e+03 9.5400e-02      88577          3  0.000e+00
   1858.806     3.4042     3.4034   3.277271   3.276832     2.3153     0.0348     0.9383     0.1231    96.9703    34.9321 1.0059e+03 9.5400e-02      88578          3  0.000e+00
   1858.912     3.4042     3.4037   3.277271   3.276849     2.3153     0.0348     0.9383     0.1231    96.9703    34.9321 1.0040e+03 9.5400e-02      88579          3  0.000e+00
   1858.855     3.4040     3.4036   3.277253   3.276860     2.3153     0.0470     0.9444     0.1231    96.9703    34.9321 1.0040e+03 9.5400e-02      88580          3  0.000e+00
   1858.863     3.4042     3.4034   3.277307   3.276860     2.3153     0.0470     0.9383     0.1220    96.9970    34.9325 1.0040e+03 9.5400e-02      88581          3  0.000e+00
   1858.855     3.4044     3.4036   3.277265   3.276920     2.3153     0.0470     0.9383     0.1231    96.9703    34.9318 1.0040e+03 9.5400e-02      88582          3  0.000e+00
   1858.855     3.4044     3.4036   3.277283   3.276832     2.3141     0.0470     0.9383     0.1231    96.9703    34.9321 1.0040e+03 9.5400e-02      88583          3  0.000e+00
   1858.806     3.4044     3.4036   3.277319   3.276887     2.3141     0.0470     0.9383     0.1242    96.9436    34.9325 1.0040e+03 9.5400e-02      88584          3  0.000e+00
   1858.855     3.4045     3.4037   3.277242   3.276849     2.3153     0.0470     0.9383     0.1231    96.9703    34.9314 1.0040e+03 9.5400e-02      88585          3  0.000e+00
   1858.855     3.4042     3.4036   3.277253   3.276832     2.3153     0.0470     0.9383     0.1242    96.9436    34.9319 1.0040e+03 9.5400e-02      88586          3  0.000e+00
   1858.863     3.4044     3.4036   3.277253   3.276860     2.3153     0.0470     0.9383     0.1253    96.9169    34.9317 1.0040e+03 9.5400e-02      88587          3  0.000e+00
   1858.790     3.4044     3.4037   3.277283   3.276887     2.3153     0.0470     0.9383     0.1253    96.9169    34.9321 1.0040e+03 9.5400e-02      88588          3  0.000e+00
   1858.863     3.4044     3.4037   3.277259   3.276920     2.3153     0.0470     0.9383     0.1242    96.9436    34.9318 1.0040e+03 9.5400e-02      88589          3  0.000e+00
   1858.855     3.4042     3.4037   3.277277   3.276832     2.3153     0.0470     0.9383     0.1242    96.9436    34.9322 1.0040e+03 9.5400e-02      88590          3  0.000e+00
   1858.790     3.4044     3.4040   3.277277   3.276849     2.3141     0.0470     0.9383     0.1231    96.9703    34.9320 1.0040e+03 9.5400e-02      88591          3  0.000e+00
   1858.863     3.4044     3.4037   3.277271   3.276887     2.3153     0.0470     0.9383     0.1231    96.9703    34.9319 1.0040e+03 9.5400e-02      88592          3  0.000e+00
   1858.791     3.4042     3.4039   3.277313   3.276920     2.3153     0.0470     0.9383     0.1231    96.9703    34.9326 1.0040e+03 9.5400e-02      88593          3  0.000e+00
   1858.791     3.4044     3.4042   3.277289   3.276860     2.3153     0.0470     0.9383     0.1231    96.9703    34.9322 1.0040e+03 9.5400e-02      88594          3  0.000e+00
   1858.807     3.4045     3.4040   3.277289   3.276887     2.3153     0.0470     0.9383     0.1231    96.9703    34.9320 1.0040e+03 9.5400e-02      88595          3  0.000e+00
   1858.791     3.4042     3.4040   3.277259   3.276887     2.3153     0.0470     0.9383     0.1231    96.9703    34.9320 1.0021e+03 9.5400e-02      88596          3  0.000e+00
   1858.677     3.4044     3.4039   3.277241   3.276876     2.3153     0.0470     0.9383     0.1231    96.9703    34.9317 1.0040e+03 9.5400e-02      88597          3  0.000e+00
   1858.912     3.4045     3.4040   3.277283   3.276860     2.3153     0.0470     0.9383     0.1231    96.9703    34.9319 1.0040e+03 9.5400e-02      88598          3  0.000e+00
   1858.791     3.4045     3.4040   3.277301   3.276920     2.3153     0.0470     0.9383     0.1231    96.9703    34.9321 1.0040e+03 9.5400e-02      88599          3  0.000e+00
   1858.742     3.4044     3.4040   3.277295   3.276920     2.3153     0.0470     0.9383     0.1220    96.9970    34.9323 1.0040e+03 9.5400e-02      88600          3  0.000e+00
   1858.791     3.4044     3.4040   3.277295   3.276887     2.3141     0.0470     0.9444     0.1231    96.9703    34.9322 1.0040e+03 9.5400e-02      88601          3  0.000e+00
   1858.734     3.4044     3.4039   3.277283   3.276909     2.3141     0.0470     0.9383     0.1231    96.9703    34.9321 1.0040e+03 9.5400e-02      88602          3  0.000e+00
   1858.742     3.4047     3.4042   3.277307   3.276860     2.3141     0.0470     0.9383     0.1231    96.9703    34.9321 1.0040e+03 9.5400e-02      88603          3  0.000e+00
   1858.791     3.4045     3.4039   3.277265   3.276887     2.3153     0.0348     0.9444     0.1231    96.9703    34.9317 1.0059e+03 9.5400e-02      88604          3  0.000e+00
   1858.734     3.4044     3.4039   3.277277   3.276887     2.3153     0.0348     0.9444     0.1231    96.9703    34.9320 1.0040e+03 9.5400e-02      88605          3  0.000e+00
   1858.677     3.4045     3.4042   3.277277   3.276920     2.3141     0.0348     0.9444     0.1231    96.9703    34.9319 1.0040e+03 9.5400e-02      88606          3  0.000e+00
   1858.734     3.4045     3.4040   3.277307   3.276920     2.3141     0.0348     0.9444     0.1231    96.9703    34.9322 1.0040e+03 9.5400e-02      88607          3  0.000e+00
   1858.742     3.4044     3.4042   3.277289   3.276909     2.3153     0.0348     0.9444     0.1231    96.9703    34.9322 1.0040e+03 9.5400e-02      88608          3  0.000e+00
   1858.734     3.4047     3.4042   3.277253   3.276860     2.3153     0.0348     0.9444     0.1231    96.9703    34.9314 1.0040e+03 9.5400e-02      88609          3  0.000e+00
   1858.669     3.4045     3.4042   3.277241   3.276887     2.3153     0.0348     0.9444     0.1231    96.9703    34.9315 1.0040e+03 9.5400e-02      88610          3  0.000e+00
   1858.678     3.4045     3.4043   3.277259   3.276887     2.3153     0.0348     0.9444     0.1231    96.9703    34.9317 1.0040e+03 9.5400e-02      88611          3  0.000e+00
   1858.734     3.4045     3.4040   3.277271   3.276887     2.3153     0.0348     0.9444     0.1220    96.9970    34.9318 1.0040e+03 9.5400e-02      88612          3  0.000e+00
   1858.670     3.4045     3.4042   3.277289   3.276920     2.3153     0.0348     0.9444     0.1231    96.9703    34.9320 1.0040e+03 9.5400e-02      88613          3  0.000e+00
   1520.678     3.6652     3.6648   3.286127   3.285725     2.4190     0.0226     0.9566     0.1275    96.8634    34.9268 9.7534e+02 9.5400e-02      99270          4  0.000e+00
   1520.702     3.6653     3.6644   3.286121   3.285714     2.4178     0.0226     0.9566     0.1264    96.8902    34.9266 9.7534e+02 9.5400e-02      99271          4  0.000e+00
   1520.743     3.6653     3.6648   3.286109   3.285742     2.4190     0.0226     0.9566     0.1253    96.9169    34.9265 9.7534e+02 9.5400e-02      99272          4  0.000e+00
   1520.743     3.6652     3.6646   3.286115   3.285698     2.4190     0.0226     0.9566     0.1253    96.9169    34.9266 9.7534e+02 9.5400e-02      99273          4  0.000e+00
   1520.678     3.6653     3.6644   3.286091   3.285775     2.4190     0.0226     0.9566     0.1242    96.9436    34.9262 9.7534e+02 9.5400e-02      99274          4  0.000e+00
   1520.743     3.6653     3.6646   3.286097   3.285725     2.4190     0.0226     0.9566     0.1242    96.9436    34.9263 9.7534e+02 9.5400e-02      99275          4  0.000e+00
   1520.767     3.6653     3.6646   3.286109   3.285714     2.4190     0.0226     0.9566     0.1242    96.9436    34.9264 9.7534e+02 9.5400e-02      99276          4  0.000e+00
   1520.743     3.6652     3.6648   3.286150   3.285725     2.4190     0.0226     0.9566     0.1242    96.9436    34.9271 9.7534e+02 9.5400e-02      99277          4  0.000e+00
   1520.743     3.6655     3.6648   3.286150   3.285714     2.4190     0.0226     0.9627     0.1242    96.9436    34.9267 9.7534e+02 9.5400e-02      99278          4  0.000e+00
   1520.743     3.6652     3.6646   3.286156   3.285742     2.4178     0.0226     0.9566     0.1242    96.9436    34.9271 9.7152e+02 9.5400e-02      99279          4  0.000e+00
   1520.743     3.6653     3.6647   3.286156   3.285698     2.4190     0.0226     0.9566     0.1231    96.9703    34.9270 9.6771e+02 9.5400e-02      99280          4  0.000e+00
   1520.807     3.6655     3.6644   3.286121   3.285742     2.4178     0.0226     0.9566     0.1231    96.9703    34.9263 9.6771e+02 9.5400e-02      99281          4  0.000e+00
   1520.702     3.6653     3.6648   3.286067   3.285725     2.4190     0.0226     0.9566     0.1231    96.9703    34.9260 9.6962e+02 9.5400e-02      99282          4  0.000e+00
   1520.807     3.6653     3.6646   3.286091   3.285742     2.4178     0.0226     0.9566     0.1242    96.9436    34.9261 9.7343e+02 9.5400e-02      99283          4  0.000e+00
   1520.743     3.6651     3.6649   3.286109   3.285725     2.4190     0.0226     0.9566     0.1231    96.9703    34.9267 9.7343e+02 9.5400e-02      99284          4  0.000e+00
   1520.807     3.6653     3.6644   3.286127   3.285714     2.4190     0.0226     0.9566     0.1231    96.9703    34.9266 9.7534e+02 9.5400e-02      99285          4  0.000e+00
   1520.743     3.6652     3.6646   3.286156   3.285714     2.4190     0.0226     0.9566     0.1231    96.9703    34.9271 9.7343e+02 9.5400e-02      99286          4  0.000e+00
   1520.743     3.6653     3.6648   3.286133   3.285725     2.4190     0.0226     0.9505     0.1231    96.9703    34.9267 9.7534e+02 9.5400e-02      99287          4  0.000e+00
   1520.767     3.6653     3.6648   3.286115   3.285775     2.4178     0.0226     0.9505     0.1231    96.9703    34.9265 9.7343e+02 9.5400e-02      99288          4  0.000e+00
   1520.743     3.6650     3.6647   3.286091   3.285725     2.4190     0.0226     0.9505     0.1231    96.9703    34.9265 9.7534e+02 9.5400e-02      99289          4  0.000e+00
   1520.807     3.6655     3.6646   3.286121   3.285742     2.4190     0.0226     0.9505     0.1231    96.9703    34.9263 9.7534e+02 9.5400e-02      99290          4  0.000e+00
   1520.743     3.6653     3.6646   3.286097   3.285758     2.4190     0.0226     0.9505     0.1231    96.9703    34.9263 9.7534e+02 9.5400e-02      99291          4  0.000e+00
   1520.743     3.6652     3.6649   3.286145   3.285714     2.4190     0.0226     0.9566     0.1231    96.9703    34.9270 9.7534e+02 9.5400e-02      99292          4  0.000e+00
   1520.767     3.6653     3.6649   3.286133   3.285742     2.4178     0.0226     0.9505     0.1231    96.9703    34.9267 9.7534e+02 9.5400e-02      99293          4  0.000e+00
   1520.743     3.6653     3.6649   3.286115   3.285698     2.4190     0.0226     0.9505     0.1231    96.9703    34.9265 9.7725e+02 9.5400e-02      99294          4  0.000e+00
   1520.743     3.6655     3.6648   3.286091   3.285742     2.4190     0.0226     0.9505     0.1231    96.9703    34.9260 9.7343e+02 9.5400e-02      99295          4  0.000e+00
   1520.743     3.6653     3.6649   3.286079   3.285725     2.4190     0.0226     0.9505     0.1231    96.9703    34.9261 9.7534e+02 9.5400e-02      99296          4  0.000e+00
   1520.743     3.6652     3.6647   3.286121   3.285742     2.4178     0.0226     0.9505     0.1231    96.9703    34.9267 9.7534e+02 9.5400e-02      99297          4  0.000e+00
   1520.743     3.6655     3.6648   3.286139   3.285758     2.4178     0.0226     0.9505     0.1231    96.9703    34.9266 9.7534e+02 9.5400e-02      99298          4  0.000e+00
   1520.703     3.6654     3.6649   3.286156   3.285742     2.4178     0.0226     0.9566     0.1231    96.9703    34.9269 9.7534e+02 9.5400e-02      99299          4  0.000e+00
   1520.743     3.6655     3.6649   3.286115   3.285742     2.4190     0.0226     0.9505     0.1231    96.9703    34.9263 9.7534e+02 9.5400e-02      99300          4  0.000e+00
   1520.743     3.6655     3.6648   3.286127   3.285698     2.4190     0.0226     0.9566     0.1231    96.9703    34.9264 9.7534e+02 9.5400e-02      99301          4  0.000e+00
   1520.679     3.6655     3.6647   3.286121   3.285803     2.4178     0.0226     0.9505     0.1231    96.9703    34.9264 9.7534e+02 9.5400e-02      99302          4  0.000e+00
