Ship_data/Irminger/Irminger-3/ctd/process/ar0701010.ros
* Sea-Bird SBE 9 Data File:
* FileName = D:\Data\ar0701010.hdr
* Software Version Seasave V 7.23.2
* Temperature SN = 4406
* Conductivity SN = 3042
* Number of Bytes Per Scan = 44
* Number of Voltage Words = 5
* Number of Scans Averaged by the Deck Unit = 1
* NMEA Latitude = 59 55.71 N
* NMEA Longitude = 039 37.28 W
* NMEA UTC (Time) = Jul 16 2016  20:07:47
** Site Irminger Surface Mooring (old 2015)
** G. Tupper Tupper
** Station # 010
** before old mooring recovery
# nquan = 16
# nvalues = 539                                   
# units = specified
# name 0 = prDM: Pressure, Digiquartz [db]
# name 1 = t090C: Temperature [ITS-90, deg C]
# name 2 = t190C: Temperature, 2 [ITS-90, deg C]
# name 3 = c0S/m: Conductivity [S/m]
# name 4 = c1S/m: Conductivity, 2 [S/m]
# name 5 = sbeox0V: Oxygen raw, SBE 43 [V]
# name 6 = flECO-AFL: Fluorescence, WET Labs ECO-AFL/FL [mg/m^3]
# name 7 = turbWETntu0: Turbidity, WET Labs ECO [NTU]
# name 8 = CStarAt0: Beam Attenuation, WET Labs C-Star [1/m]
# name 9 = CStarTr0: Beam Transmission, WET Labs C-Star [%]
# name 10 = sal00: Salinity, Practical [PSU]
# name 11 = spar: SPAR/Surface Irradiance
# name 12 = par: PAR/Irradiance, Biospherical/Licor
# name 13 = scan: Scan Count
# name 14 = nbf: Bottles Fired
# name 15 = flag:  0.000e+00
# interval = seconds: 0.0416667
# start_time = Jul 16 2016 20:10:01 [NMEA time, first data scan]
# bad_flag = -9.990e-29
*END*
[from data line 362]
     41.284     4.7132     4.7252   3.315794   3.316593     3.0763     0.1569     0.9688     0.1707    95.8217    34.9333 5.3443e+01 9.5400e-02     104993          8  0.000e+00
     41.332     4.7137     4.7252   3.315824   3.316593     3.0751     0.1569     0.9688     0.1707    95.8217    34.9331 5.3443e+01 9.5400e-02     104994          8  0.000e+00
     41.284     4.7153     4.7250   3.315938   3.316660     3.0751     0.1569     0.9688     0.1707    95.8217    34.9328 5.1535e+01 9.5400e-02     104995          8  0.000e+00
     41.387     4.7163     4.7249   3.316016   3.316565     3.0751     0.1569     0.9688     0.1718    95.7950    34.9327 5.3443e+01 9.5400e-02     104996          8  0.000e+00
     41.339     4.7153     4.7177   3.315926   3.316565     3.0751     0.1569     0.9688     0.1707    95.8217    34.9326 5.1535e+01 9.5400e-02     104997          8  0.000e+00
     41.387     4.7156     4.7068   3.316087   3.316454     3.0763     0.1569     0.9688     0.1707    95.8217    34.9342 5.3443e+01 9.5400e-02     104998          8  0.000e+00
     41.402     4.7188     4.7008   3.316357   3.315638     3.0751     0.1569     0.9688     0.1707    95.8217    34.9339 5.3443e+01 9.5400e-02     104999          8  0.000e+00
     41.402     4.7169     4.6929   3.316297   3.314861     3.0763     0.1569     0.9749     0.1707    95.8217    34.9353 5.3443e+01 9.5400e-02     105000          8  0.000e+00
     41.387     4.7152     4.6909   3.316117   3.314340     3.0751     0.1569     0.9688     0.1718    95.7950    34.9350 5.3443e+01 9.5400e-02     105001          8  0.000e+00
     41.457     4.7153     4.6893   3.316046   3.313990     3.0763     0.1569     0.9688     0.1730    95.7683    34.9340 5.3443e+01 9.5400e-02     105002          8  0.000e+00
     41.450     4.7148     4.6888   3.316016   3.313962     3.0751     0.1569     0.9688     0.1730    95.7683    34.9342 5.1535e+01 9.5400e-02     105003          8  0.000e+00
     41.457     4.7146     4.6918   3.315902   3.313840     3.0763     0.1569     0.9688     0.1741    95.7416    34.9331 5.1535e+01 9.5400e-02     105004          8  0.000e+00
     41.458     4.7132     4.7049   3.315836   3.313801     3.0775     0.1569     0.9688     0.1741    95.7416    34.9337 5.3443e+01 9.5400e-02     105005          8  0.000e+00
     41.450     4.7111     4.7152   3.315698   3.314201     3.0751     0.1569     0.9688     0.1741    95.7416    34.9344 5.3443e+01 9.5400e-02     105006          8  0.000e+00
     41.520     4.7102     4.7199   3.315608   3.315338     3.0763     0.1447     0.9688     0.1752    95.7148    34.9343 5.3443e+01 9.5400e-02     105007          8  0.000e+00
     41.505     4.7122     4.7220   3.315788   3.316066     3.0751     0.1569     0.9688     0.1763    95.6881    34.9342 5.3443e+01 9.5400e-02     105008          8  0.000e+00
     41.458     4.7148     4.7229   3.315992   3.316238     3.0763     0.1691     0.9627     0.1763    95.6881    34.9339 5.3443e+01 9.5400e-02     105009          8  0.000e+00
     41.505     4.7177     4.7233   3.316129   3.316415     3.0763     0.1813     0.9566     0.1774    95.6614    34.9324 5.1535e+01 9.5400e-02     105010          8  0.000e+00
     41.520     4.7187     4.7236   3.316135   3.316482     3.0751     0.1813     0.9566     0.1763    95.6881    34.9314 5.1535e+01 9.5400e-02     105011          8  0.000e+00
     41.520     4.7174     4.7238   3.316147   3.316476     3.0775     0.1813     0.9566     0.1763    95.6881    34.9329 5.1535e+01 9.5400e-02     105012          8  0.000e+00
     41.560     4.7160     4.7239   3.316141   3.316443     3.0763     0.1813     0.9566     0.1752    95.7148    34.9343 5.1535e+01 9.5400e-02     105013          8  0.000e+00
     41.521     4.7176     4.7239   3.316147   3.316571     3.0751     0.1813     0.9566     0.1752    95.7148    34.9328 5.3443e+01 9.5400e-02     105014          8  0.000e+00
     41.560     4.7198     4.7241   3.316225   3.316476     3.0775     0.1813     0.9566     0.1752    95.7148    34.9313 5.3443e+01 9.5400e-02     105015          8  0.000e+00
     41.521     4.7193     4.7239   3.316159   3.316565     3.0751     0.1813     0.9566     0.1752    95.7148    34.9311 5.1535e+01 9.5400e-02     105016          8  0.000e+00
     41.521     4.7182     4.7241   3.316129   3.316543     3.0751     0.1813     0.9566     0.1752    95.7148    34.9319 5.3443e+01 9.5400e-02     105017          8  0.000e+00
     41.560     4.7149     4.7238   3.316147   3.316504     3.0763     0.1813     0.9566     0.1752    95.7148    34.9355 5.3443e+01 9.5400e-02     105018          8  0.000e+00
     41.576     4.7151     4.7241   3.316141   3.316504     3.0751     0.1813     0.9566     0.1752    95.7148    34.9352 5.3443e+01 9.5400e-02     105019          8  0.000e+00
     41.560     4.7176     4.7238   3.316147   3.316543     3.0751     0.1813     0.9566     0.1741    95.7416    34.9327 5.3443e+01 9.5400e-02     105020          8  0.000e+00
     41.521     4.7171     4.7239   3.316093   3.316443     3.0751     0.1813     0.9566     0.1730    95.7683    34.9327 5.1535e+01 9.5400e-02     105021          8  0.000e+00
     41.560     4.7155     4.7238   3.316052   3.316543     3.0775     0.1813     0.9566     0.1730    95.7683    34.9338 5.3443e+01 9.5400e-02     105022          8  0.000e+00
     20.168     8.3975     8.3977   3.644519   3.644213     3.3210     1.8297     1.0604     0.4585    89.1704    34.8442 5.5352e+01 9.5400e-02     108911          9  0.000e+00
     20.200     8.3977     8.3976   3.644519   3.644178     3.3197     1.8297     1.0604     0.4621    89.0903    34.8440 5.5352e+01 9.5400e-02     108912          9  0.000e+00
     20.349     8.3977     8.3978   3.644488   3.644144     3.3210     1.8297     1.0604     0.4633    89.0636    34.8436 5.5352e+01 9.5400e-02     108913          9  0.000e+00
     20.169     8.3977     8.3976   3.644519   3.644178     3.3210     1.8297     1.0604     0.4621    89.0903    34.8440 5.3443e+01 9.5400e-02     108914          9  0.000e+00
     20.231     8.3978     8.3976   3.644519   3.644178     3.3197     1.8297     1.0604     0.4585    89.1704    34.8438 5.5352e+01 9.5400e-02     108915          9  0.000e+00
     20.286     8.3980     8.3971   3.644550   3.644149     3.3210     1.8297     1.0604     0.4573    89.1972    34.8439 5.5352e+01 9.5400e-02     108916          9  0.000e+00
     20.286     8.3982     8.3965   3.644550   3.644144     3.3210     1.8297     1.0604     0.4585    89.1704    34.8438 5.3443e+01 9.5400e-02     108917          9  0.000e+00
     20.169     8.3983     8.3957   3.644544   3.644086     3.3210     1.8297     1.0604     0.4609    89.1170    34.8436 5.5352e+01 9.5400e-02     108918          9  0.000e+00
     20.263     8.3983     8.3958   3.644537   3.644051     3.3210     1.8419     1.0604     0.4597    89.1437    34.8435 5.5352e+01 9.5400e-02     108919          9  0.000e+00
     20.231     8.3983     8.3963   3.644544   3.643953     3.3210     1.8785     1.0604     0.4597    89.1437    34.8436 5.5352e+01 9.5400e-02     108920          9  0.000e+00
     20.287     8.3982     8.3966   3.644537   3.643988     3.3197     1.8907     1.0604     0.4585    89.1704    34.8436 5.3443e+01 9.5400e-02     108921          9  0.000e+00
     20.232     8.3982     8.3970   3.644537   3.644017     3.3210     1.8907     1.0604     0.4585    89.1704    34.8437 5.5352e+01 9.5400e-02     108922          9  0.000e+00
     20.287     8.3980     8.3973   3.644544   3.644115     3.3210     1.8907     1.0604     0.4585    89.1704    34.8439 5.5352e+01 9.5400e-02     108923          9  0.000e+00
     20.287     8.3980     8.3969   3.644537   3.644115     3.3210     1.8907     1.0604     0.4573    89.1972    34.8438 5.5352e+01 9.5400e-02     108924          9  0.000e+00
     20.232     8.3980     8.3966   3.644544   3.644149     3.3210     1.8907     1.0604     0.4609    89.1170    34.8439 5.5352e+01 9.5400e-02     108925          9  0.000e+00
     20.318     8.3978     8.3975   3.644537   3.644080     3.3210     1.8907     1.0604     0.4669    88.9835    34.8440 5.5352e+01 9.5400e-02     108926          9  0.000e+00
     20.287     8.3980     8.3976   3.644544   3.644086     3.3210     1.8907     1.0604     0.4669    88.9835    34.8439 5.5352e+01 9.5400e-02     108927          9  0.000e+00
     20.350     8.3981     8.3978   3.644537   3.644149     3.3210     1.8907     1.0665     0.4609    89.1170    34.8437 5.5352e+01 9.5400e-02     108928          9  0.000e+00
     20.287     8.3986     8.3971   3.644587   3.644178     3.3210     1.8907     1.0604     0.4561    89.2239    34.8437 5.3443e+01 9.5400e-02     108929          9  0.000e+00
     20.350     8.3990     8.3968   3.644606   3.644149     3.3210     1.8907     1.0604     0.4537    89.2773    34.8435 5.5352e+01 9.5400e-02     108930          9  0.000e+00
     20.287     8.3990     8.3968   3.644624   3.644178     3.3197     1.8907     1.0604     0.4549    89.2506    34.8438 5.5352e+01 9.5400e-02     108931          9  0.000e+00
     20.350     8.3993     8.3970   3.644618   3.644149     3.3197     1.8907     1.0604     0.4597    89.1437    34.8434 5.5352e+01 9.5400e-02     108932          9  0.000e+00
     20.373     8.3988     8.3971   3.644624   3.644115     3.3210     1.8907     1.0604     0.4633    89.0636    34.8439 5.3443e+01 9.5400e-02     108933          9  0.000e+00
     20.350     8.3983     8.3968   3.644544   3.644149     3.3210     1.8907     1.0604     0.4597    89.1437    34.8435 5.5352e+01 9.5400e-02     108934          9  0.000e+00
     20.405     8.3980     8.3966   3.644506   3.644144     3.3210     1.8907     1.0604     0.4537    89.2773    34.8434 5.5352e+01 9.5400e-02     108935          9  0.000e+00
     20.405     8.3977     8.3970   3.644550   3.644086     3.3210     1.8907     1.0604     0.4477    89.4108    34.8442 5.5352e+01 9.5400e-02     108936          9  0.000e+00
     20.405     8.3982     8.3976   3.644593   3.644115     3.3210     1.8907     1.0604     0.4453    89.4643    34.8442 5.3443e+01 9.5400e-02     108937          9  0.000e+00
     20.460     8.3980     8.3982   3.644606   3.644149     3.3210     1.8907     1.0604     0.4429    89.5177    34.8445 5.5352e+01 9.5400e-02     108938          9  0.000e+00
     20.405     8.3980     8.3981   3.644556   3.644213     3.3210     1.8907     1.0604     0.4441    89.4910    34.8440 5.3443e+01 9.5400e-02     108939          9  0.000e+00
     20.491     8.3974     8.3978   3.644469   3.644242     3.3210     1.8907     1.0604     0.4453    89.4643    34.8436 5.3443e+01 9.5400e-02     108940          9  0.000e+00
     20.460     8.3962     8.3981   3.644370   3.644178     3.3210     1.8907     1.0604     0.4453    89.4643    34.8438 5.5352e+01 9.5400e-02     108941          9  0.000e+00
     20.405     8.3956     8.3984   3.644301   3.644178     3.3197     1.8907     1.0604     0.4441    89.4910    34.8437 5.5352e+01 9.5400e-02     108942          9  0.000e+00
     20.578     8.3954     8.3975   3.644301   3.644213     3.3210     1.8907     1.0665     0.4501    89.3574    34.8437 5.3443e+01 9.5400e-02     108943          9  0.000e+00
     20.523     8.3956     8.3971   3.644332   3.644178     3.3210     1.9152     1.0726     0.4573    89.1972    34.8439 5.5352e+01 9.5400e-02     108944          9  0.000e+00
     20.523     8.3957     8.3971   3.644345   3.644149     3.3210     1.9396     1.0787     0.4585    89.1704    34.8439 5.5352e+01 9.5400e-02     108945          9  0.000e+00
     20.578     8.3959     8.3966   3.644345   3.644178     3.3197     1.9396     1.0787     0.4525    89.3040    34.8437 5.5352e+01 9.5400e-02     108946          9  0.000e+00
     20.554     8.3954     8.3969   3.644345   3.644115     3.3210     1.9396     1.0787     0.4465    89.4376    34.8442 5.5352e+01 9.5400e-02     108947          9  0.000e+00
     20.578     8.3952     8.3966   3.644301   3.644149     3.3210     1.9396     1.0787     0.4429    89.5177    34.8439 5.3443e+01 9.5400e-02     108948          9  0.000e+00
     20.641     8.3944     8.3975   3.644264   3.644144     3.3210     1.9396     1.0787     0.4417    89.5444    34.8443 5.5352e+01 9.5400e-02     108949          9  0.000e+00
     20.641     8.3944     8.3984   3.644295   3.644149     3.3210     1.9396     1.0787     0.4429    89.5177    34.8446 5.3443e+01 9.5400e-02     108950          9  0.000e+00
     20.641     8.3950     8.3987   3.644314   3.644247     3.3210     1.9396     1.0787     0.4429    89.5177    34.8443 5.5352e+01 9.5400e-02     108951          9  0.000e+00
     20.641     8.3951     8.3999   3.644295   3.644311     3.3210     1.9396     1.0787     0.4429    89.5177    34.8440 5.3443e+01 9.5400e-02     108952          9  0.000e+00
     20.664     8.3941     8.4007   3.644233   3.644339     3.3210     1.9396     1.0787     0.4441    89.4910    34.8443 5.5352e+01 9.5400e-02     108953          9  0.000e+00
     20.759     8.3931     8.4009   3.644146   3.644437     3.3210     1.9396     1.0787     0.4453    89.4643    34.8443 5.5352e+01 9.5400e-02     108954          9  0.000e+00
     20.696     8.3923     8.4013   3.644046   3.644472     3.3210     1.9396     1.0787     0.4465    89.4376    34.8440 5.5352e+01 9.5400e-02     108955          9  0.000e+00
     20.759     8.3920     8.4002   3.644046   3.644535     3.3210     1.9396     1.0787     0.4465    89.4376    34.8444 5.3443e+01 9.5400e-02     108956          9  0.000e+00
     20.759     8.3918     8.3999   3.644078   3.644472     3.3210     1.9396     1.0787     0.4453    89.4643    34.8448 5.3443e+01 9.5400e-02     108957          9  0.000e+00
     20.759     8.3916     8.4004   3.644084   3.644403     3.3210     1.9396     1.0787     0.4453    89.4643    34.8451 5.3443e+01 9.5400e-02     108958          9  0.000e+00
     20.814     8.3922     8.4002   3.644158   3.644403     3.3210     1.9396     1.0787     0.4477    89.4108    34.8453 5.3443e+01 9.5400e-02     108959          9  0.000e+00
     14.540     8.4071     8.4060   3.645089   3.644723     3.3229     1.9029     1.1275     0.4405    89.5711    34.8434 5.1535e+01 9.5400e-02     111700         10  0.000e+00
     14.304     8.4068     8.4064   3.645064   3.644694     3.3229     1.9029     1.1275     0.4405    89.5711    34.8436 5.1535e+01 9.5400e-02     111701         10  0.000e+00
     14.540     8.4069     8.4061   3.645008   3.644723     3.3241     1.9029     1.1275     0.4417    89.5444    34.8428 5.1535e+01 9.5400e-02     111702         10  0.000e+00
     14.422     8.4068     8.4066   3.644989   3.644694     3.3229     1.9029     1.1275     0.4429    89.5177    34.8428 5.1535e+01 9.5400e-02     111703         10  0.000e+00
     14.540     8.4068     8.4064   3.645008   3.644723     3.3241     1.9029     1.1275     0.4453    89.4643    34.8429 5.1535e+01 9.5400e-02     111704         10  0.000e+00
     14.422     8.4062     8.4065   3.645020   3.644723     3.3241     1.9029     1.1275     0.4513    89.3307    34.8437 5.1535e+01 9.5400e-02     111705         10  0.000e+00
     14.540     8.4061     8.4068   3.645020   3.644758     3.3241     1.9029     1.1275     0.4513    89.3307    34.8437 5.1535e+01 9.5400e-02     111706         10  0.000e+00
     14.485     8.4063     8.4068   3.645020   3.644758     3.3229     1.9029     1.1275     0.4489    89.3841    34.8435 5.1535e+01 9.5400e-02     111707         10  0.000e+00
     14.540     8.4063     8.4069   3.645020   3.644758     3.3229     1.9029     1.1275     0.4501    89.3574    34.8435 5.1535e+01 9.5400e-02     111708         10  0.000e+00
     14.485     8.4065     8.4068   3.645020   3.644758     3.3229     1.9029     1.1275     0.4549    89.2506    34.8434 5.1535e+01 9.5400e-02     111709         10  0.000e+00
