Ship_data/Irminger/Irminger-3/ctd/process/ar0701007.ros
* Sea-Bird SBE 9 Data File:
* FileName = D:\Data\ar0701007.hdr
* Software Version Seasave V 7.23.2
* Temperature SN = 4406
* Conductivity SN = 3042
* Number of Bytes Per Scan = 44
* Number of Voltage Words = 5
* Number of Scans Averaged by the Deck Unit = 1
* NMEA Latitude = 59 58.33 N
* NMEA Longitude = 039 30.33 W
* NMEA UTC (Time) = Jul 11 2016  19:24:31
** Site Irminger Hybrid profiler mooring
** G. Tupper Tupper
** Station # 007
# nquan = 16
# nvalues = 539                                   
# units = specified
# name 0 = prDM: Pressure, Digiquartz [db]
# name 1 = t090C: Temperature [ITS-90, deg C]
# name 2 = t190C: Temperature, 2 [ITS-90, deg C]
# name 3 = c0S/m: Conductivity [S/m]
# name 4 = c1S/m: Conductivity, 2 [S/m]
# name 5 = sbeox0V: Oxygen raw, SBE 43 [V]
# name 6 = flECO-AFL: Fluorescence, WET Labs ECO-AFL/FL [mg/m^3]
# name 7 = turbWETntu0: Turbidity, WET Labs ECO [NTU]
# name 8 = CStarAt0: Beam Attenuation, WET Labs C-Star [1/m]
# name 9 = CStarTr0: Beam Transmission, WET Labs C-Star [%]
# name 10 = sal00: Salinity, Practical [PSU]
# name 11 = spar: SPAR/Surface Irradiance
# name 12 = par: PAR/Irradiance, Biospherical/Licor
# name 13 = scan: Scan Count
# name 14 = nbf: Bottles Fired
# name 15 = flag:  0.000e+00
# interval = seconds: 0.0416667
# start_time = Jul 11 2016 19:29:37 [NMEA time, first data scan]
# bad_flag = -9.990e-29
*END*
[from data line 272]
   1014.878     3.4646     3.4641   3.242570   3.242247     2.7272     0.0348     0.9505     0.1319    96.7566    34.8762 1.2597e+02 9.5400e-02     179028          6  0.000e+00
   1014.854     3.4646     3.4643   3.242570   3.242214     2.7272     0.0348     0.9505     0.1308    96.7833    34.8762 1.2597e+02 9.5400e-02     179029          6  0.000e+00
   1014.758     3.4643     3.4640   3.242541   3.242247     2.7272     0.0348     0.9505     0.1308    96.7833    34.8762 1.2597e+02 9.5400e-02     179030          6  0.000e+00
   1014.974     3.4648     3.4643   3.242570   3.242197     2.7260     0.0348     0.9566     0.1297    96.8100    34.8759 1.2597e+02 9.5400e-02     179031          6  0.000e+00
   1014.910     3.4644     3.4641   3.242547   3.242274     2.7272     0.0348     0.9566     0.1297    96.8100    34.8760 1.2597e+02 9.5400e-02     179032          6  0.000e+00
   1014.878     3.4646     3.4644   3.242529   3.242214     2.7272     0.0348     0.9566     0.1297    96.8100    34.8757 1.2597e+02 9.5400e-02     179033          6  0.000e+00
   1014.910     3.4646     3.4643   3.242553   3.242247     2.7272     0.0348     0.9505     0.1297    96.8100    34.8759 1.2597e+02 9.5400e-02     179034          6  0.000e+00
   1014.877     3.4644     3.4643   3.242576   3.242247     2.7260     0.0348     0.9566     0.1297    96.8100    34.8764 1.2406e+02 9.5400e-02     179035          6  0.000e+00
   1014.909     3.4646     3.4643   3.242553   3.242247     2.7272     0.0348     0.9505     0.1286    96.8367    34.8759 1.2597e+02 9.5400e-02     179036          6  0.000e+00
   1014.877     3.4646     3.4643   3.242535   3.242225     2.7272     0.0348     0.9505     0.1286    96.8367    34.8757 1.2406e+02 9.5400e-02     179037          6  0.000e+00
   1014.909     3.4644     3.4643   3.242570   3.242186     2.7272     0.0348     0.9566     0.1286    96.8367    34.8763 1.2597e+02 9.5400e-02     179038          6  0.000e+00
   1014.877     3.4646     3.4641   3.242588   3.242247     2.7272     0.0348     0.9505     0.1297    96.8100    34.8764 1.2406e+02 9.5400e-02     179039          6  0.000e+00
   1014.909     3.4644     3.4643   3.242594   3.242247     2.7260     0.0348     0.9505     0.1297    96.8100    34.8766 1.2597e+02 9.5400e-02     179040          6  0.000e+00
   1014.877     3.4646     3.4643   3.242588   3.242247     2.7260     0.0226     0.9566     0.1297    96.8100    34.8764 1.2597e+02 9.5400e-02     179041          6  0.000e+00
   1014.909     3.4644     3.4643   3.242570   3.242274     2.7260     0.0226     0.9627     0.1297    96.8100    34.8763 1.2597e+02 9.5400e-02     179042          6  0.000e+00
   1014.941     3.4646     3.4640   3.242541   3.242247     2.7272     0.0226     0.9627     0.1297    96.8100    34.8758 1.2597e+02 9.5400e-02     179043          6  0.000e+00
   1014.909     3.4644     3.4643   3.242547   3.242252     2.7260     0.0226     0.9627     0.1297    96.8100    34.8760 1.2406e+02 9.5400e-02     179044          6  0.000e+00
   1014.909     3.4644     3.4645   3.242559   3.242214     2.7272     0.0226     0.9627     0.1297    96.8100    34.8762 1.2597e+02 9.5400e-02     179045          6  0.000e+00
   1014.877     3.4646     3.4643   3.242582   3.242214     2.7272     0.0226     0.9627     0.1297    96.8100    34.8763 1.2597e+02 9.5400e-02     179046          6  0.000e+00
   1014.909     3.4644     3.4643   3.242547   3.242214     2.7272     0.0226     0.9627     0.1297    96.8100    34.8760 1.2406e+02 9.5400e-02     179047          6  0.000e+00
   1014.877     3.4644     3.4641   3.242529   3.242274     2.7272     0.0226     0.9627     0.1297    96.8100    34.8759 1.2597e+02 9.5400e-02     179048          6  0.000e+00
   1014.909     3.4644     3.4643   3.242553   3.242247     2.7260     0.0226     0.9627     0.1297    96.8100    34.8761 1.2406e+02 9.5400e-02     179049          6  0.000e+00
    812.878     3.5546     3.5543   3.242780   3.242502     2.7810     0.0348     0.9566     0.1286    96.8367    34.8879 1.1261e+02 9.5400e-02     186116          7  0.000e+00
    812.878     3.5546     3.5542   3.242822   3.242502     2.7810     0.0348     0.9566     0.1286    96.8367    34.8884 1.1261e+02 9.5400e-02     186117          7  0.000e+00
    812.759     3.5548     3.5541   3.242804   3.242486     2.7810     0.0348     0.9566     0.1286    96.8367    34.8881 1.1261e+02 9.5400e-02     186118          7  0.000e+00
    812.878     3.5544     3.5542   3.242768   3.242475     2.7822     0.0348     0.9566     0.1286    96.8367    34.8880 1.1261e+02 9.5400e-02     186119          7  0.000e+00
    812.814     3.5546     3.5543   3.242762   3.242447     2.7822     0.0348     0.9566     0.1286    96.8367    34.8877 1.1261e+02 9.5400e-02     186120          7  0.000e+00
    812.822     3.5548     3.5543   3.242798   3.242502     2.7822     0.0348     0.9566     0.1297    96.8100    34.8880 1.1261e+02 9.5400e-02     186121          7  0.000e+00
    812.822     3.5546     3.5542   3.242780   3.242475     2.7822     0.0348     0.9566     0.1308    96.7833    34.8879 1.1261e+02 9.5400e-02     186122          7  0.000e+00
    812.814     3.5549     3.5544   3.242780   3.242447     2.7822     0.0348     0.9566     0.1297    96.8100    34.8876 1.1261e+02 9.5400e-02     186123          7  0.000e+00
    812.759     3.5548     3.5546   3.242786   3.242486     2.7822     0.0348     0.9566     0.1297    96.8100    34.8879 1.1452e+02 9.5400e-02     186124          7  0.000e+00
    812.759     3.5548     3.5546   3.242786   3.242447     2.7822     0.0348     0.9566     0.1297    96.8100    34.8879 1.1261e+02 9.5400e-02     186125          7  0.000e+00
    812.822     3.5549     3.5544   3.242792   3.242475     2.7822     0.0348     0.9566     0.1297    96.8100    34.8877 1.1261e+02 9.5400e-02     186126          7  0.000e+00
    812.759     3.5544     3.5549   3.242804   3.242502     2.7822     0.0348     0.9566     0.1297    96.8100    34.8884 1.1261e+02 9.5400e-02     186127          7  0.000e+00
    812.695     3.5547     3.5546   3.242798   3.242502     2.7822     0.0348     0.9566     0.1297    96.8100    34.8882 1.1261e+02 9.5400e-02     186128          7  0.000e+00
    812.759     3.5548     3.5546   3.242721   3.242502     2.7822     0.0348     0.9566     0.1297    96.8100    34.8871 1.1261e+02 9.5400e-02     186129          7  0.000e+00
    812.695     3.5546     3.5546   3.242786   3.242541     2.7822     0.0348     0.9566     0.1297    96.8100    34.8881 1.1261e+02 9.5400e-02     186130          7  0.000e+00
    812.703     3.5548     3.5546   3.242780   3.242475     2.7822     0.0226     0.9505     0.1308    96.7833    34.8878 1.1452e+02 9.5400e-02     186131          7  0.000e+00
    812.639     3.5548     3.5547   3.242780   3.242502     2.7822     0.0226     0.9505     0.1374    96.6230    34.8879 1.1261e+02 9.5400e-02     186132          7  0.000e+00
    812.703     3.5548     3.5544   3.242804   3.242502     2.7822     0.0226     0.9505     0.1507    96.3025    34.8881 1.1261e+02 9.5400e-02     186133          7  0.000e+00
    812.639     3.5548     3.5547   3.242756   3.242502     2.7822     0.0226     0.9505     0.1585    96.1155    34.8876 1.1261e+02 9.5400e-02     186134          7  0.000e+00
    812.575     3.5549     3.5546   3.242792   3.242475     2.7822     0.0226     0.9505     0.1563    96.1689    34.8879 1.1261e+02 9.5400e-02     186135          7  0.000e+00
    812.639     3.5548     3.5544   3.242798   3.242541     2.7822     0.0226     0.9505     0.1507    96.3025    34.8881 1.1261e+02 9.5400e-02     186136          7  0.000e+00
    812.575     3.5549     3.5547   3.242750   3.242475     2.7822     0.0226     0.9505     0.1452    96.4361    34.8874 1.1261e+02 9.5400e-02     186137          7  0.000e+00
    812.583     3.5548     3.5546   3.242792   3.242475     2.7822     0.0226     0.9505     0.1407    96.5429    34.8880 1.1261e+02 9.5400e-02     186138          7  0.000e+00
    812.583     3.5549     3.5546   3.242816   3.242475     2.7822     0.0226     0.9505     0.1374    96.6230    34.8881 1.1261e+02 9.5400e-02     186139          7  0.000e+00
    812.575     3.5549     3.5548   3.242798   3.242502     2.7822     0.0348     0.9505     0.1352    96.6765    34.8879 1.1261e+02 9.5400e-02     186140          7  0.000e+00
    812.464     3.5546     3.5544   3.242768   3.242502     2.7822     0.0226     0.9505     0.1330    96.7299    34.8880 1.1261e+02 9.5400e-02     186141          7  0.000e+00
    812.519     3.5548     3.5546   3.242774   3.242486     2.7822     0.0226     0.9505     0.1319    96.7566    34.8879 1.1261e+02 9.5400e-02     186142          7  0.000e+00
    812.519     3.5549     3.5546   3.242786   3.242475     2.7822     0.0226     0.9505     0.1308    96.7833    34.8878 1.1261e+02 9.5400e-02     186143          7  0.000e+00
    812.463     3.5548     3.5546   3.242810   3.242475     2.7822     0.0226     0.9566     0.1308    96.7833    34.8883 1.1261e+02 9.5400e-02     186144          7  0.000e+00
    812.456     3.5546     3.5548   3.242798   3.242475     2.7822     0.0226     0.9505     0.1308    96.7833    34.8884 1.1261e+02 9.5400e-02     186145          7  0.000e+00
    812.400     3.5548     3.5544   3.242804   3.242475     2.7822     0.0226     0.9505     0.1308    96.7833    34.8883 1.1261e+02 9.5400e-02     186146          7  0.000e+00
    812.400     3.5548     3.5547   3.242780   3.242475     2.7822     0.0226     0.9566     0.1308    96.7833    34.8880 1.1261e+02 9.5400e-02     186147          7  0.000e+00
    812.463     3.5549     3.5546   3.242798   3.242513     2.7822     0.0226     0.9505     0.1319    96.7566    34.8880 1.1261e+02 9.5400e-02     186148          7  0.000e+00
    812.344     3.5549     3.5546   3.242798   3.242502     2.7822     0.0226     0.9505     0.1330    96.7299    34.8881 1.1261e+02 9.5400e-02     186149          7  0.000e+00
    812.400     3.5549     3.5544   3.242786   3.242475     2.7822     0.0226     0.9505     0.1330    96.7299    34.8879 1.1261e+02 9.5400e-02     186150          7  0.000e+00
    812.344     3.5548     3.5546   3.242810   3.242447     2.7822     0.0226     0.9505     0.1319    96.7566    34.8884 1.1261e+02 9.5400e-02     186151          7  0.000e+00
    812.280     3.5548     3.5544   3.242798   3.242502     2.7822     0.0226     0.9505     0.1319    96.7566    34.8883 1.1261e+02 9.5400e-02     186152          7  0.000e+00
    812.344     3.5551     3.5546   3.242786   3.242474     2.7822     0.0226     0.9505     0.1308    96.7833    34.8877 1.1261e+02 9.5400e-02     186153          7  0.000e+00
    812.280     3.5549     3.5546   3.242810   3.242502     2.7822     0.0226     0.9505     0.1308    96.7833    34.8882 1.1261e+02 9.5400e-02     186154          7  0.000e+00
    812.280     3.5549     3.5546   3.242815   3.242485     2.7822     0.0348     0.9505     0.1308    96.7833    34.8883 1.1261e+02 9.5400e-02     186155          7  0.000e+00
    812.224     3.5548     3.5546   3.242798   3.242474     2.7822     0.0348     0.9505     0.1297    96.8100    34.8883 1.1261e+02 9.5400e-02     186156          7  0.000e+00
    812.216     3.5549     3.5547   3.242810   3.242474     2.7822     0.0348     0.9505     0.1297    96.8100    34.8883 1.1261e+02 9.5400e-02     186157          7  0.000e+00
    812.280     3.5546     3.5543   3.242774   3.242502     2.7822     0.0348     0.9505     0.1297    96.8100    34.8882 1.1261e+02 9.5400e-02     186158          7  0.000e+00
    812.161     3.5548     3.5547   3.242804   3.242502     2.7822     0.0348     0.9505     0.1297    96.8100    34.8884 1.1070e+02 9.5400e-02     186159          7  0.000e+00
    812.161     3.5548     3.5546   3.242798   3.242474     2.7822     0.0348     0.9505     0.1286    96.8367    34.8883 1.0689e+02 9.5400e-02     186160          7  0.000e+00
    812.224     3.5548     3.5547   3.242786   3.242485     2.7822     0.0348     0.9505     0.1297    96.8100    34.8882 1.0689e+02 9.5400e-02     186161          7  0.000e+00
    812.097     3.5548     3.5546   3.242768   3.242447     2.7822     0.0348     0.9505     0.1286    96.8367    34.8880 1.1070e+02 9.5400e-02     186162          7  0.000e+00
    812.161     3.5549     3.5548   3.242798   3.242502     2.7822     0.0348     0.9566     0.1286    96.8367    34.8882 1.1070e+02 9.5400e-02     186163          7  0.000e+00
    812.041     3.5546     3.5549   3.242774   3.242474     2.7822     0.0348     0.9505     0.1286    96.8367    34.8883 1.1070e+02 9.5400e-02     186164          7  0.000e+00
    609.878     3.6093     3.6084   3.239301   3.238977     2.8492     0.0226     0.9383     0.1286    96.8367    34.8951 9.1617e+01 9.5400e-02     193555          8  0.000e+00
    609.839     3.6092     3.6087   3.239260   3.238944     2.8492     0.0226     0.9383     0.1286    96.8367    34.8946 9.1617e+01 9.5400e-02     193556          8  0.000e+00
    609.815     3.6091     3.6088   3.239295   3.238977     2.8492     0.0226     0.9383     0.1286    96.8367    34.8953 9.1617e+01 9.5400e-02     193557          8  0.000e+00
    609.934     3.6091     3.6088   3.239272   3.238944     2.8492     0.0226     0.9383     0.1275    96.8634    34.8949 9.1617e+01 9.5400e-02     193558          8  0.000e+00
    609.839     3.6089     3.6085   3.239266   3.238977     2.8492     0.0348     0.9444     0.1275    96.8634    34.8951 9.1617e+01 9.5400e-02     193559          8  0.000e+00
    609.878     3.6091     3.6088   3.239278   3.238977     2.8492     0.0348     0.9505     0.1275    96.8634    34.8950 9.1617e+01 9.5400e-02     193560          8  0.000e+00
    609.878     3.6089     3.6087   3.239278   3.238977     2.8492     0.0348     0.9566     0.1275    96.8634    34.8952 9.1617e+01 9.5400e-02     193561          8  0.000e+00
    609.815     3.6089     3.6090   3.239301   3.238977     2.8492     0.0348     0.9566     0.1275    96.8634    34.8955 8.9708e+01 9.5400e-02     193562          8  0.000e+00
    609.839     3.6090     3.6088   3.239284   3.238944     2.8492     0.0348     0.9566     0.1275    96.8634    34.8952 9.1617e+01 9.5400e-02     193563          8  0.000e+00
    609.878     3.6092     3.6090   3.239301   3.238977     2.8492     0.0348     0.9505     0.1275    96.8634    34.8951 9.1617e+01 9.5400e-02     193564          8  0.000e+00
    609.878     3.6089     3.6088   3.239224   3.238939     2.8492     0.0348     0.9505     0.1275    96.8634    34.8946 9.1617e+01 9.5400e-02     193565          8  0.000e+00
    609.815     3.6091     3.6088   3.239248   3.238977     2.8492     0.0348     0.9505     0.1275    96.8634    34.8947 8.9708e+01 9.5400e-02     193566          8  0.000e+00
    609.894     3.6091     3.6088   3.239301   3.239032     2.8492     0.0348     0.9505     0.1275    96.8634    34.8953 8.9708e+01 9.5400e-02     193567          8  0.000e+00
    609.815     3.6091     3.6087   3.239284   3.238977     2.8492     0.0348     0.9566     0.1286    96.8367    34.8951 8.9708e+01 9.5400e-02     193568          8  0.000e+00
    609.878     3.6091     3.6085   3.239301   3.238944     2.8492     0.0348     0.9566     0.1275    96.8634    34.8953 9.1617e+01 9.5400e-02     193569          8  0.000e+00
    609.815     3.6089     3.6088   3.239260   3.238977     2.8492     0.0348     0.9566     0.1286    96.8367    34.8950 8.9708e+01 9.5400e-02     193570          8  0.000e+00
    609.894     3.6090     3.6087   3.239272   3.238944     2.8492     0.0348     0.9505     0.1286    96.8367    34.8951 8.9708e+01 9.5400e-02     193571          8  0.000e+00
    609.815     3.6092     3.6086   3.239284   3.238977     2.8492     0.0348     0.9505     0.1286    96.8367    34.8949 8.5891e+01 9.5400e-02     193572          8  0.000e+00
