Ship_data/Irminger/Irminger-3/ctd/process/ar0701004.cnv
* Sea-Bird SBE 9 Data File:
* FileName = D:\Data\ar0701004.hdr
* Software Version Seasave V 7.23.2
* Temperature SN = 4406
* Conductivity SN = 3042
* Number of Bytes Per Scan = 44
* Number of Voltage Words = 5
* Number of Scans Averaged by the Deck Unit = 1
* NMEA Latitude = 51 58.27 N
* NMEA Longitude = 045 45.89 W
* NMEA UTC (Time) = Jul 06 2016  17:02:22
**  Release test
** Chief Scientist: George Tupper
** Station ID 004
# nquan = 19
# nvalues = 5008                        
# units = specified
# name 0 = prDM: Pressure, Digiquartz [db]
# name 1 = t090C: Temperature [ITS-90, deg C]
# name 2 = t190C: Temperature, 2 [ITS-90, deg C]
# name 3 = c0S/m: Conductivity [S/m]
# name 4 = c1S/m: Conductivity, 2 [S/m]
# name 5 = sbeox0V: Oxygen raw, SBE 43 [V]
# name 6 = flECO-AFL: Fluorescence, WET Labs ECO-AFL/FL [mg/m^3]
# name 7 = turbWETntu0: Turbidity, WET Labs ECO [NTU]
# name 8 = CStarAt0: Beam Attenuation, WET Labs C-Star [1/m]
# name 9 = CStarTr0: Beam Transmission, WET Labs C-Star [%]
# name 10 = sal00: Salinity, Practical [PSU]
# name 11 = spar: SPAR/Surface Irradiance
# name 12 = par: PAR/Irradiance, Biospherical/Licor
# name 13 = depSM: Depth [salt water, m], lat = 51.9712
# name 14 = sal00: Salinity, Practical [PSU]
# name 15 = sal11: Salinity, Practical, 2 [PSU]
# name 16 = sbeox0ML/L: Oxygen, SBE 43 [ml/l], WS = 2
# name 17 = svCM: Sound Velocity [Chen-Millero, m/s]
# name 18 = flag: flag
# span 0 =      2.018,   2543.429       
# span 1 =     2.9147,    10.9471       
# span 2 =     2.9130,    10.9410       
# span 3 =   3.249806,   3.828701       
# span 4 =   3.249432,   3.827899       
# span 5 =     2.1514,     3.3406       
# span 6 =     0.0096,     2.9677       
# span 7 =     0.8886,     1.1106       
# span 8 =     0.1251,     0.8216       
# span 9 =    81.4327,    96.9219       
# span 10 =    34.2698,    34.9363      
# span 11 = 2.9247e+02, 2.9920e+03      
# span 12 = 9.5393e-02, 9.5483e-02      
# span 13 =      2.000,   2506.000      
# span 14 =    34.2698,    34.9363      
# span 15 =    34.2675,    34.9335      
# span 16 =     5.5720,     6.5523      
# span 17 =    1471.42,    1504.25      
# span 18 = 0.0000e+00, 0.0000e+00      
# interval = meters: 1                  
# start_time = Jul 06 2016 17:03:14 [NMEA time, first data scan]
# bad_flag = -9.990e-29
*END*
[from data line 2134]
   2167.016     3.1657     3.1654   3.267621   3.267262     2.2423     0.0348     0.9142     0.1263    96.8928    34.9215 6.4275e+02 9.5400e-02   2137.000    34.9215    34.9176     6.1115    1498.96 0.0000e+00
   2168.036     3.1644     3.1641   3.267555   3.267189     2.2423     0.0348     0.9202     0.1260    96.8989    34.9216 6.4289e+02 9.5400e-02   2138.000    34.9216    34.9176     6.1125    1498.97 0.0000e+00
   2169.055     3.1649     3.1647   3.267629   3.267260     2.2419     0.0384     0.9187     0.1260    96.8995    34.9215 6.4397e+02 9.5400e-02   2139.000    34.9215    34.9173     6.1117    1498.99 0.0000e+00
   2170.074     3.1646     3.1643   3.267642   3.267282     2.2417     0.0345     0.9228     0.1254    96.9126    34.9215 6.4080e+02 9.5400e-02   2140.000    34.9215    34.9175     6.1119    1499.00 0.0000e+00
   2171.093     3.1647     3.1644   3.267705   3.267324     2.2418     0.0278     0.9230     0.1261    96.8968    34.9216 6.3716e+02 9.5400e-02   2141.000    34.9216    34.9175     6.1131    1499.02 0.0000e+00
   2172.113     3.1645     3.1641   3.267729   3.267356     2.2416     0.0316     0.9201     0.1260    96.8991    34.9217 6.3609e+02 9.5400e-02   2142.000    34.9217    34.9177     6.1130    1499.04 0.0000e+00
   2173.132     3.1627     3.1624   3.267623   3.267250     2.2416     0.0465     0.9199     0.1261    96.8961    34.9218 6.3864e+02 9.5400e-02   2143.000    34.9218    34.9178     6.1143    1499.05 0.0000e+00
   2174.151     3.1627     3.1623   3.267662   3.267288     2.2411     0.0376     0.9109     0.1258    96.9035    34.9218 6.3951e+02 9.5400e-02   2144.000    34.9218    34.9178     6.1130    1499.07 0.0000e+00
   2175.170     3.1626     3.1623   3.267693   3.267325     2.2411     0.0348     0.9108     0.1262    96.8940    34.9218 6.3968e+02 9.5400e-02   2145.000    34.9218    34.9177     6.1139    1499.08 0.0000e+00
   2176.189     3.1618     3.1614   3.267667   3.267307     2.2411     0.0348     0.9200     0.1263    96.8917    34.9219 6.3952e+02 9.5400e-02   2146.000    34.9219    34.9180     6.1149    1499.10 0.0000e+00
   2177.209     3.1616     3.1613   3.267694   3.267329     2.2405     0.0348     0.9153     0.1264    96.8902    34.9219 6.3932e+02 9.5400e-02   2147.000    34.9219    34.9179     6.1136    1499.11 0.0000e+00
   2178.228     3.1625     3.1619   3.267804   3.267407     2.2402     0.0306     0.9205     0.1262    96.8947    34.9217 6.3528e+02 9.5400e-02   2148.000    34.9217    34.9177     6.1131    1499.13 0.0000e+00
   2179.247     3.1619     3.1608   3.267801   3.267411     2.2403     0.0225     0.9199     0.1264    96.8901    34.9219 6.3174e+02 9.5400e-02   2149.000    34.9219    34.9184     6.1142    1499.15 0.0000e+00
   2180.266     3.1573     3.1570   3.267436   3.267071     2.2400     0.0310     0.9200     0.1261    96.8978    34.9219 6.3276e+02 9.5400e-02   2150.000    34.9219    34.9179     6.1149    1499.15 0.0000e+00
   2181.286     3.1558     3.1556   3.267332   3.266988     2.2400     0.0347     0.9178     0.1259    96.9013    34.9218 6.3474e+02 9.5400e-02   2151.000    34.9218    34.9179     6.1160    1499.16 0.0000e+00
   2182.305     3.1553     3.1549   3.267307   3.266943     2.2398     0.0348     0.9139     0.1265    96.8878    34.9216 6.3672e+02 9.5400e-02   2152.000    34.9216    34.9176     6.1163    1499.17 0.0000e+00
   2183.324     3.1552     3.1549   3.267356   3.266984     2.2392     0.0364     0.9162     0.1259    96.9004    34.9218 6.3733e+02 9.5400e-02   2153.000    34.9218    34.9176     6.1148    1499.19 0.0000e+00
   2184.344     3.1552     3.1548   3.267395   3.267026     2.2389     0.0469     0.9286     0.1261    96.8956    34.9217 6.3863e+02 9.5400e-02   2154.000    34.9217    34.9178     6.1143    1499.21 0.0000e+00
   2185.363     3.1553     3.1549   3.267456   3.267076     2.2387     0.0350     0.9268     0.1256    96.9094    34.9218 6.3927e+02 9.5400e-02   2155.000    34.9218    34.9178     6.1146    1499.22 0.0000e+00
   2186.382     3.1551     3.1542   3.267463   3.267049     2.2383     0.0407     0.9181     0.1260    96.8991    34.9216 6.3375e+02 9.5400e-02   2156.000    34.9216    34.9177     6.1139    1499.24 0.0000e+00
   2187.401     3.1544     3.1531   3.267457   3.267014     2.2382     0.0474     0.9201     0.1256    96.9080    34.9218 6.3253e+02 9.5400e-02   2157.000    34.9218    34.9179     6.1144    1499.25 0.0000e+00
   2188.421     3.1538     3.1536   3.267479   3.267103     2.2383     0.0246     0.9146     0.1252    96.9177    34.9223 6.3223e+02 9.5400e-02   2158.000    34.9223    34.9180     6.1156    1499.27 0.0000e+00
   2189.440     3.1559     3.1555   3.267732   3.267363     2.2384     0.0346     0.9208     0.1253    96.9155    34.9226 6.3188e+02 9.5400e-02   2159.000    34.9226    34.9186     6.1163    1499.30 0.0000e+00
   2190.459     3.1558     3.1555   3.267781   3.267413     2.2380     0.0443     0.9235     0.1254    96.9142    34.9228 6.3160e+02 9.5400e-02   2160.000    34.9228    34.9187     6.1159    1499.31 0.0000e+00
   2191.479     3.1553     3.1548   3.267776   3.267385     2.2377     0.0398     0.9165     0.1253    96.9168    34.9227 6.3314e+02 9.5400e-02   2161.000    34.9227    34.9186     6.1157    1499.33 0.0000e+00
   2192.498     3.1532     3.1530   3.267613   3.267260     2.2372     0.0403     0.9129     0.1253    96.9159    34.9226 6.3650e+02 9.5400e-02   2162.000    34.9226    34.9186     6.1151    1499.34 0.0000e+00
   2193.517     3.1523     3.1517   3.267593   3.267190     2.2368     0.0353     0.9160     0.1254    96.9145    34.9228 6.3676e+02 9.5400e-02   2163.000    34.9228    34.9187     6.1144    1499.35 0.0000e+00
   2194.537     3.1508     3.1503   3.267484   3.267120     2.2363     0.0280     0.9199     0.1258    96.9042    34.9226 6.3337e+02 9.5400e-02   2164.000    34.9226    34.9187     6.1138    1499.36 0.0000e+00
   2195.556     3.1495     3.1492   3.267428   3.267062     2.2357     0.0313     0.9161     0.1262    96.8939    34.9228 6.2912e+02 9.5400e-02   2165.000    34.9228    34.9188     6.1125    1499.37 0.0000e+00
   2196.575     3.1474     3.1469   3.267288   3.266932     2.2344     0.0274     0.9178     0.1282    96.8456    34.9229 6.2255e+02 9.5400e-02   2166.000    34.9229    34.9192     6.1090    1499.38 0.0000e+00
   2197.595     3.1436     3.1432   3.266969   3.266629     2.2341     0.0347     0.9139     0.1263    96.8927    34.9226 6.2471e+02 9.5400e-02   2167.000    34.9226    34.9190     6.1093    1499.38 0.0000e+00
   2198.614     3.1419     3.1415   3.266861   3.266494     2.2340     0.0356     0.9138     0.1265    96.8867    34.9226 6.2714e+02 9.5400e-02   2168.000    34.9226    34.9187     6.1101    1499.39 0.0000e+00
   2199.634     3.1411     3.1407   3.266826   3.266456     2.2340     0.0277     0.9174     0.1257    96.9058    34.9226 6.2894e+02 9.5400e-02   2169.000    34.9226    34.9185     6.1108    1499.40 0.0000e+00
   2200.653     3.1399     3.1396   3.266745   3.266396     2.2339     0.0241     0.9206     0.1262    96.8936    34.9224 6.3007e+02 9.5400e-02   2170.000    34.9224    34.9186     6.1116    1499.42 0.0000e+00
   2201.672     3.1386     3.1384   3.266654   3.266302     2.2333     0.0350     0.9272     0.1259    96.9015    34.9222 6.2915e+02 9.5400e-02   2171.000    34.9222    34.9182     6.1104    1499.43 0.0000e+00
   2202.692     3.1409     3.1399   3.266886   3.266453     2.2326     0.0400     0.9148     0.1255    96.9105    34.9220 6.2317e+02 9.5400e-02   2172.000    34.9220    34.9179     6.1082    1499.45 0.0000e+00
   2203.711     3.1387     3.1381   3.266736   3.266358     2.2328     0.0348     0.9200     0.1254    96.9134    34.9221 6.1694e+02 9.5400e-02   2173.000    34.9221    34.9182     6.1101    1499.46 0.0000e+00
   2204.730     3.1376     3.1373   3.266675   3.266318     2.2329     0.0356     0.9141     0.1256    96.9084    34.9221 6.1808e+02 9.5400e-02   2174.000    34.9221    34.9181     6.1115    1499.47 0.0000e+00
   2205.750     3.1359     3.1355   3.266565   3.266192     2.2326     0.0408     0.9169     0.1253    96.9167    34.9221 6.2008e+02 9.5400e-02   2175.000    34.9221    34.9180     6.1116    1499.48 0.0000e+00
   2206.769     3.1352     3.1348   3.266551   3.266173     2.2327     0.0463     0.9199     0.1257    96.9059    34.9222 6.2133e+02 9.5400e-02   2176.000    34.9222    34.9181     6.1127    1499.50 0.0000e+00
   2207.789     3.1346     3.1342   3.266535   3.266158     2.2321     0.0352     0.9200     0.1257    96.9053    34.9221 6.2149e+02 9.5400e-02   2177.000    34.9221    34.9180     6.1114    1499.51 0.0000e+00
   2208.808     3.1350     3.1341   3.266583   3.266159     2.2319     0.0431     0.9228     0.1258    96.9051    34.9218 6.1889e+02 9.5400e-02   2178.000    34.9218    34.9177     6.1114    1499.53 0.0000e+00
   2209.827     3.1343     3.1336   3.266582   3.266185     2.2319     0.0473     0.9257     0.1265    96.8873    34.9221 6.1113e+02 9.5400e-02   2179.000    34.9221    34.9181     6.1126    1499.55 0.0000e+00
   2210.847     3.1317     3.1314   3.266387   3.266053     2.2322     0.0470     0.9199     0.1258    96.9037    34.9220 6.1132e+02 9.5400e-02   2180.000    34.9220    34.9184     6.1148    1499.55 0.0000e+00
   2211.866     3.1308     3.1304   3.266337   3.265971     2.2321     0.0398     0.9159     0.1257    96.9075    34.9219 6.1274e+02 9.5400e-02   2181.000    34.9219    34.9179     6.1155    1499.57 0.0000e+00
   2212.885     3.1306     3.1304   3.266384   3.266014     2.2316     0.0347     0.9138     0.1253    96.9170    34.9221 6.1281e+02 9.5400e-02   2182.000    34.9221    34.9180     6.1144    1499.58 0.0000e+00
   2213.905     3.1307     3.1304   3.266423   3.266040     2.2315     0.0348     0.9198     0.1260    96.8995    34.9220 6.1300e+02 9.5400e-02   2183.000    34.9220    34.9178     6.1150    1499.60 0.0000e+00
   2214.925     3.1309     3.1306   3.266464   3.266091     2.2311     0.0446     0.9200     0.1256    96.9096    34.9219 6.1267e+02 9.5400e-02   2184.000    34.9219    34.9177     6.1141    1499.62 0.0000e+00
   2215.944     3.1319     3.1314   3.266582   3.266203     2.2303     0.0413     0.9200     0.1261    96.8969    34.9217 6.0994e+02 9.5400e-02   2185.000    34.9217    34.9176     6.1119    1499.64 0.0000e+00
   2216.963     3.1304     3.1297   3.266503   3.266124     2.2305     0.0349     0.9200     0.1262    96.8941    34.9218 6.0607e+02 9.5400e-02   2186.000    34.9218    34.9181     6.1136    1499.65 0.0000e+00
   2217.983     3.1286     3.1282   3.266402   3.266031     2.2301     0.0409     0.9200     0.1255    96.9124    34.9221 6.0442e+02 9.5400e-02   2187.000    34.9221    34.9181     6.1133    1499.66 0.0000e+00
   2219.002     3.1278     3.1275   3.266368   3.266002     2.2300     0.0467     0.9200     0.1256    96.9079    34.9220 6.0183e+02 9.5400e-02   2188.000    34.9220    34.9180     6.1137    1499.67 0.0000e+00
   2220.022     3.1275     3.1272   3.266371   3.266002     2.2294     0.0470     0.9200     0.1256    96.9083    34.9219 6.0381e+02 9.5400e-02   2189.000    34.9219    34.9178     6.1127    1499.69 0.0000e+00
   2221.041     3.1268     3.1264   3.266351   3.265993     2.2291     0.0369     0.9095     0.1262    96.8936    34.9219 6.0550e+02 9.5400e-02   2190.000    34.9219    34.9180     6.1123    1499.70 0.0000e+00
   2222.061     3.1252     3.1250   3.266248   3.265933     2.2291     0.0347     0.9114     0.1260    96.8998    34.9219 6.0667e+02 9.5400e-02   2191.000    34.9219    34.9183     6.1134    1499.71 0.0000e+00
   2223.080     3.1232     3.1229   3.266130   3.265773     2.2289     0.0318     0.9154     0.1262    96.8941    34.9221 6.0601e+02 9.5400e-02   2192.000    34.9221    34.9182     6.1138    1499.72 0.0000e+00
   2224.100     3.1230     3.1226   3.266149   3.265777     2.2283     0.0325     0.9173     0.1256    96.9076    34.9221 6.0299e+02 9.5400e-02   2193.000    34.9221    34.9180     6.1125    1499.74 0.0000e+00
   2225.119     3.1242     3.1239   3.266294   3.265948     2.2280     0.0493     0.9133     0.1262    96.8954    34.9220 5.9763e+02 9.5400e-02   2194.000    34.9220    34.9182     6.1118    1499.76 0.0000e+00
   2226.138     3.1231     3.1226   3.266247   3.265859     2.2276     0.0373     0.9192     0.1258    96.9036    34.9221 6.0031e+02 9.5400e-02   2195.000    34.9221    34.9181     6.1115    1499.77 0.0000e+00
   2227.158     3.1228     3.1224   3.266267   3.265896     2.2281     0.0357     0.9199     0.1261    96.8979    34.9222 6.0082e+02 9.5400e-02   2196.000    34.9222    34.9183     6.1143    1499.79 0.0000e+00
   2228.177     3.1219     3.1215   3.266235   3.265865     2.2276     0.0470     0.9200     0.1264    96.8902    34.9223 6.0076e+02 9.5400e-02   2197.000    34.9223    34.9183     6.1133    1499.80 0.0000e+00
   2229.197     3.1211     3.1207   3.266186   3.265827     2.2274     0.0470     0.9200     0.1263    96.8929    34.9221 5.9937e+02 9.5400e-02   2198.000    34.9221    34.9182     6.1135    1499.82 0.0000e+00
   2230.217     3.1187     3.1180   3.265994   3.265622     2.2270     0.0536     0.9169     0.1263    96.8923    34.9219 5.9810e+02 9.5400e-02   2199.000    34.9219    34.9181     6.1133    1499.82 0.0000e+00
   2231.236     3.1192     3.1172   3.266071   3.265529     2.2269     0.0433     0.9155     0.1258    96.9029    34.9217 5.9159e+02 9.5400e-02   2200.000    34.9217    34.9174     6.1138    1499.84 0.0000e+00
   2232.256     3.1165     3.1151   3.265871   3.265400     2.2269     0.0434     0.9182     0.1255    96.9109    34.9217 5.9117e+02 9.5400e-02   2201.000    34.9217    34.9177     6.1151    1499.85 0.0000e+00
   2233.275     3.1153     3.1149   3.265804   3.265426     2.2269     0.0373     0.9199     0.1253    96.9167    34.9217 5.9523e+02 9.5400e-02   2202.000    34.9217    34.9177     6.1159    1499.86 0.0000e+00
   2234.294     3.1146     3.1142   3.265800   3.265421     2.2267     0.0349     0.9200     0.1257    96.9052    34.9220 5.9606e+02 9.5400e-02   2203.000    34.9220    34.9178     6.1161    1499.87 0.0000e+00
   2235.314     3.1135     3.1131   3.265755   3.265379     2.2266     0.0348     0.9235     0.1257    96.9070    34.9221 5.9561e+02 9.5400e-02   2204.000    34.9221    34.9180     6.1168    1499.89 0.0000e+00
   2236.333     3.1100     3.1093   3.265477   3.265106     2.2265     0.0388     0.9253     0.1257    96.9072    34.9220 5.9409e+02 9.5400e-02   2205.000    34.9220    34.9183     6.1177    1499.89 0.0000e+00
   2237.353     3.1074     3.1071   3.265294   3.264911     2.2261     0.0509     0.9180     0.1258    96.9046    34.9221 5.9183e+02 9.5400e-02   2206.000    34.9221    34.9179     6.1177    1499.90 0.0000e+00
   2238.373     3.1069     3.1066   3.265287   3.264917     2.2258     0.0387     0.9211     0.1265    96.8874    34.9220 5.8975e+02 9.5400e-02   2207.000    34.9220    34.9179     6.1173    1499.91 0.0000e+00
   2239.392     3.1062     3.1058   3.265265   3.264891     2.2256     0.0329     0.9154     0.1256    96.9081    34.9220 5.9170e+02 9.5400e-02   2208.000    34.9220    34.9180     6.1177    1499.93 0.0000e+00
   2240.412     3.1059     3.1055   3.265280   3.264898     2.2252     0.0471     0.9200     0.1259    96.9008    34.9220 5.9323e+02 9.5400e-02   2209.000    34.9220    34.9180     6.1170    1499.94 0.0000e+00
   2241.431     3.1060     3.1057   3.265334   3.264963     2.2253     0.0470     0.9153     0.1264    96.8900    34.9221 5.9370e+02 9.5400e-02   2210.000    34.9221    34.9180     6.1180    1499.96 0.0000e+00
   2242.451     3.1056     3.1054   3.265337   3.264979     2.2250     0.0389     0.9231     0.1262    96.8937    34.9221 5.9106e+02 9.5400e-02   2211.000    34.9221    34.9181     6.1180    1499.97 0.0000e+00
