Ship_data/Irminger/Irminger-3/ctd/process/ar0701010.ros
* Sea-Bird SBE 9 Data File:
* FileName = D:\Data\ar0701010.hdr
* Software Version Seasave V 7.23.2
* Temperature SN = 4406
* Conductivity SN = 3042
* Number of Bytes Per Scan = 44
* Number of Voltage Words = 5
* Number of Scans Averaged by the Deck Unit = 1
* NMEA Latitude = 59 55.71 N
* NMEA Longitude = 039 37.28 W
* NMEA UTC (Time) = Jul 16 2016  20:07:47
** Site Irminger Surface Mooring (old 2015)
** G. Tupper Tupper
** Station # 010
** before old mooring recovery
# nquan = 16
# nvalues = 539                                   
# units = specified
# name 0 = prDM: Pressure, Digiquartz [db]
# name 1 = t090C: Temperature [ITS-90, deg C]
# name 2 = t190C: Temperature, 2 [ITS-90, deg C]
# name 3 = c0S/m: Conductivity [S/m]
# name 4 = c1S/m: Conductivity, 2 [S/m]
# name 5 = sbeox0V: Oxygen raw, SBE 43 [V]
# name 6 = flECO-AFL: Fluorescence, WET Labs ECO-AFL/FL [mg/m^3]
# name 7 = turbWETntu0: Turbidity, WET Labs ECO [NTU]
# name 8 = CStarAt0: Beam Attenuation, WET Labs C-Star [1/m]
# name 9 = CStarTr0: Beam Transmission, WET Labs C-Star [%]
# name 10 = sal00: Salinity, Practical [PSU]
# name 11 = spar: SPAR/Surface Irradiance
# name 12 = par: PAR/Irradiance, Biospherical/Licor
# name 13 = scan: Scan Count
# name 14 = nbf: Bottles Fired
# name 15 = flag:  0.000e+00
# interval = seconds: 0.0416667
# start_time = Jul 16 2016 20:10:01 [NMEA time, first data scan]
# bad_flag = -9.990e-29
*END*
[from data line 91]
   1011.377     3.5276     3.5278   3.248636   3.248274     2.7110     0.0348     0.9444     0.1286    96.8367    34.8836 6.8713e+01 9.5400e-02      63503          2  0.000e+00
   1011.353     3.5277     3.5279   3.248630   3.248307     2.7110     0.0348     0.9444     0.1286    96.8367    34.8833 7.0622e+01 9.5400e-02      63504          2  0.000e+00
   1011.321     3.5276     3.5279   3.248624   3.248318     2.7110     0.0348     0.9444     0.1286    96.8367    34.8834 6.8713e+01 9.5400e-02      63505          2  0.000e+00
   1011.289     3.5279     3.5278   3.248642   3.248307     2.7110     0.0348     0.9444     0.1286    96.8367    34.8833 6.8713e+01 9.5400e-02      63506          2  0.000e+00
   1011.321     3.5274     3.5279   3.248672   3.248362     2.7110     0.0348     0.9444     0.1286    96.8367    34.8842 6.8713e+01 9.5400e-02      63507          2  0.000e+00
   1011.289     3.5277     3.5278   3.248666   3.248345     2.7110     0.0348     0.9444     0.1275    96.8634    34.8838 6.8713e+01 9.5400e-02      63508          2  0.000e+00
   1011.321     3.5277     3.5281   3.248618   3.248274     2.7110     0.0348     0.9444     0.1286    96.8367    34.8832 6.8713e+01 9.5400e-02      63509          2  0.000e+00
    506.005     3.6662     3.6659   3.240017   3.239649     2.8672     0.0226     0.9444     0.1286    96.8367    34.8984 5.1535e+01 9.5400e-02      77831          3  0.000e+00
    505.973     3.6658     3.6659   3.239993   3.239676     2.8672     0.0226     0.9444     0.1286    96.8367    34.8984 5.3443e+01 9.5400e-02      77832          3  0.000e+00
    506.029     3.6661     3.6659   3.239975   3.239676     2.8672     0.0226     0.9444     0.1297    96.8100    34.8979 5.3443e+01 9.5400e-02      77833          3  0.000e+00
    505.910     3.6660     3.6658   3.239999   3.239649     2.8672     0.0226     0.9444     0.1297    96.8100    34.8984 5.3443e+01 9.5400e-02      77834          3  0.000e+00
    505.854     3.6662     3.6659   3.239987   3.239676     2.8672     0.0226     0.9444     0.1297    96.8100    34.8981 5.1535e+01 9.5400e-02      77835          3  0.000e+00
    505.910     3.6661     3.6659   3.240023   3.239676     2.8672     0.0226     0.9444     0.1286    96.8367    34.8985 5.1535e+01 9.5400e-02      77836          3  0.000e+00
    505.831     3.6658     3.6657   3.239975   3.239676     2.8672     0.0226     0.9444     0.1286    96.8367    34.8983 5.1535e+01 9.5400e-02      77837          3  0.000e+00
    505.791     3.6660     3.6657   3.239993   3.239676     2.8672     0.0226     0.9444     0.1286    96.8367    34.8984 5.1535e+01 9.5400e-02      77838          3  0.000e+00
    505.791     3.6658     3.6657   3.240011   3.239676     2.8672     0.0226     0.9444     0.1286    96.8367    34.8988 5.1535e+01 9.5400e-02      77839          3  0.000e+00
    505.736     3.6661     3.6657   3.239987   3.239676     2.8672     0.0226     0.9444     0.1286    96.8367    34.8982 5.3443e+01 9.5400e-02      77840          3  0.000e+00
    505.736     3.6660     3.6655   3.239981   3.239665     2.8672     0.0226     0.9444     0.1286    96.8367    34.8983 5.1535e+01 9.5400e-02      77841          3  0.000e+00
    505.672     3.6660     3.6657   3.239963   3.239649     2.8672     0.0348     0.9505     0.1275    96.8634    34.8981 5.3443e+01 9.5400e-02      77842          3  0.000e+00
    505.672     3.6661     3.6657   3.239993   3.239649     2.8672     0.0470     0.9505     0.1286    96.8367    34.8983 5.1535e+01 9.5400e-02      77843          3  0.000e+00
    505.648     3.6662     3.6659   3.239969   3.239676     2.8672     0.0470     0.9566     0.1286    96.8367    34.8980 5.3443e+01 9.5400e-02      77844          3  0.000e+00
    505.617     3.6660     3.6655   3.239993   3.239676     2.8672     0.0470     0.9505     0.1275    96.8634    34.8985 5.3443e+01 9.5400e-02      77845          3  0.000e+00
    505.553     3.6661     3.6657   3.239993   3.239616     2.8672     0.0470     0.9505     0.1275    96.8634    34.8984 5.3443e+01 9.5400e-02      77846          3  0.000e+00
    505.553     3.6662     3.6657   3.239963   3.239649     2.8684     0.0470     0.9505     0.1275    96.8634    34.8980 5.1535e+01 9.5400e-02      77847          3  0.000e+00
    505.553     3.6660     3.6658   3.239969   3.239649     2.8672     0.0470     0.9505     0.1275    96.8634    34.8982 5.3443e+01 9.5400e-02      77848          3  0.000e+00
    505.498     3.6658     3.6657   3.239963   3.239649     2.8672     0.0470     0.9505     0.1286    96.8367    34.8983 5.1535e+01 9.5400e-02      77849          3  0.000e+00
    505.474     3.6659     3.6660   3.239969   3.239649     2.8672     0.0470     0.9505     0.1286    96.8367    34.8983 5.3443e+01 9.5400e-02      77850          3  0.000e+00
    505.498     3.6662     3.6659   3.239981   3.239704     2.8672     0.0470     0.9505     0.1286    96.8367    34.8982 5.1535e+01 9.5400e-02      77851          3  0.000e+00
    505.379     3.6660     3.6655   3.239939   3.239676     2.8672     0.0470     0.9505     0.1286    96.8367    34.8979 5.3443e+01 9.5400e-02      77852          3  0.000e+00
    505.498     3.6658     3.6657   3.239963   3.239665     2.8684     0.0470     0.9566     0.1286    96.8367    34.8984 5.3443e+01 9.5400e-02      77853          3  0.000e+00
    505.379     3.6660     3.6657   3.239963   3.239649     2.8672     0.0470     0.9566     0.1286    96.8367    34.8982 5.3443e+01 9.5400e-02      77854          3  0.000e+00
    505.379     3.6660     3.6657   3.239969   3.239649     2.8672     0.0470     0.9505     0.1286    96.8367    34.8983 5.3443e+01 9.5400e-02      77855          3  0.000e+00
    505.434     3.6658     3.6655   3.239981   3.239676     2.8672     0.0470     0.9566     0.1275    96.8634    34.8986 5.1535e+01 9.5400e-02      77856          3  0.000e+00
    505.355     3.6659     3.6657   3.239981   3.239616     2.8672     0.0470     0.9505     0.1275    96.8634    34.8985 5.1535e+01 9.5400e-02      77857          3  0.000e+00
    505.379     3.6662     3.6655   3.239999   3.239616     2.8684     0.0470     0.9566     0.1275    96.8634    34.8985 5.3443e+01 9.5400e-02      77858          3  0.000e+00
    505.379     3.6660     3.6657   3.239969   3.239616     2.8684     0.0470     0.9505     0.1286    96.8367    34.8983 5.3443e+01 9.5400e-02      77859          3  0.000e+00
    505.316     3.6659     3.6655   3.239969   3.239649     2.8684     0.0470     0.9505     0.1297    96.8100    34.8984 5.3443e+01 9.5400e-02      77860          3  0.000e+00
    505.316     3.6662     3.6658   3.239963   3.239616     2.8684     0.0470     0.9566     0.1286    96.8367    34.8981 5.1535e+01 9.5400e-02      77861          3  0.000e+00
    505.316     3.6662     3.6655   3.239969   3.239649     2.8684     0.0470     0.9505     0.1297    96.8100    34.8982 5.1535e+01 9.5400e-02      77862          3  0.000e+00
    505.355     3.6661     3.6655   3.239999   3.239649     2.8684     0.0470     0.9505     0.1286    96.8367    34.8986 5.1535e+01 9.5400e-02      77863          3  0.000e+00
    505.316     3.6662     3.6655   3.239969   3.239649     2.8684     0.0470     0.9505     0.1286    96.8367    34.8982 5.3443e+01 9.5400e-02      77864          3  0.000e+00
    505.316     3.6660     3.6657   3.240017   3.239649     2.8684     0.0470     0.9505     0.1286    96.8367    34.8989 5.1535e+01 9.5400e-02      77865          3  0.000e+00
    505.316     3.6660     3.6655   3.240040   3.239693     2.8684     0.0470     0.9505     0.1286    96.8367    34.8992 5.3443e+01 9.5400e-02      77866          3  0.000e+00
    505.316     3.6659     3.6657   3.239957   3.239649     2.8684     0.0348     0.9566     0.1286    96.8367    34.8983 5.1535e+01 9.5400e-02      77867          3  0.000e+00
    505.316     3.6662     3.6655   3.239963   3.239649     2.8684     0.0348     0.9505     0.1286    96.8367    34.8981 5.3443e+01 9.5400e-02      77868          3  0.000e+00
    505.316     3.6660     3.6657   3.239963   3.239649     2.8684     0.0348     0.9505     0.1286    96.8367    34.8983 5.1535e+01 9.5400e-02      77869          3  0.000e+00
    505.355     3.6661     3.6655   3.239993   3.239616     2.8684     0.0348     0.9505     0.1286    96.8367    34.8985 5.1535e+01 9.5400e-02      77870          3  0.000e+00
    505.316     3.6660     3.6655   3.239987   3.239616     2.8684     0.0348     0.9505     0.1286    96.8367    34.8985 5.3443e+01 9.5400e-02      77871          3  0.000e+00
    505.316     3.6658     3.6657   3.239975   3.239649     2.8684     0.0348     0.9505     0.1286    96.8367    34.8986 5.3443e+01 9.5400e-02      77872          3  0.000e+00
    505.316     3.6661     3.6655   3.239963   3.239649     2.8684     0.0348     0.9505     0.1275    96.8634    34.8981 5.1535e+01 9.5400e-02      77873          3  0.000e+00
    505.379     3.6662     3.6654   3.239969   3.239676     2.8684     0.0348     0.9566     0.1275    96.8634    34.8981 5.3443e+01 9.5400e-02      77874          3  0.000e+00
    505.379     3.6658     3.6654   3.239975   3.239649     2.8684     0.0348     0.9566     0.1275    96.8634    34.8985 5.1535e+01 9.5400e-02      77875          3  0.000e+00
    505.379     3.6658     3.6654   3.239981   3.239616     2.8684     0.0348     0.9505     0.1275    96.8634    34.8986 5.3443e+01 9.5400e-02      77876          3  0.000e+00
    505.356     3.6658     3.6653   3.239999   3.239649     2.8684     0.0348     0.9566     0.1275    96.8634    34.8989 5.1535e+01 9.5400e-02      77877          3  0.000e+00
    505.379     3.6660     3.6655   3.239993   3.239577     2.8684     0.0348     0.9505     0.1275    96.8634    34.8986 5.3443e+01 9.5400e-02      77878          3  0.000e+00
    505.435     3.6658     3.6652   3.239963   3.239649     2.8684     0.0348     0.9505     0.1286    96.8367    34.8984 5.1535e+01 9.5400e-02      77879          3  0.000e+00
    252.695     3.9502     3.9498   3.256026   3.255687     2.9389     0.0226     0.9383     0.1308    96.7833    34.9229 5.5352e+01 9.5400e-02      86644          4  0.000e+00
    252.695     3.9504     3.9501   3.255996   3.255703     2.9376     0.0226     0.9383     0.1308    96.7833    34.9223 5.5352e+01 9.5400e-02      86645          4  0.000e+00
    252.711     3.9503     3.9502   3.255978   3.255714     2.9376     0.0226     0.9383     0.1308    96.7833    34.9222 5.7261e+01 9.5400e-02      86646          4  0.000e+00
    252.750     3.9502     3.9504   3.255978   3.255703     2.9376     0.0226     0.9383     0.1308    96.7833    34.9223 5.5352e+01 9.5400e-02      86647          4  0.000e+00
    252.750     3.9504     3.9503   3.255978   3.255742     2.9376     0.0226     0.9383     0.1308    96.7833    34.9221 5.7261e+01 9.5400e-02      86648          4  0.000e+00
    252.750     3.9502     3.9503   3.255996   3.255714     2.9376     0.0226     0.9383     0.1308    96.7833    34.9225 5.7261e+01 9.5400e-02      86649          4  0.000e+00
    252.750     3.9504     3.9502   3.256026   3.255703     2.9376     0.0226     0.9383     0.1308    96.7833    34.9227 5.7261e+01 9.5400e-02      86650          4  0.000e+00
    252.806     3.9504     3.9501   3.256038   3.255714     2.9376     0.0226     0.9383     0.1308    96.7833    34.9228 5.5352e+01 9.5400e-02      86651          4  0.000e+00
    252.806     3.9504     3.9501   3.256020   3.255731     2.9376     0.0226     0.9383     0.1308    96.7833    34.9226 5.5352e+01 9.5400e-02      86652          4  0.000e+00
    252.806     3.9505     3.9501   3.256050   3.255654     2.9376     0.0226     0.9383     0.1308    96.7833    34.9228 5.7261e+01 9.5400e-02      86653          4  0.000e+00
    252.869     3.9502     3.9500   3.256002   3.255731     2.9376     0.0226     0.9383     0.1297    96.8100    34.9225 5.7261e+01 9.5400e-02      86654          4  0.000e+00
    252.869     3.9502     3.9501   3.256020   3.255714     2.9376     0.0348     0.9444     0.1308    96.7833    34.9227 5.7261e+01 9.5400e-02      86655          4  0.000e+00
    252.869     3.9504     3.9499   3.256056   3.255731     2.9376     0.0348     0.9444     0.1308    96.7833    34.9229 5.7261e+01 9.5400e-02      86656          4  0.000e+00
    252.924     3.9502     3.9499   3.256026   3.255714     2.9376     0.0348     0.9444     0.1308    96.7833    34.9227 5.5352e+01 9.5400e-02      86657          4  0.000e+00
    252.924     3.9501     3.9499   3.256008   3.255687     2.9376     0.0348     0.9444     0.1341    96.7032    34.9227 5.7261e+01 9.5400e-02      86658          4  0.000e+00
    252.924     3.9499     3.9499   3.255990   3.255703     2.9376     0.0348     0.9444     0.1363    96.6498    34.9227 5.7261e+01 9.5400e-02      86659          4  0.000e+00
    252.987     3.9500     3.9499   3.255996   3.255687     2.9376     0.0348     0.9444     0.1363    96.6498    34.9226 5.7261e+01 9.5400e-02      86660          4  0.000e+00
    252.987     3.9502     3.9499   3.256026   3.255703     2.9376     0.0348     0.9444     0.1352    96.6765    34.9227 5.7261e+01 9.5400e-02      86661          4  0.000e+00
    252.987     3.9499     3.9499   3.256020   3.255714     2.9376     0.0348     0.9444     0.1341    96.7032    34.9230 5.7261e+01 9.5400e-02      86662          4  0.000e+00
    253.043     3.9501     3.9498   3.256026   3.255703     2.9389     0.0348     0.9444     0.1330    96.7299    34.9228 5.7261e+01 9.5400e-02      86663          4  0.000e+00
    253.043     3.9499     3.9498   3.256020   3.255714     2.9389     0.0348     0.9444     0.1341    96.7032    34.9230 5.7261e+01 9.5400e-02      86664          4  0.000e+00
    253.043     3.9499     3.9499   3.256008   3.255731     2.9376     0.0348     0.9444     0.1341    96.7032    34.9228 5.7261e+01 9.5400e-02      86665          4  0.000e+00
    253.106     3.9502     3.9499   3.256026   3.255742     2.9376     0.0348     0.9444     0.1330    96.7299    34.9226 5.7261e+01 9.5400e-02      86666          4  0.000e+00
    253.122     3.9501     3.9501   3.256038   3.255714     2.9376     0.0348     0.9444     0.1330    96.7299    34.9229 5.7261e+01 9.5400e-02      86667          4  0.000e+00
    253.106     3.9499     3.9499   3.256038   3.255731     2.9389     0.0348     0.9444     0.1319    96.7566    34.9231 5.7261e+01 9.5400e-02      86668          4  0.000e+00
    253.161     3.9502     3.9497   3.256020   3.255714     2.9376     0.0348     0.9444     0.1319    96.7566    34.9225 5.7261e+01 9.5400e-02      86669          4  0.000e+00
    253.161     3.9504     3.9498   3.256008   3.255731     2.9376     0.0348     0.9444     0.1319    96.7566    34.9222 5.5352e+01 9.5400e-02      86670          4  0.000e+00
    253.224     3.9502     3.9499   3.256008   3.255714     2.9389     0.0348     0.9444     0.1319    96.7566    34.9224 5.7261e+01 9.5400e-02      86671          4  0.000e+00
    253.224     3.9504     3.9497   3.256026   3.255764     2.9389     0.0348     0.9444     0.1319    96.7566    34.9224 5.7261e+01 9.5400e-02      86672          4  0.000e+00
    253.224     3.9502     3.9498   3.256038   3.255687     2.9389     0.0348     0.9444     0.1319    96.7566    34.9227 5.7261e+01 9.5400e-02      86673          4  0.000e+00
    253.280     3.9505     3.9498   3.256032   3.255703     2.9376     0.0348     0.9444     0.1308    96.7833    34.9224 5.7261e+01 9.5400e-02      86674          4  0.000e+00
    253.280     3.9504     3.9496   3.256038   3.255687     2.9376     0.0348     0.9444     0.1308    96.7833    34.9225 5.7261e+01 9.5400e-02      86675          4  0.000e+00
    253.343     3.9506     3.9495   3.256020   3.255714     2.9376     0.0348     0.9444     0.1308    96.7833    34.9221 5.7261e+01 9.5400e-02      86676          4  0.000e+00
