Ship_data/Irminger/Irminger-3/ctd/process/ar0701004.cnv
* Sea-Bird SBE 9 Data File:
* FileName = D:\Data\ar0701004.hdr
* Software Version Seasave V 7.23.2
* Temperature SN = 4406
* Conductivity SN = 3042
* Number of Bytes Per Scan = 44
* Number of Voltage Words = 5
* Number of Scans Averaged by the Deck Unit = 1
* NMEA Latitude = 51 58.27 N
* NMEA Longitude = 045 45.89 W
* NMEA UTC (Time) = Jul 06 2016  17:02:22
**  Release test
** Chief Scientist: George Tupper
** Station ID 004
# nquan = 19
# nvalues = 5008                        
# units = specified
# name 0 = prDM: Pressure, Digiquartz [db]
# name 1 = t090C: Temperature [ITS-90, deg C]
# name 2 = t190C: Temperature, 2 [ITS-90, deg C]
# name 3 = c0S/m: Conductivity [S/m]
# name 4 = c1S/m: Conductivity, 2 [S/m]
# name 5 = sbeox0V: Oxygen raw, SBE 43 [V]
# name 6 = flECO-AFL: Fluorescence, WET Labs ECO-AFL/FL [mg/m^3]
# name 7 = turbWETntu0: Turbidity, WET Labs ECO [NTU]
# name 8 = CStarAt0: Beam Attenuation, WET Labs C-Star [1/m]
# name 9 = CStarTr0: Beam Transmission, WET Labs C-Star [%]
# name 10 = sal00: Salinity, Practical [PSU]
# name 11 = spar: SPAR/Surface Irradiance
# name 12 = par: PAR/Irradiance, Biospherical/Licor
# name 13 = depSM: Depth [salt water, m], lat = 51.9712
# name 14 = sal00: Salinity, Practical [PSU]
# name 15 = sal11: Salinity, Practical, 2 [PSU]
# name 16 = sbeox0ML/L: Oxygen, SBE 43 [ml/l], WS = 2
# name 17 = svCM: Sound Velocity [Chen-Millero, m/s]
# name 18 = flag: flag
# span 0 =      2.018,   2543.429       
# span 1 =     2.9147,    10.9471       
# span 2 =     2.9130,    10.9410       
# span 3 =   3.249806,   3.828701       
# span 4 =   3.249432,   3.827899       
# span 5 =     2.1514,     3.3406       
# span 6 =     0.0096,     2.9677       
# span 7 =     0.8886,     1.1106       
# span 8 =     0.1251,     0.8216       
# span 9 =    81.4327,    96.9219       
# span 10 =    34.2698,    34.9363      
# span 11 = 2.9247e+02, 2.9920e+03      
# span 12 = 9.5393e-02, 9.5483e-02      
# span 13 =      2.000,   2506.000      
# span 14 =    34.2698,    34.9363      
# span 15 =    34.2675,    34.9335      
# span 16 =     5.5720,     6.5523      
# span 17 =    1471.42,    1504.25      
# span 18 = 0.0000e+00, 0.0000e+00      
# interval = meters: 1                  
# start_time = Jul 06 2016 17:03:14 [NMEA time, first data scan]
# bad_flag = -9.990e-29
*END*
[from data line 305]
    310.952     4.0496     4.0493   3.254867   3.254640     2.7106     0.0365     0.8946     0.1354    96.6724    34.7723 9.5874e+02 9.5400e-02    308.000    34.7723    34.7699     6.0119    1471.63 0.0000e+00
    311.963     4.0831     4.0836   3.258409   3.258101     2.7152     0.0352     0.8993     0.1359    96.6597    34.7782 9.5485e+02 9.5400e-02    309.000    34.7782    34.7741     6.0199    1471.79 0.0000e+00
    312.973     4.1244     4.1238   3.262863   3.262176     2.7223     0.0221     0.9063     0.1364    96.6481    34.7868 9.6238e+02 9.5400e-02    310.000    34.7868    34.7793     6.0337    1471.99 0.0000e+00
    313.983     4.1649     4.1661   3.267218   3.266904     2.7258     0.0474     0.9062     0.1362    96.6525    34.7950 9.6992e+02 9.5400e-02    311.000    34.7950    34.7900     6.0373    1472.19 0.0000e+00
    314.994     4.2375     4.2380   3.275097   3.273818     2.7270     0.0470     0.9048     0.1360    96.6562    34.8108 9.7279e+02 9.5400e-02    312.000    34.8108    34.7952     6.0292    1472.52 0.0000e+00
    316.004     4.2975     4.2977   3.281108   3.280821     2.7275     0.0382     0.9064     0.1357    96.6645    34.8178 9.7117e+02 9.5411e-02    313.000    34.8178    34.8141     6.0215    1472.80 0.0000e+00
    317.015     4.3091     4.3085   3.282476   3.282064     2.7248     0.0352     0.9064     0.1352    96.6757    34.8212 9.6695e+02 9.5400e-02    314.000    34.8212    34.8169     6.0125    1472.87 0.0000e+00
    318.025     4.3321     4.3323   3.285155   3.284862     2.7182     0.0367     0.8960     0.1352    96.6764    34.8278 9.7080e+02 9.5400e-02    315.000    34.8278    34.8242     5.9908    1472.99 0.0000e+00
    319.035     4.3400     4.3424   3.286073   3.286020     2.7104     0.0472     0.8999     0.1351    96.6782    34.8298 9.8401e+02 9.5409e-02    316.000    34.8298    34.8266     5.9684    1473.04 0.0000e+00
    320.046     4.3425     4.3422   3.286391   3.286150     2.7040     0.0411     0.9092     0.1351    96.6787    34.8303 9.9816e+02 9.5400e-02    317.000    34.8303    34.8279     5.9507    1473.07 0.0000e+00
    321.056     4.3406     4.3401   3.286322   3.286056     2.7000     0.0345     0.9005     0.1352    96.6776    34.8310 1.0045e+03 9.5400e-02    318.000    34.8310    34.8284     5.9406    1473.08 0.0000e+00
    322.066     4.3532     4.3536   3.287723   3.287369     2.6967     0.0358     0.8952     0.1352    96.6775    34.8337 1.0066e+03 9.5400e-02    319.000    34.8337    34.8291     5.9301    1473.15 0.0000e+00
    323.077     4.3643     4.3635   3.288924   3.288667     2.6951     0.0288     0.8940     0.1352    96.6774    34.8356 1.0123e+03 9.5400e-02    320.000    34.8356    34.8334     5.9247    1473.21 0.0000e+00
    324.087     4.3496     4.3489   3.287623   3.287359     2.6926     0.0391     0.8941     0.1353    96.6753    34.8352 1.0276e+03 9.5400e-02    321.000    34.8352    34.8329     5.9208    1473.17 0.0000e+00
    325.098     4.3476     4.3472   3.287552   3.287262     2.6896     0.0345     0.9066     0.1350    96.6820    34.8360 1.0474e+03 9.5400e-02    322.000    34.8360    34.8329     5.9132    1473.18 0.0000e+00
    326.108     4.3505     4.3498   3.287919   3.287606     2.6883     0.0340     0.9047     0.1352    96.6765    34.8367 1.0617e+03 9.5400e-02    323.000    34.8367    34.8337     5.9098    1473.21 0.0000e+00
    327.118     4.3566     4.3561   3.288675   3.288329     2.6873     0.0227     0.8948     0.1352    96.6765    34.8386 1.0724e+03 9.5400e-02    324.000    34.8386    34.8351     5.9069    1473.25 0.0000e+00
    328.129     4.3606     4.3581   3.289221   3.288710     2.6867     0.0299     0.8941     0.1352    96.6765    34.8403 1.0834e+03 9.5400e-02    325.000    34.8403    34.8369     5.9051    1473.29 0.0000e+00
    329.139     4.3704     4.3691   3.290291   3.289785     2.6867     0.0292     0.8932     0.1354    96.6709    34.8420 1.0935e+03 9.5400e-02    326.000    34.8420    34.8374     5.9043    1473.35 0.0000e+00
    330.150     4.3724     4.3775   3.290548   3.290926     2.6865     0.0290     0.9034     0.1354    96.6726    34.8424 1.1448e+03 9.5400e-02    327.000    34.8424    34.8414     5.9043    1473.37 0.0000e+00
    331.160     4.3948     4.3987   3.292929   3.292864     2.6847     0.0220     0.8964     0.1373    96.6262    34.8462 1.2147e+03 9.5400e-02    328.000    34.8462    34.8413     5.8964    1473.49 0.0000e+00
    332.171     4.3055     4.3018   3.283823   3.284937     2.6853     0.0226     0.9065     0.1372    96.6287    34.8327 1.2521e+03 9.5400e-02    329.000    34.8327    34.8497     5.9133    1473.12 0.0000e+00
    333.181     4.1980     4.1948   3.273832   3.273475     2.6831     0.0226     0.9060     0.1356    96.6672    34.8279 1.3050e+03 9.5400e-02    330.000    34.8279    34.8271     5.9254    1472.68 0.0000e+00
    334.192     4.1924     4.1913   3.273234   3.272909     2.6807     0.0226     0.9070     0.1356    96.6669    34.8262 1.3436e+03 9.5400e-02    331.000    34.8262    34.8236     5.9203    1472.67 0.0000e+00
    335.202     4.2087     4.2079   3.274911   3.274457     2.6851     0.0316     0.8956     0.1361    96.6553    34.8283 1.3864e+03 9.5400e-02    332.000    34.8283    34.8237     5.9308    1472.76 0.0000e+00
    336.212     4.2307     4.2304   3.277169   3.276814     2.6950     0.0288     0.8979     0.1353    96.6734    34.8312 1.3797e+03 9.5400e-02    333.000    34.8312    34.8272     5.9557    1472.87 0.0000e+00
    337.223     4.2484     4.2493   3.279014   3.278811     2.7008     0.0436     0.9056     0.1355    96.6701    34.8337 1.3458e+03 9.5400e-02    334.000    34.8337    34.8303     5.9699    1472.96 0.0000e+00
    338.233     4.2539     4.2543   3.279610   3.279462     2.7026     0.0304     0.9065     0.1355    96.6684    34.8343 1.3277e+03 9.5400e-02    335.000    34.8343    34.8322     5.9750    1473.00 0.0000e+00
    339.244     4.2263     4.2269   3.276916   3.277083     2.7034     0.0293     0.9002     0.1354    96.6716    34.8311 1.3238e+03 9.5400e-02    336.000    34.8311    34.8325     5.9825    1472.90 0.0000e+00
    340.254     4.2156     4.2156   3.275977   3.275728     2.7024     0.0281     0.9028     0.1354    96.6728    34.8308 1.3169e+03 9.5400e-02    337.000    34.8308    34.8279     5.9823    1472.87 0.0000e+00
    341.265     4.2381     4.2395   3.278381   3.277931     2.7026     0.0330     0.9052     0.1354    96.6708    34.8349 1.3077e+03 9.5400e-02    338.000    34.8349    34.8281     5.9799    1472.99 0.0000e+00
    342.275     4.3048     4.3029   3.285294   3.284523     2.7045     0.0350     0.9085     0.1355    96.6691    34.8454 1.3098e+03 9.5400e-02    339.000    34.8454    34.8383     5.9747    1473.30 0.0000e+00
    343.286     4.3388     4.3383   3.288802   3.288517     2.7058     0.0353     0.9112     0.1354    96.6722    34.8503 1.3108e+03 9.5400e-02    340.000    34.8503    34.8475     5.9737    1473.46 0.0000e+00
    344.296     4.3520     4.3508   3.290272   3.289854     2.7026     0.0355     0.9077     0.1358    96.6616    34.8531 1.3053e+03 9.5400e-02    341.000    34.8531    34.8495     5.9632    1473.53 0.0000e+00
    345.307     4.3675     4.3739   3.291940   3.292260     2.6953     0.0433     0.9055     0.1353    96.6737    34.8558 1.2960e+03 9.5400e-02    342.000    34.8558    34.8529     5.9409    1473.62 0.0000e+00
    346.317     4.3927     4.3951   3.294731   3.294278     2.6909     0.0351     0.9028     0.1353    96.6737    34.8616 1.2926e+03 9.5400e-02    343.000    34.8616    34.8537     5.9252    1473.75 0.0000e+00
    347.328     4.4254     4.4245   3.298022   3.297714     2.6889     0.0348     0.8984     0.1354    96.6714    34.8652 1.2938e+03 9.5400e-02    344.000    34.8652    34.8625     5.9148    1473.90 0.0000e+00
    348.338     4.4262     4.4259   3.298212   3.297881     2.6877     0.0348     0.8966     0.1354    96.6715    34.8661 1.2934e+03 9.5400e-02    345.000    34.8661    34.8625     5.9122    1473.92 0.0000e+00
    349.349     4.4275     4.4270   3.298380   3.298115     2.6855     0.0310     0.8994     0.1353    96.6750    34.8662 1.2920e+03 9.5400e-02    346.000    34.8662    34.8635     5.9067    1473.95 0.0000e+00
    350.360     4.4269     4.4262   3.298385   3.298099     2.6814     0.0271     0.9013     0.1352    96.6764    34.8663 1.2879e+03 9.5400e-02    347.000    34.8663    34.8637     5.8960    1473.96 0.0000e+00
    351.370     4.4242     4.4243   3.298172   3.297974     2.6712     0.0318     0.8977     0.1353    96.6738    34.8661 1.2757e+03 9.5400e-02    348.000    34.8661    34.8637     5.8686    1473.97 0.0000e+00
    352.381     4.4230     4.4222   3.298133   3.297887     2.6684     0.0249     0.9033     0.1353    96.6751    34.8664 1.2706e+03 9.5400e-02    349.000    34.8664    34.8643     5.8614    1473.98 0.0000e+00
    353.391     4.4160     4.4153   3.297490   3.297248     2.6674     0.0349     0.8969     0.1352    96.6765    34.8657 1.2688e+03 9.5400e-02    350.000    34.8657    34.8635     5.8606    1473.96 0.0000e+00
    354.402     4.4144     4.4148   3.297403   3.297209     2.6672     0.0221     0.9063     0.1352    96.6765    34.8658 1.2650e+03 9.5400e-02    351.000    34.8658    34.8631     5.8610    1473.97 0.0000e+00
    355.412     4.4130     4.4126   3.297286   3.297050     2.6668     0.0231     0.8978     0.1352    96.6765    34.8654 1.2616e+03 9.5400e-02    352.000    34.8654    34.8630     5.8608    1473.98 0.0000e+00
    356.423     4.4122     4.4119   3.297258   3.297013     2.6662     0.0431     0.8980     0.1354    96.6712    34.8653 1.2593e+03 9.5400e-02    353.000    34.8653    34.8628     5.8602    1474.00 0.0000e+00
    357.433     4.4092     4.4080   3.297004   3.296681     2.6664     0.0391     0.9067     0.1351    96.6788    34.8649 1.2545e+03 9.5400e-02    354.000    34.8649    34.8624     5.8620    1474.00 0.0000e+00
    358.444     4.4080     4.4071   3.296938   3.296624     2.6671     0.0471     0.9026     0.1353    96.6730    34.8649 1.2456e+03 9.5400e-02    355.000    34.8649    34.8622     5.8648    1474.01 0.0000e+00
    359.455     4.4087     4.4071   3.297059   3.296677     2.6673     0.0385     0.9068     0.1358    96.6628    34.8651 1.2372e+03 9.5400e-02    356.000    34.8651    34.8623     5.8660    1474.03 0.0000e+00
    360.465     4.4202     4.4181   3.298296   3.297746     2.6672     0.0248     0.9065     0.1352    96.6763    34.8670 1.2284e+03 9.5400e-02    357.000    34.8670    34.8627     5.8648    1474.10 0.0000e+00
    361.476     4.4627     4.4610   3.302828   3.302076     2.6684     0.0261     0.9035     0.1353    96.6731    34.8748 1.2123e+03 9.5400e-02    358.000    34.8748    34.8678     5.8618    1474.30 0.0000e+00
    362.486     4.4835     4.4837   3.304972   3.304709     2.6698     0.0390     0.9013     0.1357    96.6641    34.8775 1.2049e+03 9.5400e-02    359.000    34.8775    34.8742     5.8632    1474.41 0.0000e+00
    363.497     4.4860     4.4846   3.305301   3.304845     2.6702     0.0472     0.9059     0.1357    96.6648    34.8782 1.2036e+03 9.5400e-02    360.000    34.8782    34.8744     5.8647    1474.43 0.0000e+00
    364.507     4.5550     4.5527   3.312786   3.311059     2.6698     0.0250     0.9052     0.1353    96.6735    34.8927 1.2024e+03 9.5400e-02    361.000    34.8927    34.8749     5.8530    1474.75 0.0000e+00
    365.518     4.5970     4.5972   3.316827   3.316629     2.6699     0.0296     0.9061     0.1353    96.6750    34.8953 1.2001e+03 9.5400e-02    362.000    34.8953    34.8927     5.8473    1474.95 0.0000e+00
    366.529     4.5979     4.6000   3.317088   3.317033     2.6692     0.0345     0.9062     0.1364    96.6483    34.8969 1.1958e+03 9.5400e-02    363.000    34.8969    34.8940     5.8461    1474.97 0.0000e+00
    367.539     4.5927     4.6000   3.316627   3.317173     2.6513     0.0316     0.9052     0.1359    96.6585    34.8963 1.1637e+03 9.5400e-02    364.000    34.8963    34.8951     5.7976    1474.96 0.0000e+00
    368.550     4.6476     4.6656   3.322666   3.323396     2.6436     0.0350     0.9055     0.1352    96.6761    34.9087 1.1552e+03 9.5400e-02    365.000    34.9087    34.8983     5.7677    1475.22 0.0000e+00
    369.561     4.6819     4.6813   3.326061   3.325686     2.6440     0.0355     0.9052     0.1352    96.6765    34.9116 1.1606e+03 9.5400e-02    366.000    34.9116    34.9079     5.7642    1475.38 0.0000e+00
    370.571     4.6830     4.6828   3.326212   3.326046     2.6441     0.0348     0.9064     0.1353    96.6746    34.9118 1.1648e+03 9.5400e-02    367.000    34.9118    34.9100     5.7651    1475.40 0.0000e+00
    371.582     4.6817     4.6821   3.326197   3.325934     2.6429     0.0356     0.9058     0.1352    96.6765    34.9124 1.1663e+03 9.5400e-02    368.000    34.9124    34.9089     5.7628    1475.42 0.0000e+00
    372.592     4.7330     4.7350   3.331677   3.331086     2.6399     0.0286     0.9049     0.1352    96.6765    34.9219 1.1653e+03 9.5400e-02    369.000    34.9219    34.9129     5.7470    1475.65 0.0000e+00
    373.603     4.7258     4.7257   3.330922   3.330755     2.6286     0.0287     0.9073     0.1359    96.6605    34.9201 1.1512e+03 9.5400e-02    370.000    34.9201    34.9182     5.7174    1475.64 0.0000e+00
    374.614     4.7225     4.7178   3.330797   3.329655     2.6180     0.0350     0.9062     0.1352    96.6761    34.9216 1.1620e+03 9.5400e-02    371.000    34.9216    34.9131     5.6889    1475.64 0.0000e+00
    375.624     4.7816     4.7829   3.336946   3.336307     2.6191     0.0348     0.9033     0.1352    96.6765    34.9306 1.1658e+03 9.5400e-02    372.000    34.9306    34.9218     5.6835    1475.91 0.0000e+00
    376.635     4.8005     4.8005   3.338889   3.338633     2.6203     0.0361     0.9010     0.1352    96.6765    34.9328 1.1698e+03 9.5400e-02    373.000    34.9328    34.9299     5.6847    1476.01 0.0000e+00
    377.646     4.8037     4.8033   3.339426   3.339091     2.6195     0.0355     0.9120     0.1342    96.7007    34.9352 1.1726e+03 9.5400e-02    374.000    34.9352    34.9316     5.6826    1476.04 0.0000e+00
    378.656     4.8055     4.8047   3.339697   3.339408     2.6181     0.0230     0.8904     0.1342    96.7018    34.9359 1.1745e+03 9.5400e-02    375.000    34.9359    34.9333     5.6790    1476.07 0.0000e+00
    379.667     4.8031     4.8020   3.339537   3.339187     2.6154     0.0414     0.9057     0.1342    96.7010    34.9360 1.1761e+03 9.5400e-02    376.000    34.9360    34.9331     5.6727    1476.08 0.0000e+00
    380.678     4.8023     4.8019   3.339533   3.339262     2.6122     0.0274     0.8943     0.1344    96.6966    34.9363 1.1779e+03 9.5400e-02    377.000    34.9363    34.9335     5.6645    1476.09 0.0000e+00
    381.688     4.7905     4.7902   3.338394   3.338241     2.6102     0.0288     0.9045     0.1345    96.6936    34.9349 1.1806e+03 9.5400e-02    378.000    34.9349    34.9334     5.6617    1476.06 0.0000e+00
    382.699     4.7684     4.7726   3.336314   3.336608     2.6100     0.0350     0.9021     0.1343    96.6986    34.9334 1.1814e+03 9.5400e-02    379.000    34.9334    34.9324     5.6650    1475.98 0.0000e+00
    383.710     4.7408     4.7421   3.333762   3.333611     2.6114     0.0339     0.9018     0.1341    96.7033    34.9321 1.1792e+03 9.5400e-02    380.000    34.9321    34.9290     5.6739    1475.88 0.0000e+00
    384.721     4.7431     4.7420   3.333978   3.333714     2.6127     0.0223     0.9231     0.1343    96.6989    34.9317 1.1818e+03 9.5400e-02    381.000    34.9317    34.9298     5.6780    1475.91 0.0000e+00
    385.731     4.7369     4.7344   3.333432   3.333019     2.6138     0.0226     0.9063     0.1350    96.6807    34.9313 1.1869e+03 9.5400e-02    382.000    34.9313    34.9291     5.6828    1475.90 0.0000e+00
