Ship_data/Irminger/Irminger-3/ctd/process/ar0701007.ros
* Sea-Bird SBE 9 Data File:
* FileName = D:\Data\ar0701007.hdr
* Software Version Seasave V 7.23.2
* Temperature SN = 4406
* Conductivity SN = 3042
* Number of Bytes Per Scan = 44
* Number of Voltage Words = 5
* Number of Scans Averaged by the Deck Unit = 1
* NMEA Latitude = 59 58.33 N
* NMEA Longitude = 039 30.33 W
* NMEA UTC (Time) = Jul 11 2016  19:24:31
** Site Irminger Hybrid profiler mooring
** G. Tupper Tupper
** Station # 007
# nquan = 16
# nvalues = 539                                   
# units = specified
# name 0 = prDM: Pressure, Digiquartz [db]
# name 1 = t090C: Temperature [ITS-90, deg C]
# name 2 = t190C: Temperature, 2 [ITS-90, deg C]
# name 3 = c0S/m: Conductivity [S/m]
# name 4 = c1S/m: Conductivity, 2 [S/m]
# name 5 = sbeox0V: Oxygen raw, SBE 43 [V]
# name 6 = flECO-AFL: Fluorescence, WET Labs ECO-AFL/FL [mg/m^3]
# name 7 = turbWETntu0: Turbidity, WET Labs ECO [NTU]
# name 8 = CStarAt0: Beam Attenuation, WET Labs C-Star [1/m]
# name 9 = CStarTr0: Beam Transmission, WET Labs C-Star [%]
# name 10 = sal00: Salinity, Practical [PSU]
# name 11 = spar: SPAR/Surface Irradiance
# name 12 = par: PAR/Irradiance, Biospherical/Licor
# name 13 = scan: Scan Count
# name 14 = nbf: Bottles Fired
# name 15 = flag:  0.000e+00
# interval = seconds: 0.0416667
# start_time = Jul 11 2016 19:29:37 [NMEA time, first data scan]
# bad_flag = -9.990e-29
*END*
[from data line 452]
    205.597     3.8881     3.8876   3.247633   3.247331     2.9850     0.0226     0.9322     0.1352    96.6765    34.9147 9.5435e+01 9.5400e-02     208087         10  0.000e+00
    205.541     3.8882     3.8876   3.247651   3.247342     2.9850     0.0226     0.9261     0.1352    96.6765    34.9148 9.5435e+01 9.5400e-02     208088         10  0.000e+00
    205.541     3.8884     3.8874   3.247662   3.247314     2.9850     0.0226     0.9261     0.1352    96.6765    34.9147 9.5435e+01 9.5400e-02     208089         10  0.000e+00
    205.541     3.8884     3.8876   3.247645   3.247359     2.9850     0.0226     0.9322     0.1352    96.6765    34.9145 9.5435e+01 9.5400e-02     208090         10  0.000e+00
    205.541     3.8882     3.8876   3.247651   3.247375     2.9850     0.0226     0.9261     0.1363    96.6498    34.9148 9.5435e+01 9.5400e-02     208091         10  0.000e+00
    205.541     3.8882     3.8876   3.247662   3.247342     2.9850     0.0226     0.9322     0.1363    96.6498    34.9149 9.5435e+01 9.5400e-02     208092         10  0.000e+00
    205.541     3.8883     3.8876   3.247645   3.247303     2.9850     0.0226     0.9322     0.1363    96.6498    34.9146 9.5435e+01 9.5400e-02     208093         10  0.000e+00
    205.541     3.8882     3.8878   3.247633   3.247403     2.9850     0.0226     0.9261     0.1363    96.6498    34.9145 9.5435e+01 9.5400e-02     208094         10  0.000e+00
    205.541     3.8882     3.8874   3.247651   3.247375     2.9850     0.0226     0.9261     0.1374    96.6230    34.9148 9.5435e+01 9.5400e-02     208095         10  0.000e+00
    205.541     3.8884     3.8876   3.247662   3.247342     2.9850     0.0226     0.9261     0.1374    96.6230    34.9147 9.5435e+01 9.5400e-02     208096         10  0.000e+00
    205.541     3.8882     3.8876   3.247645   3.247359     2.9850     0.0226     0.9261     0.1385    96.5963    34.9147 9.5435e+01 9.5400e-02     208097         10  0.000e+00
    205.541     3.8882     3.8878   3.247674   3.247342     2.9850     0.0226     0.9261     0.1374    96.6230    34.9150 9.5435e+01 9.5400e-02     208098         10  0.000e+00
    205.478     3.8882     3.8876   3.247627   3.247375     2.9850     0.0226     0.9261     0.1374    96.6230    34.9145 9.5435e+01 9.5400e-02     208099         10  0.000e+00
    205.541     3.8881     3.8876   3.247645   3.247331     2.9850     0.0226     0.9261     0.1363    96.6498    34.9149 9.5435e+01 9.5400e-02     208100         10  0.000e+00
    205.478     3.8884     3.8876   3.247621   3.247342     2.9850     0.0348     0.9261     0.1363    96.6498    34.9143 9.5435e+01 9.5400e-02     208101         10  0.000e+00
    205.526     3.8881     3.8876   3.247621   3.247342     2.9850     0.0348     0.9261     0.1363    96.6498    34.9146 9.5435e+01 9.5400e-02     208102         10  0.000e+00
    205.478     3.8884     3.8876   3.247615   3.247331     2.9850     0.0348     0.9261     0.1363    96.6498    34.9142 9.5435e+01 9.5400e-02     208103         10  0.000e+00
    205.541     3.8881     3.8878   3.247645   3.247375     2.9850     0.0348     0.9261     0.1352    96.6765    34.9149 9.5435e+01 9.5400e-02     208104         10  0.000e+00
    205.478     3.8882     3.8874   3.247621   3.247375     2.9850     0.0348     0.9261     0.1352    96.6765    34.9144 9.5435e+01 9.5400e-02     208105         10  0.000e+00
    205.478     3.8881     3.8878   3.247668   3.247331     2.9850     0.0348     0.9261     0.1352    96.6765    34.9152 9.5435e+01 9.5400e-02     208106         10  0.000e+00
    205.478     3.8881     3.8876   3.247627   3.247342     2.9838     0.0348     0.9261     0.1352    96.6765    34.9147 9.5435e+01 9.5400e-02     208107         10  0.000e+00
    205.478     3.8881     3.8876   3.247621   3.247342     2.9838     0.0348     0.9261     0.1352    96.6765    34.9146 9.5435e+01 9.5400e-02     208108         10  0.000e+00
    205.478     3.8881     3.8876   3.247633   3.247359     2.9850     0.0348     0.9261     0.1352    96.6765    34.9148 9.3526e+01 9.5400e-02     208109         10  0.000e+00
    205.423     3.8881     3.8879   3.247651   3.247375     2.9850     0.0348     0.9261     0.1352    96.6765    34.9150 9.5435e+01 9.5400e-02     208110         10  0.000e+00
    205.478     3.8882     3.8879   3.247645   3.247342     2.9850     0.0348     0.9261     0.1352    96.6765    34.9147 9.5435e+01 9.5400e-02     208111         10  0.000e+00
    205.478     3.8882     3.8878   3.247651   3.247342     2.9850     0.0348     0.9261     0.1363    96.6498    34.9148 9.5435e+01 9.5400e-02     208112         10  0.000e+00
    205.423     3.8882     3.8879   3.247662   3.247331     2.9850     0.0348     0.9261     0.1352    96.6765    34.9150 9.5435e+01 9.5400e-02     208113         10  0.000e+00
    205.423     3.8884     3.8878   3.247621   3.247342     2.9850     0.0348     0.9322     0.1363    96.6498    34.9143 9.5435e+01 9.5400e-02     208114         10  0.000e+00
    205.423     3.8884     3.8878   3.247621   3.247375     2.9850     0.0348     0.9261     0.1352    96.6765    34.9143 9.3526e+01 9.5400e-02     208115         10  0.000e+00
    205.423     3.8883     3.8876   3.247651   3.247392     2.9850     0.0348     0.9261     0.1352    96.6765    34.9147 9.3526e+01 9.5400e-02     208116         10  0.000e+00
    205.423     3.8882     3.8876   3.247662   3.247314     2.9850     0.0348     0.9261     0.1352    96.6765    34.9150 9.5435e+01 9.5400e-02     208117         10  0.000e+00
    205.423     3.8884     3.8876   3.247662   3.247375     2.9850     0.0348     0.9322     0.1352    96.6765    34.9148 9.3526e+01 9.5400e-02     208118         10  0.000e+00
    205.423     3.8884     3.8873   3.247621   3.247359     2.9850     0.0348     0.9322     0.1341    96.7032    34.9143 9.5435e+01 9.5400e-02     208119         10  0.000e+00
    205.407     3.8881     3.8876   3.247621   3.247342     2.9850     0.0348     0.9261     0.1341    96.7032    34.9146 9.5435e+01 9.5400e-02     208120         10  0.000e+00
    205.368     3.8885     3.8874   3.247633   3.247342     2.9850     0.0348     0.9261     0.1341    96.7032    34.9143 9.5435e+01 9.5400e-02     208121         10  0.000e+00
    205.367     3.8882     3.8876   3.247633   3.247331     2.9838     0.0348     0.9261     0.1341    96.7032    34.9146 9.5435e+01 9.5400e-02     208122         10  0.000e+00
    205.367     3.8885     3.8873   3.247615   3.247342     2.9850     0.0348     0.9261     0.1352    96.6765    34.9141 9.5435e+01 9.5400e-02     208123         10  0.000e+00
    205.423     3.8882     3.8876   3.247603   3.247287     2.9850     0.0348     0.9261     0.1352    96.6765    34.9143 9.5435e+01 9.5400e-02     208124         10  0.000e+00
    140.642     3.9691     3.9694   3.252148   3.251976     3.0041     0.0470     0.9261     0.1352    96.6765    34.9175 8.7800e+01 9.5400e-02     212134         11  0.000e+00
    140.587     3.9690     3.9696   3.252142   3.251948     3.0041     0.0470     0.9261     0.1352    96.6765    34.9176 8.9708e+01 9.5400e-02     212135         11  0.000e+00
    140.697     3.9691     3.9693   3.252148   3.251948     3.0054     0.0470     0.9261     0.1352    96.6765    34.9174 8.9708e+01 9.5400e-02     212136         11  0.000e+00
    140.587     3.9691     3.9696   3.252160   3.251887     3.0054     0.0470     0.9261     0.1341    96.7032    34.9176 8.7800e+01 9.5400e-02     212137         11  0.000e+00
    140.642     3.9694     3.9696   3.252160   3.251920     3.0054     0.0470     0.9261     0.1341    96.7032    34.9173 8.9708e+01 9.5400e-02     212138         11  0.000e+00
    140.642     3.9693     3.9698   3.252160   3.251948     3.0054     0.0470     0.9261     0.1341    96.7032    34.9174 8.9708e+01 9.5400e-02     212139         11  0.000e+00
    140.642     3.9693     3.9698   3.252178   3.251920     3.0041     0.0470     0.9322     0.1341    96.7032    34.9176 8.9708e+01 9.5400e-02     212140         11  0.000e+00
    140.697     3.9691     3.9697   3.252172   3.251948     3.0041     0.0470     0.9261     0.1341    96.7032    34.9177 8.9708e+01 9.5400e-02     212141         11  0.000e+00
    140.642     3.9691     3.9698   3.252178   3.251976     3.0041     0.0470     0.9322     0.1341    96.7032    34.9178 8.9708e+01 9.5400e-02     212142         11  0.000e+00
    140.705     3.9692     3.9698   3.252148   3.251948     3.0041     0.0470     0.9261     0.1341    96.7032    34.9173 8.9708e+01 9.5400e-02     212143         11  0.000e+00
    140.697     3.9693     3.9699   3.252130   3.251915     3.0041     0.0470     0.9261     0.1341    96.7032    34.9170 8.9708e+01 9.5400e-02     212144         11  0.000e+00
    140.705     3.9693     3.9696   3.252172   3.251976     3.0041     0.0470     0.9322     0.1352    96.6765    34.9175 8.9708e+01 9.5400e-02     212145         11  0.000e+00
    140.697     3.9691     3.9698   3.252172   3.251948     3.0041     0.0470     0.9322     0.1352    96.6765    34.9177 8.9708e+01 9.5400e-02     212146         11  0.000e+00
    140.705     3.9695     3.9698   3.252172   3.251976     3.0041     0.0470     0.9261     0.1363    96.6498    34.9174 8.9708e+01 9.5400e-02     212147         11  0.000e+00
    140.760     3.9695     3.9694   3.252142   3.252003     3.0041     0.0470     0.9261     0.1363    96.6498    34.9169 8.9708e+01 9.5400e-02     212148         11  0.000e+00
    140.760     3.9695     3.9698   3.252172   3.251948     3.0041     0.0470     0.9261     0.1363    96.6498    34.9173 8.9708e+01 9.5400e-02     212149         11  0.000e+00
    140.760     3.9695     3.9699   3.252148   3.251976     3.0041     0.0470     0.9261     0.1363    96.6498    34.9170 8.9708e+01 9.5400e-02     212150         11  0.000e+00
    140.760     3.9696     3.9701   3.252172   3.251948     3.0041     0.0470     0.9261     0.1363    96.6498    34.9172 8.9708e+01 9.5400e-02     212151         11  0.000e+00
    140.760     3.9695     3.9698   3.252208   3.252009     3.0041     0.0470     0.9261     0.1363    96.6498    34.9178 8.9708e+01 9.5400e-02     212152         11  0.000e+00
    140.815     3.9694     3.9699   3.252219   3.251948     3.0041     0.0470     0.9261     0.1363    96.6498    34.9179 8.9708e+01 9.5400e-02     212153         11  0.000e+00
    140.760     3.9695     3.9699   3.252178   3.252009     3.0041     0.0470     0.9261     0.1363    96.6498    34.9174 8.9708e+01 9.5400e-02     212154         11  0.000e+00
    140.815     3.9696     3.9696   3.252202   3.251948     3.0041     0.0470     0.9261     0.1363    96.6498    34.9175 8.9708e+01 9.5400e-02     212155         11  0.000e+00
    140.815     3.9700     3.9697   3.252202   3.251948     3.0041     0.0470     0.9261     0.1363    96.6498    34.9171 8.9708e+01 9.5400e-02     212156         11  0.000e+00
    140.815     3.9702     3.9698   3.252279   3.251976     3.0041     0.0348     0.9200     0.1363    96.6498    34.9178 8.9708e+01 9.5400e-02     212157         11  0.000e+00
    140.878     3.9702     3.9696   3.252291   3.251948     3.0041     0.0348     0.9200     0.1363    96.6498    34.9179 8.9708e+01 9.5400e-02     212158         11  0.000e+00
    140.815     3.9702     3.9696   3.252261   3.252003     3.0041     0.0348     0.9200     0.1363    96.6498    34.9175 8.9708e+01 9.5400e-02     212159         11  0.000e+00
    140.878     3.9701     3.9696   3.252231   3.251921     3.0041     0.0348     0.9200     0.1363    96.6498    34.9173 8.9708e+01 9.5400e-02     212160         11  0.000e+00
    140.878     3.9701     3.9697   3.252202   3.251948     3.0041     0.0348     0.9200     0.1374    96.6230    34.9170 8.7800e+01 9.5400e-02     212161         11  0.000e+00
    140.878     3.9700     3.9696   3.252225   3.251976     3.0041     0.0348     0.9200     0.1452    96.4361    34.9174 8.9708e+01 9.5400e-02     212162         11  0.000e+00
    140.878     3.9702     3.9698   3.252243   3.251948     3.0041     0.0348     0.9200     0.1485    96.3559    34.9174 8.9708e+01 9.5400e-02     212163         11  0.000e+00
    140.933     3.9701     3.9699   3.252231   3.251948     3.0041     0.0348     0.9200     0.1474    96.3826    34.9173 8.9708e+01 9.5400e-02     212164         11  0.000e+00
    140.878     3.9700     3.9698   3.252237   3.252009     3.0041     0.0348     0.9200     0.1441    96.4628    34.9175 8.9708e+01 9.5400e-02     212165         11  0.000e+00
    140.933     3.9701     3.9698   3.252231   3.251976     3.0041     0.0348     0.9200     0.1418    96.5162    34.9173 8.9708e+01 9.5400e-02     212166         11  0.000e+00
    140.933     3.9701     3.9699   3.252285   3.252009     3.0041     0.0348     0.9200     0.1418    96.5162    34.9179 8.9708e+01 9.5400e-02     212167         11  0.000e+00
    140.933     3.9700     3.9699   3.252267   3.251976     3.0053     0.0348     0.9200     0.1407    96.5429    34.9178 8.9708e+01 9.5400e-02     212168         11  0.000e+00
    140.933     3.9701     3.9699   3.252184   3.251948     3.0041     0.0348     0.9200     0.1396    96.5696    34.9167 8.9708e+01 9.5400e-02     212169         11  0.000e+00
    140.996     3.9701     3.9697   3.252225   3.251976     3.0041     0.0348     0.9200     0.1374    96.6230    34.9172 8.9708e+01 9.5400e-02     212170         11  0.000e+00
    140.996     3.9702     3.9699   3.252231   3.252003     3.0041     0.0348     0.9200     0.1374    96.6230    34.9171 8.9708e+01 9.5400e-02     212171         11  0.000e+00
    140.996     3.9702     3.9700   3.252237   3.252009     3.0041     0.0348     0.9200     0.1363    96.6498    34.9172 8.9708e+01 9.5400e-02     212172         11  0.000e+00
    140.996     3.9700     3.9699   3.252249   3.251976     3.0041     0.0348     0.9200     0.1363    96.6498    34.9175 8.9708e+01 9.5400e-02     212173         11  0.000e+00
    140.996     3.9701     3.9698   3.252267   3.252009     3.0041     0.0348     0.9200     0.1352    96.6765    34.9177 8.9708e+01 9.5400e-02     212174         11  0.000e+00
    141.051     3.9702     3.9699   3.252261   3.252003     3.0041     0.0348     0.9200     0.1363    96.6498    34.9174 8.9708e+01 9.5400e-02     212175         11  0.000e+00
    140.996     3.9701     3.9698   3.252249   3.251948     3.0041     0.0348     0.9200     0.1363    96.6498    34.9175 8.9708e+01 9.5400e-02     212176         11  0.000e+00
    141.051     3.9701     3.9698   3.252249   3.251976     3.0041     0.0348     0.9200     0.1363    96.6498    34.9174 8.9708e+01 9.5400e-02     212177         11  0.000e+00
    141.051     3.9700     3.9694   3.252219   3.251976     3.0041     0.0348     0.9200     0.1352    96.6765    34.9172 8.9708e+01 9.5400e-02     212178         11  0.000e+00
    141.051     3.9700     3.9694   3.252214   3.251976     3.0041     0.0348     0.9200     0.1352    96.6765    34.9171 8.9708e+01 9.5400e-02     212179         11  0.000e+00
    141.051     3.9701     3.9692   3.252261   3.251921     3.0041     0.0348     0.9261     0.1352    96.6765    34.9176 8.9708e+01 9.5400e-02     212180         11  0.000e+00
    141.114     3.9700     3.9696   3.252237   3.251976     3.0041     0.0348     0.9322     0.1352    96.6765    34.9174 8.9708e+01 9.5400e-02     212181         11  0.000e+00
    141.051     3.9701     3.9691   3.252202   3.251915     3.0041     0.0348     0.9261     0.1363    96.6498    34.9169 8.9708e+01 9.5400e-02     212182         11  0.000e+00
