Ship_data/Irminger/Irminger-3/ctd/process/ar0701010.cnv
* Sea-Bird SBE 9 Data File:
* FileName = D:\Data\ar0701010.hdr
* Software Version Seasave V 7.23.2
* Temperature SN = 4406
* Conductivity SN = 3042
* Number of Bytes Per Scan = 44
* Number of Voltage Words = 5
* Number of Scans Averaged by the Deck Unit = 1
* NMEA Latitude = 59 55.71 N
* NMEA Longitude = 039 37.28 W
* NMEA UTC (Time) = Jul 16 2016  20:07:47
** Site Irminger Surface Mooring (old 2015)
** G. Tupper Tupper
** Station # 010
** before old mooring recovery
# nquan = 19
# nvalues = 3002                        
# units = specified
# name 0 = prDM: Pressure, Digiquartz [db]
# name 1 = t090C: Temperature [ITS-90, deg C]
# name 2 = t190C: Temperature, 2 [ITS-90, deg C]
# name 3 = c0S/m: Conductivity [S/m]
# name 4 = c1S/m: Conductivity, 2 [S/m]
# name 5 = sbeox0V: Oxygen raw, SBE 43 [V]
# name 6 = flECO-AFL: Fluorescence, WET Labs ECO-AFL/FL [mg/m^3]
# name 7 = turbWETntu0: Turbidity, WET Labs ECO [NTU]
# name 8 = CStarAt0: Beam Attenuation, WET Labs C-Star [1/m]
# name 9 = CStarTr0: Beam Transmission, WET Labs C-Star [%]
# name 10 = sal00: Salinity, Practical [PSU]
# name 11 = spar: SPAR/Surface Irradiance
# name 12 = par: PAR/Irradiance, Biospherical/Licor
# name 13 = depSM: Depth [salt water, m], lat = 59.9285
# name 14 = sal00: Salinity, Practical [PSU]
# name 15 = sal11: Salinity, Practical, 2 [PSU]
# name 16 = sbeox0ML/L: Oxygen, SBE 43 [ml/l], WS = 2
# name 17 = svCM: Sound Velocity [Chen-Millero, m/s]
# name 18 = flag: flag
# span 0 =      2.019,   1522.840       
# span 1 =     3.4645,     8.4115       
# span 2 =     3.4643,     8.4116       
# span 3 =   3.239427,   3.645609       
# span 4 =   3.239128,   3.645457       
# span 5 =     2.4197,     4.7606       
# span 6 =     0.0094,     1.8981       
# span 7 =     0.8846,     1.1029       
# span 8 =     0.1263,     0.4895       
# span 9 =    88.4830,    96.8918       
# span 10 =    33.6781,    35.0664      
# span 11 = 4.7076e+01, 1.9082e+02      
# span 12 = 9.5398e-02, 9.5472e-02      
# span 13 =      2.000,   1503.000      
# span 14 =    33.6781,    35.0664      
# span 15 =    34.7952,    34.9816      
# span 16 =     5.7558,    10.1669      
# span 17 =    1469.47,    1490.24      
# span 18 = 0.0000e+00, 0.0000e+00      
# interval = meters: 1                  
# start_time = Jul 16 2016 20:10:01 [NMEA time, first data scan]
# bad_flag = -9.990e-29
*END*
[from data line 2286]
    725.087     3.5942     3.5941   3.242781   3.242462     2.7991     0.0412     0.9511     0.1275    96.8623    34.8918 6.2684e+01 9.5400e-02    717.000    34.8918    34.8882     6.6850    1476.69 0.0000e+00
    724.074     3.5943     3.5943   3.242725   3.242425     2.7999     0.0289     0.9543     0.1273    96.8669    34.8916 6.2414e+01 9.5400e-02    716.000    34.8916    34.8881     6.6868    1476.67 0.0000e+00
    723.061     3.5947     3.5946   3.242714   3.242399     2.8006     0.0224     0.9543     0.1267    96.8821    34.8916 6.2486e+01 9.5400e-02    715.000    34.8916    34.8879     6.6878    1476.66 0.0000e+00
    722.048     3.5949     3.5948   3.242689   3.242378     2.8006     0.0240     0.9537     0.1277    96.8570    34.8916 6.2651e+01 9.5400e-02    714.000    34.8916    34.8880     6.6870    1476.64 0.0000e+00
    721.035     3.5953     3.5951   3.242680   3.242362     2.8006     0.0348     0.9535     0.1275    96.8635    34.8916 6.2748e+01 9.5400e-02    713.000    34.8916    34.8880     6.6860    1476.63 0.0000e+00
    720.022     3.5953     3.5951   3.242651   3.242320     2.8008     0.0269     0.9478     0.1275    96.8634    34.8918 6.2796e+01 9.5400e-02    712.000    34.8918    34.8881     6.6855    1476.61 0.0000e+00
    719.009     3.5954     3.5951   3.242621   3.242288     2.8011     0.0305     0.9522     0.1272    96.8703    34.8919 6.2540e+01 9.5400e-02    711.000    34.8919    34.8882     6.6855    1476.59 0.0000e+00
    717.996     3.5955     3.5954   3.242586   3.242270     2.8021     0.0433     0.9554     0.1275    96.8632    34.8919 6.1753e+01 9.5400e-02    710.000    34.8919    34.8882     6.6878    1476.58 0.0000e+00
    716.983     3.5956     3.5955   3.242548   3.242218     2.8027     0.0467     0.9566     0.1273    96.8668    34.8918 6.1684e+01 9.5400e-02    709.000    34.8918    34.8880     6.6885    1476.56 0.0000e+00
    715.970     3.5957     3.5955   3.242511   3.242192     2.8026     0.0509     0.9563     0.1275    96.8634    34.8918 6.2387e+01 9.5400e-02    708.000    34.8918    34.8882     6.6873    1476.55 0.0000e+00
    714.957     3.5959     3.5955   3.242476   3.242147     2.8028     0.0351     0.9530     0.1277    96.8582    34.8918 6.2726e+01 9.5400e-02    707.000    34.8918    34.8882     6.6872    1476.53 0.0000e+00
    713.944     3.5958     3.5954   3.242426   3.242099     2.8031     0.0356     0.9537     0.1275    96.8616    34.8918 6.2606e+01 9.5400e-02    706.000    34.8918    34.8882     6.6871    1476.51 0.0000e+00
    712.931     3.5956     3.5954   3.242376   3.242057     2.8033     0.0348     0.9539     0.1275    96.8618    34.8919 6.2390e+01 9.5400e-02    705.000    34.8919    34.8883     6.6869    1476.50 0.0000e+00
    711.918     3.5955     3.5952   3.242328   3.241995     2.8037     0.0338     0.9539     0.1274    96.8657    34.8920 6.2488e+01 9.5400e-02    704.000    34.8920    34.8883     6.6873    1476.48 0.0000e+00
    710.905     3.5954     3.5953   3.242287   3.241966     2.8042     0.0290     0.9485     0.1274    96.8646    34.8921 6.1680e+01 9.5400e-02    703.000    34.8921    34.8884     6.6880    1476.46 0.0000e+00
    709.892     3.5958     3.5958   3.242257   3.241956     2.8043     0.0313     0.9489     0.1269    96.8775    34.8919 6.1649e+01 9.5400e-02    702.000    34.8919    34.8883     6.6873    1476.45 0.0000e+00
    708.879     3.5959     3.5960   3.242214   3.241921     2.8045     0.0299     0.9558     0.1274    96.8653    34.8918 6.1300e+01 9.5400e-02    701.000    34.8918    34.8882     6.6871    1476.43 0.0000e+00
    707.866     3.5963     3.5963   3.242207   3.241903     2.8052     0.0180     0.9529     0.1282    96.8460    34.8918 6.1708e+01 9.5400e-02    700.000    34.8918    34.8882     6.6880    1476.41 0.0000e+00
    706.853     3.5966     3.5965   3.242208   3.241888     2.8054     0.0343     0.9544     0.1276    96.8614    34.8920 6.1968e+01 9.5400e-02    699.000    34.8920    34.8883     6.6877    1476.40 0.0000e+00
    705.840     3.5968     3.5967   3.242177   3.241858     2.8055     0.0355     0.9543     0.1275    96.8634    34.8920 6.1917e+01 9.5400e-02    698.000    34.8920    34.8883     6.6872    1476.38 0.0000e+00
    704.827     3.5967     3.5968   3.242144   3.241823     2.8061     0.0303     0.9536     0.1275    96.8634    34.8922 6.1926e+01 9.5400e-02    697.000    34.8922    34.8883     6.6881    1476.37 0.0000e+00
    703.814     3.5971     3.5970   3.242126   3.241809     2.8064     0.0288     0.9541     0.1275    96.8634    34.8922 6.2027e+01 9.5400e-02    696.000    34.8922    34.8885     6.6880    1476.35 0.0000e+00
    702.801     3.5969     3.5970   3.242070   3.241766     2.8068     0.0348     0.9530     0.1279    96.8531    34.8922 6.2063e+01 9.5400e-02    695.000    34.8922    34.8885     6.6884    1476.33 0.0000e+00
    701.788     3.5970     3.5971   3.242032   3.241735     2.8064     0.0348     0.9541     0.1272    96.8695    34.8921 6.1640e+01 9.5400e-02    694.000    34.8921    34.8885     6.6863    1476.32 0.0000e+00
    700.775     3.5976     3.5976   3.242029   3.241727     2.8060     0.0466     0.9448     0.1273    96.8666    34.8920 6.1536e+01 9.5400e-02    693.000    34.8920    34.8884     6.6842    1476.30 0.0000e+00
    699.762     3.5982     3.5982   3.242035   3.241743     2.8061     0.0359     0.9444     0.1276    96.8612    34.8920 6.1079e+01 9.5400e-02    692.000    34.8920    34.8885     6.6835    1476.29 0.0000e+00
    698.749     3.5986     3.5985   3.242039   3.241716     2.8066     0.0232     0.9532     0.1276    96.8610    34.8922 6.1165e+01 9.5400e-02    691.000    34.8922    34.8885     6.6840    1476.27 0.0000e+00
    697.736     3.5989     3.5989   3.242024   3.241711     2.8077     0.0329     0.9459     0.1271    96.8729    34.8922 6.1165e+01 9.5400e-02    690.000    34.8922    34.8885     6.6863    1476.26 0.0000e+00
    696.724     3.5990     3.5989   3.241987   3.241672     2.8082     0.0262     0.9444     0.1268    96.8790    34.8922 6.0998e+01 9.5400e-02    689.000    34.8922    34.8886     6.6868    1476.24 0.0000e+00
    695.711     3.5991     3.5992   3.241961   3.241663     2.8089     0.0312     0.9526     0.1272    96.8691    34.8923 6.1223e+01 9.5400e-02    688.000    34.8923    34.8887     6.6881    1476.23 0.0000e+00
    694.698     3.5994     3.5992   3.241950   3.241623     2.8093     0.0347     0.9479     0.1271    96.8725    34.8924 6.1576e+01 9.5400e-02    687.000    34.8924    34.8887     6.6884    1476.21 0.0000e+00
    693.685     3.5997     3.5992   3.241943   3.241571     2.8099     0.0251     0.9513     0.1272    96.8708    34.8925 6.1341e+01 9.5400e-02    686.000    34.8925    34.8887     6.6892    1476.20 0.0000e+00
    692.672     3.5998     3.5994   3.241896   3.241553     2.8104     0.0456     0.9547     0.1274    96.8640    34.8924 6.1198e+01 9.5400e-02    685.000    34.8924    34.8887     6.6899    1476.18 0.0000e+00
    691.659     3.6002     3.5999   3.241870   3.241555     2.8104     0.0342     0.9541     0.1273    96.8675    34.8922 6.0983e+01 9.5400e-02    684.000    34.8922    34.8888     6.6889    1476.16 0.0000e+00
    690.646     3.6003     3.6003   3.241853   3.241542     2.8109     0.0228     0.9535     0.1274    96.8650    34.8924 6.1180e+01 9.5400e-02    683.000    34.8924    34.8887     6.6896    1476.15 0.0000e+00
    689.633     3.6009     3.6007   3.241858   3.241549     2.8114     0.0313     0.9528     0.1277    96.8567    34.8924 6.1082e+01 9.5400e-02    682.000    34.8924    34.8889     6.6900    1476.13 0.0000e+00
    688.620     3.6009     3.6010   3.241821   3.241522     2.8116     0.0348     0.9538     0.1273    96.8676    34.8925 6.1271e+01 9.5400e-02    681.000    34.8925    34.8888     6.6896    1476.12 0.0000e+00
    687.608     3.6010     3.6008   3.241797   3.241469     2.8121     0.0348     0.9530     0.1278    96.8560    34.8926 6.1143e+01 9.5400e-02    680.000    34.8926    34.8889     6.6903    1476.10 0.0000e+00
    686.595     3.6011     3.6011   3.241768   3.241440     2.8128     0.0353     0.9522     0.1273    96.8681    34.8927 6.0834e+01 9.5400e-02    679.000    34.8927    34.8887     6.6915    1476.09 0.0000e+00
    685.582     3.6014     3.6015   3.241740   3.241441     2.8128     0.0348     0.9524     0.1276    96.8593    34.8925 6.1150e+01 9.5400e-02    678.000    34.8925    34.8889     6.6907    1476.07 0.0000e+00
    684.569     3.6017     3.6017   3.241715   3.241422     2.8134     0.0348     0.9471     0.1277    96.8581    34.8925 6.1004e+01 9.5400e-02    677.000    34.8925    34.8890     6.6915    1476.05 0.0000e+00
    683.556     3.6020     3.6017   3.241701   3.241385     2.8139     0.0348     0.9507     0.1273    96.8668    34.8925 6.0840e+01 9.5400e-02    676.000    34.8925    34.8890     6.6920    1476.04 0.0000e+00
    682.543     3.6021     3.6018   3.241663   3.241340     2.8140     0.0348     0.9470     0.1275    96.8633    34.8925 6.0907e+01 9.5400e-02    675.000    34.8925    34.8890     6.6914    1476.02 0.0000e+00
    681.531     3.6019     3.6018   3.241613   3.241297     2.8139     0.0431     0.9492     0.1276    96.8612    34.8927 6.1082e+01 9.5400e-02    674.000    34.8927    34.8890     6.6904    1476.00 0.0000e+00
    680.518     3.6020     3.6020   3.241574   3.241266     2.8139     0.0306     0.9471     0.1273    96.8675    34.8926 6.1078e+01 9.5400e-02    673.000    34.8926    34.8890     6.6894    1475.99 0.0000e+00
    679.505     3.6024     3.6022   3.241560   3.241242     2.8140     0.0226     0.9510     0.1273    96.8679    34.8925 6.1157e+01 9.5400e-02    672.000    34.8925    34.8890     6.6888    1475.97 0.0000e+00
    678.492     3.6024     3.6022   3.241524   3.241197     2.8146     0.0318     0.9529     0.1276    96.8614    34.8926 6.0624e+01 9.5400e-02    671.000    34.8926    34.8890     6.6897    1475.96 0.0000e+00
    677.479     3.6026     3.6027   3.241496   3.241191     2.8154     0.0262     0.9468     0.1286    96.8360    34.8927 6.1069e+01 9.5400e-02    670.000    34.8927    34.8889     6.6910    1475.94 0.0000e+00
    676.466     3.6028     3.6028   3.241471   3.241167     2.8157     0.0226     0.9507     0.1277    96.8586    34.8927 6.0338e+01 9.5400e-02    669.000    34.8927    34.8891     6.6910    1475.92 0.0000e+00
    675.454     3.6026     3.6027   3.241423   3.241120     2.8163     0.0298     0.9481     0.1280    96.8508    34.8928 6.0390e+01 9.5400e-02    668.000    34.8928    34.8891     6.6921    1475.91 0.0000e+00
    674.441     3.6030     3.6030   3.241403   3.241099     2.8167     0.0348     0.9497     0.1277    96.8568    34.8927 6.0601e+01 9.5400e-02    667.000    34.8927    34.8891     6.6924    1475.89 0.0000e+00
    673.428     3.6032     3.6031   3.241373   3.241066     2.8174     0.0348     0.9551     0.1275    96.8634    34.8927 6.0895e+01 9.5400e-02    666.000    34.8927    34.8891     6.6933    1475.88 0.0000e+00
    672.415     3.6033     3.6032   3.241347   3.241035     2.8177     0.0348     0.9557     0.1277    96.8582    34.8928 6.0991e+01 9.5400e-02    665.000    34.8928    34.8891     6.6933    1475.86 0.0000e+00
    671.403     3.6035     3.6034   3.241307   3.241005     2.8178     0.0348     0.9484     0.1272    96.8701    34.8927 6.1080e+01 9.5400e-02    664.000    34.8927    34.8891     6.6929    1475.84 0.0000e+00
    670.390     3.6039     3.6034   3.241314   3.240973     2.8181     0.0292     0.9486     0.1274    96.8661    34.8929 6.0889e+01 9.5400e-02    663.000    34.8929    34.8893     6.6929    1475.83 0.0000e+00
    669.377     3.6039     3.6038   3.241284   3.240959     2.8190     0.0225     0.9561     0.1270    96.8740    34.8930 6.0432e+01 9.5400e-02    662.000    34.8930    34.8892     6.6946    1475.81 0.0000e+00
    668.364     3.6042     3.6042   3.241260   3.240948     2.8194     0.0291     0.9501     0.1274    96.8641    34.8930 5.9609e+01 9.5400e-02    661.000    34.8930    34.8892     6.6947    1475.80 0.0000e+00
    667.351     3.6047     3.6045   3.241251   3.240932     2.8194     0.0476     0.9442     0.1273    96.8667    34.8928 5.9156e+01 9.5400e-02    660.000    34.8928    34.8892     6.6939    1475.78 0.0000e+00
    666.339     3.6048     3.6046   3.241220   3.240905     2.8191     0.0219     0.9542     0.1285    96.8393    34.8929 6.0028e+01 9.5400e-02    659.000    34.8929    34.8893     6.6919    1475.77 0.0000e+00
    665.326     3.6051     3.6049   3.241215   3.240876     2.8189     0.0226     0.9554     0.1278    96.8566    34.8930 5.9673e+01 9.5400e-02    658.000    34.8930    34.8893     6.6906    1475.75 0.0000e+00
    664.313     3.6051     3.6051   3.241162   3.240852     2.8192     0.0226     0.9566     0.1279    96.8528    34.8929 5.9933e+01 9.5400e-02    657.000    34.8929    34.8892     6.6904    1475.73 0.0000e+00
    663.300     3.6055     3.6052   3.241158   3.240824     2.8192     0.0226     0.9520     0.1275    96.8632    34.8930 6.0282e+01 9.5400e-02    656.000    34.8930    34.8894     6.6896    1475.72 0.0000e+00
    662.288     3.6057     3.6051   3.241140   3.240780     2.8195     0.0300     0.9550     0.1276    96.8597    34.8931 6.0792e+01 9.5400e-02    655.000    34.8931    34.8895     6.6895    1475.70 0.0000e+00
    661.275     3.6059     3.6057   3.241117   3.240796     2.8204     0.0302     0.9523     0.1282    96.8468    34.8932 6.0553e+01 9.5400e-02    654.000    34.8932    34.8896     6.6913    1475.69 0.0000e+00
    660.262     3.6061     3.6059   3.241082   3.240753     2.8211     0.0328     0.9460     0.1275    96.8637    34.8931 5.9873e+01 9.5400e-02    653.000    34.8931    34.8893     6.6924    1475.67 0.0000e+00
    659.250     3.6063     3.6062   3.241059   3.240745     2.8213     0.0227     0.9547     0.1273    96.8681    34.8931 5.9400e+01 9.5400e-02    652.000    34.8931    34.8894     6.6921    1475.66 0.0000e+00
    658.237     3.6068     3.6065   3.241063   3.240729     2.8215     0.0436     0.9559     0.1275    96.8634    34.8932 5.8489e+01 9.5400e-02    651.000    34.8932    34.8895     6.6918    1475.64 0.0000e+00
    657.224     3.6068     3.6067   3.241027   3.240701     2.8219     0.0419     0.9563     0.1275    96.8634    34.8932 5.9373e+01 9.5400e-02    650.000    34.8932    34.8895     6.6920    1475.63 0.0000e+00
    656.211     3.6069     3.6067   3.241003   3.240660     2.8222     0.0317     0.9558     0.1273    96.8682    34.8934 5.9173e+01 9.5400e-02    649.000    34.8934    34.8895     6.6920    1475.61 0.0000e+00
    655.199     3.6069     3.6067   3.240936   3.240625     2.8226     0.0259     0.9536     0.1275    96.8636    34.8932 5.9629e+01 9.5400e-02    648.000    34.8932    34.8896     6.6923    1475.59 0.0000e+00
    654.186     3.6068     3.6066   3.240898   3.240571     2.8225     0.0384     0.9482     0.1277    96.8589    34.8933 5.9840e+01 9.5400e-02    647.000    34.8933    34.8896     6.6913    1475.58 0.0000e+00
    653.173     3.6068     3.6067   3.240855   3.240536     2.8226     0.0404     0.9535     0.1274    96.8659    34.8933 5.9980e+01 9.5400e-02    646.000    34.8933    34.8897     6.6906    1475.56 0.0000e+00
    652.161     3.6071     3.6069   3.240826   3.240509     2.8229     0.0347     0.9526     0.1272    96.8690    34.8932 5.9692e+01 9.5400e-02    645.000    34.8932    34.8896     6.6905    1475.54 0.0000e+00
    651.148     3.6073     3.6071   3.240806   3.240471     2.8229     0.0348     0.9441     0.1273    96.8672    34.8933 5.9340e+01 9.5400e-02    644.000    34.8933    34.8895     6.6897    1475.53 0.0000e+00
    650.135     3.6076     3.6075   3.240778   3.240458     2.8233     0.0239     0.9444     0.1273    96.8666    34.8932 5.9622e+01 9.5400e-02    643.000    34.8932    34.8895     6.6899    1475.51 0.0000e+00
