Ship_data/Irminger/Irminger-3/ctd/process/ar0701002.ros
* Sea-Bird SBE 9 Data File:
* FileName = D:\Data\ar0701002.hdr
* Software Version Seasave V 7.23.2
* Temperature SN = 4406
* Conductivity SN = 3042
* Number of Bytes Per Scan = 44
* Number of Voltage Words = 5
* Number of Scans Averaged by the Deck Unit = 1
* NMEA Latitude = 51 58.56 N
* NMEA Longitude = 045 45.57 W
* NMEA UTC (Time) = Jul 06 2016  11:29:36
**  Release test
** Chief Scientist: George Tupper
** Station ID 002
# nquan = 16
# nvalues = 147                                   
# units = specified
# name 0 = prDM: Pressure, Digiquartz [db]
# name 1 = t090C: Temperature [ITS-90, deg C]
# name 2 = t190C: Temperature, 2 [ITS-90, deg C]
# name 3 = c0S/m: Conductivity [S/m]
# name 4 = c1S/m: Conductivity, 2 [S/m]
# name 5 = sbeox0V: Oxygen raw, SBE 43 [V]
# name 6 = flECO-AFL: Fluorescence, WET Labs ECO-AFL/FL [mg/m^3]
# name 7 = turbWETntu0: Turbidity, WET Labs ECO [NTU]
# name 8 = CStarAt0: Beam Attenuation, WET Labs C-Star [1/m]
# name 9 = CStarTr0: Beam Transmission, WET Labs C-Star [%]
# name 10 = sal00: Salinity, Practical [PSU]
# name 11 = spar: SPAR/Surface Irradiance
# name 12 = par: PAR/Irradiance, Biospherical/Licor
# name 13 = scan: Scan Count
# name 14 = nbf: Bottles Fired
# name 15 = flag:  0.000e+00
# interval = seconds: 0.0416667
# start_time = Jul 06 2016 11:30:23 [NMEA time, first data scan]
# bad_flag = -9.990e-29
*END*
[from data line 91]
   2538.103     2.9106     2.9107   3.260308   3.259972     2.1490     0.0348     0.9200     0.1264    96.8902    34.9297 1.3323e+03 9.5400e-02      85571          2  0.000e+00
   2537.972     2.9108     2.9106   3.260267   3.259912     2.1490     0.0348     0.9200     0.1264    96.8902    34.9291 1.3323e+03 9.5400e-02      85572          2  0.000e+00
   2537.988     2.9106     2.9105   3.260296   3.259945     2.1490     0.0348     0.9200     0.1264    96.8902    34.9296 1.3323e+03 9.5400e-02      85573          2  0.000e+00
   2537.972     2.9106     2.9105   3.260296   3.260000     2.1490     0.0348     0.9261     0.1264    96.8902    34.9296 1.3323e+03 9.5400e-02      85574          2  0.000e+00
   2537.915     2.9106     2.9105   3.260302   3.259912     2.1490     0.0348     0.9322     0.1264    96.8902    34.9297 1.3323e+03 9.5400e-02      85575          2  0.000e+00
   2537.849     2.9105     2.9103   3.260356   3.259912     2.1490     0.0348     0.9261     0.1264    96.8902    34.9306 1.3323e+03 9.5400e-02      85576          2  0.000e+00
   2537.849     2.9107     2.9105   3.260332   3.259939     2.1490     0.0348     0.9322     0.1264    96.8902    34.9301 1.3323e+03 9.5400e-02      85577          2  0.000e+00
   2539.933     2.9101     2.9100   3.260386   3.259973     2.1504     0.0348     0.9261     0.1264    96.8902    34.9303 1.3494e+03 9.5400e-02      85930          3  0.000e+00
   2539.933     2.9100     2.9099   3.260392   3.260001     2.1504     0.0348     0.9261     0.1264    96.8902    34.9306 1.3494e+03 9.5400e-02      85931          3  0.000e+00
   2540.122     2.9105     2.9098   3.260392   3.260001     2.1504     0.0470     0.9261     0.1264    96.8902    34.9300 1.3514e+03 9.5400e-02      85932          3  0.000e+00
   2540.122     2.9104     2.9099   3.260381   3.259973     2.1504     0.0348     0.9322     0.1264    96.8902    34.9299 1.3514e+03 9.5400e-02      85933          3  0.000e+00
   2540.196     2.9103     2.9099   3.260375   3.260028     2.1504     0.0348     0.9322     0.1264    96.8902    34.9299 1.3514e+03 9.5400e-02      85934          3  0.000e+00
   2540.311     2.9101     2.9100   3.260416   3.260001     2.1504     0.0348     0.9261     0.1264    96.8902    34.9305 1.3533e+03 9.5400e-02      85935          3  0.000e+00
   2540.376     2.9105     2.9101   3.260416   3.260034     2.1504     0.0348     0.9322     0.1264    96.8902    34.9301 1.3533e+03 9.5400e-02      85936          3  0.000e+00
   2540.442     2.9103     2.9099   3.260446   3.260028     2.1504     0.0348     0.9261     0.1264    96.8902    34.9306 1.3533e+03 9.5400e-02      85937          3  0.000e+00
   2540.516     2.9103     2.9102   3.260446   3.260028     2.1504     0.0470     0.9200     0.1264    96.8902    34.9306 1.3552e+03 9.5400e-02      85938          3  0.000e+00
   2540.630     2.9105     2.9100   3.260399   3.260001     2.1504     0.0470     0.9200     0.1264    96.8902    34.9298 1.3533e+03 9.5400e-02      85939          3  0.000e+00
   2540.630     2.9105     2.9100   3.260399   3.260061     2.1504     0.0470     0.9200     0.1264    96.8902    34.9298 1.3533e+03 9.5400e-02      85940          3  0.000e+00
   2540.753     2.9105     2.9100   3.260422   3.260061     2.1504     0.0470     0.9200     0.1264    96.8902    34.9300 1.3552e+03 9.5400e-02      85941          3  0.000e+00
   2540.827     2.9105     2.9100   3.260434   3.260034     2.1504     0.0470     0.9200     0.1264    96.8902    34.9301 1.3552e+03 9.5400e-02      85942          3  0.000e+00
   2540.819     2.9105     2.9098   3.260416   3.260061     2.1491     0.0470     0.9200     0.1264    96.8902    34.9299 1.3552e+03 9.5400e-02      85943          3  0.000e+00
   2541.008     2.9103     2.9100   3.260422   3.260028     2.1491     0.0470     0.9200     0.1264    96.8902    34.9301 1.3552e+03 9.5400e-02      85944          3  0.000e+00
   2541.008     2.9106     2.9099   3.260452   3.260001     2.1491     0.0470     0.9200     0.1264    96.8902    34.9301 1.3552e+03 9.5400e-02      85945          3  0.000e+00
   2541.082     2.9103     2.9100   3.260452   3.260062     2.1504     0.0470     0.9200     0.1264    96.8902    34.9304 1.3552e+03 9.5400e-02      85946          3  0.000e+00
   2541.131     2.9105     2.9101   3.260393   3.260028     2.1504     0.0470     0.9200     0.1264    96.8902    34.9294 1.3552e+03 9.5400e-02      85947          3  0.000e+00
   2541.196     2.9106     2.9100   3.260464   3.260034     2.1504     0.0470     0.9200     0.1264    96.8902    34.9301 1.3552e+03 9.5400e-02      85948          3  0.000e+00
   2541.262     2.9103     2.9099   3.260452   3.260029     2.1504     0.0470     0.9200     0.1264    96.8902    34.9303 1.3533e+03 9.5400e-02      85949          3  0.000e+00
   2541.336     2.9105     2.9100   3.260434   3.260062     2.1491     0.0470     0.9200     0.1264    96.8902    34.9299 1.3552e+03 9.5400e-02      85950          3  0.000e+00
   2541.385     2.9105     2.9101   3.260476   3.260062     2.1491     0.0470     0.9200     0.1264    96.8902    34.9304 1.3552e+03 9.5400e-02      85951          3  0.000e+00
   2541.451     2.9103     2.9100   3.260452   3.260062     2.1491     0.0470     0.9200     0.1264    96.8902    34.9302 1.3533e+03 9.5400e-02      85952          3  0.000e+00
   2541.508     2.9105     2.9100   3.260452   3.260062     2.1491     0.0470     0.9200     0.1264    96.8902    34.9300 1.3552e+03 9.5400e-02      85953          3  0.000e+00
   2541.590     2.9106     2.9100   3.260470   3.260062     2.1504     0.0470     0.9200     0.1264    96.8902    34.9300 1.3552e+03 9.5400e-02      85954          3  0.000e+00
   2541.639     2.9105     2.9100   3.260470   3.260029     2.1491     0.0470     0.9200     0.1264    96.8902    34.9302 1.3552e+03 9.5400e-02      85955          3  0.000e+00
   2541.705     2.9105     2.9102   3.260482   3.260062     2.1504     0.0470     0.9200     0.1264    96.8902    34.9303 1.3552e+03 9.5400e-02      85956          3  0.000e+00
   2541.705     2.9106     2.9100   3.260476   3.260062     2.1491     0.0470     0.9261     0.1264    96.8902    34.9301 1.3533e+03 9.5400e-02      85957          3  0.000e+00
   2541.836     2.9105     2.9099   3.260482   3.260029     2.1491     0.0470     0.9200     0.1264    96.8902    34.9302 1.3533e+03 9.5400e-02      85958          3  0.000e+00
   2541.828     2.9106     2.9101   3.260476   3.260089     2.1491     0.0470     0.9200     0.1264    96.8902    34.9300 1.3552e+03 9.5400e-02      85959          3  0.000e+00
   2541.894     2.9106     2.9100   3.260464   3.260089     2.1491     0.0470     0.9200     0.1275    96.8634    34.9298 1.3552e+03 9.5400e-02      85960          3  0.000e+00
   2541.951     2.9106     2.9102   3.260488   3.260089     2.1491     0.0470     0.9200     0.1264    96.8902    34.9301 1.3533e+03 9.5400e-02      85961          3  0.000e+00
   2541.967     2.9104     2.9100   3.260476   3.260117     2.1491     0.0470     0.9261     0.1264    96.8902    34.9302 1.3533e+03 9.5400e-02      85962          3  0.000e+00
   2542.017     2.9105     2.9100   3.260464   3.260001     2.1491     0.0470     0.9322     0.1264    96.8902    34.9299 1.3533e+03 9.5400e-02      85963          3  0.000e+00
   2542.082     2.9106     2.9102   3.260482   3.260029     2.1491     0.0470     0.9322     0.1264    96.8902    34.9300 1.3533e+03 9.5400e-02      85964          3  0.000e+00
   2542.156     2.9106     2.9102   3.260512   3.260062     2.1504     0.0470     0.9261     0.1264    96.8902    34.9303 1.3533e+03 9.5400e-02      85965          3  0.000e+00
   2542.140     2.9105     2.9102   3.260506   3.260062     2.1504     0.0470     0.9322     0.1264    96.8902    34.9304 1.3533e+03 9.5400e-02      85966          3  0.000e+00
   2542.140     2.9106     2.9103   3.260453   3.260089     2.1491     0.0470     0.9322     0.1264    96.8902    34.9296 1.3533e+03 9.5400e-02      85967          3  0.000e+00
   2542.271     2.9106     2.9102   3.260482   3.260090     2.1491     0.0470     0.9261     0.1264    96.8902    34.9299 1.3533e+03 9.5400e-02      85968          3  0.000e+00
   2542.279     2.9106     2.9102   3.260500   3.260090     2.1491     0.0470     0.9261     0.1264    96.8902    34.9301 1.3533e+03 9.5400e-02      85969          3  0.000e+00
   2542.271     2.9106     2.9103   3.260512   3.260090     2.1504     0.0470     0.9322     0.1264    96.8902    34.9302 1.3514e+03 9.5400e-02      85970          3  0.000e+00
   2542.271     2.9106     2.9105   3.260459   3.260117     2.1491     0.0470     0.9261     0.1264    96.8902    34.9296 1.3533e+03 9.5400e-02      85971          3  0.000e+00
   2542.337     2.9105     2.9102   3.260476   3.260090     2.1491     0.0470     0.9261     0.1264    96.8902    34.9299 1.3514e+03 9.5400e-02      85972          3  0.000e+00
   2542.345     2.9106     2.9104   3.260494   3.260062     2.1491     0.0470     0.9261     0.1264    96.8902    34.9300 1.3514e+03 9.5400e-02      85973          3  0.000e+00
   2542.394     2.9106     2.9105   3.260494   3.260117     2.1491     0.0470     0.9322     0.1264    96.8902    34.9300 1.3533e+03 9.5400e-02      85974          3  0.000e+00
   2542.337     2.9105     2.9104   3.260494   3.260150     2.1504     0.0470     0.9261     0.1264    96.8902    34.9302 1.3514e+03 9.5400e-02      85975          3  0.000e+00
   2542.410     2.9106     2.9105   3.260476   3.260090     2.1491     0.0470     0.9261     0.1264    96.8902    34.9297 1.3514e+03 9.5400e-02      85976          3  0.000e+00
   2542.394     2.9107     2.9105   3.260506   3.260090     2.1491     0.0470     0.9261     0.1264    96.8902    34.9300 1.3514e+03 9.5400e-02      85977          3  0.000e+00
   2542.394     2.9108     2.9105   3.260524   3.260090     2.1491     0.0470     0.9261     0.1264    96.8902    34.9301 1.3514e+03 9.5400e-02      85978          3  0.000e+00
