Ship_data/Irminger/Irminger-3/ctd/process/ar0701007.ros
* Sea-Bird SBE 9 Data File:
* FileName = D:\Data\ar0701007.hdr
* Software Version Seasave V 7.23.2
* Temperature SN = 4406
* Conductivity SN = 3042
* Number of Bytes Per Scan = 44
* Number of Voltage Words = 5
* Number of Scans Averaged by the Deck Unit = 1
* NMEA Latitude = 59 58.33 N
* NMEA Longitude = 039 30.33 W
* NMEA UTC (Time) = Jul 11 2016  19:24:31
** Site Irminger Hybrid profiler mooring
** G. Tupper Tupper
** Station # 007
# nquan = 16
# nvalues = 539                                   
# units = specified
# name 0 = prDM: Pressure, Digiquartz [db]
# name 1 = t090C: Temperature [ITS-90, deg C]
# name 2 = t190C: Temperature, 2 [ITS-90, deg C]
# name 3 = c0S/m: Conductivity [S/m]
# name 4 = c1S/m: Conductivity, 2 [S/m]
# name 5 = sbeox0V: Oxygen raw, SBE 43 [V]
# name 6 = flECO-AFL: Fluorescence, WET Labs ECO-AFL/FL [mg/m^3]
# name 7 = turbWETntu0: Turbidity, WET Labs ECO [NTU]
# name 8 = CStarAt0: Beam Attenuation, WET Labs C-Star [1/m]
# name 9 = CStarTr0: Beam Transmission, WET Labs C-Star [%]
# name 10 = sal00: Salinity, Practical [PSU]
# name 11 = spar: SPAR/Surface Irradiance
# name 12 = par: PAR/Irradiance, Biospherical/Licor
# name 13 = scan: Scan Count
# name 14 = nbf: Bottles Fired
# name 15 = flag:  0.000e+00
# interval = seconds: 0.0416667
# start_time = Jul 11 2016 19:29:37 [NMEA time, first data scan]
# bad_flag = -9.990e-29
*END*
   2622.895     1.5457     1.5453   3.141480   3.141137     2.2403     0.0470     0.9871     0.1551    96.1957    34.9012 2.3477e+02 9.5400e-02     111534          1  0.000e+00
   2622.829     1.5460     1.5453   3.141451   3.141104     2.2403     0.0470     0.9871     0.1551    96.1957    34.9006 2.3477e+02 9.5400e-02     111535          1  0.000e+00
   2622.771     1.5459     1.5453   3.141504   3.141115     2.2403     0.0470     0.9871     0.1551    96.1957    34.9014 2.3477e+02 9.5400e-02     111536          1  0.000e+00
   2622.813     1.5460     1.5454   3.141545   3.141077     2.2403     0.0470     0.9871     0.1551    96.1957    34.9018 2.3477e+02 9.5400e-02     111537          1  0.000e+00
   2622.829     1.5461     1.5452   3.141539   3.141077     2.2391     0.0470     0.9871     0.1551    96.1957    34.9015 2.3477e+02 9.5400e-02     111538          1  0.000e+00
   2622.771     1.5463     1.5457   3.141510   3.141104     2.2391     0.0470     0.9871     0.1551    96.1957    34.9010 2.3477e+02 9.5400e-02     111539          1  0.000e+00
   2622.829     1.5463     1.5454   3.141516   3.141077     2.2403     0.0470     0.9871     0.1540    96.2224    34.9010 2.3477e+02 9.5400e-02     111540          1  0.000e+00
   2622.706     1.5461     1.5456   3.141510   3.141104     2.2403     0.0470     0.9871     0.1551    96.1957    34.9012 2.3477e+02 9.5400e-02     111541          1  0.000e+00
   2622.772     1.5463     1.5456   3.141516   3.141104     2.2403     0.0470     0.9871     0.1551    96.1957    34.9011 2.3477e+02 9.5400e-02     111542          1  0.000e+00
   2622.706     1.5463     1.5453   3.141545   3.141104     2.2403     0.0470     0.9871     0.1551    96.1957    34.9014 2.3286e+02 9.5400e-02     111543          1  0.000e+00
   2622.747     1.5461     1.5456   3.141516   3.141115     2.2403     0.0470     0.9871     0.1551    96.1957    34.9012 2.3286e+02 9.5400e-02     111544          1  0.000e+00
   2622.706     1.5461     1.5456   3.141498   3.141077     2.2403     0.0470     0.9871     0.1551    96.1957    34.9010 2.3477e+02 9.5400e-02     111545          1  0.000e+00
   2622.640     1.5463     1.5457   3.141539   3.141104     2.2403     0.0470     0.9871     0.1551    96.1957    34.9014 2.3286e+02 9.5400e-02     111546          1  0.000e+00
   2622.640     1.5460     1.5454   3.141516   3.141077     2.2391     0.0470     0.9871     0.1551    96.1957    34.9015 2.3477e+02 9.5400e-02     111547          1  0.000e+00
   2622.640     1.5461     1.5453   3.141498   3.141077     2.2403     0.0470     0.9871     0.1563    96.1689    34.9011 2.3477e+02 9.5400e-02     111548          1  0.000e+00
   2622.575     1.5461     1.5453   3.141480   3.141104     2.2403     0.0470     0.9871     0.1563    96.1689    34.9009 2.3477e+02 9.5400e-02     111549          1  0.000e+00
   2622.493     1.5461     1.5453   3.141486   3.141137     2.2403     0.0470     0.9810     0.1563    96.1689    34.9010 2.3477e+02 9.5400e-02     111550          1  0.000e+00
   2622.640     1.5463     1.5454   3.141563   3.141104     2.2403     0.0470     0.9810     0.1563    96.1689    34.9017 2.3477e+02 9.5400e-02     111551          1  0.000e+00
   2622.517     1.5463     1.5453   3.141545   3.141061     2.2416     0.0470     0.9810     0.1551    96.1957    34.9015 2.3286e+02 9.5400e-02     111552          1  0.000e+00
   2622.517     1.5461     1.5453   3.141527   3.141050     2.2403     0.0470     0.9810     0.1551    96.1957    34.9015 2.3477e+02 9.5400e-02     111553          1  0.000e+00
   2622.452     1.5461     1.5453   3.141510   3.141077     2.2403     0.0470     0.9810     0.1551    96.1957    34.9013 2.3286e+02 9.5400e-02     111554          1  0.000e+00
   2622.452     1.5463     1.5453   3.141516   3.141077     2.2403     0.0470     0.9810     0.1563    96.1689    34.9012 2.3477e+02 9.5400e-02     111555          1  0.000e+00
   2622.452     1.5465     1.5454   3.141545   3.141077     2.2403     0.0470     0.9810     0.1574    96.1422    34.9014 2.3477e+02 9.5400e-02     111556          1  0.000e+00
   2622.369     1.5463     1.5454   3.141539   3.141104     2.2403     0.0470     0.9810     0.1574    96.1422    34.9015 2.3286e+02 9.5400e-02     111557          1  0.000e+00
   2622.328     1.5463     1.5453   3.141510   3.141104     2.2403     0.0470     0.9810     0.1574    96.1422    34.9012 2.3286e+02 9.5400e-02     111558          1  0.000e+00
   2622.328     1.5461     1.5456   3.141498   3.141104     2.2403     0.0470     0.9810     0.1574    96.1422    34.9012 2.3286e+02 9.5400e-02     111559          1  0.000e+00
   2622.263     1.5461     1.5453   3.141498   3.141088     2.2403     0.0470     0.9810     0.1574    96.1422    34.9013 2.3286e+02 9.5400e-02     111560          1  0.000e+00
   2622.263     1.5461     1.5454   3.141480   3.141050     2.2403     0.0470     0.9810     0.1574    96.1422    34.9010 2.3286e+02 9.5400e-02     111561          1  0.000e+00
   2622.197     1.5461     1.5457   3.141486   3.141050     2.2403     0.0470     0.9810     0.1585    96.1155    34.9011 2.3286e+02 9.5400e-02     111562          1  0.000e+00
   2622.181     1.5459     1.5454   3.141480   3.141077     2.2403     0.0470     0.9810     0.1574    96.1422    34.9014 2.3286e+02 9.5400e-02     111563          1  0.000e+00
   2622.131     1.5460     1.5456   3.141469   3.141104     2.2403     0.0470     0.9810     0.1574    96.1422    34.9011 2.3286e+02 9.5400e-02     111564          1  0.000e+00
   2622.131     1.5460     1.5457   3.141469   3.141077     2.2403     0.0470     0.9810     0.1563    96.1689    34.9011 2.3286e+02 9.5400e-02     111565          1  0.000e+00
   2622.074     1.5461     1.5456   3.141510   3.141137     2.2403     0.0470     0.9810     0.1563    96.1689    34.9015 2.3286e+02 9.5400e-02     111566          1  0.000e+00
   2622.074     1.5461     1.5455   3.141527   3.141137     2.2403     0.0470     0.9810     0.1551    96.1957    34.9017 2.3286e+02 9.5400e-02     111567          1  0.000e+00
   2621.943     1.5463     1.5456   3.141510   3.141061     2.2403     0.0470     0.9810     0.1551    96.1957    34.9014 2.3286e+02 9.5400e-02     111568          1  0.000e+00
   2621.992     1.5460     1.5454   3.141480   3.141077     2.2403     0.0470     0.9810     0.1551    96.1957    34.9013 2.3286e+02 9.5400e-02     111569          1  0.000e+00
   2621.943     1.5463     1.5456   3.141533   3.141050     2.2391     0.0470     0.9810     0.1551    96.1957    34.9017 2.3286e+02 9.5400e-02     111570          1  0.000e+00
   2621.885     1.5461     1.5456   3.141515   3.141077     2.2403     0.0470     0.9810     0.1563    96.1689    34.9016 2.3286e+02 9.5400e-02     111571          1  0.000e+00
   2621.820     1.5465     1.5457   3.141498   3.141104     2.2403     0.0470     0.9810     0.1563    96.1689    34.9011 2.3286e+02 9.5400e-02     111572          1  0.000e+00
   2621.820     1.5461     1.5457   3.141498   3.141077     2.2403     0.0470     0.9810     0.1563    96.1689    34.9015 2.3286e+02 9.5400e-02     111573          1  0.000e+00
   2621.820     1.5465     1.5457   3.141457   3.141077     2.2403     0.0470     0.9810     0.1563    96.1689    34.9006 2.3286e+02 9.5400e-02     111574          1  0.000e+00
   2621.672     1.5461     1.5456   3.141504   3.141088     2.2403     0.0470     0.9810     0.1563    96.1689    34.9016 2.3286e+02 9.5400e-02     111575          1  0.000e+00
   2621.696     1.5463     1.5457   3.141527   3.141104     2.2391     0.0470     0.9810     0.1563    96.1689    34.9017 2.3286e+02 9.5400e-02     111576          1  0.000e+00
   2621.696     1.5463     1.5455   3.141509   3.141077     2.2403     0.0470     0.9810     0.1563    96.1689    34.9015 2.3286e+02 9.5400e-02     111577          1  0.000e+00
   2621.631     1.5461     1.5457   3.141480   3.141077     2.2403     0.0470     0.9810     0.1563    96.1689    34.9013 2.3286e+02 9.5400e-02     111578          1  0.000e+00
   2621.565     1.5463     1.5457   3.141486   3.141104     2.2403     0.0470     0.9810     0.1563    96.1689    34.9013 2.3286e+02 9.5400e-02     111579          1  0.000e+00
   2621.499     1.5463     1.5457   3.141515   3.141050     2.2403     0.0470     0.9810     0.1563    96.1689    34.9016 2.3286e+02 9.5400e-02     111580          1  0.000e+00
   2621.549     1.5463     1.5457   3.141509   3.141104     2.2391     0.0470     0.9810     0.1563    96.1689    34.9016 2.3286e+02 9.5400e-02     111581          1  0.000e+00
   2621.442     1.5460     1.5457   3.141515   3.141104     2.2391     0.0470     0.9810     0.1563    96.1689    34.9020 2.3286e+02 9.5400e-02     111582          1  0.000e+00
   2131.616     3.0368     3.0368   3.255669   3.255295     2.2498     0.0470     0.9383     0.1264    96.8902    34.9320 1.5651e+02 9.5400e-02     142054          2  0.000e+00
   2131.690     3.0370     3.0371   3.255645   3.255312     2.2498     0.0470     0.9383     0.1264    96.8902    34.9315 1.5460e+02 9.5400e-02     142055          2  0.000e+00
   2131.633     3.0369     3.0371   3.255627   3.255323     2.2498     0.0470     0.9383     0.1264    96.8902    34.9314 1.5651e+02 9.5400e-02     142056          2  0.000e+00
   2131.755     3.0368     3.0368   3.255645   3.255312     2.2498     0.0470     0.9383     0.1264    96.8902    34.9316 1.5651e+02 9.5400e-02     142057          2  0.000e+00
   2131.690     3.0369     3.0369   3.255639   3.255323     2.2498     0.0470     0.9383     0.1264    96.8902    34.9315 1.5460e+02 9.5400e-02     142058          2  0.000e+00
   2131.633     3.0370     3.0368   3.255645   3.255312     2.2498     0.0470     0.9383     0.1264    96.8902    34.9315 1.5651e+02 9.5400e-02     142059          2  0.000e+00
   2131.690     3.0370     3.0368   3.255639   3.255312     2.2498     0.0470     0.9383     0.1264    96.8902    34.9314 1.5460e+02 9.5400e-02     142060          2  0.000e+00
   2131.690     3.0368     3.0371   3.255627   3.255295     2.2498     0.0470     0.9383     0.1264    96.8902    34.9315 1.5651e+02 9.5400e-02     142061          2  0.000e+00
   2131.755     3.0370     3.0366   3.255645   3.255278     2.2498     0.0470     0.9383     0.1264    96.8902    34.9315 1.5651e+02 9.5400e-02     142062          2  0.000e+00
   2131.690     3.0372     3.0368   3.255657   3.255323     2.2498     0.0470     0.9383     0.1264    96.8902    34.9314 1.5651e+02 9.5400e-02     142063          2  0.000e+00
   2131.755     3.0368     3.0369   3.255615   3.255312     2.2498     0.0470     0.9383     0.1264    96.8902    34.9313 1.5460e+02 9.5400e-02     142064          2  0.000e+00
   2131.690     3.0369     3.0368   3.255598   3.255295     2.2510     0.0470     0.9383     0.1275    96.8634    34.9310 1.5651e+02 9.5400e-02     142065          2  0.000e+00
   2131.755     3.0370     3.0368   3.255639   3.255278     2.2498     0.0348     0.9444     0.1264    96.8902    34.9314 1.5460e+02 9.5400e-02     142066          2  0.000e+00
   2131.755     3.0367     3.0366   3.255657   3.255295     2.2498     0.0348     0.9505     0.1264    96.8902    34.9319 1.5460e+02 9.5400e-02     142067          2  0.000e+00
   2131.690     3.0370     3.0369   3.255675   3.255339     2.2498     0.0348     0.9566     0.1264    96.8902    34.9318 1.5651e+02 9.5400e-02     142068          2  0.000e+00
   2131.820     3.0369     3.0370   3.255621   3.255295     2.2498     0.0348     0.9505     0.1264    96.8902    34.9313 1.5651e+02 9.5400e-02     142069          2  0.000e+00
   2131.739     3.0370     3.0368   3.255615   3.255278     2.2498     0.0348     0.9505     0.1264    96.8902    34.9311 1.5651e+02 9.5400e-02     142070          2  0.000e+00
   2131.755     3.0368     3.0369   3.255609   3.255350     2.2498     0.0348     0.9505     0.1264    96.8902    34.9312 1.5651e+02 9.5400e-02     142071          2  0.000e+00
   2131.755     3.0367     3.0368   3.255639   3.255312     2.2498     0.0348     0.9505     0.1264    96.8902    34.9317 1.5460e+02 9.5400e-02     142072          2  0.000e+00
   2131.755     3.0368     3.0370   3.255657   3.255295     2.2523     0.0348     0.9505     0.1264    96.8902    34.9318 1.5460e+02 9.5400e-02     142073          2  0.000e+00
   2131.820     3.0369     3.0367   3.255639   3.255312     2.2498     0.0348     0.9505     0.1264    96.8902    34.9315 1.5651e+02 9.5400e-02     142074          2  0.000e+00
   2131.755     3.0368     3.0368   3.255609   3.255262     2.2498     0.0348     0.9505     0.1264    96.8902    34.9312 1.5651e+02 9.5400e-02     142075          2  0.000e+00
   2131.755     3.0367     3.0366   3.255598   3.255312     2.2498     0.0348     0.9505     0.1264    96.8902    34.9312 1.5651e+02 9.5400e-02     142076          2  0.000e+00
   2131.820     3.0368     3.0367   3.255639   3.255262     2.2498     0.0348     0.9505     0.1264    96.8902    34.9315 1.5460e+02 9.5400e-02     142077          2  0.000e+00
   2131.820     3.0368     3.0366   3.255615   3.255312     2.2498     0.0348     0.9505     0.1264    96.8902    34.9312 1.5651e+02 9.5400e-02     142078          2  0.000e+00
   2131.755     3.0366     3.0368   3.255639   3.255312     2.2523     0.0348     0.9505     0.1264    96.8902    34.9318 1.5651e+02 9.5400e-02     142079          2  0.000e+00
   2131.820     3.0365     3.0367   3.255615   3.255295     2.2498     0.0348     0.9566     0.1264    96.8902    34.9315 1.5460e+02 9.5400e-02     142080          2  0.000e+00
   2131.820     3.0367     3.0370   3.255615   3.255278     2.2498     0.0348     0.9505     0.1264    96.8902    34.9314 1.5460e+02 9.5400e-02     142081          2  0.000e+00
   2131.820     3.0364     3.0368   3.255609   3.255295     2.2498     0.0348     0.9566     0.1264    96.8902    34.9316 1.5651e+02 9.5400e-02     142082          2  0.000e+00
   2131.820     3.0364     3.0366   3.255598   3.255278     2.2498     0.0348     0.9566     0.1264    96.8902    34.9314 1.5651e+02 9.5400e-02     142083          2  0.000e+00
   2131.820     3.0365     3.0368   3.255556   3.255262     2.2498     0.0348     0.9505     0.1264    96.8902    34.9308 1.5651e+02 9.5400e-02     142084          2  0.000e+00
   2131.739     3.0364     3.0366   3.255556   3.255278     2.2498     0.0348     0.9505     0.1264    96.8902    34.9310 1.5651e+02 9.5400e-02     142085          2  0.000e+00
   2131.877     3.0365     3.0366   3.255568   3.255295     2.2498     0.0348     0.9505     0.1264    96.8902    34.9309 1.5460e+02 9.5400e-02     142086          2  0.000e+00
   2131.755     3.0364     3.0370   3.255568   3.255278     2.2498     0.0348     0.9566     0.1264    96.8902    34.9312 1.5651e+02 9.5400e-02     142087          2  0.000e+00
   2131.877     3.0363     3.0366   3.255568   3.255295     2.2498     0.0348     0.9566     0.1264    96.8902    34.9312 1.5651e+02 9.5400e-02     142088          2  0.000e+00
   2131.820     3.0365     3.0367   3.255633   3.255278     2.2510     0.0348     0.9505     0.1264    96.8902    34.9318 1.5460e+02 9.5400e-02     142089          2  0.000e+00
   2131.820     3.0364     3.0368   3.255592   3.255295     2.2523     0.0348     0.9444     0.1264    96.8902    34.9314 1.5460e+02 9.5400e-02     142090          2  0.000e+00
   2131.820     3.0364     3.0366   3.255586   3.255278     2.2498     0.0470     0.9444     0.1264    96.8902    34.9314 1.5651e+02 9.5400e-02     142091          2  0.000e+00
   2131.820     3.0366     3.0367   3.255556   3.255323     2.2498     0.0470     0.9383     0.1264    96.8902    34.9308 1.5460e+02 9.5400e-02     142092          2  0.000e+00
   2131.820     3.0362     3.0368   3.255580   3.255278     2.2498     0.0470     0.9383     0.1264    96.8902    34.9315 1.5651e+02 9.5400e-02     142093          2  0.000e+00
   2131.820     3.0364     3.0368   3.255580   3.255295     2.2498     0.0470     0.9383     0.1275    96.8634    34.9313 1.5651e+02 9.5400e-02     142094          2  0.000e+00
