Ship_data/Irminger/Irminger-3/ctd/process/ar0701006.ros
* Sea-Bird SBE 9 Data File:
* FileName = D:\Data\ar0701006.hdr
* Software Version Seasave V 7.23.2
* Temperature SN = 4406
* Conductivity SN = 3042
* Number of Bytes Per Scan = 44
* Number of Voltage Words = 5
* Number of Scans Averaged by the Deck Unit = 1
* NMEA Latitude = 59 55.99 N
* NMEA Longitude = 039 27.05 W
* NMEA UTC (Time) = Jul 10 2016  19:49:21
** Site Irminger Surface Mooring
** G. Tupper Tupper
** Station # 006
** new mooring
# nquan = 16
# nvalues = 539                                   
# units = specified
# name 0 = prDM: Pressure, Digiquartz [db]
# name 1 = t090C: Temperature [ITS-90, deg C]
# name 2 = t190C: Temperature, 2 [ITS-90, deg C]
# name 3 = c0S/m: Conductivity [S/m]
# name 4 = c1S/m: Conductivity, 2 [S/m]
# name 5 = sbeox0V: Oxygen raw, SBE 43 [V]
# name 6 = flECO-AFL: Fluorescence, WET Labs ECO-AFL/FL [mg/m^3]
# name 7 = turbWETntu0: Turbidity, WET Labs ECO [NTU]
# name 8 = CStarAt0: Beam Attenuation, WET Labs C-Star [1/m]
# name 9 = CStarTr0: Beam Transmission, WET Labs C-Star [%]
# name 10 = sal00: Salinity, Practical [PSU]
# name 11 = spar: SPAR/Surface Irradiance
# name 12 = par: PAR/Irradiance, Biospherical/Licor
# name 13 = scan: Scan Count
# name 14 = nbf: Bottles Fired
# name 15 = flag:  0.000e+00
# interval = seconds: 0.0416667
# start_time = Jul 10 2016 19:51:27 [NMEA time, first data scan]
# bad_flag = -9.990e-29
*END*
[from data line 362]
     41.250     5.1640     5.1646   3.354984   3.355072     3.1219     0.3889     0.9810     0.2246    94.5395    34.9154 1.7751e+02 9.5400e-02     107556          8  0.000e+00
     41.148     5.1636     5.1634   3.354894   3.354709     3.1219     0.3889     0.9749     0.2246    94.5395    34.9147 1.7751e+02 9.5400e-02     107557          8  0.000e+00
     41.250     5.1630     5.1627   3.354828   3.354720     3.1219     0.3889     0.9810     0.2235    94.5662    34.9146 1.7560e+02 9.5400e-02     107558          8  0.000e+00
     41.211     5.1620     5.1608   3.354791   3.354770     3.1219     0.4011     0.9810     0.2212    94.6197    34.9152 1.7751e+02 9.5400e-02     107559          8  0.000e+00
     41.313     5.1617     5.1598   3.354761   3.354598     3.1219     0.4011     0.9810     0.2190    94.6731    34.9151 1.7751e+02 9.5400e-02     107560          8  0.000e+00
     41.266     5.1614     5.1592   3.354683   3.354408     3.1219     0.4011     0.9810     0.2178    94.6998    34.9146 1.7751e+02 9.5400e-02     107561          8  0.000e+00
     41.266     5.1609     5.1590   3.354701   3.354386     3.1219     0.4011     0.9749     0.2167    94.7265    34.9153 1.7751e+02 9.5400e-02     107562          8  0.000e+00
     41.313     5.1605     5.1588   3.354683   3.354257     3.1219     0.4011     0.9810     0.2167    94.7265    34.9155 1.7751e+02 9.5400e-02     107563          8  0.000e+00
     41.266     5.1605     5.1587   3.354683   3.354296     3.1219     0.4011     0.9810     0.2167    94.7265    34.9155 1.7751e+02 9.5400e-02     107564          8  0.000e+00
     41.368     5.1603     5.1584   3.354671   3.354230     3.1219     0.4011     0.9810     0.2190    94.6731    34.9155 1.7751e+02 9.5400e-02     107565          8  0.000e+00
     41.329     5.1609     5.1578   3.354701   3.354297     3.1219     0.4011     0.9810     0.2201    94.6464    34.9153 1.7751e+02 9.5400e-02     107566          8  0.000e+00
     41.431     5.1606     5.1565   3.354683   3.354196     3.1207     0.3889     0.9810     0.2201    94.6464    34.9153 1.7751e+02 9.5400e-02     107567          8  0.000e+00
     41.329     5.1601     5.1550   3.354617   3.354079     3.1207     0.4011     0.9810     0.2190    94.6731    34.9151 1.7751e+02 9.5400e-02     107568          8  0.000e+00
     41.384     5.1593     5.1542   3.354491   3.354029     3.1219     0.4011     0.9810     0.2178    94.6998    34.9144 1.7751e+02 9.5400e-02     107569          8  0.000e+00
     41.431     5.1579     5.1542   3.354430   3.353895     3.1219     0.4011     0.9810     0.2178    94.6998    34.9152 1.7751e+02 9.5400e-02     107570          8  0.000e+00
     41.439     5.1578     5.1544   3.354442   3.353878     3.1219     0.4011     0.9749     0.2178    94.6998    34.9154 1.7751e+02 9.5400e-02     107571          8  0.000e+00
     41.431     5.1582     5.1547   3.354491   3.353895     3.1219     0.4011     0.9810     0.2178    94.6998    34.9156 1.7751e+02 9.5400e-02     107572          8  0.000e+00
     41.439     5.1590     5.1546   3.354575   3.353968     3.1207     0.4011     0.9810     0.2167    94.7265    34.9157 1.7751e+02 9.5400e-02     107573          8  0.000e+00
     41.431     5.1593     5.1547   3.354581   3.353929     3.1207     0.4011     0.9749     0.2167    94.7265    34.9154 1.7751e+02 9.5400e-02     107574          8  0.000e+00
     41.502     5.1582     5.1544   3.354394   3.353906     3.1207     0.4011     0.9810     0.2167    94.7265    34.9145 1.7751e+02 9.5400e-02     107575          8  0.000e+00
     41.557     5.1563     5.1544   3.354214   3.353929     3.1207     0.4011     0.9749     0.2167    94.7265    34.9143 1.7751e+02 9.5400e-02     107576          8  0.000e+00
     41.486     5.1548     5.1539   3.354154   3.353895     3.1207     0.4011     0.9810     0.2167    94.7265    34.9152 1.7751e+02 9.5400e-02     107577          8  0.000e+00
     41.557     5.1552     5.1544   3.354208   3.353878     3.1207     0.4011     0.9749     0.2167    94.7265    34.9154 1.7751e+02 9.5400e-02     107578          8  0.000e+00
     41.486     5.1558     5.1546   3.354250   3.353834     3.1207     0.4011     0.9810     0.2167    94.7265    34.9153 1.7751e+02 9.5400e-02     107579          8  0.000e+00
     41.557     5.1564     5.1549   3.354352   3.353906     3.1207     0.4011     0.9810     0.2156    94.7532    34.9158 1.7751e+02 9.5400e-02     107580          8  0.000e+00
     41.557     5.1566     5.1549   3.354346   3.353895     3.1207     0.4011     0.9749     0.2156    94.7532    34.9155 1.7751e+02 9.5400e-02     107581          8  0.000e+00
     41.604     5.1561     5.1552   3.354256   3.353934     3.1207     0.4011     0.9810     0.2156    94.7532    34.9150 1.7751e+02 9.5400e-02     107582          8  0.000e+00
     41.620     5.1563     5.1547   3.354322   3.353929     3.1207     0.4011     0.9810     0.2178    94.6998    34.9155 1.7942e+02 9.5400e-02     107583          8  0.000e+00
     41.605     5.1562     5.1549   3.354316   3.353934     3.1207     0.4011     0.9810     0.2190    94.6731    34.9155 1.7751e+02 9.5400e-02     107584          8  0.000e+00
     41.620     5.1561     5.1549   3.354298   3.353895     3.1207     0.3889     0.9810     0.2178    94.6998    34.9154 1.7751e+02 9.5400e-02     107585          8  0.000e+00
     20.784     8.0014     8.0239   3.609318   3.611027     3.3202     2.0250     1.1153     0.5091    88.0485    34.8611 1.7369e+02 9.5400e-02     110884          9  0.000e+00
     20.729     8.0033     8.0335   3.609448   3.610803     3.3202     2.0128     1.1092     0.5140    87.9417    34.8606 1.7178e+02 9.5400e-02     110885          9  0.000e+00
     20.784     8.0054     8.0483   3.609801   3.611216     3.3202     2.0128     1.1092     0.5103    88.0218    34.8623 1.7178e+02 9.5400e-02     110886          9  0.000e+00
     20.902     8.0205     8.0549   3.611145   3.612462     3.3202     2.0128     1.1092     0.5055    88.1287    34.8616 1.7369e+02 9.5400e-02     110887          9  0.000e+00
     20.816     8.0381     8.0517   3.612476   3.613168     3.3202     2.0250     1.1031     0.5019    88.2088    34.8584 1.7369e+02 9.5400e-02     110888          9  0.000e+00
     20.847     8.0457     8.0460   3.612594   3.613105     3.3202     2.0128     1.1092     0.5019    88.2088    34.8521 1.7369e+02 9.5400e-02     110889          9  0.000e+00
     20.847     8.0318     8.0429   3.610984   3.612783     3.3190     2.0128     1.1092     0.4994    88.2622    34.8487 1.7178e+02 9.5400e-02     110890          9  0.000e+00
     20.847     8.0136     8.0416   3.609405   3.612559     3.3190     2.0128     1.1092     0.4958    88.3424    34.8498 1.7369e+02 9.5400e-02     110891          9  0.000e+00
     20.957     8.0037     8.0286   3.608191   3.612433     3.3190     2.0250     1.1031     0.4922    88.4225    34.8466 1.7178e+02 9.5400e-02     110892          9  0.000e+00
     20.902     7.9887     8.0197   3.607299   3.611859     3.3190     2.0128     1.1031     0.4922    88.4225    34.8520 1.7178e+02 9.5400e-02     110893          9  0.000e+00
     20.902     7.9885     8.0204   3.607355   3.610545     3.3190     2.0128     1.1092     0.4958    88.3424    34.8528 1.7369e+02 9.5400e-02     110894          9  0.000e+00
     20.989     7.9898     8.0231   3.607498   3.610132     3.3190     2.0250     1.1092     0.4994    88.2622    34.8530 1.7178e+02 9.5400e-02     110895          9  0.000e+00
     20.957     7.9863     8.0143   3.607250   3.610264     3.3190     2.0250     1.1092     0.5006    88.2355    34.8538 1.7178e+02 9.5400e-02     110896          9  0.000e+00
     21.020     7.9766     8.0122   3.606513   3.609845     3.3190     2.0128     1.1031     0.4982    88.2889    34.8555 1.7369e+02 9.5400e-02     110897          9  0.000e+00
     20.957     7.9698     8.0104   3.607300   3.609403     3.3190     2.0128     1.1092     0.4946    88.3691    34.8708 1.7178e+02 9.5400e-02     110898          9  0.000e+00
     21.075     7.9896     8.0155   3.609231   3.609805     3.3190     2.0250     1.1092     0.4922    88.4225    34.8717 1.7369e+02 9.5400e-02     110899          9  0.000e+00
     21.020     8.0100     8.0231   3.610371   3.610068     3.3190     2.0250     1.1092     0.4910    88.4492    34.8637 1.7178e+02 9.5400e-02     110900          9  0.000e+00
     21.052     8.0103     8.0325   3.609869   3.610642     3.3190     2.0128     1.1092     0.4898    88.4759    34.8580 1.7178e+02 9.5400e-02     110901          9  0.000e+00
     21.075     8.0040     8.0351   3.609857   3.611377     3.3190     2.0128     1.1092     0.4886    88.5026    34.8641 1.7178e+02 9.5400e-02     110902          9  0.000e+00
     21.138     8.0149     8.0497   3.610699   3.611796     3.3190     2.0128     1.1092     0.4873    88.5294    34.8623 1.7369e+02 9.5400e-02     110903          9  0.000e+00
     21.138     8.0217     8.0634   3.611461   3.612462     3.3178     2.0128     1.1092     0.4873    88.5294    34.8637 1.7369e+02 9.5400e-02     110904          9  0.000e+00
     21.138     8.0275     8.0706   3.611678   3.613839     3.3190     2.0128     1.1092     0.4910    88.4492    34.8602 1.7369e+02 9.5400e-02     110905          9  0.000e+00
     21.138     8.0274     8.0712   3.611523   3.614729     3.3190     2.0250     1.1031     0.4958    88.3424    34.8587 1.7369e+02 9.5400e-02     110906          9  0.000e+00
     21.193     8.0257     8.0759   3.611139   3.615085     3.3190     2.0128     1.1092     0.4994    88.2622    34.8562 1.7178e+02 9.5400e-02     110907          9  0.000e+00
     21.162     8.0326     8.0801   3.611665   3.615349     3.3190     2.0128     1.1092     0.5006    88.2355    34.8550 1.7369e+02 9.5400e-02     110908          9  0.000e+00
     21.256     8.0470     8.0844   3.612892   3.615688     3.3190     2.0128     1.1092     0.5019    88.2088    34.8538 1.7369e+02 9.5400e-02     110909          9  0.000e+00
     21.256     8.0584     8.0864   3.614069   3.615947     3.3178     2.0495     1.1275     0.5031    88.1821    34.8551 1.7369e+02 9.5400e-02     110910          9  0.000e+00
     21.256     8.0645     8.0881   3.614911   3.616234     3.3190     2.0739     1.1397     0.5031    88.1821    34.8580 1.7369e+02 9.5400e-02     110911          9  0.000e+00
     21.256     8.0705     8.0893   3.615302   3.616297     3.3190     2.0861     1.1458     0.5019    88.2088    34.8562 1.7369e+02 9.5400e-02     110912          9  0.000e+00
     21.311     8.0743     8.0911   3.615593   3.616395     3.3190     2.0861     1.1458     0.5006    88.2355    34.8556 1.7178e+02 9.5400e-02     110913          9  0.000e+00
     21.280     8.0777     8.0914   3.615965   3.616584     3.3178     2.0861     1.1458     0.4994    88.2622    34.8562 1.7178e+02 9.5400e-02     110914          9  0.000e+00
     21.311     8.0814     8.0901   3.616175   3.616682     3.3178     2.0861     1.1458     0.4970    88.3157    34.8547 1.7369e+02 9.5400e-02     110915          9  0.000e+00
     21.366     8.0838     8.0876   3.616281   3.616682     3.3178     2.0861     1.1458     0.4922    88.4225    34.8534 1.7178e+02 9.5400e-02     110916          9  0.000e+00
     21.366     8.0855     8.0873   3.616435   3.616492     3.3178     2.0861     1.1397     0.4922    88.4225    34.8534 1.7369e+02 9.5400e-02     110917          9  0.000e+00
     21.366     8.0871     8.0882   3.616566   3.616331     3.3190     2.0861     1.1458     0.4922    88.4225    34.8532 1.7369e+02 9.5400e-02     110918          9  0.000e+00
     21.366     8.0874     8.0888   3.616553   3.616395     3.3178     2.0861     1.1458     0.4922    88.4225    34.8528 1.7369e+02 9.5400e-02     110919          9  0.000e+00
     21.398     8.0866     8.0876   3.616473   3.616429     3.3190     2.0861     1.1458     0.4898    88.4759    34.8527 1.7369e+02 9.5400e-02     110920          9  0.000e+00
     21.429     8.0866     8.0872   3.616510   3.616458     3.3178     2.0861     1.1397     0.4922    88.4225    34.8531 1.7369e+02 9.5400e-02     110921          9  0.000e+00
     21.484     8.0870     8.0879   3.616510   3.616332     3.3190     2.0861     1.1458     0.4958    88.3424    34.8527 1.7369e+02 9.5400e-02     110922          9  0.000e+00
     21.429     8.0861     8.0881   3.616497   3.616429     3.3190     2.0861     1.1397     0.4946    88.3691    34.8534 1.7369e+02 9.5400e-02     110923          9  0.000e+00
     21.484     8.0868     8.0868   3.616603   3.616297     3.3190     2.0861     1.1458     0.4910    88.4492    34.8538 1.7369e+02 9.5400e-02     110924          9  0.000e+00
     21.484     8.0884     8.0864   3.616652   3.616108     3.3190     2.0861     1.1397     0.4873    88.5294    34.8528 1.7369e+02 9.5400e-02     110925          9  0.000e+00
     21.516     8.0891     8.0883   3.616677   3.615947     3.3190     2.0861     1.1397     0.4873    88.5294    34.8524 1.7369e+02 9.5400e-02     110926          9  0.000e+00
     21.484     8.0892     8.0891   3.616770   3.616073     3.3190     2.0861     1.1458     0.4849    88.5828    34.8532 1.7369e+02 9.5400e-02     110927          9  0.000e+00
     21.547     8.0894     8.0834   3.616838   3.616395     3.3190     2.0861     1.1458     0.4849    88.5828    34.8538 1.7178e+02 9.5400e-02     110928          9  0.000e+00
     21.547     8.0900     8.0769   3.616783   3.616171     3.3202     2.0861     1.1397     0.4825    88.6362    34.8526 1.7369e+02 9.5400e-02     110929          9  0.000e+00
     21.547     8.0903     8.0754   3.616801   3.615786     3.3202     2.0861     1.1458     0.4825    88.6362    34.8524 1.7369e+02 9.5400e-02     110930          9  0.000e+00
     21.547     8.0899     8.0761   3.616826   3.615562     3.3202     2.0861     1.1458     0.4837    88.6095    34.8531 1.7369e+02 9.5400e-02     110931          9  0.000e+00
     21.571     8.0896     8.0759   3.616801   3.615597     3.3202     2.0861     1.1458     0.4873    88.5294    34.8532 1.7369e+02 9.5400e-02     110932          9  0.000e+00
     14.276     8.4329     8.4124   3.648091   3.646717     3.4211     3.0873     1.1580     0.6739    84.4959    34.8500 1.6987e+02 9.5400e-02     113543         10  0.000e+00
     14.158     8.4321     8.4103   3.648110   3.646400     3.4198     3.0751     1.1580     0.6751    84.4692    34.8511 1.6987e+02 9.5400e-02     113544         10  0.000e+00
     14.386     8.4288     8.4123   3.647886   3.646112     3.4186     3.0873     1.1580     0.6764    84.4424    34.8518 1.6987e+02 9.5400e-02     113545         10  0.000e+00
     14.276     8.4249     8.4146   3.647432   3.646042     3.4198     3.0873     1.1580     0.6827    84.3089    34.8509 1.6987e+02 9.5400e-02     113546         10  0.000e+00
     14.213     8.4230     8.4171   3.647078   3.646169     3.4198     3.0873     1.1580     0.6878    84.2020    34.8491 1.6987e+02 9.5400e-02     113547         10  0.000e+00
     14.331     8.4180     8.4177   3.646873   3.646526     3.4186     3.0873     1.1580     0.6865    84.2287    34.8517 1.6987e+02 9.5400e-02     113548         10  0.000e+00
     14.331     8.4138     8.4201   3.646686   3.646717     3.4198     3.0873     1.1580     0.6891    84.1753    34.8539 1.6987e+02 9.5400e-02     113549         10  0.000e+00
     14.276     8.4122     8.4197   3.646562   3.646878     3.4211     3.0873     1.1580     0.6942    84.0685    34.8542 1.6987e+02 9.5400e-02     113550         10  0.000e+00
     14.331     8.4117     8.4216   3.646469   3.647010     3.4186     3.0873     1.1580     0.6929    84.0952    34.8537 1.6987e+02 9.5400e-02     113551         10  0.000e+00
     14.331     8.4112     8.4218   3.646319   3.646918     3.4186     3.0873     1.1580     0.6878    84.2020    34.8526 1.6987e+02 9.5400e-02     113552         10  0.000e+00
