Ship_data/Irminger/Irminger-3/ctd/process/ar0701008.ros
* Sea-Bird SBE 9 Data File:
* FileName = D:\Data\ar0701008.hdr
* Software Version Seasave V 7.23.2
* Temperature SN = 4406
* Conductivity SN = 3042
* Number of Bytes Per Scan = 44
* Number of Voltage Words = 5
* Number of Scans Averaged by the Deck Unit = 1
* NMEA Latitude = 59 46.17 N
* NMEA Longitude = 039 51.52 W
* NMEA UTC (Time) = Jul 12 2016  19:23:48
** Site Irminger Flanking mooring A
** G. Tupper Tupper
** Station # 008
** Old and new
# nquan = 16
# nvalues = 588                                   
# units = specified
# name 0 = prDM: Pressure, Digiquartz [db]
# name 1 = t090C: Temperature [ITS-90, deg C]
# name 2 = t190C: Temperature, 2 [ITS-90, deg C]
# name 3 = c0S/m: Conductivity [S/m]
# name 4 = c1S/m: Conductivity, 2 [S/m]
# name 5 = sbeox0V: Oxygen raw, SBE 43 [V]
# name 6 = flECO-AFL: Fluorescence, WET Labs ECO-AFL/FL [mg/m^3]
# name 7 = turbWETntu0: Turbidity, WET Labs ECO [NTU]
# name 8 = CStarAt0: Beam Attenuation, WET Labs C-Star [1/m]
# name 9 = CStarTr0: Beam Transmission, WET Labs C-Star [%]
# name 10 = sal00: Salinity, Practical [PSU]
# name 11 = spar: SPAR/Surface Irradiance
# name 12 = par: PAR/Irradiance, Biospherical/Licor
# name 13 = scan: Scan Count
# name 14 = nbf: Bottles Fired
# name 15 = flag:  0.000e+00
# interval = seconds: 0.0416667
# start_time = Jul 12 2016 19:27:28 [NMEA time, first data scan]
# bad_flag = -9.990e-29
*END*
   2736.915     1.4671     1.4667   3.139051   3.138677     2.2082     0.0470     1.4145     0.1730    95.7683    34.9016 4.9435e+02 9.5400e-02      76054          1  0.000e+00
   2736.915     1.4670     1.4668   3.139074   3.138649     2.2082     0.0470     1.4145     0.1752    95.7148    34.9020 4.9626e+02 9.5400e-02      76055          1  0.000e+00
   2736.981     1.4669     1.4670   3.139068   3.138704     2.2082     0.0470     1.4145     0.1752    95.7148    34.9020 4.9435e+02 9.5400e-02      76056          1  0.000e+00
   2736.792     1.4669     1.4671   3.139045   3.138704     2.2082     0.0470     1.4145     0.1730    95.7683    34.9018 4.9626e+02 9.5400e-02      76057          1  0.000e+00
   2736.981     1.4671     1.4670   3.139051   3.138649     2.2082     0.0470     1.4145     0.1707    95.8217    34.9016 4.9435e+02 9.5400e-02      76058          1  0.000e+00
   2736.915     1.4671     1.4671   3.139104   3.138677     2.2082     0.0470     1.4145     0.1685    95.8751    34.9023 4.9435e+02 9.5400e-02      76059          1  0.000e+00
   2736.915     1.4669     1.4672   3.139092   3.138726     2.2082     0.0470     1.4145     0.1663    95.9285    34.9023 4.9435e+02 9.5400e-02      76060          1  0.000e+00
   2736.915     1.4671     1.4671   3.139068   3.138704     2.2082     0.0470     1.4145     0.1652    95.9552    34.9018 4.9435e+02 9.5400e-02      76061          1  0.000e+00
   2736.915     1.4671     1.4670   3.139021   3.138677     2.2082     0.0470     1.4145     0.1640    95.9820    34.9012 4.9435e+02 9.5400e-02      76062          1  0.000e+00
   2736.849     1.4670     1.4671   3.139068   3.138704     2.2082     0.0470     1.4145     0.1652    95.9552    34.9020 4.9435e+02 9.5400e-02      76063          1  0.000e+00
   2736.915     1.4671     1.4669   3.139051   3.138731     2.2082     0.0470     1.4145     0.1652    95.9552    34.9016 4.9435e+02 9.5400e-02      76064          1  0.000e+00
   2736.915     1.4672     1.4670   3.139045   3.138677     2.2082     0.0470     1.4145     0.1652    95.9552    34.9014 4.9435e+02 9.5400e-02      76065          1  0.000e+00
   2736.915     1.4668     1.4667   3.139057   3.138677     2.2082     0.0470     1.4145     0.1652    95.9552    34.9020 4.9626e+02 9.5400e-02      76066          1  0.000e+00
   2736.981     1.4669     1.4670   3.138998   3.138677     2.2082     0.0470     1.4145     0.1652    95.9552    34.9011 4.9435e+02 9.5400e-02      76067          1  0.000e+00
   2736.850     1.4669     1.4670   3.139016   3.138677     2.2082     0.0470     1.4145     0.1640    95.9820    34.9014 4.9435e+02 9.5400e-02      76068          1  0.000e+00
   2736.915     1.4671     1.4670   3.139068   3.138677     2.2082     0.0470     1.4145     0.1640    95.9820    34.9018 4.9435e+02 9.5400e-02      76069          1  0.000e+00
   2736.915     1.4669     1.4670   3.139068   3.138677     2.2082     0.0470     1.4145     0.1652    95.9552    34.9020 4.9435e+02 9.5400e-02      76070          1  0.000e+00
   2736.915     1.4669     1.4669   3.139021   3.138649     2.2082     0.0470     1.4145     0.1652    95.9552    34.9014 4.9435e+02 9.5400e-02      76071          1  0.000e+00
   2736.915     1.4668     1.4671   3.139045   3.138677     2.2082     0.0470     1.4145     0.1640    95.9820    34.9018 4.9435e+02 9.5400e-02      76072          1  0.000e+00
   2736.915     1.4669     1.4670   3.139045   3.138704     2.2082     0.0348     1.4145     0.1640    95.9820    34.9017 4.9435e+02 9.5400e-02      76073          1  0.000e+00
   2736.915     1.4669     1.4671   3.139027   3.138677     2.2082     0.0348     1.4145     0.1629    96.0087    34.9015 4.9435e+02 9.5400e-02      76074          1  0.000e+00
   2736.924     1.4672     1.4669   3.139027   3.138704     2.2082     0.0348     1.4145     0.1629    96.0087    34.9012 4.9435e+02 9.5400e-02      76075          1  0.000e+00
   2736.915     1.4669     1.4670   3.139051   3.138677     2.2082     0.0348     1.4145     0.1629    96.0087    34.9018 4.9626e+02 9.5400e-02      76076          1  0.000e+00
   2736.915     1.4671     1.4669   3.139021   3.138677     2.2082     0.0348     1.4145     0.1629    96.0087    34.9012 4.9435e+02 9.5400e-02      76077          1  0.000e+00
   2736.916     1.4672     1.4668   3.139045   3.138666     2.2082     0.0348     1.4145     0.1652    95.9552    34.9014 4.9435e+02 9.5400e-02      76078          1  0.000e+00
   2736.916     1.4671     1.4669   3.139074   3.138704     2.2082     0.0348     1.4145     0.1652    95.9552    34.9019 4.9626e+02 9.5400e-02      76079          1  0.000e+00
   2736.916     1.4667     1.4670   3.139068   3.138704     2.2082     0.0348     1.4145     0.1640    95.9820    34.9022 4.9435e+02 9.5400e-02      76080          1  0.000e+00
   2736.916     1.4671     1.4668   3.139045   3.138677     2.2094     0.0348     1.4145     0.1640    95.9820    34.9015 4.9435e+02 9.5400e-02      76081          1  0.000e+00
   2736.916     1.4669     1.4665   3.139033   3.138677     2.2082     0.0348     1.4084     0.1652    95.9552    34.9016 4.9435e+02 9.5400e-02      76082          1  0.000e+00
   2736.924     1.4671     1.4668   3.139051   3.138649     2.2082     0.0348     1.4145     0.1663    95.9285    34.9016 4.9435e+02 9.5400e-02      76083          1  0.000e+00
   2736.916     1.4671     1.4669   3.139057   3.138677     2.2082     0.0348     1.4145     0.1652    95.9552    34.9017 4.9435e+02 9.5400e-02      76084          1  0.000e+00
   2736.850     1.4669     1.4667   3.139057   3.138649     2.2082     0.0348     1.4145     0.1640    95.9820    34.9019 4.9435e+02 9.5400e-02      76085          1  0.000e+00
   2736.981     1.4671     1.4667   3.139021   3.138677     2.2082     0.0348     1.4145     0.1640    95.9820    34.9012 4.9435e+02 9.5400e-02      76086          1  0.000e+00
   2736.850     1.4668     1.4667   3.139045   3.138617     2.2082     0.0348     1.4145     0.1629    96.0087    34.9019 4.9435e+02 9.5400e-02      76087          1  0.000e+00
   2736.916     1.4669     1.4667   3.139062   3.138677     2.2082     0.0348     1.4145     0.1629    96.0087    34.9019 4.9435e+02 9.5400e-02      76088          1  0.000e+00
   2736.981     1.4668     1.4668   3.139057   3.138649     2.2082     0.0348     1.4145     0.1618    96.0354    34.9019 4.9435e+02 9.5400e-02      76089          1  0.000e+00
   2736.850     1.4671     1.4667   3.139080   3.138677     2.2082     0.0348     1.4145     0.1607    96.0621    34.9020 4.9435e+02 9.5400e-02      76090          1  0.000e+00
   2736.924     1.4668     1.4665   3.139051   3.138649     2.2082     0.0348     1.4145     0.1607    96.0621    34.9020 4.9435e+02 9.5400e-02      76091          1  0.000e+00
   2736.916     1.4672     1.4669   3.139033   3.138704     2.2082     0.0348     1.4145     0.1596    96.0888    34.9013 4.9435e+02 9.5400e-02      76092          1  0.000e+00
   2736.916     1.4669     1.4668   3.139033   3.138677     2.2082     0.0348     1.4145     0.1618    96.0354    34.9016 4.9435e+02 9.5400e-02      76093          1  0.000e+00
   2736.916     1.4669     1.4667   3.139068   3.138677     2.2082     0.0348     1.4145     0.1629    96.0087    34.9020 4.9435e+02 9.5400e-02      76094          1  0.000e+00
   2736.916     1.4669     1.4668   3.139027   3.138704     2.2082     0.0348     1.4145     0.1629    96.0087    34.9015 4.9435e+02 9.5400e-02      76095          1  0.000e+00
   2736.916     1.4669     1.4667   3.139021   3.138698     2.2082     0.0348     1.4145     0.1629    96.0087    34.9014 4.9244e+02 9.5400e-02      76096          1  0.000e+00
   2736.916     1.4671     1.4665   3.139051   3.138677     2.2082     0.0470     1.3900     0.1629    96.0087    34.9016 4.9244e+02 9.5400e-02      76097          1  0.000e+00
   2736.916     1.4668     1.4667   3.139074   3.138649     2.2082     0.0592     1.3778     0.1640    95.9820    34.9022 4.9244e+02 9.5400e-02      76098          1  0.000e+00
   2736.924     1.4669     1.4665   3.139086   3.138649     2.2082     0.0592     1.3778     0.1652    95.9552    34.9022 4.9435e+02 9.5400e-02      76099          1  0.000e+00
   2736.916     1.4669     1.4668   3.139051   3.138649     2.2082     0.0592     1.3778     0.1663    95.9285    34.9018 4.9244e+02 9.5400e-02      76100          1  0.000e+00
   2736.916     1.4669     1.4669   3.139033   3.138677     2.2082     0.0592     1.3778     0.1652    95.9552    34.9016 4.9244e+02 9.5400e-02      76101          1  0.000e+00
   2736.916     1.4669     1.4665   3.139033   3.138649     2.2082     0.0592     1.3778     0.1652    95.9552    34.9016 4.9244e+02 9.5400e-02      76102          1  0.000e+00
   2029.514     3.2083     3.2076   3.266775   3.266355     2.2912     0.0348     0.9566     0.1297    96.8100    34.9320 5.0771e+02 9.5400e-02      97374          2  0.000e+00
   2029.514     3.2085     3.2075   3.266769   3.266355     2.2912     0.0348     0.9566     0.1297    96.8100    34.9317 5.0771e+02 9.5400e-02      97375          2  0.000e+00
   2029.644     3.2083     3.2075   3.266769   3.266327     2.2912     0.0348     0.9566     0.1308    96.7833    34.9319 5.0771e+02 9.5400e-02      97376          2  0.000e+00
   2029.514     3.2083     3.2077   3.266757   3.266294     2.2912     0.0348     0.9566     0.1308    96.7833    34.9318 5.0771e+02 9.5400e-02      97377          2  0.000e+00
   2029.644     3.2084     3.2079   3.266745   3.266355     2.2912     0.0348     0.9566     0.1319    96.7566    34.9315 5.0771e+02 9.5400e-02      97378          2  0.000e+00
   2029.579     3.2085     3.2077   3.266805   3.266322     2.2912     0.0348     0.9566     0.1319    96.7566    34.9321 5.0771e+02 9.5400e-02      97379          2  0.000e+00
   2029.701     3.2083     3.2082   3.266775   3.266382     2.2899     0.0348     0.9566     0.1319    96.7566    34.9319 5.0771e+02 9.5400e-02      97380          2  0.000e+00
   2029.644     3.2085     3.2079   3.266763   3.266355     2.2912     0.0348     0.9566     0.1330    96.7299    34.9316 5.0771e+02 9.5400e-02      97381          2  0.000e+00
   2029.701     3.2085     3.2077   3.266787   3.266382     2.2912     0.0348     0.9566     0.1330    96.7299    34.9319 5.0771e+02 9.5400e-02      97382          2  0.000e+00
   2029.701     3.2083     3.2075   3.266787   3.266355     2.2912     0.0348     0.9627     0.1319    96.7566    34.9320 5.0771e+02 9.5400e-02      97383          2  0.000e+00
   2029.766     3.2083     3.2075   3.266793   3.266327     2.2912     0.0348     0.9566     0.1319    96.7566    34.9321 5.0771e+02 9.5400e-02      97384          2  0.000e+00
   2029.766     3.2086     3.2077   3.266781   3.266355     2.2912     0.0348     0.9566     0.1319    96.7566    34.9316 5.0771e+02 9.5400e-02      97385          2  0.000e+00
   2029.701     3.2085     3.2076   3.266799   3.266322     2.2912     0.0348     0.9627     0.1308    96.7833    34.9320 5.0771e+02 9.5400e-02      97386          2  0.000e+00
   2029.945     3.2086     3.2077   3.266805   3.266382     2.2912     0.0348     0.9566     0.1308    96.7833    34.9318 5.0771e+02 9.5400e-02      97387          2  0.000e+00
   2029.831     3.2086     3.2079   3.266781   3.266355     2.2912     0.0348     0.9566     0.1308    96.7833    34.9316 5.0771e+02 9.5400e-02      97388          2  0.000e+00
   2029.888     3.2088     3.2079   3.266817   3.266355     2.2912     0.0348     0.9566     0.1297    96.8100    34.9318 5.0771e+02 9.5400e-02      97389          2  0.000e+00
   2029.888     3.2086     3.2081   3.266811   3.266382     2.2912     0.0348     0.9566     0.1297    96.8100    34.9319 5.0771e+02 9.5400e-02      97390          2  0.000e+00
   2029.888     3.2088     3.2079   3.266817   3.266382     2.2912     0.0348     0.9566     0.1297    96.8100    34.9318 5.0771e+02 9.5400e-02      97391          2  0.000e+00
   2029.953     3.2085     3.2079   3.266793   3.266382     2.2912     0.0348     0.9566     0.1297    96.8100    34.9318 5.0771e+02 9.5400e-02      97392          2  0.000e+00
   2029.953     3.2086     3.2079   3.266775   3.266410     2.2912     0.0348     0.9566     0.1297    96.8100    34.9314 5.0771e+02 9.5400e-02      97393          2  0.000e+00
   2030.018     3.2083     3.2077   3.266769   3.266382     2.2912     0.0348     0.9566     0.1308    96.7833    34.9317 5.0771e+02 9.5400e-02      97394          2  0.000e+00
   2030.018     3.2084     3.2080   3.266787   3.266327     2.2912     0.0348     0.9566     0.1308    96.7833    34.9318 5.0771e+02 9.5400e-02      97395          2  0.000e+00
   2030.018     3.2085     3.2077   3.266787   3.266382     2.2912     0.0348     0.9566     0.1297    96.8100    34.9317 5.0771e+02 9.5400e-02      97396          2  0.000e+00
   2030.075     3.2083     3.2080   3.266793   3.266382     2.2912     0.0348     0.9566     0.1297    96.8100    34.9319 5.0962e+02 9.5400e-02      97397          2  0.000e+00
   2030.075     3.2085     3.2081   3.266799   3.266382     2.2912     0.0348     0.9566     0.1297    96.8100    34.9318 5.0771e+02 9.5400e-02      97398          2  0.000e+00
   2030.075     3.2086     3.2082   3.266805   3.266416     2.2912     0.0348     0.9566     0.1297    96.8100    34.9317 5.0771e+02 9.5400e-02      97399          2  0.000e+00
   2030.140     3.2088     3.2077   3.266823   3.266382     2.2912     0.0348     0.9566     0.1297    96.8100    34.9317 5.0771e+02 9.5400e-02      97400          2  0.000e+00
   2030.140     3.2085     3.2082   3.266829   3.266416     2.2912     0.0348     0.9566     0.1297    96.8100    34.9322 5.0771e+02 9.5400e-02      97401          2  0.000e+00
   2030.140     3.2086     3.2081   3.266817   3.266382     2.2912     0.0348     0.9566     0.1297    96.8100    34.9318 5.0771e+02 9.5400e-02      97402          2  0.000e+00
   2030.140     3.2085     3.2082   3.266781   3.266416     2.2912     0.0348     0.9566     0.1297    96.8100    34.9316 5.0771e+02 9.5400e-02      97403          2  0.000e+00
   2030.205     3.2088     3.2080   3.266769   3.266416     2.2912     0.0348     0.9566     0.1297    96.8100    34.9311 5.0771e+02 9.5400e-02      97404          2  0.000e+00
   2030.205     3.2086     3.2079   3.266799   3.266382     2.2912     0.0348     0.9566     0.1297    96.8100    34.9316 5.0771e+02 9.5400e-02      97405          2  0.000e+00
   2030.205     3.2085     3.2082   3.266805   3.266382     2.2912     0.0348     0.9566     0.1297    96.8100    34.9318 5.0771e+02 9.5400e-02      97406          2  0.000e+00
   2030.262     3.2088     3.2082   3.266841   3.266355     2.2912     0.0348     0.9566     0.1297    96.8100    34.9319 5.0771e+02 9.5400e-02      97407          2  0.000e+00
   2030.075     3.2085     3.2082   3.266823   3.266382     2.2912     0.0348     0.9566     0.1297    96.8100    34.9321 5.0771e+02 9.5400e-02      97408          2  0.000e+00
   2030.441     3.2086     3.2082   3.266781   3.266416     2.2912     0.0348     0.9566     0.1297    96.8100    34.9313 5.0771e+02 9.5400e-02      97409          2  0.000e+00
   2030.262     3.2085     3.2082   3.266787   3.266416     2.2912     0.0348     0.9566     0.1308    96.7833    34.9316 5.0771e+02 9.5400e-02      97410          2  0.000e+00
   2030.262     3.2086     3.2079   3.266805   3.266416     2.2912     0.0348     0.9566     0.1308    96.7833    34.9316 5.0771e+02 9.5400e-02      97411          2  0.000e+00
   2030.262     3.2085     3.2080   3.266805   3.266382     2.2912     0.0348     0.9566     0.1308    96.7833    34.9318 5.0771e+02 9.5400e-02      97412          2  0.000e+00
   2030.327     3.2086     3.2080   3.266781   3.266416     2.2912     0.0348     0.9566     0.1308    96.7833    34.9314 5.0771e+02 9.5400e-02      97413          2  0.000e+00
   2030.327     3.2088     3.2080   3.266775   3.266382     2.2912     0.0348     0.9566     0.1297    96.8100    34.9311 5.0771e+02 9.5400e-02      97414          2  0.000e+00
