Ship_data/Irminger/Irminger-3/ctd/process/ar0701004.cnv
* Sea-Bird SBE 9 Data File:
* FileName = D:\Data\ar0701004.hdr
* Software Version Seasave V 7.23.2
* Temperature SN = 4406
* Conductivity SN = 3042
* Number of Bytes Per Scan = 44
* Number of Voltage Words = 5
* Number of Scans Averaged by the Deck Unit = 1
* NMEA Latitude = 51 58.27 N
* NMEA Longitude = 045 45.89 W
* NMEA UTC (Time) = Jul 06 2016  17:02:22
**  Release test
** Chief Scientist: George Tupper
** Station ID 004
# nquan = 19
# nvalues = 5008                        
# units = specified
# name 0 = prDM: Pressure, Digiquartz [db]
# name 1 = t090C: Temperature [ITS-90, deg C]
# name 2 = t190C: Temperature, 2 [ITS-90, deg C]
# name 3 = c0S/m: Conductivity [S/m]
# name 4 = c1S/m: Conductivity, 2 [S/m]
# name 5 = sbeox0V: Oxygen raw, SBE 43 [V]
# name 6 = flECO-AFL: Fluorescence, WET Labs ECO-AFL/FL [mg/m^3]
# name 7 = turbWETntu0: Turbidity, WET Labs ECO [NTU]
# name 8 = CStarAt0: Beam Attenuation, WET Labs C-Star [1/m]
# name 9 = CStarTr0: Beam Transmission, WET Labs C-Star [%]
# name 10 = sal00: Salinity, Practical [PSU]
# name 11 = spar: SPAR/Surface Irradiance
# name 12 = par: PAR/Irradiance, Biospherical/Licor
# name 13 = depSM: Depth [salt water, m], lat = 51.9712
# name 14 = sal00: Salinity, Practical [PSU]
# name 15 = sal11: Salinity, Practical, 2 [PSU]
# name 16 = sbeox0ML/L: Oxygen, SBE 43 [ml/l], WS = 2
# name 17 = svCM: Sound Velocity [Chen-Millero, m/s]
# name 18 = flag: flag
# span 0 =      2.018,   2543.429       
# span 1 =     2.9147,    10.9471       
# span 2 =     2.9130,    10.9410       
# span 3 =   3.249806,   3.828701       
# span 4 =   3.249432,   3.827899       
# span 5 =     2.1514,     3.3406       
# span 6 =     0.0096,     2.9677       
# span 7 =     0.8886,     1.1106       
# span 8 =     0.1251,     0.8216       
# span 9 =    81.4327,    96.9219       
# span 10 =    34.2698,    34.9363      
# span 11 = 2.9247e+02, 2.9920e+03      
# span 12 = 9.5393e-02, 9.5483e-02      
# span 13 =      2.000,   2506.000      
# span 14 =    34.2698,    34.9363      
# span 15 =    34.2675,    34.9335      
# span 16 =     5.5720,     6.5523      
# span 17 =    1471.42,    1504.25      
# span 18 = 0.0000e+00, 0.0000e+00      
# interval = meters: 1                  
# start_time = Jul 06 2016 17:03:14 [NMEA time, first data scan]
# bad_flag = -9.990e-29
*END*
[from data line 458]
    465.592     4.2900     4.2850   3.294324   3.293687     2.6826     0.0350     0.9087     0.1346    96.6909    34.9021 1.1089e+03 9.5400e-02    461.000    34.9021    34.8999     6.0085    1475.33 0.0000e+00
    466.604     4.2799     4.2794   3.293390   3.293159     2.6826     0.0356     0.9074     0.1344    96.6948    34.9013 1.1119e+03 9.5400e-02    462.000    34.9013    34.8991     6.0110    1475.31 0.0000e+00
    467.615     4.2692     4.2694   3.292377   3.292308     2.6824     0.0356     0.9138     0.1344    96.6965    34.9001 1.1142e+03 9.5400e-02    463.000    34.9001    34.8991     6.0131    1475.28 0.0000e+00
    468.626     4.2563     4.2558   3.291184   3.291036     2.6822     0.0348     0.9082     0.1354    96.6711    34.8991 1.1136e+03 9.5400e-02    464.000    34.8991    34.8980     6.0155    1475.24 0.0000e+00
    469.637     4.2470     4.2464   3.290354   3.290089     2.6822     0.0348     0.9061     0.1352    96.6763    34.8986 1.1122e+03 9.5400e-02    465.000    34.8986    34.8962     6.0176    1475.22 0.0000e+00
    470.648     4.2411     4.2404   3.289796   3.289557     2.6824     0.0348     0.9068     0.1351    96.6780    34.8977 1.1090e+03 9.5400e-02    466.000    34.8977    34.8957     6.0200    1475.21 0.0000e+00
    471.659     4.2176     4.2172   3.287568   3.287417     2.6839     0.0348     0.9115     0.1347    96.6874    34.8959 1.1039e+03 9.5400e-02    467.000    34.8959    34.8944     6.0292    1475.13 0.0000e+00
    472.670     4.2334     4.2411   3.289001   3.289476     2.6901     0.0353     0.9084     0.1350    96.6808    34.8955 1.0930e+03 9.5400e-02    468.000    34.8955    34.8930     6.0451    1475.21 0.0000e+00
    473.681     4.2182     4.2176   3.287740   3.287481     2.6911     0.0348     0.9101     0.1352    96.6764    34.8962 1.0947e+03 9.5400e-02    469.000    34.8962    34.8937     6.0512    1475.16 0.0000e+00
    474.693     4.2179     4.2172   3.287825   3.287486     2.6901     0.0348     0.9106     0.1351    96.6780    34.8969 1.0956e+03 9.5400e-02    470.000    34.8969    34.8937     6.0492    1475.18 0.0000e+00
    475.704     4.2102     4.2115   3.287056   3.287042     2.6888     0.0348     0.9080     0.1354    96.6711    34.8954 1.0942e+03 9.5400e-02    471.000    34.8954    34.8940     6.0474    1475.16 0.0000e+00
    476.715     4.2076     4.2070   3.286856   3.286578     2.6895     0.0319     0.9070     0.1356    96.6669    34.8953 1.0897e+03 9.5400e-02    472.000    34.8953    34.8927     6.0508    1475.17 0.0000e+00
    477.726     4.2023     4.2015   3.286341   3.286064     2.6911     0.0232     0.9084     0.1354    96.6719    34.8944 1.0823e+03 9.5400e-02    473.000    34.8944    34.8919     6.0571    1475.16 0.0000e+00
    478.737     4.2006     4.2000   3.286196   3.285896     2.6937     0.0343     0.9091     0.1352    96.6766    34.8939 1.0780e+03 9.5400e-02    474.000    34.8939    34.8910     6.0655    1475.17 0.0000e+00
    479.748     4.2012     4.2005   3.286295   3.285992     2.6955     0.0406     0.9138     0.1356    96.6680    34.8939 1.0736e+03 9.5400e-02    475.000    34.8939    34.8910     6.0716    1475.19 0.0000e+00
    480.759     4.2039     4.2032   3.286626   3.286296     2.6968     0.0346     0.9078     0.1350    96.6823    34.8945 1.0685e+03 9.5400e-02    476.000    34.8945    34.8913     6.0756    1475.22 0.0000e+00
    481.771     4.2043     4.2037   3.286713   3.286440     2.6972     0.0282     0.9089     0.1352    96.6762    34.8945 1.0697e+03 9.5400e-02    477.000    34.8945    34.8918     6.0775    1475.24 0.0000e+00
    482.782     4.1972     4.1963   3.286075   3.285816     2.6972     0.0360     0.9102     0.1352    96.6765    34.8939 1.0708e+03 9.5400e-02    478.000    34.8939    34.8918     6.0794    1475.22 0.0000e+00
    483.793     4.1905     4.1902   3.285465   3.285211     2.6970     0.0348     0.9112     0.1352    96.6765    34.8933 1.0694e+03 9.5400e-02    479.000    34.8933    34.8906     6.0807    1475.21 0.0000e+00
    484.804     4.1932     4.1927   3.285821   3.285464     2.6971     0.0348     0.9106     0.1352    96.6765    34.8940 1.0661e+03 9.5400e-02    480.000    34.8940    34.8904     6.0813    1475.24 0.0000e+00
    485.815     4.1937     4.1933   3.285905   3.285642     2.6968     0.0258     0.9107     0.1353    96.6730    34.8940 1.0624e+03 9.5400e-02    481.000    34.8940    34.8913     6.0814    1475.26 0.0000e+00
    486.827     4.1918     4.1912   3.285766   3.285477     2.6971     0.0316     0.9107     0.1360    96.6578    34.8938 1.0591e+03 9.5400e-02    482.000    34.8938    34.8911     6.0831    1475.27 0.0000e+00
    487.838     4.1875     4.1872   3.285389   3.285155     2.6973     0.0352     0.9100     0.1352    96.6761    34.8934 1.0549e+03 9.5400e-02    483.000    34.8934    34.8909     6.0852    1475.26 0.0000e+00
    488.849     4.1867     4.1857   3.285330   3.284992     2.6981     0.0324     0.9116     0.1353    96.6736    34.8930 1.0480e+03 9.5400e-02    484.000    34.8930    34.8901     6.0886    1475.28 0.0000e+00
    489.860     4.1855     4.1835   3.285257   3.284855     2.6992     0.0351     0.9111     0.1352    96.6769    34.8929 1.0439e+03 9.5400e-02    485.000    34.8929    34.8903     6.0927    1475.29 0.0000e+00
    490.871     4.1763     4.1760   3.284403   3.284230     2.6991     0.0348     0.9104     0.1352    96.6765    34.8920 1.0460e+03 9.5400e-02    486.000    34.8920    34.8903     6.0947    1475.27 0.0000e+00
    491.883     4.1676     4.1677   3.283623   3.283457     2.6985     0.0209     0.9073     0.1359    96.6586    34.8914 1.0458e+03 9.5400e-02    487.000    34.8915    34.8895     6.0952    1475.25 0.0000e+00
    492.894     4.1654     4.1651   3.283452   3.283192     2.6979     0.0096     0.9059     0.1351    96.6778    34.8913 1.0448e+03 9.5400e-02    488.000    34.8913    34.8885     6.0948    1475.25 0.0000e+00
    493.905     4.1621     4.1615   3.283139   3.282868     2.6979     0.0346     0.9098     0.1353    96.6750    34.8906 1.0425e+03 9.5400e-02    489.000    34.8906    34.8879     6.0962    1475.25 0.0000e+00
    494.916     4.1644     4.1639   3.283449   3.283126     2.6975     0.0436     0.9073     0.1352    96.6764    34.8912 1.0359e+03 9.5400e-02    490.000    34.8912    34.8879     6.0953    1475.28 0.0000e+00
    495.927     4.1676     4.1688   3.283731   3.283616     2.6992     0.0136     0.9129     0.1352    96.6773    34.8906 1.0236e+03 9.5400e-02    491.000    34.8906    34.8880     6.1006    1475.31 0.0000e+00
    496.939     4.1688     4.1705   3.284003   3.283820     2.6995     0.0349     0.9139     0.1466    96.4031    34.8920 1.0137e+03 9.5400e-02    492.000    34.8920    34.8881     6.1019    1475.33 0.0000e+00
    497.950     4.1788     4.1784   3.285099   3.284786     2.6995     0.0348     0.9138     0.1399    96.5624    34.8939 1.0139e+03 9.5400e-02    493.000    34.8939    34.8906     6.1011    1475.39 0.0000e+00
    498.961     4.1790     4.1784   3.285166   3.284873     2.6996     0.0474     0.9067     0.1354    96.6724    34.8939 1.0156e+03 9.5400e-02    494.000    34.8939    34.8911     6.1021    1475.41 0.0000e+00
    499.973     4.1792     4.1786   3.285240   3.284924     2.6995     0.0470     0.9082     0.1352    96.6767    34.8941 1.0165e+03 9.5400e-02    495.000    34.8941    34.8910     6.1026    1475.43 0.0000e+00
    500.984     4.1809     4.1804   3.285494   3.285173     2.6993     0.0470     0.9101     0.1358    96.6616    34.8947 1.0155e+03 9.5400e-02    496.000    34.8947    34.8914     6.1026    1475.45 0.0000e+00
    501.995     4.1823     4.1818   3.285671   3.285368     2.6987     0.0419     0.9116     0.1354    96.6715    34.8948 1.0108e+03 9.5400e-02    497.000    34.8948    34.8918     6.1012    1475.48 0.0000e+00
    503.006     4.1810     4.1804   3.285566   3.285228     2.6979     0.0348     0.9101     0.1360    96.6571    34.8944 9.9097e+02 9.5400e-02    498.000    34.8944    34.8911     6.1002    1475.49 0.0000e+00
    504.018     4.1818     4.1812   3.285737   3.285431     2.6981     0.0348     0.9102     0.1358    96.6621    34.8950 9.8686e+02 9.5400e-02    499.000    34.8950    34.8920     6.1013    1475.51 0.0000e+00
    505.029     4.1822     4.1816   3.285857   3.285546     2.6982     0.0348     0.9092     0.1354    96.6725    34.8955 9.8518e+02 9.5400e-02    500.000    34.8955    34.8925     6.1023    1475.53 0.0000e+00
    506.040     4.1812     4.1806   3.285805   3.285495     2.6980     0.0348     0.9087     0.1359    96.6607    34.8954 9.8594e+02 9.5400e-02    501.000    34.8954    34.8924     6.1027    1475.54 0.0000e+00
    507.051     4.1819     4.1813   3.285942   3.285619     2.6973     0.0345     0.9072     0.1352    96.6760    34.8957 9.8339e+02 9.5400e-02    502.000    34.8957    34.8926     6.1013    1475.56 0.0000e+00
    508.063     4.1820     4.1814   3.285978   3.285682     2.6963     0.0294     0.9100     0.1351    96.6781    34.8956 9.7513e+02 9.5400e-02    503.000    34.8956    34.8926     6.0993    1475.58 0.0000e+00
    509.074     4.1825     4.1820   3.286101   3.285794     2.6961     0.0298     0.9105     0.1358    96.6624    34.8960 9.7600e+02 9.5400e-02    504.000    34.8960    34.8929     6.0994    1475.60 0.0000e+00
    510.085     4.1834     4.1828   3.286259   3.285943     2.6964     0.0220     0.9105     0.1358    96.6631    34.8963 9.7289e+02 9.5400e-02    505.000    34.8963    34.8932     6.1007    1475.62 0.0000e+00
    511.097     4.1828     4.1826   3.286231   3.286002     2.6965     0.0226     0.9093     0.1353    96.6737    34.8961 9.6759e+02 9.5400e-02    506.000    34.8961    34.8935     6.1021    1475.63 0.0000e+00
    512.108     4.1789     4.1784   3.285910   3.285643     2.6965     0.0226     0.9071     0.1355    96.6695    34.8959 9.6375e+02 9.5400e-02    507.000    34.8959    34.8933     6.1036    1475.63 0.0000e+00
    513.119     4.1748     4.1744   3.285560   3.285297     2.6961     0.0226     0.9094     0.1354    96.6719    34.8955 9.6288e+02 9.5400e-02    508.000    34.8955    34.8929     6.1040    1475.63 0.0000e+00
    514.131     4.1760     4.1742   3.285740   3.285317     2.6957     0.0434     0.9086     0.1355    96.6697    34.8959 9.6147e+02 9.5400e-02    509.000    34.8959    34.8927     6.1032    1475.65 0.0000e+00
    515.142     4.1776     4.1775   3.285927   3.285672     2.6962     0.0331     0.9108     0.1351    96.6792    34.8959 9.5528e+02 9.5400e-02    510.000    34.8959    34.8929     6.1051    1475.68 0.0000e+00
    516.153     4.1765     4.1759   3.285891   3.285595     2.6956     0.0349     0.9128     0.1349    96.6834    34.8961 9.5003e+02 9.5400e-02    511.000    34.8961    34.8932     6.1046    1475.69 0.0000e+00
    517.165     4.1738     4.1733   3.285685   3.285409     2.6955     0.0348     0.9139     0.1355    96.6683    34.8959 9.4732e+02 9.5400e-02    512.000    34.8959    34.8932     6.1055    1475.69 0.0000e+00
    518.176     4.1713     4.1707   3.285491   3.285209     2.6957     0.0348     0.9120     0.1355    96.6684    34.8957 9.4486e+02 9.5400e-02    513.000    34.8957    34.8930     6.1072    1475.70 0.0000e+00
    519.187     4.1688     4.1682   3.285291   3.285052     2.6959     0.0348     0.9101     0.1359    96.6590    34.8955 9.4295e+02 9.5400e-02    514.000    34.8955    34.8933     6.1092    1475.71 0.0000e+00
    520.199     4.1593     4.1588   3.284446   3.284179     2.6962     0.0348     0.9079     0.1361    96.6543    34.8950 9.4224e+02 9.5400e-02    515.000    34.8950    34.8925     6.1124    1475.68 0.0000e+00
    521.210     4.1540     4.1550   3.283978   3.283844     2.6963     0.0348     0.9059     0.1357    96.6656    34.8946 9.3943e+02 9.5400e-02    516.000    34.8946    34.8920     6.1142    1475.68 0.0000e+00
    522.221     4.1522     4.1518   3.283849   3.283585     2.6970     0.0268     0.9095     0.1361    96.6548    34.8945 9.3556e+02 9.5400e-02    517.000    34.8945    34.8917     6.1175    1475.68 0.0000e+00
    523.233     4.1469     4.1453   3.283369   3.283043     2.6976     0.0229     0.9091     0.1354    96.6712    34.8938 9.3141e+02 9.5400e-02    518.000    34.8938    34.8917     6.1208    1475.68 0.0000e+00
    524.244     4.1408     4.1404   3.282853   3.282586     2.6984     0.0353     0.9047     0.1354    96.6719    34.8937 9.2748e+02 9.5400e-02    519.000    34.8937    34.8910     6.1249    1475.67 0.0000e+00
    525.256     4.1326     4.1320   3.282104   3.281847     2.6990     0.0348     0.9141     0.1352    96.6753    34.8930 9.2379e+02 9.5400e-02    520.000    34.8930    34.8906     6.1288    1475.65 0.0000e+00
    526.267     4.1313     4.1307   3.282051   3.281736     2.6997     0.0348     0.9093     0.1356    96.6669    34.8932 9.1904e+02 9.5400e-02    521.000    34.8932    34.8901     6.1319    1475.66 0.0000e+00
    527.278     4.1305     4.1301   3.282006   3.281729     2.7002     0.0353     0.9140     0.1355    96.6682    34.8930 9.1652e+02 9.5400e-02    522.000    34.8930    34.8901     6.1344    1475.68 0.0000e+00
    528.290     4.1300     4.1295   3.282015   3.281722     2.7018     0.0444     0.9172     0.1360    96.6573    34.8930 9.1306e+02 9.5400e-02    523.000    34.8930    34.8901     6.1398    1475.69 0.0000e+00
    529.301     4.1298     4.1293   3.282044   3.281745     2.7020     0.0353     0.9082     0.1353    96.6731    34.8931 9.0911e+02 9.5400e-02    524.000    34.8931    34.8901     6.1413    1475.71 0.0000e+00
    530.313     4.1292     4.1283   3.282047   3.281745     2.7020     0.0253     0.9133     0.1359    96.6602    34.8933 9.0458e+02 9.5400e-02    525.000    34.8933    34.8906     6.1423    1475.72 0.0000e+00
    531.324     4.1200     4.1191   3.281225   3.280952     2.7017     0.0459     0.9104     0.1352    96.6765    34.8928 9.0008e+02 9.5400e-02    526.000    34.8928    34.8904     6.1438    1475.70 0.0000e+00
    532.335     4.1307     4.1295   3.282466   3.281914     2.7018     0.0386     0.9173     0.1353    96.6749    34.8956 8.9727e+02 9.5400e-02    527.000    34.8956    34.8903     6.1429    1475.76 0.0000e+00
    533.347     4.1349     4.1345   3.282890   3.282611     2.7020     0.0307     0.9176     0.1366    96.6435    34.8955 8.9494e+02 9.5400e-02    528.000    34.8955    34.8927     6.1435    1475.80 0.0000e+00
    534.358     4.1360     4.1355   3.283046   3.282753     2.7022     0.0253     0.9099     0.1354    96.6727    34.8957 8.9255e+02 9.5400e-02    529.000    34.8957    34.8928     6.1447    1475.82 0.0000e+00
    535.370     4.1364     4.1361   3.283141   3.282868     2.7015     0.0293     0.9085     0.1357    96.6649    34.8958 8.8816e+02 9.5400e-02    530.000    34.8958    34.8929     6.1435    1475.84 0.0000e+00
    536.381     4.1368     4.1367   3.283188   3.282920     2.6995     0.0358     0.9110     0.1355    96.6684    34.8955 8.7555e+02 9.5400e-02    531.000    34.8955    34.8924     6.1384    1475.86 0.0000e+00
    537.393     4.1427     4.1421   3.283921   3.283583     2.6995     0.0349     0.9057     0.1358    96.6622    34.8974 8.7440e+02 9.5400e-02    532.000    34.8974    34.8940     6.1381    1475.90 0.0000e+00
    538.404     4.1500     4.1490   3.284850   3.284206     2.6996     0.0300     0.9091     0.1353    96.6737    34.9001 8.7353e+02 9.5400e-02    533.000    34.9001    34.8936     6.1379    1475.95 0.0000e+00
    539.415     4.1731     4.1734   3.287224   3.286907     2.6991     0.0225     0.9139     0.1353    96.6749    34.9032 8.7179e+02 9.5400e-02    534.000    34.9032    34.8991     6.1333    1476.07 0.0000e+00
    540.427     4.1799     4.1795   3.288013   3.287568     2.6995     0.0226     0.9055     0.1352    96.6764    34.9047 8.7176e+02 9.5400e-02    535.000    34.9047    34.9000     6.1340    1476.11 0.0000e+00
