Ship_data/Irminger/Irminger-3/ctd/process/ar0701001.ros
* Sea-Bird SBE 9 Data File:
* FileName = D:\Data\ar0701001.hdr
* Software Version Seasave V 7.23.2
* Temperature SN = 4406
* Conductivity SN = 3042
* Number of Bytes Per Scan = 44
* Number of Voltage Words = 5
* Number of Scans Averaged by the Deck Unit = 1
* NMEA Latitude = 40 13.77 N
* NMEA Longitude = 070 53.71 W
* NMEA UTC (Time) = Jul 01 2016  19:09:29
**  PMCI
** Chief Scientist: George Tupper
** Station ID 001
# nquan = 16
# nvalues = 392                                   
# units = specified
# name 0 = prDM: Pressure, Digiquartz [db]
# name 1 = t090C: Temperature [ITS-90, deg C]
# name 2 = t190C: Temperature, 2 [ITS-90, deg C]
# name 3 = c0S/m: Conductivity [S/m]
# name 4 = c1S/m: Conductivity, 2 [S/m]
# name 5 = sbeox0V: Oxygen raw, SBE 43 [V]
# name 6 = flECO-AFL: Fluorescence, WET Labs ECO-AFL/FL [mg/m^3]
# name 7 = turbWETntu0: Turbidity, WET Labs ECO [NTU]
# name 8 = CStarAt0: Beam Attenuation, WET Labs C-Star [1/m]
# name 9 = CStarTr0: Beam Transmission, WET Labs C-Star [%]
# name 10 = sal00: Salinity, Practical [PSU]
# name 11 = spar: SPAR/Surface Irradiance
# name 12 = par: PAR/Irradiance, Biospherical/Licor
# name 13 = scan: Scan Count
# name 14 = nbf: Bottles Fired
# name 15 = flag:  0.000e+00
# interval = seconds: 0.0416667
# start_time = Jul 01 2016 19:10:54 [NMEA time, first data scan]
# bad_flag = -9.990e-29
*END*
    122.022    13.0213    13.0251   4.163466   4.163826     2.3699     0.0226     0.8894     0.2587    93.7382    35.5676 1.8094e+03 9.5938e-02       9929          1  0.000e+00
    121.951    13.0209    13.0225   4.163387   4.163753     2.3686     0.0470     0.8772     0.2564    93.7916    35.5673 1.8094e+03 9.5938e-02       9930          1  0.000e+00
    122.006    13.0191    13.0201   4.163381   4.163680     2.3686     0.0470     0.8772     0.2518    93.8984    35.5689 1.8094e+03 9.5938e-02       9931          1  0.000e+00
    121.959    13.0182    13.0195   4.163472   4.163504     2.3686     0.0470     0.8711     0.2496    93.9519    35.5706 1.8094e+03 9.5938e-02       9932          1  0.000e+00
    122.006    13.0151    13.0182   4.163341   4.163467     2.3686     0.0470     0.8772     0.2496    93.9519    35.5723 1.8094e+03 9.5938e-02       9933          1  0.000e+00
    121.896    13.0124    13.0183   4.163184   4.163370     2.3686     0.0470     0.8772     0.2496    93.9519    35.5734 1.8113e+03 9.5938e-02       9934          1  0.000e+00
    121.904    13.0131    13.0187   4.163066   4.163212     2.3686     0.0470     0.8772     0.2473    94.0053    35.5716 1.8113e+03 9.5669e-02       9935          1  0.000e+00
    122.006    13.0104    13.0195   4.162896   4.163036     2.3686     0.0470     0.8711     0.2473    94.0053    35.5724 1.8113e+03 9.5669e-02       9936          1  0.000e+00
    121.951    13.0094    13.0182   4.162928   4.162963     2.3674     0.0470     0.8772     0.2473    94.0053    35.5737 1.8133e+03 9.5669e-02       9937          1  0.000e+00
    121.849    13.0099    13.0183   4.162961   4.163072     2.3674     0.0470     0.8772     0.2496    93.9519    35.5736 1.8133e+03 9.5669e-02       9938          1  0.000e+00
    121.951    13.0114    13.0188   4.162935   4.163145     2.3674     0.0470     0.8772     0.2496    93.9519    35.5719 1.8133e+03 9.5938e-02       9939          1  0.000e+00
    121.896    13.0124    13.0191   4.162876   4.163248     2.3662     0.0470     0.8772     0.2496    93.9519    35.5704 1.8133e+03 9.5938e-02       9940          1  0.000e+00
    121.849    13.0125    13.0197   4.162928   4.163285     2.3662     0.0470     0.8772     0.2496    93.9519    35.5708 1.8133e+03 9.5938e-02       9941          1  0.000e+00
    121.896    13.0131    13.0199   4.162909   4.163248     2.3662     0.0470     0.8772     0.2496    93.9519    35.5701 1.8152e+03 9.5938e-02       9942          1  0.000e+00
    121.896    13.0137    13.0190   4.163027   4.163108     2.3662     0.0470     0.8772     0.2496    93.9519    35.5706 1.8152e+03 9.5938e-02       9943          1  0.000e+00
    121.849    13.0172    13.0171   4.163335   4.162926     2.3662     0.0470     0.8772     0.2496    93.9519    35.5703 1.8152e+03 9.5938e-02       9944          1  0.000e+00
    121.896    13.0211    13.0182   4.163531   4.162963     2.3662     0.0470     0.8772     0.2496    93.9519    35.5685 1.8152e+03 9.5938e-02       9945          1  0.000e+00
    121.778    13.0243    13.0206   4.163728   4.163072     2.3662     0.0470     0.8772     0.2496    93.9519    35.5674 1.8152e+03 9.5938e-02       9946          1  0.000e+00
    121.849    13.0267    13.0198   4.163892   4.163108     2.3662     0.0470     0.8772     0.2496    93.9519    35.5667 1.8171e+03 9.5938e-02       9947          1  0.000e+00
    121.833    13.0280    13.0206   4.163984   4.163145     2.3662     0.0470     0.8772     0.2473    94.0053    35.5664 1.8171e+03 9.5938e-02       9948          1  0.000e+00
    121.833    13.0283    13.0205   4.164108   4.163145     2.3662     0.0470     0.8772     0.2473    94.0053    35.5673 1.8190e+03 9.5669e-02       9949          1  0.000e+00
    121.786    13.0281    13.0191   4.164121   4.163145     2.3662     0.0470     0.8711     0.2473    94.0053    35.5676 1.8171e+03 9.5938e-02       9950          1  0.000e+00
    121.833    13.0288    13.0210   4.164134   4.163248     2.3662     0.0470     0.8772     0.2473    94.0053    35.5671 1.8190e+03 9.5938e-02       9951          1  0.000e+00
    121.833    13.0297    13.0229   4.164226   4.163248     2.3662     0.0470     0.8772     0.2450    94.0587    35.5671 1.8190e+03 9.5938e-02       9952          1  0.000e+00
    121.786    13.0299    13.0230   4.164331   4.163437     2.3662     0.0470     0.8711     0.2450    94.0587    35.5680 1.8209e+03 9.5669e-02       9953          1  0.000e+00
    121.778    13.0300    13.0226   4.164410   4.163467     2.3650     0.0348     0.8833     0.2450    94.0587    35.5686 1.8209e+03 9.5938e-02       9954          1  0.000e+00
    121.778    13.0312    13.0224   4.164567   4.163534     2.3650     0.0348     0.8894     0.2450    94.0587    35.5690 1.8209e+03 9.5938e-02       9955          1  0.000e+00
    121.786    13.0338    13.0229   4.164770   4.163534     2.3662     0.0226     0.8894     0.2450    94.0587    35.5685 1.8209e+03 9.5938e-02       9956          1  0.000e+00
    121.778    13.0352    13.0235   4.164803   4.163680     2.3662     0.0226     0.8894     0.2450    94.0587    35.5674 1.8228e+03 9.5938e-02       9957          1  0.000e+00
    121.778    13.0360    13.0248   4.164843   4.163680     2.3662     0.0226     0.8894     0.2450    94.0587    35.5671 1.8228e+03 9.5938e-02       9958          1  0.000e+00
    121.731    13.0367    13.0259   4.165079   4.163753     2.3662     0.0348     0.8894     0.2450    94.0587    35.5687 1.8228e+03 9.5938e-02       9959          1  0.000e+00
    121.778    13.0379    13.0259   4.165177   4.163856     2.3662     0.0226     0.8894     0.2450    94.0587    35.5685 1.8228e+03 9.5938e-02       9960          1  0.000e+00
    121.778    13.0386    13.0264   4.165190   4.163929     2.3662     0.0226     0.8894     0.2450    94.0587    35.5680 1.8247e+03 9.5938e-02       9961          1  0.000e+00
    121.731    13.0386    13.0266   4.165236   4.164002     2.3662     0.0226     0.8894     0.2473    94.0053    35.5685 1.8228e+03 9.5938e-02       9962          1  0.000e+00
    121.778    13.0377    13.0283   4.165282   4.164038     2.3662     0.0226     0.8894     0.2496    93.9519    35.5696 1.8247e+03 9.5669e-02       9963          1  0.000e+00
    121.715    13.0376    13.0294   4.165315   4.164075     2.3662     0.0226     0.8894     0.2518    93.8984    35.5702 1.8247e+03 9.5669e-02       9964          1  0.000e+00
    121.786    13.0381    13.0301   4.165407   4.164251     2.3662     0.0226     0.8894     0.2541    93.8450    35.5705 1.8247e+03 9.5938e-02       9965          1  0.000e+00
    121.715    13.0391    13.0308   4.165518   4.164251     2.3662     0.0226     0.8894     0.2564    93.7916    35.5707 1.8266e+03 9.5938e-02       9966          1  0.000e+00
    121.778    13.0411    13.0321   4.165570   4.164293     2.3662     0.0226     0.8894     0.2541    93.8450    35.5693 1.8266e+03 9.5669e-02       9967          1  0.000e+00
    121.731    13.0419    13.0323   4.165662   4.164360     2.3662     0.0226     0.8894     0.2518    93.8984    35.5694 1.8266e+03 9.5938e-02       9968          1  0.000e+00
    121.778    13.0421    13.0330   4.165767   4.164433     2.3662     0.0226     0.8894     0.2518    93.8984    35.5702 1.8266e+03 9.5669e-02       9969          1  0.000e+00
    121.715    13.0428    13.0343   4.165793   4.164470     2.3662     0.0226     0.8833     0.2518    93.8984    35.5698 1.8285e+03 9.5938e-02       9970          1  0.000e+00
    121.731    13.0439    13.0350   4.165846   4.164500     2.3662     0.0226     0.8894     0.2541    93.8450    35.5692 1.8285e+03 9.5938e-02       9971          1  0.000e+00
    121.778    13.0445    13.0331   4.165918   4.164573     2.3662     0.0226     0.8894     0.2541    93.8450    35.5694 1.8285e+03 9.5669e-02       9972          1  0.000e+00
    121.715    13.0451    13.0331   4.166043   4.164573     2.3662     0.0226     0.8894     0.2518    93.8984    35.5700 1.8304e+03 9.5669e-02       9973          1  0.000e+00
    121.786    13.0466    13.0348   4.166115   4.164646     2.3662     0.0226     0.8894     0.2496    93.9519    35.5693 1.8304e+03 9.5938e-02       9974          1  0.000e+00
    121.715    13.0470    13.0353   4.166128   4.164609     2.3662     0.0226     0.8894     0.2496    93.9519    35.5691 1.8304e+03 9.5669e-02       9975          1  0.000e+00
    121.786    13.0475    13.0345   4.166141   4.164682     2.3662     0.0226     0.8894     0.2496    93.9519    35.5687 1.8304e+03 9.5938e-02       9976          1  0.000e+00
    121.778    13.0478    13.0338   4.166206   4.164682     2.3674     0.0226     0.8894     0.2496    93.9519    35.5691 1.8304e+03 9.5938e-02       9977          1  0.000e+00
    121.896    13.0374    13.0366   4.165308   4.164755     2.3650     0.0348     0.8955     0.2473    94.0053    35.5702 1.7751e+03 9.5669e-02      10170          2  0.000e+00
    121.849    13.0356    13.0391   4.165197   4.164895     2.3650     0.0348     0.8955     0.2496    93.9519    35.5709 1.7751e+03 9.5938e-02      10171          2  0.000e+00
    121.896    13.0340    13.0396   4.165046   4.164968     2.3650     0.0348     0.8955     0.2518    93.8984    35.5708 1.7751e+03 9.5938e-02      10172          2  0.000e+00
    121.896    13.0338    13.0393   4.165007   4.165010     2.3650     0.0226     0.8955     0.2541    93.8450    35.5706 1.7751e+03 9.5669e-02      10173          2  0.000e+00
    121.904    13.0344    13.0386   4.164987   4.165114     2.3650     0.0226     0.9016     0.2541    93.8450    35.5699 1.7751e+03 9.5938e-02      10174          2  0.000e+00
    121.896    13.0331    13.0377   4.164836   4.165077     2.3650     0.0226     0.9016     0.2541    93.8450    35.5697 1.7751e+03 9.5938e-02      10175          2  0.000e+00
    121.896    13.0258    13.0386   4.164521   4.165041     2.3650     0.0226     0.9016     0.2541    93.8450    35.5735 1.7751e+03 9.5938e-02      10176          2  0.000e+00
    121.959    13.0186    13.0387   4.164135   4.165041     2.3662     0.0226     0.9016     0.2518    93.8984    35.5766 1.7751e+03 9.5938e-02      10177          2  0.000e+00
    121.896    13.0191    13.0391   4.163853   4.165077     2.3662     0.0226     0.9016     0.2518    93.8984    35.5735 1.7751e+03 9.5938e-02      10178          2  0.000e+00
    121.951    13.0226    13.0400   4.163787   4.165150     2.3650     0.0226     0.9016     0.2518    93.8984    35.5695 1.7732e+03 9.5938e-02      10179          2  0.000e+00
    121.904    13.0214    13.0403   4.163761   4.165181     2.3650     0.0226     0.8955     0.2496    93.9519    35.5704 1.7751e+03 9.5938e-02      10180          2  0.000e+00
    121.951    13.0191    13.0396   4.163538   4.165181     2.3662     0.0226     0.9016     0.2496    93.9519    35.5704 1.7732e+03 9.5938e-02      10181          2  0.000e+00
    121.951    13.0210    13.0393   4.163466   4.165223     2.3662     0.0226     0.9016     0.2496    93.9519    35.5680 1.7732e+03 9.5669e-02      10182          2  0.000e+00
    121.959    13.0216    13.0388   4.163387   4.165181     2.3662     0.0226     0.9016     0.2496    93.9519    35.5666 1.7751e+03 9.5938e-02      10183          2  0.000e+00
    121.951    13.0210    13.0393   4.163171   4.165254     2.3662     0.0226     0.9016     0.2496    93.9519    35.5652 1.7732e+03 9.5938e-02      10184          2  0.000e+00
    121.951    13.0194    13.0386   4.163158   4.165254     2.3662     0.0226     0.9016     0.2496    93.9519    35.5665 1.7751e+03 9.5938e-02      10185          2  0.000e+00
    122.022    13.0181    13.0373   4.163335   4.165217     2.3662     0.0226     0.9016     0.2496    93.9519    35.5694 1.7732e+03 9.5938e-02      10186          2  0.000e+00
    122.006    13.0188    13.0372   4.163387   4.165181     2.3662     0.0226     0.9016     0.2496    93.9519    35.5693 1.7751e+03 9.5669e-02      10187          2  0.000e+00
    121.951    13.0209    13.0377   4.163525   4.165004     2.3662     0.0226     0.9016     0.2496    93.9519    35.5686 1.7751e+03 9.5938e-02      10188          2  0.000e+00
    122.022    13.0250    13.0382   4.163787   4.165004     2.3674     0.0226     0.9016     0.2496    93.9519    35.5673 1.7732e+03 9.5938e-02      10189          2  0.000e+00
    122.006    13.0251    13.0388   4.163938   4.165077     2.3662     0.0226     0.9016     0.2496    93.9519    35.5685 1.7732e+03 9.5938e-02      10190          2  0.000e+00
    122.006    13.0261    13.0390   4.164181   4.165150     2.3686     0.0226     0.8955     0.2496    93.9519    35.5699 1.7751e+03 9.5669e-02      10191          2  0.000e+00
    122.022    13.0295    13.0393   4.164390   4.165187     2.3674     0.0226     0.9016     0.2496    93.9519    35.5688 1.7751e+03 9.5938e-02      10192          2  0.000e+00
    122.069    13.0309    13.0388   4.164220   4.165254     2.3674     0.0226     0.9016     0.2496    93.9519    35.5659 1.7732e+03 9.5669e-02      10193          2  0.000e+00
    122.069    13.0298    13.0385   4.163931   4.165181     2.3674     0.0226     0.9016     0.2496    93.9519    35.5641 1.7751e+03 9.5938e-02      10194          2  0.000e+00
    122.022    13.0238    13.0380   4.163590   4.165150     2.3674     0.0226     0.9016     0.2496    93.9519    35.5665 1.7732e+03 9.5938e-02      10195          2  0.000e+00
    122.069    13.0149    13.0382   4.163099   4.165181     2.3674     0.0226     0.9016     0.2496    93.9519    35.5701 1.7732e+03 9.5938e-02      10196          2  0.000e+00
    122.069    13.0137    13.0385   4.162961   4.165181     2.3686     0.0348     0.9016     0.2473    94.0053    35.5699 1.7732e+03 9.5938e-02      10197          2  0.000e+00
    122.077    13.0156    13.0383   4.162902   4.165150     2.3686     0.0348     0.9077     0.2473    94.0053    35.5676 1.7751e+03 9.5669e-02      10198          2  0.000e+00
    122.124    13.0136    13.0373   4.162758   4.165181     2.3686     0.0348     0.9077     0.2473    94.0053    35.5681 1.7751e+03 9.5669e-02      10199          2  0.000e+00
    122.069    13.0122    13.0368   4.162692   4.165114     2.3686     0.0348     0.9077     0.2496    93.9519    35.5688 1.7751e+03 9.5669e-02      10200          2  0.000e+00
    122.077    13.0106    13.0356   4.162325   4.165077     2.3686     0.0348     0.9077     0.2518    93.8984    35.5668 1.7751e+03 9.5938e-02      10201          2  0.000e+00
    122.124    13.0058    13.0351   4.161965   4.165011     2.3686     0.0348     0.9077     0.2518    93.8984    35.5678 1.7751e+03 9.5938e-02      10202          2  0.000e+00
    122.077    13.0047    13.0353   4.161866   4.164968     2.3686     0.0348     0.9077     0.2541    93.8450    35.5679 1.7751e+03 9.5938e-02      10203          2  0.000e+00
    122.124    13.0054    13.0370   4.161821   4.164968     2.3686     0.0348     0.9077     0.2541    93.8450    35.5668 1.7751e+03 9.5938e-02      10204          2  0.000e+00
    122.124    13.0034    13.0382   4.161571   4.165077     2.3686     0.0348     0.9077     0.2541    93.8450    35.5663 1.7751e+03 9.5669e-02      10205          2  0.000e+00
    122.140    13.0032    13.0385   4.161434   4.165114     2.3686     0.0348     0.9077     0.2518    93.8984    35.5652 1.7751e+03 9.5669e-02      10206          2  0.000e+00
    122.187    13.0028    13.0386   4.161395   4.165114     2.3686     0.0348     0.9077     0.2518    93.8984    35.5651 1.7751e+03 9.5938e-02      10207          2  0.000e+00
    122.124    13.0003    13.0392   4.161231   4.165150     2.3699     0.0348     0.9077     0.2518    93.8984    35.5659 1.7732e+03 9.5938e-02      10208          2  0.000e+00
    122.195    12.9919    13.0395   4.160680   4.165077     2.3699     0.0348     0.9077     0.2518    93.8984    35.5685 1.7751e+03 9.5669e-02      10209          2  0.000e+00
    122.124    12.9836    13.0388   4.160038   4.165004     2.3699     0.0348     0.9077     0.2496    93.9519    35.5703 1.7751e+03 9.5938e-02      10210          2  0.000e+00
