Ship_data/Irminger/Irminger-3/ctd/process/ar0701005.ros
* Sea-Bird SBE 9 Data File:
* FileName = D:\Data\ar0701005.hdr
* Software Version Seasave V 7.23.2
* Temperature SN = 4406
* Conductivity SN = 3042
* Number of Bytes Per Scan = 44
* Number of Voltage Words = 5
* Number of Scans Averaged by the Deck Unit = 1
* NMEA Latitude = 59 51.82 N
* NMEA Longitude = 039 07.47 W
* NMEA UTC (Time) = Jul 09 2016  12:14:52
**  Gliders
** Chief Scientist: Tupper
** Station ID 005
# nquan = 16
# nvalues = 588                                   
# units = specified
# name 0 = prDM: Pressure, Digiquartz [db]
# name 1 = t090C: Temperature [ITS-90, deg C]
# name 2 = t190C: Temperature, 2 [ITS-90, deg C]
# name 3 = c0S/m: Conductivity [S/m]
# name 4 = c1S/m: Conductivity, 2 [S/m]
# name 5 = sbeox0V: Oxygen raw, SBE 43 [V]
# name 6 = flECO-AFL: Fluorescence, WET Labs ECO-AFL/FL [mg/m^3]
# name 7 = turbWETntu0: Turbidity, WET Labs ECO [NTU]
# name 8 = CStarAt0: Beam Attenuation, WET Labs C-Star [1/m]
# name 9 = CStarTr0: Beam Transmission, WET Labs C-Star [%]
# name 10 = sal00: Salinity, Practical [PSU]
# name 11 = spar: SPAR/Surface Irradiance
# name 12 = par: PAR/Irradiance, Biospherical/Licor
# name 13 = scan: Scan Count
# name 14 = nbf: Bottles Fired
# name 15 = flag:  0.000e+00
# interval = seconds: 0.0416667
# start_time = Jul 09 2016 12:15:52 [NMEA time, first data scan]
# bad_flag = -9.990e-29
*END*
[from data line 91]
   1014.984     3.4333     3.4336   3.239559   3.239308     2.7101     0.0348     0.9138     0.1220    96.9970    34.8733 3.5502e+02 9.5669e-02      30895          2  0.000e+00
   1014.960     3.4337     3.4336   3.239577   3.239281     2.7088     0.0348     0.9138     0.1220    96.9970    34.8732 3.5502e+02 9.5669e-02      30896          2  0.000e+00
   1014.928     3.4334     3.4335   3.239583   3.239281     2.7088     0.0348     0.9138     0.1220    96.9970    34.8735 3.5502e+02 9.5669e-02      30897          2  0.000e+00
   1014.896     3.4335     3.4336   3.239601   3.239281     2.7088     0.0348     0.9138     0.1231    96.9703    34.8737 3.5502e+02 9.5669e-02      30898          2  0.000e+00
   1014.864     3.4336     3.4333   3.239548   3.239281     2.7088     0.0348     0.9138     0.1231    96.9703    34.8730 3.5502e+02 9.5669e-02      30899          2  0.000e+00
   1014.776     3.4337     3.4333   3.239583   3.239281     2.7088     0.0348     0.9138     0.1231    96.9703    34.8734 3.5502e+02 9.5669e-02      30900          2  0.000e+00
   1014.776     3.4335     3.4333   3.239589   3.239270     2.7088     0.0348     0.9138     0.1231    96.9703    34.8736 3.5502e+02 9.5669e-02      30901          2  0.000e+00
    812.325     3.4814     3.4811   3.235572   3.235312     2.7760     0.0348     0.9322     0.1220    96.9970    34.8799 4.1037e+02 9.5938e-02      38851          3  0.000e+00
    812.270     3.4813     3.4809   3.235578   3.235257     2.7760     0.0348     0.9322     0.1220    96.9970    34.8801 4.0846e+02 9.5669e-02      38852          3  0.000e+00
    812.325     3.4815     3.4809   3.235572   3.235285     2.7772     0.0348     0.9322     0.1220    96.9970    34.8798 4.0846e+02 9.5938e-02      38853          3  0.000e+00
    812.270     3.4813     3.4807   3.235619   3.235285     2.7772     0.0348     0.9322     0.1220    96.9970    34.8806 4.0846e+02 9.5669e-02      38854          3  0.000e+00
    812.214     3.4816     3.4811   3.235607   3.235224     2.7772     0.0348     0.9322     0.1220    96.9970    34.8802 4.0846e+02 9.5669e-02      38855          3  0.000e+00
    812.325     3.4815     3.4811   3.235590   3.235257     2.7760     0.0348     0.9322     0.1220    96.9970    34.8800 4.0846e+02 9.5938e-02      38856          3  0.000e+00
    812.333     3.4813     3.4809   3.235608   3.235285     2.7760     0.0348     0.9322     0.1220    96.9970    34.8804 4.0846e+02 9.5938e-02      38857          3  0.000e+00
    812.270     3.4815     3.4812   3.235596   3.235257     2.7760     0.0348     0.9322     0.1220    96.9970    34.8801 4.0846e+02 9.5938e-02      38858          3  0.000e+00
    812.333     3.4814     3.4810   3.235584   3.235257     2.7760     0.0348     0.9322     0.1220    96.9970    34.8800 4.0846e+02 9.5669e-02      38859          3  0.000e+00
    812.270     3.4813     3.4812   3.235566   3.235257     2.7772     0.0348     0.9322     0.1220    96.9970    34.8799 4.0846e+02 9.5938e-02      38860          3  0.000e+00
    812.270     3.4813     3.4809   3.235554   3.235285     2.7772     0.0348     0.9322     0.1209    97.0237    34.8798 4.0655e+02 9.5669e-02      38861          3  0.000e+00
    812.270     3.4815     3.4809   3.235578   3.235257     2.7760     0.0348     0.9322     0.1220    96.9970    34.8799 4.0846e+02 9.5669e-02      38862          3  0.000e+00
    812.270     3.4814     3.4811   3.235584   3.235312     2.7772     0.0348     0.9322     0.1220    96.9970    34.8800 4.0846e+02 9.5938e-02      38863          3  0.000e+00
    812.270     3.4816     3.4811   3.235590   3.235312     2.7772     0.0348     0.9322     0.1220    96.9970    34.8799 4.0846e+02 9.5669e-02      38864          3  0.000e+00
    812.270     3.4813     3.4810   3.235607   3.235257     2.7772     0.0348     0.9322     0.1220    96.9970    34.8804 4.0846e+02 9.5669e-02      38865          3  0.000e+00
    812.270     3.4816     3.4811   3.235596   3.235312     2.7760     0.0348     0.9322     0.1220    96.9970    34.8799 4.0846e+02 9.5669e-02      38866          3  0.000e+00
    812.270     3.4816     3.4809   3.235607   3.235285     2.7760     0.0348     0.9322     0.1231    96.9703    34.8801 4.0846e+02 9.5938e-02      38867          3  0.000e+00
    812.270     3.4816     3.4812   3.235572   3.235307     2.7772     0.0348     0.9322     0.1231    96.9703    34.8797 4.0846e+02 9.5669e-02      38868          3  0.000e+00
    812.206     3.4815     3.4814   3.235578   3.235257     2.7772     0.0348     0.9322     0.1242    96.9436    34.8799 4.0846e+02 9.5669e-02      38869          3  0.000e+00
    812.270     3.4816     3.4812   3.235572   3.235312     2.7772     0.0348     0.9322     0.1231    96.9703    34.8797 4.0846e+02 9.5669e-02      38870          3  0.000e+00
    812.214     3.4816     3.4814   3.235578   3.235257     2.7760     0.0348     0.9322     0.1231    96.9703    34.8798 4.0846e+02 9.5669e-02      38871          3  0.000e+00
    812.270     3.4816     3.4813   3.235584   3.235285     2.7760     0.0348     0.9261     0.1231    96.9703    34.8798 4.0846e+02 9.5669e-02      38872          3  0.000e+00
    812.214     3.4816     3.4812   3.235625   3.235285     2.7760     0.0348     0.9261     0.1231    96.9703    34.8803 4.0846e+02 9.5938e-02      38873          3  0.000e+00
    812.206     3.4818     3.4815   3.235584   3.235285     2.7760     0.0348     0.9261     0.1231    96.9703    34.8797 4.0846e+02 9.5669e-02      38874          3  0.000e+00
    812.214     3.4818     3.4814   3.235619   3.235285     2.7760     0.0348     0.9322     0.1231    96.9703    34.8801 4.0846e+02 9.5938e-02      38875          3  0.000e+00
    812.206     3.4816     3.4812   3.235607   3.235285     2.7760     0.0348     0.9261     0.1231    96.9703    34.8801 4.0846e+02 9.5669e-02      38876          3  0.000e+00
    812.214     3.4818     3.4812   3.235607   3.235285     2.7760     0.0348     0.9322     0.1242    96.9436    34.8800 4.0846e+02 9.5938e-02      38877          3  0.000e+00
    812.214     3.4816     3.4813   3.235613   3.235312     2.7760     0.0348     0.9322     0.1231    96.9703    34.8802 4.1037e+02 9.5669e-02      38878          3  0.000e+00
    812.150     3.4819     3.4812   3.235619   3.235312     2.7760     0.0348     0.9261     0.1231    96.9703    34.8800 4.0846e+02 9.5938e-02      38879          3  0.000e+00
    812.150     3.4819     3.4812   3.235637   3.235285     2.7760     0.0348     0.9322     0.1231    96.9703    34.8802 4.0846e+02 9.5938e-02      38880          3  0.000e+00
    812.150     3.4818     3.4815   3.235602   3.235285     2.7760     0.0348     0.9322     0.1220    96.9970    34.8800 4.1037e+02 9.5669e-02      38881          3  0.000e+00
    812.150     3.4819     3.4811   3.235607   3.235285     2.7772     0.0348     0.9322     0.1220    96.9970    34.8798 4.1037e+02 9.5938e-02      38882          3  0.000e+00
    812.150     3.4818     3.4812   3.235572   3.235312     2.7772     0.0348     0.9261     0.1220    96.9970    34.8796 4.0846e+02 9.5669e-02      38883          3  0.000e+00
    812.095     3.4821     3.4815   3.235601   3.235285     2.7760     0.0348     0.9261     0.1220    96.9970    34.8796 4.1037e+02 9.5938e-02      38884          3  0.000e+00
    812.151     3.4819     3.4812   3.235637   3.235312     2.7760     0.0348     0.9322     0.1220    96.9970    34.8802 4.0846e+02 9.5938e-02      38885          3  0.000e+00
    812.087     3.4819     3.4817   3.235643   3.235312     2.7760     0.0348     0.9322     0.1220    96.9970    34.8803 4.0846e+02 9.5669e-02      38886          3  0.000e+00
    812.151     3.4820     3.4815   3.235602   3.235307     2.7760     0.0348     0.9261     0.1220    96.9970    34.8797 4.0846e+02 9.5669e-02      38887          3  0.000e+00
    812.087     3.4819     3.4814   3.235607   3.235345     2.7760     0.0348     0.9261     0.1220    96.9970    34.8799 4.0846e+02 9.5669e-02      38888          3  0.000e+00
    812.031     3.4819     3.4815   3.235619   3.235285     2.7760     0.0348     0.9261     0.1220    96.9970    34.8801 4.0846e+02 9.5669e-02      38889          3  0.000e+00
    812.087     3.4821     3.4815   3.235637   3.235312     2.7760     0.0348     0.9261     0.1220    96.9970    34.8801 4.0846e+02 9.5669e-02      38890          3  0.000e+00
    812.095     3.4820     3.4818   3.235625   3.235312     2.7760     0.0348     0.9322     0.1220    96.9970    34.8800 4.0846e+02 9.5938e-02      38891          3  0.000e+00
    811.911     3.4819     3.4815   3.235595   3.235285     2.7772     0.0348     0.9261     0.1220    96.9970    34.8798 4.0846e+02 9.5938e-02      38892          3  0.000e+00
    812.151     3.4818     3.4817   3.235607   3.235312     2.7772     0.0348     0.9261     0.1220    96.9970    34.8800 4.1037e+02 9.5669e-02      38893          3  0.000e+00
    812.031     3.4821     3.4817   3.235655   3.235312     2.7772     0.0348     0.9261     0.1220    96.9970    34.8803 4.1037e+02 9.5938e-02      38894          3  0.000e+00
    812.031     3.4820     3.4817   3.235637   3.235312     2.7760     0.0348     0.9322     0.1220    96.9970    34.8801 4.0846e+02 9.5669e-02      38895          3  0.000e+00
    811.975     3.4819     3.4817   3.235619   3.235257     2.7760     0.0348     0.9444     0.1220    96.9970    34.8801 4.0655e+02 9.5938e-02      38896          3  0.000e+00
    812.031     3.4819     3.4815   3.235661   3.235285     2.7772     0.0348     0.9444     0.1220    96.9970    34.8805 4.0273e+02 9.5669e-02      38897          3  0.000e+00
    811.975     3.4819     3.4812   3.235631   3.235285     2.7760     0.0348     0.9444     0.1220    96.9970    34.8802 4.0273e+02 9.5938e-02      38898          3  0.000e+00
    811.856     3.4820     3.4814   3.235637   3.235312     2.7760     0.0348     0.9444     0.1220    96.9970    34.8802 4.0655e+02 9.5669e-02      38899          3  0.000e+00
    812.925     3.4819     3.4810   3.235625   3.235307     2.7760     0.0348     0.9383     0.1220    96.9970    34.8797 4.0846e+02 9.5938e-02      39044          4  0.000e+00
    813.053     3.4818     3.4814   3.235667   3.235312     2.7760     0.0348     0.9322     0.1220    96.9970    34.8803 4.0846e+02 9.5938e-02      39045          4  0.000e+00
    813.045     3.4818     3.4814   3.235655   3.235285     2.7760     0.0348     0.9322     0.1220    96.9970    34.8801 4.0846e+02 9.5669e-02      39046          4  0.000e+00
    812.869     3.4819     3.4812   3.235625   3.235345     2.7760     0.0348     0.9322     0.1220    96.9970    34.8797 4.0846e+02 9.5938e-02      39047          4  0.000e+00
    812.989     3.4818     3.4814   3.235620   3.235312     2.7760     0.0348     0.9322     0.1220    96.9970    34.8797 4.0655e+02 9.5669e-02      39048          4  0.000e+00
    812.933     3.4819     3.4812   3.235637   3.235345     2.7760     0.0348     0.9322     0.1220    96.9970    34.8798 4.0846e+02 9.5938e-02      39049          4  0.000e+00
    812.933     3.4820     3.4813   3.235649   3.235312     2.7760     0.0348     0.9322     0.1220    96.9970    34.8798 4.0846e+02 9.5669e-02      39050          4  0.000e+00
    812.925     3.4819     3.4815   3.235667   3.235285     2.7760     0.0348     0.9322     0.1220    96.9970    34.8802 4.0655e+02 9.5669e-02      39051          4  0.000e+00
    812.989     3.4822     3.4815   3.235679   3.235312     2.7760     0.0348     0.9322     0.1231    96.9703    34.8799 4.0846e+02 9.5669e-02      39052          4  0.000e+00
    812.869     3.4822     3.4815   3.235673   3.235345     2.7760     0.0348     0.9322     0.1231    96.9703    34.8799 4.0846e+02 9.5938e-02      39053          4  0.000e+00
    812.869     3.4819     3.4815   3.235655   3.235312     2.7760     0.0348     0.9322     0.1231    96.9703    34.8801 4.0846e+02 9.5669e-02      39054          4  0.000e+00
    812.869     3.4821     3.4814   3.235691   3.235345     2.7760     0.0348     0.9322     0.1231    96.9703    34.8803 4.0846e+02 9.5669e-02      39055          4  0.000e+00
    812.869     3.4819     3.4817   3.235661   3.235345     2.7772     0.0348     0.9322     0.1231    96.9703    34.8801 4.0846e+02 9.5938e-02      39056          4  0.000e+00
    812.869     3.4819     3.4814   3.235667   3.235312     2.7772     0.0348     0.9322     0.1231    96.9703    34.8802 4.0655e+02 9.5938e-02      39057          4  0.000e+00
    812.814     3.4822     3.4815   3.235655   3.235312     2.7760     0.0348     0.9322     0.1231    96.9703    34.8798 4.0655e+02 9.5669e-02      39058          4  0.000e+00
    812.814     3.4821     3.4817   3.235691   3.235345     2.7760     0.0348     0.9322     0.1231    96.9703    34.8803 4.0846e+02 9.5669e-02      39059          4  0.000e+00
    812.806     3.4821     3.4814   3.235685   3.235373     2.7760     0.0348     0.9322     0.1231    96.9703    34.8803 4.0846e+02 9.5669e-02      39060          4  0.000e+00
    812.750     3.4821     3.4817   3.235673   3.235345     2.7760     0.0348     0.9322     0.1231    96.9703    34.8801 4.0846e+02 9.5938e-02      39061          4  0.000e+00
    812.750     3.4820     3.4814   3.235661   3.235345     2.7772     0.0348     0.9322     0.1220    96.9970    34.8801 4.0655e+02 9.5669e-02      39062          4  0.000e+00
    812.750     3.4821     3.4817   3.235649   3.235345     2.7760     0.0348     0.9322     0.1220    96.9970    34.8799 4.0655e+02 9.5938e-02      39063          4  0.000e+00
    812.750     3.4821     3.4815   3.235625   3.235345     2.7760     0.0348     0.9322     0.1220    96.9970    34.8796 4.0655e+02 9.5669e-02      39064          4  0.000e+00
    812.630     3.4821     3.4814   3.235679   3.235367     2.7760     0.0348     0.9383     0.1220    96.9970    34.8803 4.0846e+02 9.5669e-02      39065          4  0.000e+00
    812.686     3.4820     3.4819   3.235619   3.235345     2.7772     0.0348     0.9383     0.1220    96.9970    34.8796 4.0846e+02 9.5669e-02      39066          4  0.000e+00
    812.694     3.4819     3.4814   3.235649   3.235312     2.7772     0.0348     0.9383     0.1231    96.9703    34.8801 4.0655e+02 9.5669e-02      39067          4  0.000e+00
    812.630     3.4819     3.4815   3.235673   3.235312     2.7760     0.0348     0.9383     0.1231    96.9703    34.8804 4.0846e+02 9.5669e-02      39068          4  0.000e+00
    812.567     3.4821     3.4815   3.235631   3.235312     2.7760     0.0348     0.9383     0.1242    96.9436    34.8797 4.0846e+02 9.5938e-02      39069          4  0.000e+00
    812.630     3.4821     3.4815   3.235637   3.235312     2.7772     0.0348     0.9383     0.1242    96.9436    34.8798 4.0655e+02 9.5938e-02      39070          4  0.000e+00
    812.567     3.4822     3.4812   3.235625   3.235285     2.7760     0.0348     0.9383     0.1231    96.9703    34.8796 4.0655e+02 9.5938e-02      39071          4  0.000e+00
    812.511     3.4821     3.4815   3.235613   3.235312     2.7772     0.0348     0.9383     0.1231    96.9703    34.8796 4.0846e+02 9.5669e-02      39072          4  0.000e+00
    812.567     3.4819     3.4815   3.235596   3.235345     2.7772     0.0348     0.9383     0.1231    96.9703    34.8795 4.0655e+02 9.5938e-02      39073          4  0.000e+00
    812.455     3.4819     3.4815   3.235631   3.235285     2.7772     0.0348     0.9383     0.1220    96.9970    34.8800 4.0846e+02 9.5669e-02      39074          4  0.000e+00
    812.336     3.4820     3.4815   3.235649   3.235345     2.7760     0.0348     0.9383     0.1220    96.9970    34.8801 4.0655e+02 9.5938e-02      39075          4  0.000e+00
    812.630     3.4822     3.4815   3.235643   3.235345     2.7760     0.0348     0.9383     0.1220    96.9970    34.8797 4.0846e+02 9.5669e-02      39076          4  0.000e+00
