Ship_data/Irminger/Irminger-3/ctd/process/ar0701008.ros
* Sea-Bird SBE 9 Data File:
* FileName = D:\Data\ar0701008.hdr
* Software Version Seasave V 7.23.2
* Temperature SN = 4406
* Conductivity SN = 3042
* Number of Bytes Per Scan = 44
* Number of Voltage Words = 5
* Number of Scans Averaged by the Deck Unit = 1
* NMEA Latitude = 59 46.17 N
* NMEA Longitude = 039 51.52 W
* NMEA UTC (Time) = Jul 12 2016  19:23:48
** Site Irminger Flanking mooring A
** G. Tupper Tupper
** Station # 008
** Old and new
# nquan = 16
# nvalues = 588                                   
# units = specified
# name 0 = prDM: Pressure, Digiquartz [db]
# name 1 = t090C: Temperature [ITS-90, deg C]
# name 2 = t190C: Temperature, 2 [ITS-90, deg C]
# name 3 = c0S/m: Conductivity [S/m]
# name 4 = c1S/m: Conductivity, 2 [S/m]
# name 5 = sbeox0V: Oxygen raw, SBE 43 [V]
# name 6 = flECO-AFL: Fluorescence, WET Labs ECO-AFL/FL [mg/m^3]
# name 7 = turbWETntu0: Turbidity, WET Labs ECO [NTU]
# name 8 = CStarAt0: Beam Attenuation, WET Labs C-Star [1/m]
# name 9 = CStarTr0: Beam Transmission, WET Labs C-Star [%]
# name 10 = sal00: Salinity, Practical [PSU]
# name 11 = spar: SPAR/Surface Irradiance
# name 12 = par: PAR/Irradiance, Biospherical/Licor
# name 13 = scan: Scan Count
# name 14 = nbf: Bottles Fired
# name 15 = flag:  0.000e+00
# interval = seconds: 0.0416667
# start_time = Jul 12 2016 19:27:28 [NMEA time, first data scan]
# bad_flag = -9.990e-29
*END*
[from data line 362]
    180.998     3.8173     3.8169   3.239546   3.239310     2.9907     0.0226     0.9322     0.1363    96.6498    34.9071 3.4547e+02 9.5400e-02     156363          8  0.000e+00
    180.967     3.8170     3.8169   3.239540   3.239326     2.9907     0.0226     0.9322     0.1363    96.6498    34.9073 3.4547e+02 9.5400e-02     156364          8  0.000e+00
    181.061     3.8170     3.8169   3.239505   3.239310     2.9907     0.0226     0.9322     0.1352    96.6765    34.9069 3.4738e+02 9.5400e-02     156365          8  0.000e+00
    181.030     3.8166     3.8169   3.239540   3.239222     2.9920     0.0226     0.9322     0.1352    96.6765    34.9077 3.4547e+02 9.5400e-02     156366          8  0.000e+00
    180.998     3.8168     3.8169   3.239534   3.239310     2.9920     0.0226     0.9322     0.1352    96.6765    34.9075 3.4547e+02 9.5400e-02     156367          8  0.000e+00
    181.085     3.8169     3.8166   3.239570   3.239249     2.9907     0.0226     0.9322     0.1352    96.6765    34.9078 3.4738e+02 9.5400e-02     156368          8  0.000e+00
    181.061     3.8168     3.8165   3.239588   3.239310     2.9907     0.0226     0.9322     0.1352    96.6765    34.9081 3.4738e+02 9.5400e-02     156369          8  0.000e+00
    181.030     3.8170     3.8166   3.239540   3.239249     2.9907     0.0226     0.9322     0.1352    96.6765    34.9073 3.4738e+02 9.5400e-02     156370          8  0.000e+00
    181.085     3.8171     3.8167   3.239594   3.239310     2.9907     0.0226     0.9322     0.1363    96.6498    34.9078 3.4738e+02 9.5400e-02     156371          8  0.000e+00
    181.061     3.8172     3.8169   3.239570   3.239249     2.9907     0.0226     0.9322     0.1374    96.6230    34.9074 3.4738e+02 9.5400e-02     156372          8  0.000e+00
    181.085     3.8176     3.8167   3.239600   3.239282     2.9907     0.0226     0.9322     0.1374    96.6230    34.9074 3.4738e+02 9.5400e-02     156373          8  0.000e+00
    181.117     3.8173     3.8169   3.239600   3.239310     2.9920     0.0226     0.9322     0.1374    96.6230    34.9077 3.4929e+02 9.5400e-02     156374          8  0.000e+00
    181.148     3.8171     3.8172   3.239606   3.239310     2.9920     0.0226     0.9322     0.1385    96.5963    34.9079 3.4738e+02 9.5400e-02     156375          8  0.000e+00
    181.117     3.8172     3.8170   3.239576   3.239310     2.9907     0.0226     0.9322     0.1396    96.5696    34.9075 3.4929e+02 9.5400e-02     156376          8  0.000e+00
    181.085     3.8170     3.8172   3.239558   3.239299     2.9907     0.0226     0.9322     0.1407    96.5429    34.9075 3.4929e+02 9.5400e-02     156377          8  0.000e+00
    181.180     3.8170     3.8172   3.239600   3.239310     2.9907     0.0226     0.9322     0.1396    96.5696    34.9080 3.4738e+02 9.5400e-02     156378          8  0.000e+00
    181.148     3.8173     3.8173   3.239529   3.239337     2.9907     0.0226     0.9322     0.1385    96.5963    34.9068 3.4929e+02 9.5400e-02     156379          8  0.000e+00
    181.117     3.8172     3.8173   3.239540   3.239310     2.9907     0.0226     0.9322     0.1374    96.6230    34.9071 3.4929e+02 9.5400e-02     156380          8  0.000e+00
    181.203     3.8171     3.8177   3.239558   3.239337     2.9907     0.0226     0.9322     0.1363    96.6498    34.9073 3.4929e+02 9.5400e-02     156381          8  0.000e+00
    181.148     3.8171     3.8175   3.239576   3.239370     2.9907     0.0226     0.9322     0.1363    96.6498    34.9075 3.4929e+02 9.5400e-02     156382          8  0.000e+00
    181.180     3.8171     3.8175   3.239564   3.239370     2.9907     0.0226     0.9322     0.1363    96.6498    34.9074 3.4929e+02 9.5400e-02     156383          8  0.000e+00
    181.203     3.8170     3.8173   3.239558   3.239337     2.9907     0.0348     0.9322     0.1363    96.6498    34.9074 3.4929e+02 9.5400e-02     156384          8  0.000e+00
    181.180     3.8171     3.8172   3.239552   3.239337     2.9907     0.0348     0.9261     0.1363    96.6498    34.9072 3.4929e+02 9.5400e-02     156385          8  0.000e+00
    181.203     3.8171     3.8172   3.239558   3.239337     2.9907     0.0348     0.9261     0.1363    96.6498    34.9073 3.4929e+02 9.5400e-02     156386          8  0.000e+00
    181.180     3.8170     3.8173   3.239576   3.239370     2.9907     0.0348     0.9261     0.1363    96.6498    34.9077 3.4929e+02 9.5400e-02     156387          8  0.000e+00
    181.203     3.8174     3.8173   3.239582   3.239370     2.9895     0.0348     0.9322     0.1363    96.6498    34.9073 3.4929e+02 9.5400e-02     156388          8  0.000e+00
    181.235     3.8170     3.8178   3.239564   3.239337     2.9907     0.0348     0.9261     0.1363    96.6498    34.9075 3.4929e+02 9.5400e-02     156389          8  0.000e+00
    181.203     3.8175     3.8180   3.239624   3.239370     2.9907     0.0348     0.9261     0.1363    96.6498    34.9077 3.4929e+02 9.5400e-02     156390          8  0.000e+00
    181.235     3.8173     3.8178   3.239600   3.239387     2.9907     0.0348     0.9261     0.1363    96.6498    34.9076 3.4929e+02 9.5400e-02     156391          8  0.000e+00
    181.259     3.8177     3.8178   3.239582   3.239398     2.9907     0.0348     0.9322     0.1363    96.6498    34.9070 3.5120e+02 9.5400e-02     156392          8  0.000e+00
    131.806     3.9073     3.9093   3.245803   3.245733     3.0138     0.0348     0.9200     0.1385    96.5963    34.9127 3.3784e+02 9.5400e-02     159786          9  0.000e+00
    131.790     3.9068     3.9091   3.245761   3.245722     3.0138     0.0348     0.9200     0.1385    96.5963    34.9127 3.3784e+02 9.5400e-02     159787          9  0.000e+00
    131.806     3.9068     3.9089   3.245773   3.245733     3.0138     0.0348     0.9200     0.1385    96.5963    34.9128 3.3593e+02 9.5400e-02     159788          9  0.000e+00
    131.680     3.9068     3.9088   3.245785   3.245700     3.0138     0.0348     0.9200     0.1385    96.5963    34.9130 3.3593e+02 9.5400e-02     159789          9  0.000e+00
    131.735     3.9071     3.9083   3.245755   3.245733     3.0138     0.0348     0.9200     0.1407    96.5429    34.9123 3.3593e+02 9.5400e-02     159790          9  0.000e+00
    131.743     3.9071     3.9085   3.245773   3.245667     3.0138     0.0348     0.9200     0.1407    96.5429    34.9125 3.3593e+02 9.5400e-02     159791          9  0.000e+00
    131.680     3.9076     3.9086   3.245827   3.245645     3.0138     0.0348     0.9200     0.1407    96.5429    34.9127 3.3784e+02 9.5400e-02     159792          9  0.000e+00
    131.688     3.9077     3.9089   3.245845   3.245672     3.0138     0.0348     0.9200     0.1407    96.5429    34.9127 3.3784e+02 9.5400e-02     159793          9  0.000e+00
    131.680     3.9080     3.9098   3.245839   3.245700     3.0138     0.0348     0.9200     0.1396    96.5696    34.9123 3.3784e+02 9.5400e-02     159794          9  0.000e+00
    131.624     3.9080     3.9102   3.245797   3.245755     3.0138     0.0348     0.9200     0.1385    96.5963    34.9119 3.3784e+02 9.5400e-02     159795          9  0.000e+00
    131.617     3.9083     3.9108   3.245850   3.245788     3.0138     0.0348     0.9200     0.1374    96.6230    34.9122 3.3593e+02 9.5400e-02     159796          9  0.000e+00
    131.617     3.9082     3.9107   3.245856   3.245821     3.0138     0.0348     0.9200     0.1418    96.5162    34.9124 3.3593e+02 9.5400e-02     159797          9  0.000e+00
    131.569     3.9082     3.9110   3.245862   3.245788     3.0150     0.0348     0.9200     0.1463    96.4093    34.9125 3.3784e+02 9.5400e-02     159798          9  0.000e+00
    131.617     3.9083     3.9110   3.245844   3.245871     3.0138     0.0348     0.9200     0.1463    96.4093    34.9121 3.3593e+02 9.5400e-02     159799          9  0.000e+00
    131.506     3.9083     3.9107   3.245839   3.245876     3.0138     0.0348     0.9200     0.1441    96.4628    34.9121 3.3784e+02 9.5400e-02     159800          9  0.000e+00
    131.561     3.9085     3.9104   3.245886   3.245876     3.0138     0.0348     0.9200     0.1418    96.5162    34.9124 3.3784e+02 9.5400e-02     159801          9  0.000e+00
    131.506     3.9085     3.9101   3.245904   3.245876     3.0138     0.0348     0.9200     0.1407    96.5429    34.9127 3.3784e+02 9.5400e-02     159802          9  0.000e+00
    131.561     3.9085     3.9101   3.245898   3.245843     3.0138     0.0348     0.9200     0.1407    96.5429    34.9126 3.3784e+02 9.5400e-02     159803          9  0.000e+00
    131.498     3.9090     3.9101   3.245898   3.245849     3.0138     0.0348     0.9200     0.1396    96.5696    34.9121 3.3784e+02 9.5400e-02     159804          9  0.000e+00
    131.451     3.9087     3.9104   3.245969   3.245821     3.0138     0.0348     0.9200     0.1396    96.5696    34.9133 3.3784e+02 9.5400e-02     159805          9  0.000e+00
    131.498     3.9087     3.9105   3.245975   3.245843     3.0138     0.0348     0.9200     0.1385    96.5963    34.9134 3.3784e+02 9.5400e-02     159806          9  0.000e+00
    131.451     3.9088     3.9109   3.245910   3.245821     3.0138     0.0348     0.9200     0.1385    96.5963    34.9124 3.3784e+02 9.5400e-02     159807          9  0.000e+00
    131.443     3.9088     3.9110   3.245922   3.245909     3.0138     0.0348     0.9200     0.1385    96.5963    34.9126 3.3784e+02 9.5400e-02     159808          9  0.000e+00
    131.451     3.9087     3.9116   3.245916   3.245876     3.0138     0.0348     0.9200     0.1385    96.5963    34.9127 3.3784e+02 9.5400e-02     159809          9  0.000e+00
    131.380     3.9087     3.9118   3.245945   3.245959     3.0138     0.0348     0.9200     0.1396    96.5696    34.9131 3.3784e+02 9.5400e-02     159810          9  0.000e+00
    131.443     3.9088     3.9118   3.245934   3.245964     3.0138     0.0348     0.9200     0.1385    96.5963    34.9127 3.3784e+02 9.5400e-02     159811          9  0.000e+00
    131.396     3.9090     3.9116   3.245886   3.245937     3.0138     0.0348     0.9200     0.1385    96.5963    34.9120 3.3784e+02 9.5400e-02     159812          9  0.000e+00
    131.380     3.9088     3.9113   3.245939   3.245909     3.0138     0.0348     0.9200     0.1385    96.5963    34.9128 3.3784e+02 9.5400e-02     159813          9  0.000e+00
    131.333     3.9092     3.9113   3.245922   3.245931     3.0150     0.0348     0.9200     0.1385    96.5963    34.9123 3.3784e+02 9.5400e-02     159814          9  0.000e+00
    131.380     3.9092     3.9112   3.245957   3.245909     3.0150     0.0348     0.9200     0.1374    96.6230    34.9127 3.3593e+02 9.5400e-02     159815          9  0.000e+00
    131.333     3.9093     3.9107   3.245969   3.245937     3.0150     0.0348     0.9200     0.1374    96.6230    34.9127 3.3593e+02 9.5400e-02     159816          9  0.000e+00
    131.325     3.9093     3.9107   3.245945   3.245931     3.0138     0.0348     0.9200     0.1374    96.6230    34.9125 3.3784e+02 9.5400e-02     159817          9  0.000e+00
    131.325     3.9094     3.9108   3.245975   3.245849     3.0138     0.0348     0.9200     0.1374    96.6230    34.9126 3.3593e+02 9.5400e-02     159818          9  0.000e+00
    131.333     3.9094     3.9107   3.245993   3.245909     3.0138     0.0348     0.9200     0.1374    96.6230    34.9128 3.3784e+02 9.5400e-02     159819          9  0.000e+00
    131.270     3.9096     3.9107   3.245963   3.245876     3.0138     0.0348     0.9200     0.1374    96.6230    34.9123 3.3593e+02 9.5400e-02     159820          9  0.000e+00
    131.333     3.9096     3.9109   3.245957   3.245871     3.0138     0.0348     0.9200     0.1374    96.6230    34.9122 3.3784e+02 9.5400e-02     159821          9  0.000e+00
    131.270     3.9094     3.9109   3.245981   3.245909     3.0138     0.0348     0.9200     0.1385    96.5963    34.9127 3.3784e+02 9.5400e-02     159822          9  0.000e+00
    131.270     3.9096     3.9110   3.245993   3.245876     3.0138     0.0348     0.9200     0.1385    96.5963    34.9127 3.3784e+02 9.5400e-02     159823          9  0.000e+00
    131.278     3.9094     3.9110   3.245987   3.245909     3.0138     0.0348     0.9200     0.1374    96.6230    34.9128 3.3593e+02 9.5400e-02     159824          9  0.000e+00
    131.270     3.9093     3.9110   3.246005   3.245898     3.0138     0.0348     0.9200     0.1385    96.5963    34.9132 3.3593e+02 9.5400e-02     159825          9  0.000e+00
    131.215     3.9096     3.9109   3.245999   3.245909     3.0138     0.0348     0.9200     0.1385    96.5963    34.9128 3.3593e+02 9.5400e-02     159826          9  0.000e+00
    131.270     3.9096     3.9110   3.246029   3.245909     3.0150     0.0348     0.9200     0.1385    96.5963    34.9131 3.3593e+02 9.5400e-02     159827          9  0.000e+00
    131.214     3.9093     3.9110   3.246046   3.245909     3.0138     0.0348     0.9200     0.1385    96.5963    34.9137 3.3593e+02 9.5400e-02     159828          9  0.000e+00
    131.270     3.9099     3.9110   3.246023   3.245843     3.0138     0.0348     0.9200     0.1385    96.5963    34.9127 3.3593e+02 9.5400e-02     159829          9  0.000e+00
    131.207     3.9101     3.9107   3.246082   3.245964     3.0138     0.0348     0.9200     0.1385    96.5963    34.9133 3.3593e+02 9.5400e-02     159830          9  0.000e+00
    131.214     3.9103     3.9110   3.246064   3.245909     3.0138     0.0348     0.9261     0.1374    96.6230    34.9129 3.3593e+02 9.5400e-02     159831          9  0.000e+00
    131.270     3.9104     3.9110   3.246046   3.245959     3.0138     0.0470     0.9322     0.1374    96.6230    34.9125 3.3593e+02 9.5400e-02     159832          9  0.000e+00
    131.214     3.9106     3.9112   3.246064   3.245909     3.0138     0.0470     0.9322     0.1385    96.5963    34.9125 3.3593e+02 9.5400e-02     159833          9  0.000e+00
    131.151     3.9104     3.9110   3.246076   3.245964     3.0138     0.0470     0.9322     0.1385    96.5963    34.9129 3.3402e+02 9.5400e-02     159834          9  0.000e+00
     91.533     4.0534     4.0538   3.257629   3.257339     3.0304     0.0348     0.9261     0.1418    96.5162    34.9197 3.3211e+02 9.5400e-02     164133         10  0.000e+00
     91.596     4.0530     4.0536   3.257581   3.257339     3.0304     0.0348     0.9261     0.1418    96.5162    34.9195 3.3211e+02 9.5400e-02     164134         10  0.000e+00
     91.439     4.0531     4.0536   3.257557   3.257333     3.0292     0.0348     0.9261     0.1418    96.5162    34.9192 3.3211e+02 9.5400e-02     164135         10  0.000e+00
     91.415     4.0532     4.0535   3.257575   3.257339     3.0304     0.0348     0.9261     0.1418    96.5162    34.9193 3.3211e+02 9.5400e-02     164136         10  0.000e+00
     91.502     4.0531     4.0535   3.257569   3.257333     3.0292     0.0348     0.9261     0.1418    96.5162    34.9193 3.3211e+02 9.5400e-02     164137         10  0.000e+00
     91.478     4.0529     4.0533   3.257557   3.257339     3.0304     0.0348     0.9261     0.1418    96.5162    34.9194 3.3211e+02 9.5400e-02     164138         10  0.000e+00
     91.478     4.0529     4.0535   3.257539   3.257311     3.0292     0.0348     0.9261     0.1418    96.5162    34.9192 3.3211e+02 9.5400e-02     164139         10  0.000e+00
     91.439     4.0529     4.0535   3.257545   3.257333     3.0292     0.0348     0.9322     0.1418    96.5162    34.9193 3.3211e+02 9.5400e-02     164140         10  0.000e+00
     91.415     4.0532     4.0533   3.257527   3.257339     3.0292     0.0348     0.9322     0.1418    96.5162    34.9188 3.3211e+02 9.5400e-02     164141         10  0.000e+00
     91.439     4.0533     4.0533   3.257504   3.257306     3.0304     0.0348     0.9322     0.1418    96.5162    34.9184 3.3211e+02 9.5400e-02     164142         10  0.000e+00
