Ship_data/Irminger/Irminger-3/ctd/process/ar0701005.ros
* Sea-Bird SBE 9 Data File:
* FileName = D:\Data\ar0701005.hdr
* Software Version Seasave V 7.23.2
* Temperature SN = 4406
* Conductivity SN = 3042
* Number of Bytes Per Scan = 44
* Number of Voltage Words = 5
* Number of Scans Averaged by the Deck Unit = 1
* NMEA Latitude = 59 51.82 N
* NMEA Longitude = 039 07.47 W
* NMEA UTC (Time) = Jul 09 2016  12:14:52
**  Gliders
** Chief Scientist: Tupper
** Station ID 005
# nquan = 16
# nvalues = 588                                   
# units = specified
# name 0 = prDM: Pressure, Digiquartz [db]
# name 1 = t090C: Temperature [ITS-90, deg C]
# name 2 = t190C: Temperature, 2 [ITS-90, deg C]
# name 3 = c0S/m: Conductivity [S/m]
# name 4 = c1S/m: Conductivity, 2 [S/m]
# name 5 = sbeox0V: Oxygen raw, SBE 43 [V]
# name 6 = flECO-AFL: Fluorescence, WET Labs ECO-AFL/FL [mg/m^3]
# name 7 = turbWETntu0: Turbidity, WET Labs ECO [NTU]
# name 8 = CStarAt0: Beam Attenuation, WET Labs C-Star [1/m]
# name 9 = CStarTr0: Beam Transmission, WET Labs C-Star [%]
# name 10 = sal00: Salinity, Practical [PSU]
# name 11 = spar: SPAR/Surface Irradiance
# name 12 = par: PAR/Irradiance, Biospherical/Licor
# name 13 = scan: Scan Count
# name 14 = nbf: Bottles Fired
# name 15 = flag:  0.000e+00
# interval = seconds: 0.0416667
# start_time = Jul 09 2016 12:15:52 [NMEA time, first data scan]
# bad_flag = -9.990e-29
*END*
   1015.286     3.4337     3.4333   3.239589   3.239336     2.7112     0.0348     0.9200     0.1231    96.9703    34.8732 3.4929e+02 9.5938e-02      30659          1  0.000e+00
   1015.198     3.4339     3.4333   3.239607   3.239281     2.7112     0.0348     0.9200     0.1220    96.9970    34.8732 3.4929e+02 9.5938e-02      30660          1  0.000e+00
   1015.222     3.4337     3.4336   3.239613   3.239281     2.7088     0.0348     0.9200     0.1231    96.9703    34.8735 3.5120e+02 9.5669e-02      30661          1  0.000e+00
   1015.318     3.4340     3.4335   3.239613   3.239248     2.7088     0.0348     0.9200     0.1220    96.9970    34.8731 3.5120e+02 9.5938e-02      30662          1  0.000e+00
   1015.198     3.4338     3.4336   3.239607   3.239248     2.7088     0.0348     0.9200     0.1220    96.9970    34.8733 3.4929e+02 9.5669e-02      30663          1  0.000e+00
   1015.222     3.4337     3.4335   3.239613   3.239281     2.7112     0.0348     0.9200     0.1220    96.9970    34.8735 3.4929e+02 9.5669e-02      30664          1  0.000e+00
   1015.198     3.4339     3.4336   3.239607   3.239308     2.7112     0.0348     0.9200     0.1220    96.9970    34.8732 3.5120e+02 9.5938e-02      30665          1  0.000e+00
   1015.166     3.4335     3.4336   3.239613   3.239308     2.7100     0.0348     0.9200     0.1220    96.9970    34.8737 3.5120e+02 9.5938e-02      30666          1  0.000e+00
   1015.134     3.4337     3.4335   3.239548   3.239281     2.7088     0.0348     0.9200     0.1220    96.9970    34.8728 3.4929e+02 9.5669e-02      30667          1  0.000e+00
   1015.166     3.4338     3.4336   3.239565   3.239308     2.7088     0.0348     0.9200     0.1220    96.9970    34.8728 3.5120e+02 9.5938e-02      30668          1  0.000e+00
   1015.134     3.4337     3.4338   3.239601   3.239330     2.7088     0.0348     0.9200     0.1220    96.9970    34.8734 3.4929e+02 9.5669e-02      30669          1  0.000e+00
   1015.198     3.4338     3.4335   3.239589   3.239308     2.7088     0.0348     0.9200     0.1220    96.9970    34.8731 3.5120e+02 9.5669e-02      30670          1  0.000e+00
   1015.102     3.4335     3.4336   3.239601   3.239308     2.7088     0.0348     0.9200     0.1220    96.9970    34.8736 3.4929e+02 9.5938e-02      30671          1  0.000e+00
   1015.078     3.4338     3.4336   3.239589   3.239281     2.7088     0.0348     0.9200     0.1220    96.9970    34.8731 3.4929e+02 9.5669e-02      30672          1  0.000e+00
   1015.102     3.4338     3.4336   3.239583   3.239336     2.7112     0.0348     0.9200     0.1231    96.9703    34.8731 3.4929e+02 9.5669e-02      30673          1  0.000e+00
   1015.078     3.4337     3.4336   3.239625   3.239248     2.7112     0.0348     0.9200     0.1242    96.9436    34.8737 3.4929e+02 9.5938e-02      30674          1  0.000e+00
   1015.046     3.4339     3.4335   3.239577   3.239308     2.7112     0.0348     0.9200     0.1242    96.9436    34.8729 3.4929e+02 9.5669e-02      30675          1  0.000e+00
   1015.078     3.4335     3.4338   3.239554   3.239308     2.7112     0.0348     0.9200     0.1242    96.9436    34.8730 3.5120e+02 9.5669e-02      30676          1  0.000e+00
   1015.014     3.4338     3.4335   3.239595   3.239281     2.7112     0.0348     0.9200     0.1242    96.9436    34.8732 3.4929e+02 9.5938e-02      30677          1  0.000e+00
   1014.982     3.4336     3.4335   3.239565   3.239281     2.7088     0.0348     0.9200     0.1253    96.9169    34.8731 3.4929e+02 9.5669e-02      30678          1  0.000e+00
   1015.014     3.4335     3.4336   3.239619   3.239281     2.7088     0.0348     0.9200     0.1264    96.8902    34.8739 3.5120e+02 9.5669e-02      30679          1  0.000e+00
   1014.982     3.4336     3.4336   3.239601   3.239281     2.7088     0.0348     0.9200     0.1275    96.8634    34.8735 3.5120e+02 9.5938e-02      30680          1  0.000e+00
   1014.958     3.4337     3.4335   3.239559   3.239308     2.7088     0.0348     0.9200     0.1275    96.8634    34.8730 3.5120e+02 9.5938e-02      30681          1  0.000e+00
   1014.926     3.4337     3.4335   3.239595   3.239281     2.7088     0.0348     0.9200     0.1264    96.8902    34.8734 3.5120e+02 9.5938e-02      30682          1  0.000e+00
   1014.894     3.4338     3.4336   3.239589   3.239281     2.7088     0.0348     0.9200     0.1253    96.9169    34.8733 3.5120e+02 9.5938e-02      30683          1  0.000e+00
   1014.806     3.4337     3.4335   3.239577   3.239297     2.7100     0.0348     0.9200     0.1242    96.9436    34.8733 3.5120e+02 9.5938e-02      30684          1  0.000e+00
   1015.014     3.4336     3.4335   3.239583   3.239281     2.7088     0.0348     0.9200     0.1242    96.9436    34.8733 3.4929e+02 9.5669e-02      30685          1  0.000e+00
   1014.894     3.4337     3.4335   3.239577   3.239248     2.7112     0.0348     0.9200     0.1231    96.9703    34.8732 3.5120e+02 9.5669e-02      30686          1  0.000e+00
   1014.806     3.4335     3.4336   3.239583   3.239281     2.7112     0.0348     0.9200     0.1231    96.9703    34.8735 3.5120e+02 9.5669e-02      30687          1  0.000e+00
   1014.838     3.4334     3.4333   3.239583   3.239281     2.7088     0.0348     0.9200     0.1253    96.9169    34.8736 3.5120e+02 9.5669e-02      30688          1  0.000e+00
   1014.806     3.4335     3.4333   3.239601   3.239281     2.7088     0.0348     0.9200     0.1242    96.9436    34.8737 3.5120e+02 9.5669e-02      30689          1  0.000e+00
   1014.774     3.4337     3.4335   3.239589   3.239248     2.7088     0.0348     0.9200     0.1242    96.9436    34.8734 3.5120e+02 9.5938e-02      30690          1  0.000e+00
   1014.806     3.4336     3.4335   3.239559   3.239248     2.7088     0.0348     0.9200     0.1242    96.9436    34.8731 3.5120e+02 9.5669e-02      30691          1  0.000e+00
   1014.718     3.4335     3.4333   3.239553   3.239281     2.7088     0.0348     0.9200     0.1242    96.9436    34.8732 3.5120e+02 9.5669e-02      30692          1  0.000e+00
   1014.774     3.4334     3.4335   3.239571   3.239248     2.7112     0.0348     0.9200     0.1253    96.9169    34.8735 3.5120e+02 9.5669e-02      30693          1  0.000e+00
   1014.678     3.4335     3.4333   3.239577   3.239248     2.7112     0.0348     0.9200     0.1308    96.7833    34.8735 3.5120e+02 9.5938e-02      30694          1  0.000e+00
   1014.654     3.4335     3.4335   3.239559   3.239248     2.7088     0.0348     0.9200     0.1308    96.7833    34.8733 3.5120e+02 9.5669e-02      30695          1  0.000e+00
   1014.678     3.4338     3.4333   3.239595   3.239281     2.7100     0.0348     0.9200     0.1297    96.8100    34.8734 3.4929e+02 9.5669e-02      30696          1  0.000e+00
   1014.654     3.4337     3.4333   3.239631   3.239248     2.7112     0.0348     0.9200     0.1275    96.8634    34.8740 3.5120e+02 9.5669e-02      30697          1  0.000e+00
   1014.622     3.4338     3.4335   3.239577   3.239248     2.7112     0.0348     0.9200     0.1264    96.8902    34.8733 3.5120e+02 9.5938e-02      30698          1  0.000e+00
   1014.590     3.4335     3.4335   3.239536   3.239270     2.7112     0.0348     0.9200     0.1264    96.8902    34.8731 3.5120e+02 9.5669e-02      30699          1  0.000e+00
   1014.590     3.4337     3.4333   3.239500   3.239281     2.7112     0.0348     0.9200     0.1253    96.9169    34.8725 3.5120e+02 9.5669e-02      30700          1  0.000e+00
   1014.558     3.4334     3.4335   3.239577   3.239220     2.7112     0.0348     0.9200     0.1253    96.9169    34.8736 3.5120e+02 9.5938e-02      30701          1  0.000e+00
   1014.534     3.4337     3.4335   3.239542   3.239248     2.7088     0.0348     0.9200     0.1253    96.9169    34.8730 3.5120e+02 9.5938e-02      30702          1  0.000e+00
   1014.502     3.4338     3.4336   3.239565   3.239281     2.7088     0.0348     0.9200     0.1253    96.9169    34.8732 3.5120e+02 9.5669e-02      30703          1  0.000e+00
   1014.534     3.4335     3.4335   3.239559   3.239281     2.7088     0.0348     0.9200     0.1242    96.9436    34.8734 3.5120e+02 9.5669e-02      30704          1  0.000e+00
   1014.438     3.4337     3.4336   3.239547   3.239248     2.7088     0.0348     0.9200     0.1231    96.9703    34.8731 3.5120e+02 9.5669e-02      30705          1  0.000e+00
   1014.470     3.4336     3.4335   3.239536   3.239281     2.7088     0.0348     0.9200     0.1231    96.9703    34.8730 3.5120e+02 9.5669e-02      30706          1  0.000e+00
   1014.438     3.4333     3.4335   3.239559   3.239248     2.7112     0.0348     0.9200     0.1231    96.9703    34.8736 3.5120e+02 9.5938e-02      30707          1  0.000e+00
   1015.919     3.4333     3.4328   3.239601   3.239248     2.7088     0.0348     0.9200     0.1220    96.9970    34.8734 3.5502e+02 9.5669e-02      30853          2  0.000e+00
   1015.887     3.4333     3.4326   3.239595   3.239281     2.7088     0.0348     0.9200     0.1231    96.9703    34.8733 3.5311e+02 9.5938e-02      30854          2  0.000e+00
   1015.919     3.4333     3.4328   3.239619   3.239243     2.7088     0.0348     0.9200     0.1231    96.9703    34.8736 3.5502e+02 9.5938e-02      30855          2  0.000e+00
   1015.863     3.4334     3.4331   3.239601   3.239281     2.7088     0.0348     0.9200     0.1231    96.9703    34.8733 3.5502e+02 9.5669e-02      30856          2  0.000e+00
   1015.887     3.4335     3.4330   3.239601   3.239248     2.7088     0.0348     0.9200     0.1231    96.9703    34.8732 3.5502e+02 9.5938e-02      30857          2  0.000e+00
   1015.919     3.4333     3.4331   3.239631   3.239309     2.7088     0.0348     0.9200     0.1231    96.9703    34.8737 3.5502e+02 9.5669e-02      30858          2  0.000e+00
   1015.887     3.4338     3.4330   3.239595   3.239281     2.7088     0.0470     0.9383     0.1242    96.9436    34.8728 3.5502e+02 9.5669e-02      30859          2  0.000e+00
   1015.863     3.4335     3.4331   3.239601   3.239309     2.7101     0.0470     0.9810     0.1253    96.9169    34.8732 3.5502e+02 9.5938e-02      30860          2  0.000e+00
   1015.863     3.4334     3.4331   3.239613   3.239281     2.7101     0.0470     0.9932     0.1253    96.9169    34.8734 3.5502e+02 9.5938e-02      30861          2  0.000e+00
   1015.831     3.4335     3.4333   3.239631   3.239281     2.7088     0.0470     0.9932     0.1242    96.9436    34.8736 3.5502e+02 9.5938e-02      30862          2  0.000e+00
   1015.863     3.4337     3.4333   3.239619   3.239309     2.7088     0.0470     0.9871     0.1231    96.9703    34.8732 3.5502e+02 9.5669e-02      30863          2  0.000e+00
   1015.831     3.4338     3.4333   3.239613   3.239309     2.7088     0.0470     0.9871     0.1231    96.9703    34.8731 3.5502e+02 9.5669e-02      30864          2  0.000e+00
   1015.800     3.4337     3.4335   3.239607   3.239309     2.7088     0.0470     0.9871     0.1231    96.9703    34.8731 3.5502e+02 9.5669e-02      30865          2  0.000e+00
   1015.768     3.4338     3.4333   3.239595   3.239281     2.7088     0.0470     0.9871     0.1220    96.9970    34.8729 3.5502e+02 9.5938e-02      30866          2  0.000e+00
   1015.800     3.4338     3.4335   3.239619   3.239248     2.7101     0.0470     0.9871     0.1220    96.9970    34.8731 3.5502e+02 9.5938e-02      30867          2  0.000e+00
   1015.744     3.4337     3.4333   3.239619   3.239281     2.7088     0.0470     0.9871     0.1220    96.9970    34.8733 3.5502e+02 9.5938e-02      30868          2  0.000e+00
   1015.768     3.4338     3.4333   3.239613   3.239281     2.7088     0.0470     0.9871     0.1220    96.9970    34.8731 3.5502e+02 9.5669e-02      30869          2  0.000e+00
   1015.680     3.4335     3.4333   3.239655   3.239298     2.7088     0.0470     0.9871     0.1220    96.9970    34.8739 3.5502e+02 9.5938e-02      30870          2  0.000e+00
   1015.712     3.4336     3.4333   3.239649   3.239281     2.7088     0.0470     0.9871     0.1220    96.9970    34.8737 3.5502e+02 9.5669e-02      30871          2  0.000e+00
   1015.680     3.4337     3.4331   3.239619   3.239281     2.7088     0.0470     0.9871     0.1220    96.9970    34.8733 3.5311e+02 9.5669e-02      30872          2  0.000e+00
   1015.680     3.4337     3.4335   3.239613   3.239281     2.7088     0.0470     0.9871     0.1220    96.9970    34.8733 3.5311e+02 9.5669e-02      30873          2  0.000e+00
   1015.592     3.4338     3.4333   3.239589   3.239281     2.7088     0.0470     0.9871     0.1220    96.9970    34.8729 3.5502e+02 9.5669e-02      30874          2  0.000e+00
   1015.616     3.4338     3.4331   3.239625   3.239281     2.7088     0.0470     0.9871     0.1231    96.9703    34.8733 3.5502e+02 9.5938e-02      30875          2  0.000e+00
   1015.592     3.4336     3.4333   3.239619   3.239281     2.7088     0.0470     0.9871     0.1231    96.9703    34.8734 3.5502e+02 9.5669e-02      30876          2  0.000e+00
   1015.560     3.4335     3.4331   3.239589   3.239309     2.7101     0.0470     0.9871     0.1231    96.9703    34.8732 3.5502e+02 9.5938e-02      30877          2  0.000e+00
   1015.528     3.4337     3.4335   3.239583   3.239248     2.7088     0.0470     0.9871     0.1220    96.9970    34.8730 3.5502e+02 9.5938e-02      30878          2  0.000e+00
   1015.496     3.4338     3.4335   3.239577   3.239309     2.7088     0.0470     0.9871     0.1231    96.9703    34.8728 3.5502e+02 9.5669e-02      30879          2  0.000e+00
   1015.496     3.4337     3.4333   3.239583   3.239248     2.7088     0.0470     0.9871     0.1220    96.9970    34.8730 3.5502e+02 9.5938e-02      30880          2  0.000e+00
   1015.408     3.4338     3.4335   3.239560   3.239281     2.7088     0.0470     0.9871     0.1220    96.9970    34.8726 3.5502e+02 9.5669e-02      30881          2  0.000e+00
   1015.440     3.4338     3.4335   3.239572   3.239309     2.7088     0.0470     0.9871     0.1220    96.9970    34.8727 3.5502e+02 9.5938e-02      30882          2  0.000e+00
   1015.344     3.4337     3.4335   3.239583   3.239281     2.7088     0.0470     0.9810     0.1220    96.9970    34.8731 3.5502e+02 9.5669e-02      30883          2  0.000e+00
   1015.376     3.4336     3.4336   3.239577   3.239281     2.7088     0.0348     0.9322     0.1220    96.9970    34.8731 3.5502e+02 9.5669e-02      30884          2  0.000e+00
   1015.224     3.4337     3.4335   3.239542   3.239330     2.7088     0.0348     0.9138     0.1220    96.9970    34.8726 3.5502e+02 9.5938e-02      30885          2  0.000e+00
   1015.320     3.4338     3.4335   3.239583   3.239281     2.7088     0.0348     0.9138     0.1220    96.9970    34.8729 3.5502e+02 9.5669e-02      30886          2  0.000e+00
   1015.256     3.4338     3.4335   3.239607   3.239281     2.7101     0.0348     0.9138     0.1220    96.9970    34.8733 3.5502e+02 9.5669e-02      30887          2  0.000e+00
   1015.224     3.4337     3.4333   3.239613   3.239308     2.7088     0.0348     0.9138     0.1231    96.9703    34.8735 3.5502e+02 9.5669e-02      30888          2  0.000e+00
   1015.200     3.4336     3.4333   3.239589   3.239248     2.7088     0.0348     0.9138     0.1242    96.9436    34.8733 3.5311e+02 9.5938e-02      30889          2  0.000e+00
   1015.168     3.4337     3.4335   3.239583   3.239281     2.7088     0.0348     0.9138     0.1242    96.9436    34.8732 3.5502e+02 9.5669e-02      30890          2  0.000e+00
   1015.080     3.4337     3.4335   3.239577   3.239220     2.7088     0.0348     0.9138     0.1231    96.9703    34.8731 3.5502e+02 9.5669e-02      30891          2  0.000e+00
   1014.928     3.4338     3.4333   3.239583   3.239308     2.7088     0.0348     0.9138     0.1231    96.9703    34.8732 3.5502e+02 9.5669e-02      30892          2  0.000e+00
   1015.256     3.4335     3.4336   3.239583   3.239308     2.7088     0.0348     0.9138     0.1231    96.9703    34.8733 3.5502e+02 9.5669e-02      30893          2  0.000e+00
