Ship_data/Irminger/Irminger-3/ctd/process/ar0701010.ros
* Sea-Bird SBE 9 Data File:
* FileName = D:\Data\ar0701010.hdr
* Software Version Seasave V 7.23.2
* Temperature SN = 4406
* Conductivity SN = 3042
* Number of Bytes Per Scan = 44
* Number of Voltage Words = 5
* Number of Scans Averaged by the Deck Unit = 1
* NMEA Latitude = 59 55.71 N
* NMEA Longitude = 039 37.28 W
* NMEA UTC (Time) = Jul 16 2016  20:07:47
** Site Irminger Surface Mooring (old 2015)
** G. Tupper Tupper
** Station # 010
** before old mooring recovery
# nquan = 16
# nvalues = 539                                   
# units = specified
# name 0 = prDM: Pressure, Digiquartz [db]
# name 1 = t090C: Temperature [ITS-90, deg C]
# name 2 = t190C: Temperature, 2 [ITS-90, deg C]
# name 3 = c0S/m: Conductivity [S/m]
# name 4 = c1S/m: Conductivity, 2 [S/m]
# name 5 = sbeox0V: Oxygen raw, SBE 43 [V]
# name 6 = flECO-AFL: Fluorescence, WET Labs ECO-AFL/FL [mg/m^3]
# name 7 = turbWETntu0: Turbidity, WET Labs ECO [NTU]
# name 8 = CStarAt0: Beam Attenuation, WET Labs C-Star [1/m]
# name 9 = CStarTr0: Beam Transmission, WET Labs C-Star [%]
# name 10 = sal00: Salinity, Practical [PSU]
# name 11 = spar: SPAR/Surface Irradiance
# name 12 = par: PAR/Irradiance, Biospherical/Licor
# name 13 = scan: Scan Count
# name 14 = nbf: Bottles Fired
# name 15 = flag:  0.000e+00
# interval = seconds: 0.0416667
# start_time = Jul 16 2016 20:10:01 [NMEA time, first data scan]
# bad_flag = -9.990e-29
*END*
[from data line 272]
    101.289     4.4070     4.4063   3.292655   3.292310     2.9842     0.0470     0.9261     0.1374    96.6230    34.9532 4.7717e+01 9.5400e-02      96049          6  0.000e+00
    101.313     4.4068     4.4063   3.292655   3.292354     2.9842     0.0470     0.9383     0.1374    96.6230    34.9534 4.9626e+01 9.5400e-02      96050          6  0.000e+00
    101.258     4.4067     4.4061   3.292672   3.292299     2.9842     0.0470     0.9505     0.1363    96.6498    34.9537 4.9626e+01 9.5400e-02      96051          6  0.000e+00
    101.258     4.4068     4.4062   3.292684   3.292399     2.9842     0.0470     0.9566     0.1374    96.6230    34.9537 4.9626e+01 9.5400e-02      96052          6  0.000e+00
    101.313     4.4070     4.4063   3.292666   3.292354     2.9842     0.0470     0.9566     0.1396    96.5696    34.9533 4.9626e+01 9.5400e-02      96053          6  0.000e+00
    101.289     4.4070     4.4063   3.292696   3.292327     2.9842     0.0470     0.9566     0.1396    96.5696    34.9537 4.5809e+01 9.5400e-02      96054          6  0.000e+00
    101.258     4.4068     4.4061   3.292696   3.292371     2.9855     0.0470     0.9505     0.1396    96.5696    34.9539 4.3900e+01 9.5400e-02      96055          6  0.000e+00
    101.313     4.4067     4.4060   3.292643   3.292354     2.9855     0.0470     0.9566     0.1385    96.5963    34.9533 4.5809e+01 9.5400e-02      96056          6  0.000e+00
    101.258     4.4071     4.4063   3.292666   3.292327     2.9842     0.0470     0.9566     0.1374    96.6230    34.9532 4.7717e+01 9.5400e-02      96057          6  0.000e+00
    101.313     4.4067     4.4063   3.292666   3.292371     2.9842     0.0470     0.9505     0.1374    96.6230    34.9536 4.7717e+01 9.5400e-02      96058          6  0.000e+00
    101.313     4.4070     4.4062   3.292655   3.292299     2.9842     0.0470     0.9566     0.1374    96.6230    34.9532 4.9626e+01 9.5400e-02      96059          6  0.000e+00
    101.289     4.4068     4.4063   3.292672   3.292343     2.9842     0.0470     0.9505     0.1374    96.6230    34.9535 4.7717e+01 9.5400e-02      96060          6  0.000e+00
    101.313     4.4068     4.4060   3.292702   3.292327     2.9842     0.0470     0.9505     0.1385    96.5963    34.9539 4.7717e+01 9.5400e-02      96061          6  0.000e+00
    101.313     4.4067     4.4063   3.292672   3.292327     2.9842     0.0470     0.9505     0.1385    96.5963    34.9537 4.7717e+01 9.5400e-02      96062          6  0.000e+00
    101.313     4.4066     4.4062   3.292672   3.292371     2.9842     0.0470     0.9566     0.1385    96.5963    34.9538 4.9626e+01 9.5400e-02      96063          6  0.000e+00
    101.313     4.4065     4.4062   3.292643   3.292299     2.9842     0.0470     0.9505     0.1385    96.5963    34.9535 4.7717e+01 9.5400e-02      96064          6  0.000e+00
    101.345     4.4065     4.4062   3.292661   3.292327     2.9842     0.0470     0.9505     0.1396    96.5696    34.9538 4.9626e+01 9.5400e-02      96065          6  0.000e+00
    101.313     4.4065     4.4063   3.292619   3.292371     2.9842     0.0470     0.9505     0.1396    96.5696    34.9532 4.9626e+01 9.5400e-02      96066          6  0.000e+00
    101.376     4.4065     4.4062   3.292595   3.292354     2.9842     0.0470     0.9505     0.1396    96.5696    34.9530 4.9626e+01 9.5400e-02      96067          6  0.000e+00
    101.313     4.4062     4.4063   3.292595   3.292327     2.9854     0.0470     0.9505     0.1385    96.5963    34.9533 4.9626e+01 9.5400e-02      96068          6  0.000e+00
    101.376     4.4063     4.4062   3.292613   3.292371     2.9854     0.0470     0.9505     0.1374    96.6230    34.9534 4.7717e+01 9.5400e-02      96069          6  0.000e+00
    101.313     4.4065     4.4059   3.292625   3.292299     2.9842     0.0470     0.9505     0.1374    96.6230    34.9533 4.7717e+01 9.5400e-02      96070          6  0.000e+00
     81.143     4.4825     4.4705   3.298649   3.297337     2.9968     0.0470     0.9322     0.1407    96.5429    34.9546 4.7717e+01 9.5400e-02      99894          7  0.000e+00
     81.088     4.4822     4.4706   3.298607   3.297337     2.9980     0.0470     0.9322     0.1407    96.5429    34.9545 4.9626e+01 9.5400e-02      99895          7  0.000e+00
     81.190     4.4816     4.4708   3.298553   3.297282     2.9968     0.0470     0.9322     0.1407    96.5429    34.9545 4.7717e+01 9.5400e-02      99896          7  0.000e+00
     81.088     4.4803     4.4706   3.298517   3.297370     2.9968     0.0470     0.9322     0.1407    96.5429    34.9554 4.7717e+01 9.5400e-02      99897          7  0.000e+00
     81.127     4.4795     4.4707   3.298475   3.297403     2.9968     0.0470     0.9322     0.1407    96.5429    34.9558 4.9626e+01 9.5400e-02      99898          7  0.000e+00
     81.143     4.4797     4.4711   3.298410   3.297398     2.9968     0.0470     0.9322     0.1407    96.5429    34.9548 4.9626e+01 9.5400e-02      99899          7  0.000e+00
     81.025     4.4800     4.4716   3.298451   3.297337     2.9980     0.0470     0.9322     0.1407    96.5429    34.9550 4.7717e+01 9.5400e-02      99900          7  0.000e+00
     81.245     4.4808     4.4716   3.298541   3.297309     2.9980     0.0470     0.9322     0.1418    96.5162    34.9552 4.9626e+01 9.5400e-02      99901          7  0.000e+00
     81.206     4.4812     4.4731   3.298583   3.297398     2.9980     0.0470     0.9322     0.1418    96.5162    34.9552 4.9626e+01 9.5400e-02      99902          7  0.000e+00
     81.245     4.4812     4.4738   3.298541   3.297464     2.9968     0.0470     0.9322     0.1407    96.5429    34.9546 4.9626e+01 9.5400e-02      99903          7  0.000e+00
     81.143     4.4812     4.4722   3.298529   3.297520     2.9968     0.0470     0.9322     0.1407    96.5429    34.9546 4.9626e+01 9.5400e-02      99904          7  0.000e+00
     81.245     4.4814     4.4714   3.298601   3.297370     2.9980     0.0470     0.9322     0.1407    96.5429    34.9552 4.7717e+01 9.5400e-02      99905          7  0.000e+00
     81.206     4.4816     4.4712   3.298643   3.297337     2.9968     0.0470     0.9322     0.1407    96.5429    34.9555 4.7717e+01 9.5400e-02      99906          7  0.000e+00
     81.206     4.4817     4.4722   3.298655   3.297431     2.9980     0.0470     0.9322     0.1407    96.5429    34.9555 4.7717e+01 9.5400e-02      99907          7  0.000e+00
     81.245     4.4824     4.4730   3.298756   3.297492     2.9980     0.0470     0.9322     0.1418    96.5162    34.9560 4.7717e+01 9.5400e-02      99908          7  0.000e+00
     81.261     4.4827     4.4737   3.298691   3.297547     2.9980     0.0470     0.9322     0.1407    96.5429    34.9548 4.9626e+01 9.5400e-02      99909          7  0.000e+00
     81.245     4.4829     4.4733   3.298697   3.297575     2.9968     0.0470     0.9322     0.1407    96.5429    34.9547 4.7717e+01 9.5400e-02      99910          7  0.000e+00
     81.316     4.4830     4.4754   3.298756   3.297547     2.9980     0.0348     0.9383     0.1407    96.5429    34.9552 4.7717e+01 9.5400e-02      99911          7  0.000e+00
     81.261     4.4833     4.4768   3.298816   3.297702     2.9980     0.0348     0.9383     0.1407    96.5429    34.9557 4.7717e+01 9.5400e-02      99912          7  0.000e+00
     81.308     4.4831     4.4767   3.298828   3.297847     2.9980     0.0348     0.9383     0.1407    96.5429    34.9560 4.5809e+01 9.5400e-02      99913          7  0.000e+00
     81.316     4.4830     4.4784   3.298786   3.297902     2.9980     0.0348     0.9383     0.1407    96.5429    34.9556 4.3900e+01 9.5400e-02      99914          7  0.000e+00
     81.308     4.4835     4.4802   3.298792   3.297963     2.9968     0.0348     0.9383     0.1429    96.4895    34.9552 4.5809e+01 9.5400e-02      99915          7  0.000e+00
     81.316     4.4835     4.4815   3.298786   3.298140     2.9968     0.0348     0.9383     0.1663    95.9285    34.9551 4.5809e+01 9.5400e-02      99916          7  0.000e+00
     81.379     4.4838     4.4821   3.298816   3.298290     2.9968     0.0348     0.9383     0.1931    95.2875    34.9551 4.7717e+01 9.5400e-02      99917          7  0.000e+00
     81.308     4.4836     4.4822   3.298846   3.298362     2.9980     0.0348     0.9383     0.1976    95.1806    34.9557 4.7717e+01 9.5400e-02      99918          7  0.000e+00
     81.379     4.4838     4.4823   3.298882   3.298351     2.9980     0.0348     0.9383     0.1886    95.3943    34.9559 4.7717e+01 9.5400e-02      99919          7  0.000e+00
     81.363     4.4838     4.4824   3.298828   3.298351     2.9968     0.0348     0.9383     0.1931    95.2875    34.9553 4.7717e+01 9.5400e-02      99920          7  0.000e+00
     81.379     4.4838     4.4824   3.298804   3.298378     2.9968     0.0348     0.9383     0.2223    94.5929    34.9550 4.9626e+01 9.5400e-02      99921          7  0.000e+00
     81.379     4.4839     4.4826   3.298840   3.298439     2.9980     0.0348     0.9383     0.2507    93.9251    34.9552 4.7717e+01 9.5400e-02      99922          7  0.000e+00
     81.419     4.4839     4.4827   3.298882   3.298539     2.9980     0.0348     0.9383     0.2518    93.8984    34.9557 4.7717e+01 9.5400e-02      99923          7  0.000e+00
     81.434     4.4839     4.4830   3.298852   3.298439     2.9980     0.0348     0.9383     0.2314    94.3792    34.9553 4.7717e+01 9.5400e-02      99924          7  0.000e+00
     81.419     4.4838     4.4827   3.298852   3.298439     2.9980     0.0348     0.9383     0.2077    94.9402    34.9555 4.7717e+01 9.5400e-02      99925          7  0.000e+00
     81.434     4.4839     4.4824   3.298864   3.298439     2.9980     0.0348     0.9383     0.1886    95.3943    34.9555 4.9626e+01 9.5400e-02      99926          7  0.000e+00
     81.434     4.4836     4.4824   3.298858   3.298467     2.9980     0.0348     0.9383     0.1752    95.7148    34.9557 4.9626e+01 9.5400e-02      99927          7  0.000e+00
     81.419     4.4838     4.4827   3.298816   3.298600     2.9980     0.0348     0.9383     0.1663    95.9285    34.9551 4.9626e+01 9.5400e-02      99928          7  0.000e+00
     81.497     4.4836     4.4826   3.298822   3.298500     2.9980     0.0348     0.9383     0.1596    96.0888    34.9553 4.7717e+01 9.5400e-02      99929          7  0.000e+00
     81.482     4.4836     4.4830   3.298816   3.298412     2.9968     0.0348     0.9383     0.1551    96.1957    34.9552 4.9626e+01 9.5400e-02      99930          7  0.000e+00
     81.497     4.4836     4.4831   3.298786   3.298412     2.9980     0.0348     0.9383     0.1518    96.2758    34.9549 4.7717e+01 9.5400e-02      99931          7  0.000e+00
     81.482     4.4836     4.4833   3.298768   3.298467     2.9980     0.0348     0.9383     0.1496    96.3292    34.9547 4.7717e+01 9.5400e-02      99932          7  0.000e+00
     81.497     4.4825     4.4832   3.298661   3.298500     2.9980     0.0348     0.9383     0.1485    96.3559    34.9545 4.9626e+01 9.5400e-02      99933          7  0.000e+00
     81.497     4.4812     4.4831   3.298559   3.298539     2.9980     0.0348     0.9383     0.1485    96.3559    34.9547 4.7717e+01 9.5400e-02      99934          7  0.000e+00
     81.537     4.4803     4.4832   3.298493   3.298500     2.9968     0.0470     0.9383     0.1485    96.3559    34.9549 4.7717e+01 9.5400e-02      99935          7  0.000e+00
     81.497     4.4795     4.4831   3.298475   3.298467     2.9980     0.0470     0.9322     0.1463    96.4093    34.9556 4.7717e+01 9.5400e-02      99936          7  0.000e+00
     81.537     4.4795     4.4832   3.298487   3.298528     2.9980     0.0470     0.9322     0.1452    96.4361    34.9557 4.7717e+01 9.5400e-02      99937          7  0.000e+00
     81.497     4.4800     4.4832   3.298481   3.298467     2.9980     0.0470     0.9322     0.1452    96.4361    34.9551 4.9626e+01 9.5400e-02      99938          7  0.000e+00
     81.553     4.4816     4.4833   3.298565   3.298589     2.9980     0.0470     0.9322     0.1441    96.4628    34.9544 4.7717e+01 9.5400e-02      99939          7  0.000e+00
     81.537     4.4832     4.4832   3.298661   3.298539     2.9980     0.0470     0.9322     0.1441    96.4628    34.9538 4.7717e+01 9.5400e-02      99940          7  0.000e+00
     81.553     4.4835     4.4832   3.298750   3.298467     2.9968     0.0470     0.9322     0.1441    96.4628    34.9546 4.7717e+01 9.5400e-02      99941          7  0.000e+00
     81.537     4.4835     4.4834   3.298768   3.298500     2.9968     0.0470     0.9322     0.1429    96.4895    34.9548 4.7717e+01 9.5400e-02      99942          7  0.000e+00
     40.993     4.7140     4.6842   3.316015   3.313007     3.0751     0.1691     0.9627     0.1718    95.7950    34.9353 5.3443e+01 9.5400e-02     104974          8  0.000e+00
     40.922     4.7153     4.6873   3.315979   3.313124     3.0751     0.1691     0.9627     0.1718    95.7950    34.9335 5.3443e+01 9.5400e-02     104975          8  0.000e+00
     40.930     4.7163     4.6920   3.316015   3.313335     3.0751     0.1691     0.9627     0.1718    95.7950    34.9329 5.3443e+01 9.5400e-02     104976          8  0.000e+00
     40.977     4.7190     4.7009   3.316303   3.313562     3.0751     0.1691     0.9627     0.1707    95.8217    34.9333 5.3443e+01 9.5400e-02     104977          8  0.000e+00
     41.048     4.7204     4.7064   3.316483   3.314200     3.0751     0.1691     0.9627     0.1718    95.7950    34.9339 5.1535e+01 9.5400e-02     104978          8  0.000e+00
     40.993     4.7214     4.7092   3.316561   3.314861     3.0751     0.1691     0.9627     0.1718    95.7950    34.9338 5.3443e+01 9.5400e-02     104979          8  0.000e+00
     41.095     4.7233     4.7076   3.316704   3.315200     3.0763     0.1691     0.9627     0.1718    95.7950    34.9335 5.3443e+01 9.5400e-02     104980          8  0.000e+00
     41.048     4.7236     4.7074   3.316668   3.315188     3.0751     0.1691     0.9627     0.1718    95.7950    34.9327 5.3443e+01 9.5400e-02     104981          8  0.000e+00
     41.095     4.7220     4.7102   3.316597   3.315066     3.0751     0.1691     0.9627     0.1718    95.7950    34.9335 5.1535e+01 9.5400e-02     104982          8  0.000e+00
     41.111     4.7214     4.7134   3.316597   3.315322     3.0751     0.1691     0.9627     0.1718    95.7950    34.9342 5.3443e+01 9.5400e-02     104983          8  0.000e+00
     41.150     4.7222     4.7171   3.316651   3.315577     3.0751     0.1691     0.9627     0.1718    95.7950    34.9340 5.1535e+01 9.5400e-02     104984          8  0.000e+00
     41.111     4.7226     4.7207   3.316668   3.315755     3.0751     0.1569     0.9688     0.1730    95.7683    34.9337 5.1535e+01 9.5400e-02     104985          8  0.000e+00
     41.166     4.7227     4.7220   3.316668   3.316093     3.0739     0.1569     0.9688     0.1730    95.7683    34.9336 5.3443e+01 9.5400e-02     104986          8  0.000e+00
     41.213     4.7229     4.7223   3.316710   3.316293     3.0763     0.1569     0.9688     0.1730    95.7683    34.9338 5.1535e+01 9.5400e-02     104987          8  0.000e+00
     41.166     4.7236     4.7236   3.316710   3.316265     3.0751     0.1569     0.9688     0.1741    95.7416    34.9332 5.3443e+01 9.5400e-02     104988          8  0.000e+00
     41.269     4.7231     4.7246   3.316633   3.316482     3.0763     0.1569     0.9688     0.1741    95.7416    34.9327 5.1535e+01 9.5400e-02     104989          8  0.000e+00
     41.229     4.7219     4.7250   3.316447   3.316504     3.0751     0.1569     0.9688     0.1741    95.7416    34.9319 5.1535e+01 9.5400e-02     104990          8  0.000e+00
     41.269     4.7174     4.7252   3.316063   3.316504     3.0751     0.1569     0.9688     0.1718    95.7950    34.9321 5.1535e+01 9.5400e-02     104991          8  0.000e+00
