Ship_data/Irminger/Irminger-3/ctd/process/ar0701006.ros
* Sea-Bird SBE 9 Data File:
* FileName = D:\Data\ar0701006.hdr
* Software Version Seasave V 7.23.2
* Temperature SN = 4406
* Conductivity SN = 3042
* Number of Bytes Per Scan = 44
* Number of Voltage Words = 5
* Number of Scans Averaged by the Deck Unit = 1
* NMEA Latitude = 59 55.99 N
* NMEA Longitude = 039 27.05 W
* NMEA UTC (Time) = Jul 10 2016  19:49:21
** Site Irminger Surface Mooring
** G. Tupper Tupper
** Station # 006
** new mooring
# nquan = 16
# nvalues = 539                                   
# units = specified
# name 0 = prDM: Pressure, Digiquartz [db]
# name 1 = t090C: Temperature [ITS-90, deg C]
# name 2 = t190C: Temperature, 2 [ITS-90, deg C]
# name 3 = c0S/m: Conductivity [S/m]
# name 4 = c1S/m: Conductivity, 2 [S/m]
# name 5 = sbeox0V: Oxygen raw, SBE 43 [V]
# name 6 = flECO-AFL: Fluorescence, WET Labs ECO-AFL/FL [mg/m^3]
# name 7 = turbWETntu0: Turbidity, WET Labs ECO [NTU]
# name 8 = CStarAt0: Beam Attenuation, WET Labs C-Star [1/m]
# name 9 = CStarTr0: Beam Transmission, WET Labs C-Star [%]
# name 10 = sal00: Salinity, Practical [PSU]
# name 11 = spar: SPAR/Surface Irradiance
# name 12 = par: PAR/Irradiance, Biospherical/Licor
# name 13 = scan: Scan Count
# name 14 = nbf: Bottles Fired
# name 15 = flag:  0.000e+00
# interval = seconds: 0.0416667
# start_time = Jul 10 2016 19:51:27 [NMEA time, first data scan]
# bad_flag = -9.990e-29
*END*
[from data line 181]
    252.022     3.9492     3.9489   3.255918   3.255615     2.9514     0.0348     0.9261     0.1286    96.8367    34.9231 2.3095e+02 9.5400e-02      90238          4  0.000e+00
    252.180     3.9494     3.9486   3.255918   3.255626     2.9514     0.0348     0.9261     0.1286    96.8367    34.9228 2.3286e+02 9.5400e-02      90239          4  0.000e+00
    252.061     3.9493     3.9485   3.255901   3.255626     2.9514     0.0348     0.9261     0.1286    96.8367    34.9228 2.3095e+02 9.5400e-02      90240          4  0.000e+00
    252.298     3.9492     3.9487   3.255907   3.255642     2.9514     0.0348     0.9322     0.1275    96.8634    34.9228 2.3095e+02 9.5400e-02      90241          4  0.000e+00
    252.298     3.9493     3.9484   3.255901   3.255626     2.9514     0.0348     0.9261     0.1286    96.8367    34.9226 2.3286e+02 9.5400e-02      90242          4  0.000e+00
    252.298     3.9492     3.9487   3.255907   3.255615     2.9514     0.0348     0.9261     0.1286    96.8367    34.9228 2.3095e+02 9.5400e-02      90243          4  0.000e+00
    252.353     3.9490     3.9485   3.255901   3.255653     2.9514     0.0348     0.9261     0.1286    96.8367    34.9229 2.3095e+02 9.5400e-02      90244          4  0.000e+00
    252.353     3.9493     3.9487   3.255930   3.255642     2.9514     0.0348     0.9261     0.1297    96.8100    34.9230 2.3095e+02 9.5400e-02      90245          4  0.000e+00
    252.472     3.9489     3.9486   3.255930   3.255653     2.9514     0.0348     0.9261     0.1319    96.7566    34.9233 2.3095e+02 9.5400e-02      90246          4  0.000e+00
    252.472     3.9492     3.9485   3.255936   3.255642     2.9526     0.0348     0.9261     0.1319    96.7566    34.9231 2.3095e+02 9.5400e-02      90247          4  0.000e+00
    252.590     3.9493     3.9487   3.255966   3.255598     2.9526     0.0348     0.9322     0.1319    96.7566    34.9233 2.3286e+02 9.5400e-02      90248          4  0.000e+00
    252.527     3.9493     3.9484   3.255936   3.255626     2.9514     0.0348     0.9322     0.1308    96.7833    34.9229 2.3095e+02 9.5400e-02      90249          4  0.000e+00
    252.645     3.9492     3.9487   3.255960   3.255643     2.9514     0.0348     0.9322     0.1297    96.8100    34.9233 2.3286e+02 9.5400e-02      90250          4  0.000e+00
    252.645     3.9492     3.9487   3.255978   3.255654     2.9514     0.0348     0.9322     0.1297    96.8100    34.9235 2.3286e+02 9.5400e-02      90251          4  0.000e+00
    252.709     3.9490     3.9487   3.255960   3.255670     2.9514     0.0348     0.9322     0.1286    96.8367    34.9234 2.3286e+02 9.5400e-02      90252          4  0.000e+00
    131.072     4.2108     4.2111   3.275457   3.275154     2.9831     0.0348     0.9383     0.1341    96.7032    34.9422 2.2141e+02 9.5400e-02      95478          5  0.000e+00
    131.025     4.2112     4.2115   3.275451   3.275215     2.9831     0.0348     0.9322     0.1341    96.7032    34.9418 2.1950e+02 9.5400e-02      95479          5  0.000e+00
    131.253     4.2113     4.2115   3.275439   3.275155     2.9843     0.0348     0.9322     0.1341    96.7032    34.9413 2.1950e+02 9.5400e-02      95480          5  0.000e+00
    131.025     4.2112     4.2114   3.275397   3.275243     2.9843     0.0348     0.9322     0.1330    96.7299    34.9411 2.2141e+02 9.5400e-02      95481          5  0.000e+00
    131.190     4.2108     4.2107   3.275427   3.275243     2.9843     0.0348     0.9322     0.1330    96.7299    34.9417 2.2141e+02 9.5400e-02      95482          5  0.000e+00
    131.198     4.2107     4.2104   3.275403   3.275215     2.9843     0.0348     0.9322     0.1330    96.7299    34.9416 2.1950e+02 9.5400e-02      95483          5  0.000e+00
    131.190     4.2112     4.2107   3.275445   3.275177     2.9843     0.0348     0.9322     0.1330    96.7299    34.9415 2.2141e+02 9.5400e-02      95484          5  0.000e+00
    131.261     4.2112     4.2105   3.275433   3.275155     2.9831     0.0348     0.9322     0.1330    96.7299    34.9414 2.2141e+02 9.5400e-02      95485          5  0.000e+00
    131.253     4.2110     4.2104   3.275433   3.275155     2.9831     0.0348     0.9322     0.1330    96.7299    34.9416 2.1950e+02 9.5400e-02      95486          5  0.000e+00
    131.308     4.2108     4.2098   3.275421   3.275121     2.9843     0.0348     0.9322     0.1330    96.7299    34.9416 2.2141e+02 9.5400e-02      95487          5  0.000e+00
    131.316     4.2108     4.2101   3.275415   3.275094     2.9843     0.0348     0.9322     0.1319    96.7566    34.9415 2.1950e+02 9.5400e-02      95488          5  0.000e+00
    131.371     4.2108     4.2101   3.275457   3.275121     2.9831     0.0348     0.9322     0.1330    96.7299    34.9420 2.2141e+02 9.5400e-02      95489          5  0.000e+00
    131.379     4.2105     4.2096   3.275409   3.275121     2.9831     0.0348     0.9383     0.1330    96.7299    34.9418 2.1950e+02 9.5400e-02      95490          5  0.000e+00
    131.426     4.2105     4.2096   3.275403   3.275149     2.9843     0.0348     0.9322     0.1341    96.7032    34.9417 2.2141e+02 9.5400e-02      95491          5  0.000e+00
    131.434     4.2105     4.2094   3.275409   3.275066     2.9843     0.0348     0.9566     0.1341    96.7032    34.9417 2.1950e+02 9.5400e-02      95492          5  0.000e+00
    131.482     4.2105     4.2096   3.275433   3.275033     2.9831     0.0226     0.9688     0.1363    96.6498    34.9420 2.2141e+02 9.5400e-02      95493          5  0.000e+00
    131.426     4.2108     4.2099   3.275439   3.275094     2.9831     0.0226     0.9688     0.1352    96.6765    34.9418 2.2141e+02 9.5400e-02      95494          5  0.000e+00
    131.608     4.2113     4.2101   3.275481   3.275094     2.9831     0.0226     0.9688     0.1352    96.6765    34.9416 2.2141e+02 9.5400e-02      95495          5  0.000e+00
    131.600     4.2112     4.2100   3.275481   3.275094     2.9843     0.0226     0.9688     0.1341    96.7032    34.9417 2.2141e+02 9.5400e-02      95496          5  0.000e+00
    131.552     4.2113     4.2102   3.275433   3.275121     2.9843     0.0226     0.9688     0.1330    96.7299    34.9411 2.1950e+02 9.5400e-02      95497          5  0.000e+00
    131.663     4.2113     4.2101   3.275451   3.275122     2.9831     0.0226     0.9688     0.1330    96.7299    34.9412 2.1950e+02 9.5400e-02      95498          5  0.000e+00
    131.608     4.2112     4.2104   3.275451   3.275149     2.9831     0.0226     0.9688     0.1330    96.7299    34.9414 2.1950e+02 9.5400e-02      95499          5  0.000e+00
    131.718     4.2108     4.2107   3.275445   3.275155     2.9831     0.0226     0.9688     0.1319    96.7566    34.9417 2.2141e+02 9.5400e-02      95500          5  0.000e+00
    131.726     4.2107     4.2107   3.275463   3.275155     2.9831     0.0226     0.9688     0.1319    96.7566    34.9420 2.1950e+02 9.5400e-02      95501          5  0.000e+00
    131.781     4.2107     4.2107   3.275427   3.275215     2.9831     0.0226     0.9688     0.1319    96.7566    34.9416 2.2141e+02 9.5400e-02      95502          5  0.000e+00
    131.789     4.2105     4.2109   3.275457   3.275182     2.9831     0.0226     0.9688     0.1319    96.7566    34.9421 2.2141e+02 9.5400e-02      95503          5  0.000e+00
    131.836     4.2105     4.2112   3.275433   3.275243     2.9831     0.0226     0.9688     0.1319    96.7566    34.9418 2.2141e+02 9.5400e-02      95504          5  0.000e+00
    131.836     4.2103     4.2107   3.275391   3.275215     2.9855     0.0226     0.9688     0.1319    96.7566    34.9415 2.2141e+02 9.5400e-02      95505          5  0.000e+00
    131.844     4.2099     4.2104   3.275344   3.275238     2.9843     0.0226     0.9688     0.1319    96.7566    34.9414 2.2141e+02 9.5400e-02      95506          5  0.000e+00
    131.954     4.2097     4.2104   3.275344   3.275155     2.9831     0.0226     0.9688     0.1319    96.7566    34.9416 2.2141e+02 9.5400e-02      95507          5  0.000e+00
    131.962     4.2096     4.2109   3.275350   3.275182     2.9831     0.0226     0.9688     0.1319    96.7566    34.9417 2.2141e+02 9.5400e-02      95508          5  0.000e+00
    131.899     4.2096     4.2106   3.275332   3.275216     2.9843     0.0226     0.9688     0.1319    96.7566    34.9415 2.2141e+02 9.5400e-02      95509          5  0.000e+00
    132.017     4.2094     4.2107   3.275320   3.275216     2.9843     0.0226     0.9688     0.1319    96.7566    34.9415 2.2141e+02 9.5400e-02      95510          5  0.000e+00
    132.072     4.2094     4.2103   3.275284   3.275216     2.9831     0.0226     0.9688     0.1319    96.7566    34.9411 2.1950e+02 9.5400e-02      95511          5  0.000e+00
    132.017     4.2093     4.2109   3.275350   3.275182     2.9831     0.0226     0.9688     0.1319    96.7566    34.9421 2.2141e+02 9.5400e-02      95512          5  0.000e+00
    132.128     4.2096     4.2109   3.275320   3.275216     2.9843     0.0226     0.9688     0.1319    96.7566    34.9413 2.2141e+02 9.5400e-02      95513          5  0.000e+00
    131.954     4.2096     4.2111   3.275332   3.275177     2.9843     0.0226     0.9688     0.1330    96.7299    34.9415 2.2141e+02 9.5400e-02      95514          5  0.000e+00
    132.317     4.2099     4.2110   3.275373   3.275243     2.9843     0.0226     0.9688     0.1330    96.7299    34.9415 2.2141e+02 9.5400e-02      95515          5  0.000e+00
    132.128     4.2100     4.2111   3.275445   3.275243     2.9843     0.0348     0.9444     0.1330    96.7299    34.9423 2.2141e+02 9.5400e-02      95516          5  0.000e+00
    132.198     4.2100     4.2110   3.275385   3.275271     2.9831     0.0348     0.9261     0.1319    96.7566    34.9416 2.2141e+02 9.5400e-02      95517          5  0.000e+00
    132.246     4.2102     4.2110   3.275356   3.275243     2.9843     0.0348     0.9200     0.1319    96.7566    34.9410 2.2141e+02 9.5400e-02      95518          5  0.000e+00
    132.254     4.2097     4.2111   3.275373   3.275271     2.9843     0.0348     0.9200     0.1330    96.7299    34.9417 2.2141e+02 9.5400e-02      95519          5  0.000e+00
    132.246     4.2096     4.2109   3.275344   3.275243     2.9855     0.0348     0.9200     0.1319    96.7566    34.9415 2.1950e+02 9.5400e-02      95520          5  0.000e+00
    132.317     4.2095     4.2111   3.275326   3.275238     2.9831     0.0348     0.9200     0.1319    96.7566    34.9414 2.2141e+02 9.5400e-02      95521          5  0.000e+00
    132.364     4.2097     4.2107   3.275320   3.275243     2.9843     0.0348     0.9200     0.1319    96.7566    34.9410 2.2141e+02 9.5400e-02      95522          5  0.000e+00
    132.317     4.2094     4.2105   3.275344   3.275216     2.9843     0.0348     0.9200     0.1319    96.7566    34.9416 2.2141e+02 9.5400e-02      95523          5  0.000e+00
    132.364     4.2096     4.2107   3.275350   3.275182     2.9843     0.0348     0.9200     0.1319    96.7566    34.9415 2.2141e+02 9.5400e-02      95524          5  0.000e+00
    132.427     4.2097     4.2112   3.275374   3.275183     2.9843     0.0348     0.9200     0.1319    96.7566    34.9416 2.2141e+02 9.5400e-02      95525          5  0.000e+00
    132.364     4.2097     4.2109   3.275403   3.275271     2.9843     0.0348     0.9200     0.1319    96.7566    34.9420 2.1950e+02 9.5400e-02      95526          5  0.000e+00
    102.018     4.4554     4.4516   3.297436   3.296784     3.0005     0.0470     0.9566     0.1374    96.6230    34.9578 2.1377e+02 9.5400e-02      99128          6  0.000e+00
    102.018     4.4552     4.4516   3.297448   3.296784     3.0005     0.0470     0.9566     0.1374    96.6230    34.9581 2.1377e+02 9.5400e-02      99129          6  0.000e+00
    102.018     4.4550     4.4510   3.297448   3.296873     3.0005     0.0470     0.9566     0.1374    96.6230    34.9583 2.1186e+02 9.5400e-02      99130          6  0.000e+00
    102.073     4.4546     4.4507   3.297454   3.296845     3.0005     0.0470     0.9566     0.1363    96.6498    34.9588 2.1377e+02 9.5400e-02      99131          6  0.000e+00
    101.924     4.4551     4.4510   3.297508   3.296784     3.0005     0.0470     0.9566     0.1363    96.6498    34.9590 2.1377e+02 9.5400e-02      99132          6  0.000e+00
    102.246     4.4554     4.4507   3.297502   3.296723     3.0005     0.0470     0.9505     0.1374    96.6230    34.9585 2.1377e+02 9.5400e-02      99133          6  0.000e+00
    102.073     4.4558     4.4504   3.297454   3.296784     3.0005     0.0470     0.9322     0.1374    96.6230    34.9575 2.1377e+02 9.5400e-02      99134          6  0.000e+00
    102.136     4.4557     4.4500   3.297454   3.296812     3.0005     0.0470     0.9261     0.1374    96.6230    34.9576 2.1377e+02 9.5400e-02      99135          6  0.000e+00
    102.191     4.4555     4.4505   3.297448   3.296757     3.0005     0.0470     0.9261     0.1374    96.6230    34.9577 2.1186e+02 9.5400e-02      99136          6  0.000e+00
    102.191     4.4551     4.4505   3.297394   3.296723     3.0005     0.0470     0.9261     0.1363    96.6498    34.9575 2.1377e+02 9.5400e-02      99137          6  0.000e+00
    102.191     4.4539     4.4502   3.297286   3.296751     3.0005     0.0470     0.9261     0.1374    96.6230    34.9575 2.1377e+02 9.5400e-02      99138          6  0.000e+00
    102.278     4.4535     4.4502   3.297316   3.296751     3.0005     0.0470     0.9261     0.1374    96.6230    34.9583 2.1377e+02 9.5400e-02      99139          6  0.000e+00
    102.246     4.4535     4.4507   3.297280   3.296784     3.0005     0.0470     0.9261     0.1374    96.6230    34.9579 2.1377e+02 9.5400e-02      99140          6  0.000e+00
    102.246     4.4533     4.4513   3.297274   3.296784     3.0005     0.0470     0.9261     0.1374    96.6230    34.9580 2.1377e+02 9.5400e-02      99141          6  0.000e+00
    102.309     4.4533     4.4515   3.297286   3.296812     3.0005     0.0470     0.9261     0.1374    96.6230    34.9581 2.1377e+02 9.5400e-02      99142          6  0.000e+00
    102.365     4.4535     4.4516   3.297286   3.296812     3.0005     0.0470     0.9261     0.1374    96.6230    34.9579 2.1377e+02 9.5400e-02      99143          6  0.000e+00
    102.309     4.4534     4.4521   3.297269   3.296934     3.0005     0.0470     0.9261     0.1396    96.5696    34.9578 2.1377e+02 9.5400e-02      99144          6  0.000e+00
    102.396     4.4533     4.4523   3.297292   3.296928     3.0005     0.0470     0.9261     0.1396    96.5696    34.9581 2.1377e+02 9.5400e-02      99145          6  0.000e+00
    102.428     4.4536     4.4523   3.297292   3.296901     3.0005     0.0470     0.9322     0.1385    96.5963    34.9578 2.1377e+02 9.5400e-02      99146          6  0.000e+00
    102.428     4.4539     4.4519   3.297304   3.296901     3.0005     0.0470     0.9261     0.1374    96.6230    34.9576 2.1377e+02 9.5400e-02      99147          6  0.000e+00
    102.428     4.4543     4.4513   3.297382   3.296928     2.9993     0.0470     0.9261     0.1385    96.5963    34.9581 2.1186e+02 9.5400e-02      99148          6  0.000e+00
    102.483     4.4546     4.4508   3.297448   3.296934     3.0005     0.0470     0.9261     0.1396    96.5696    34.9585 2.1377e+02 9.5400e-02      99149          6  0.000e+00
    102.546     4.4549     4.4507   3.297466   3.296873     3.0005     0.0470     0.9261     0.1396    96.5696    34.9584 2.1186e+02 9.5400e-02      99150          6  0.000e+00
    102.514     4.4554     4.4508   3.297484   3.296751     3.0005     0.0470     0.9261     0.1385    96.5963    34.9581 2.1377e+02 9.5400e-02      99151          6  0.000e+00
    102.546     4.4555     4.4511   3.297406   3.296812     2.9992     0.0470     0.9261     0.1385    96.5963    34.9570 2.1186e+02 9.5400e-02      99152          6  0.000e+00
    102.601     4.4545     4.4510   3.297358   3.296873     2.9992     0.0470     0.9261     0.1385    96.5963    34.9575 2.1186e+02 9.5400e-02      99153          6  0.000e+00
