Ship_data/Irminger/Irminger-3/ctd/process/ar0701004.ros
* Sea-Bird SBE 9 Data File:
* FileName = D:\Data\ar0701004.hdr
* Software Version Seasave V 7.23.2
* Temperature SN = 4406
* Conductivity SN = 3042
* Number of Bytes Per Scan = 44
* Number of Voltage Words = 5
* Number of Scans Averaged by the Deck Unit = 1
* NMEA Latitude = 51 58.27 N
* NMEA Longitude = 045 45.89 W
* NMEA UTC (Time) = Jul 06 2016  17:02:22
**  Release test
** Chief Scientist: George Tupper
** Station ID 004
# nquan = 16
# nvalues = 98                                    
# units = specified
# name 0 = prDM: Pressure, Digiquartz [db]
# name 1 = t090C: Temperature [ITS-90, deg C]
# name 2 = t190C: Temperature, 2 [ITS-90, deg C]
# name 3 = c0S/m: Conductivity [S/m]
# name 4 = c1S/m: Conductivity, 2 [S/m]
# name 5 = sbeox0V: Oxygen raw, SBE 43 [V]
# name 6 = flECO-AFL: Fluorescence, WET Labs ECO-AFL/FL [mg/m^3]
# name 7 = turbWETntu0: Turbidity, WET Labs ECO [NTU]
# name 8 = CStarAt0: Beam Attenuation, WET Labs C-Star [1/m]
# name 9 = CStarTr0: Beam Transmission, WET Labs C-Star [%]
# name 10 = sal00: Salinity, Practical [PSU]
# name 11 = spar: SPAR/Surface Irradiance
# name 12 = par: PAR/Irradiance, Biospherical/Licor
# name 13 = scan: Scan Count
# name 14 = nbf: Bottles Fired
# name 15 = flag:  0.000e+00
# interval = seconds: 0.0416667
# start_time = Jul 06 2016 17:03:14 [NMEA time, first data scan]
# bad_flag = -9.990e-29
*END*
   2541.395     2.9163     2.9157   3.260625   3.260211     2.1525     0.0348     0.9261     0.1264    96.8902    34.9260 1.0173e+03 9.5400e-02     104876          1  0.000e+00
   2541.346     2.9165     2.9162   3.260655   3.260238     2.1525     0.0348     0.9261     0.1264    96.8902    34.9262 1.0154e+03 9.5400e-02     104877          1  0.000e+00
   2541.338     2.9169     2.9164   3.260690   3.260238     2.1525     0.0348     0.9261     0.1264    96.8902    34.9262 1.0154e+03 9.5400e-02     104878          1  0.000e+00
   2541.149     2.9173     2.9171   3.260720   3.260299     2.1538     0.0348     0.9261     0.1264    96.8902    34.9262 1.0154e+03 9.5400e-02     104879          1  0.000e+00
   2541.272     2.9169     2.9175   3.260714   3.260293     2.1525     0.0348     0.9261     0.1253    96.9169    34.9265 1.0154e+03 9.5400e-02     104880          1  0.000e+00
   2541.206     2.9168     2.9176   3.260720   3.260326     2.1525     0.0348     0.9261     0.1253    96.9169    34.9267 1.0154e+03 9.5400e-02     104881          1  0.000e+00
   2541.034     2.9173     2.9179   3.260714   3.260387     2.1525     0.0348     0.9261     0.1253    96.9169    34.9262 1.0154e+03 9.5400e-02     104882          1  0.000e+00
   2541.018     2.9178     2.9180   3.260750   3.260354     2.1538     0.0348     0.9322     0.1253    96.9169    34.9261 1.0154e+03 9.5400e-02     104883          1  0.000e+00
   2541.018     2.9179     2.9178   3.260786   3.260381     2.1525     0.0348     0.9261     0.1253    96.9169    34.9264 1.0173e+03 9.5400e-02     104884          1  0.000e+00
   2540.952     2.9184     2.9178   3.260809   3.260414     2.1525     0.0348     0.9261     0.1264    96.8902    34.9262 1.0154e+03 9.5400e-02     104885          1  0.000e+00
   2540.846     2.9180     2.9182   3.260780   3.260414     2.1525     0.0348     0.9261     0.1264    96.8902    34.9263 1.0154e+03 9.5400e-02     104886          1  0.000e+00
   2540.764     2.9184     2.9181   3.260780   3.260381     2.1525     0.0348     0.9261     0.1253    96.9169    34.9260 1.0154e+03 9.5400e-02     104887          1  0.000e+00
   2540.764     2.9182     2.9183   3.260809   3.260414     2.1525     0.0348     0.9261     0.1264    96.8902    34.9265 1.0154e+03 9.5400e-02     104888          1  0.000e+00
   2540.706     2.9185     2.9182   3.260845   3.260470     2.1538     0.0348     0.9322     0.1264    96.8902    34.9266 1.0154e+03 9.5400e-02     104889          1  0.000e+00
   2540.575     2.9184     2.9184   3.260809   3.260414     2.1538     0.0348     0.9261     0.1264    96.8902    34.9264 1.0154e+03 9.5400e-02     104890          1  0.000e+00
   2540.526     2.9184     2.9181   3.260791   3.260447     2.1538     0.0348     0.9261     0.1253    96.9169    34.9262 1.0154e+03 9.5400e-02     104891          1  0.000e+00
   2540.452     2.9185     2.9183   3.260833   3.260414     2.1525     0.0470     0.9261     0.1253    96.9169    34.9266 1.0154e+03 9.5400e-02     104892          1  0.000e+00
   2540.386     2.9187     2.9182   3.260833   3.260414     2.1525     0.0470     0.9261     0.1253    96.9169    34.9264 1.0173e+03 9.5400e-02     104893          1  0.000e+00
   2540.321     2.9185     2.9181   3.260821   3.260414     2.1538     0.0470     0.9261     0.1253    96.9169    34.9265 1.0173e+03 9.5400e-02     104894          1  0.000e+00
   2540.198     2.9187     2.9181   3.260839   3.260414     2.1525     0.0470     0.9261     0.1253    96.9169    34.9266 1.0173e+03 9.5400e-02     104895          1  0.000e+00
   2540.272     2.9187     2.9182   3.260815   3.260414     2.1525     0.0470     0.9261     0.1253    96.9169    34.9263 1.0173e+03 9.5400e-02     104896          1  0.000e+00
   2540.132     2.9185     2.9184   3.260815   3.260414     2.1525     0.0470     0.9261     0.1253    96.9169    34.9265 1.0173e+03 9.5400e-02     104897          1  0.000e+00
   2540.075     2.9185     2.9186   3.260821   3.260387     2.1525     0.0470     0.9261     0.1253    96.9169    34.9266 1.0173e+03 9.5400e-02     104898          1  0.000e+00
   2540.009     2.9185     2.9184   3.260821   3.260414     2.1525     0.0470     0.9322     0.1253    96.9169    34.9266 1.0173e+03 9.5400e-02     104899          1  0.000e+00
   2539.886     2.9187     2.9182   3.260821   3.260442     2.1525     0.0470     0.9261     0.1253    96.9169    34.9265 1.0173e+03 9.5400e-02     104900          1  0.000e+00
   2539.837     2.9187     2.9186   3.260839   3.260387     2.1538     0.0470     0.9261     0.1264    96.8902    34.9268 1.0173e+03 9.5400e-02     104901          1  0.000e+00
   2539.821     2.9187     2.9183   3.260833   3.260442     2.1538     0.0470     0.9261     0.1264    96.8902    34.9267 1.0192e+03 9.5400e-02     104902          1  0.000e+00
   2539.690     2.9185     2.9185   3.260803   3.260414     2.1538     0.0470     0.9261     0.1253    96.9169    34.9266 1.0192e+03 9.5400e-02     104903          1  0.000e+00
   2539.632     2.9187     2.9183   3.260773   3.260414     2.1538     0.0470     0.9261     0.1264    96.8902    34.9261 1.0192e+03 9.5400e-02     104904          1  0.000e+00
   2539.567     2.9187     2.9184   3.260779   3.260381     2.1525     0.0470     0.9322     0.1253    96.9169    34.9262 1.0192e+03 9.5400e-02     104905          1  0.000e+00
   2539.517     2.9187     2.9183   3.260773   3.260414     2.1525     0.0470     0.9261     0.1264    96.8902    34.9261 1.0192e+03 9.5400e-02     104906          1  0.000e+00
   2539.378     2.9187     2.9187   3.260779   3.260414     2.1525     0.0470     0.9261     0.1253    96.9169    34.9262 1.0192e+03 9.5400e-02     104907          1  0.000e+00
   2539.378     2.9187     2.9184   3.260809   3.260381     2.1525     0.0470     0.9261     0.1253    96.9169    34.9266 1.0211e+03 9.5400e-02     104908          1  0.000e+00
   2539.255     2.9189     2.9183   3.260785   3.260381     2.1525     0.0470     0.9261     0.1253    96.9169    34.9262 1.0211e+03 9.5400e-02     104909          1  0.000e+00
   2539.189     2.9187     2.9183   3.260743   3.260414     2.1525     0.0470     0.9261     0.1264    96.8902    34.9259 1.0211e+03 9.5400e-02     104910          1  0.000e+00
   2539.124     2.9187     2.9184   3.260731   3.260381     2.1525     0.0470     0.9322     0.1264    96.8902    34.9258 1.0211e+03 9.5400e-02     104911          1  0.000e+00
   2539.075     2.9184     2.9184   3.260773   3.260414     2.1525     0.0470     0.9261     0.1264    96.8902    34.9267 1.0211e+03 9.5400e-02     104912          1  0.000e+00
   2539.001     2.9187     2.9186   3.260791   3.260386     2.1538     0.0470     0.9261     0.1264    96.8902    34.9266 1.0231e+03 9.5400e-02     104913          1  0.000e+00
   2538.935     2.9186     2.9187   3.260791   3.260381     2.1538     0.0470     0.9261     0.1253    96.9169    34.9267 1.0231e+03 9.5400e-02     104914          1  0.000e+00
   2538.812     2.9187     2.9186   3.260773   3.260414     2.1525     0.0470     0.9261     0.1253    96.9169    34.9264 1.0211e+03 9.5400e-02     104915          1  0.000e+00
   2538.812     2.9189     2.9184   3.260785   3.260386     2.1538     0.0470     0.9261     0.1264    96.8902    34.9264 1.0231e+03 9.5400e-02     104916          1  0.000e+00
   2538.681     2.9190     2.9188   3.260773   3.260414     2.1538     0.0470     0.9261     0.1264    96.8902    34.9262 1.0231e+03 9.5400e-02     104917          1  0.000e+00
   2538.632     2.9190     2.9187   3.260779   3.260381     2.1538     0.0470     0.9261     0.1253    96.9169    34.9263 1.0250e+03 9.5400e-02     104918          1  0.000e+00
   2538.558     2.9189     2.9187   3.260809   3.260447     2.1525     0.0470     0.9261     0.1264    96.8902    34.9268 1.0250e+03 9.5400e-02     104919          1  0.000e+00
   2538.493     2.9187     2.9190   3.260803   3.260381     2.1525     0.0470     0.9322     0.1264    96.8902    34.9269 1.0231e+03 9.5400e-02     104920          1  0.000e+00
   2538.427     2.9190     2.9188   3.260773   3.260381     2.1525     0.0470     0.9261     0.1264    96.8902    34.9263 1.0250e+03 9.5400e-02     104921          1  0.000e+00
   2538.370     2.9189     2.9189   3.260761   3.260414     2.1525     0.0470     0.9261     0.1264    96.8902    34.9263 1.0250e+03 9.5400e-02     104922          1  0.000e+00
   2538.304     2.9190     2.9189   3.260761   3.260381     2.1525     0.0470     0.9261     0.1253    96.9169    34.9262 1.0250e+03 9.5400e-02     104923          1  0.000e+00
   2538.255     2.9188     2.9189   3.260785   3.260381     2.1525     0.0470     0.9261     0.1253    96.9169    34.9267 1.0250e+03 9.5400e-02     104924          1  0.000e+00
   2539.610     2.9118     2.9116   3.260106   3.259736     2.1561     0.0348     0.9261     0.1264    96.8902    34.9254 3.5502e+02 9.5400e-02     144192          2  0.000e+00
   2539.610     2.9119     2.9113   3.260089   3.259708     2.1561     0.0348     0.9261     0.1264    96.8902    34.9250 3.5502e+02 9.5400e-02     144193          2  0.000e+00
   2539.552     2.9120     2.9116   3.260130   3.259708     2.1561     0.0348     0.9261     0.1264    96.8902    34.9254 3.5502e+02 9.5400e-02     144194          2  0.000e+00
   2539.503     2.9116     2.9115   3.260077   3.259736     2.1561     0.0348     0.9261     0.1264    96.8902    34.9253 3.5502e+02 9.5400e-02     144195          2  0.000e+00
   2539.421     2.9118     2.9119   3.260065   3.259736     2.1561     0.0348     0.9261     0.1264    96.8902    34.9250 3.5502e+02 9.5400e-02     144196          2  0.000e+00
   2539.355     2.9118     2.9115   3.260077   3.259708     2.1561     0.0348     0.9261     0.1253    96.9169    34.9252 3.5502e+02 9.5400e-02     144197          2  0.000e+00
   2539.298     2.9118     2.9118   3.260077   3.259708     2.1561     0.0348     0.9322     0.1253    96.9169    34.9252 3.5502e+02 9.5400e-02     144198          2  0.000e+00
   2539.232     2.9119     2.9118   3.260077   3.259736     2.1573     0.0348     0.9261     0.1253    96.9169    34.9251 3.5502e+02 9.5400e-02     144199          2  0.000e+00
   2539.232     2.9116     2.9116   3.260094   3.259736     2.1573     0.0348     0.9261     0.1264    96.8902    34.9256 3.5502e+02 9.5400e-02     144200          2  0.000e+00
   2539.126     2.9119     2.9118   3.260088   3.259736     2.1561     0.0348     0.9261     0.1264    96.8902    34.9253 3.5502e+02 9.5400e-02     144201          2  0.000e+00
   2539.044     2.9119     2.9115   3.260082   3.259708     2.1561     0.0348     0.9261     0.1264    96.8902    34.9252 3.5502e+02 9.5400e-02     144202          2  0.000e+00
   2539.044     2.9119     2.9118   3.260059   3.259735     2.1561     0.0348     0.9322     0.1264    96.8902    34.9249 3.5502e+02 9.5400e-02     144203          2  0.000e+00
   2538.921     2.9119     2.9117   3.260065   3.259735     2.1573     0.0348     0.9261     0.1253    96.9169    34.9251 3.5502e+02 9.5400e-02     144204          2  0.000e+00
   2538.921     2.9118     2.9118   3.260077   3.259735     2.1561     0.0348     0.9261     0.1264    96.8902    34.9254 3.5693e+02 9.5400e-02     144205          2  0.000e+00
   2538.855     2.9119     2.9116   3.260076   3.259708     2.1561     0.0348     0.9261     0.1264    96.8902    34.9252 3.5502e+02 9.5400e-02     144206          2  0.000e+00
   2538.806     2.9118     2.9119   3.260094   3.259735     2.1561     0.0348     0.9261     0.1264    96.8902    34.9257 3.5693e+02 9.5400e-02     144207          2  0.000e+00
   2538.724     2.9118     2.9115   3.260106   3.259735     2.1561     0.0348     0.9261     0.1264    96.8902    34.9258 3.5502e+02 9.5400e-02     144208          2  0.000e+00
   2538.724     2.9118     2.9116   3.260088   3.259708     2.1561     0.0348     0.9261     0.1253    96.9169    34.9256 3.5502e+02 9.5400e-02     144209          2  0.000e+00
   2538.601     2.9116     2.9115   3.260082   3.259708     2.1561     0.0348     0.9261     0.1253    96.9169    34.9258 3.5502e+02 9.5400e-02     144210          2  0.000e+00
   2538.601     2.9118     2.9116   3.260035   3.259675     2.1561     0.0348     0.9261     0.1253    96.9169    34.9250 3.5120e+02 9.5400e-02     144211          2  0.000e+00
   2538.478     2.9116     2.9116   3.260082   3.259708     2.1561     0.0348     0.9261     0.1253    96.9169    34.9258 3.4738e+02 9.5400e-02     144212          2  0.000e+00
   2538.495     2.9116     2.9115   3.260041   3.259675     2.1561     0.0348     0.9261     0.1253    96.9169    34.9253 3.4547e+02 9.5400e-02     144213          2  0.000e+00
   2538.413     2.9116     2.9116   3.260017   3.259735     2.1573     0.0348     0.9261     0.1253    96.9169    34.9251 3.4929e+02 9.5400e-02     144214          2  0.000e+00
   2538.413     2.9116     2.9116   3.260035   3.259647     2.1573     0.0348     0.9261     0.1264    96.8902    34.9253 3.5311e+02 9.5400e-02     144215          2  0.000e+00
   2538.290     2.9116     2.9116   3.260029   3.259708     2.1573     0.0348     0.9261     0.1253    96.9169    34.9253 3.5311e+02 9.5400e-02     144216          2  0.000e+00
   2538.290     2.9114     2.9113   3.260035   3.259708     2.1561     0.0348     0.9261     0.1264    96.8902    34.9255 3.5311e+02 9.5400e-02     144217          2  0.000e+00
   2538.224     2.9118     2.9116   3.260052   3.259675     2.1561     0.0348     0.9261     0.1253    96.9169    34.9254 3.5502e+02 9.5400e-02     144218          2  0.000e+00
   2538.175     2.9116     2.9116   3.260005   3.259675     2.1573     0.0348     0.9261     0.1253    96.9169    34.9251 3.5502e+02 9.5400e-02     144219          2  0.000e+00
   2538.101     2.9116     2.9118   3.260005   3.259708     2.1561     0.0348     0.9261     0.1253    96.9169    34.9251 3.5502e+02 9.5400e-02     144220          2  0.000e+00
   2538.101     2.9118     2.9116   3.260017   3.259675     2.1561     0.0348     0.9261     0.1253    96.9169    34.9251 3.5502e+02 9.5400e-02     144221          2  0.000e+00
   2538.035     2.9114     2.9115   3.260017   3.259647     2.1561     0.0348     0.9261     0.1253    96.9169    34.9254 3.5502e+02 9.5400e-02     144222          2  0.000e+00
   2538.035     2.9116     2.9117   3.260035   3.259708     2.1561     0.0226     0.9200     0.1253    96.9169    34.9255 3.5502e+02 9.5400e-02     144223          2  0.000e+00
   2537.970     2.9114     2.9113   3.260046   3.259674     2.1561     0.0226     0.9200     0.1253    96.9169    34.9258 3.5502e+02 9.5400e-02     144224          2  0.000e+00
   2537.904     2.9118     2.9116   3.260046   3.259647     2.1561     0.0226     0.9200     0.1253    96.9169    34.9255 3.5502e+02 9.5400e-02     144225          2  0.000e+00
   2537.863     2.9114     2.9116   3.260035   3.259708     2.1573     0.0226     0.9200     0.1253    96.9169    34.9257 3.5502e+02 9.5400e-02     144226          2  0.000e+00
   2537.847     2.9118     2.9116   3.259999   3.259647     2.1561     0.0226     0.9200     0.1253    96.9169    34.9250 3.5502e+02 9.5400e-02     144227          2  0.000e+00
   2537.781     2.9116     2.9116   3.260029   3.259674     2.1573     0.0226     0.9200     0.1253    96.9169    34.9255 3.5502e+02 9.5400e-02     144228          2  0.000e+00
   2537.781     2.9116     2.9116   3.260029   3.259647     2.1561     0.0226     0.9200     0.1253    96.9169    34.9255 3.5502e+02 9.5400e-02     144229          2  0.000e+00
   2537.781     2.9114     2.9114   3.260017   3.259674     2.1561     0.0226     0.9200     0.1253    96.9169    34.9256 3.5502e+02 9.5400e-02     144230          2  0.000e+00
   2537.658     2.9114     2.9115   3.260017   3.259674     2.1561     0.0226     0.9200     0.1253    96.9169    34.9256 3.5502e+02 9.5400e-02     144231          2  0.000e+00
   2537.716     2.9116     2.9116   3.260017   3.259647     2.1561     0.0226     0.9200     0.1253    96.9169    34.9254 3.5502e+02 9.5400e-02     144232          2  0.000e+00
