Ship_data/Irminger/Irminger-3/ctd/process/ar0701002.ros
* Sea-Bird SBE 9 Data File:
* FileName = D:\Data\ar0701002.hdr
* Software Version Seasave V 7.23.2
* Temperature SN = 4406
* Conductivity SN = 3042
* Number of Bytes Per Scan = 44
* Number of Voltage Words = 5
* Number of Scans Averaged by the Deck Unit = 1
* NMEA Latitude = 51 58.56 N
* NMEA Longitude = 045 45.57 W
* NMEA UTC (Time) = Jul 06 2016  11:29:36
**  Release test
** Chief Scientist: George Tupper
** Station ID 002
# nquan = 16
# nvalues = 147                                   
# units = specified
# name 0 = prDM: Pressure, Digiquartz [db]
# name 1 = t090C: Temperature [ITS-90, deg C]
# name 2 = t190C: Temperature, 2 [ITS-90, deg C]
# name 3 = c0S/m: Conductivity [S/m]
# name 4 = c1S/m: Conductivity, 2 [S/m]
# name 5 = sbeox0V: Oxygen raw, SBE 43 [V]
# name 6 = flECO-AFL: Fluorescence, WET Labs ECO-AFL/FL [mg/m^3]
# name 7 = turbWETntu0: Turbidity, WET Labs ECO [NTU]
# name 8 = CStarAt0: Beam Attenuation, WET Labs C-Star [1/m]
# name 9 = CStarTr0: Beam Transmission, WET Labs C-Star [%]
# name 10 = sal00: Salinity, Practical [PSU]
# name 11 = spar: SPAR/Surface Irradiance
# name 12 = par: PAR/Irradiance, Biospherical/Licor
# name 13 = scan: Scan Count
# name 14 = nbf: Bottles Fired
# name 15 = flag:  0.000e+00
# interval = seconds: 0.0416667
# start_time = Jul 06 2016 11:30:23 [NMEA time, first data scan]
# bad_flag = -9.990e-29
*END*
   2538.112     2.9103     2.9101   3.260320   3.259912     2.1489     0.0348     0.9200     0.1264    96.8902    34.9302 1.2979e+03 9.5400e-02      85213          1  0.000e+00
   2538.153     2.9106     2.9100   3.260314   3.259945     2.1501     0.0348     0.9200     0.1264    96.8902    34.9298 1.2979e+03 9.5400e-02      85214          1  0.000e+00
   2538.030     2.9105     2.9100   3.260314   3.259939     2.1501     0.0348     0.9200     0.1253    96.9169    34.9300 1.2941e+03 9.5400e-02      85215          1  0.000e+00
   2538.153     2.9103     2.9100   3.260314   3.259912     2.1501     0.0348     0.9200     0.1264    96.8902    34.9301 1.2903e+03 9.5400e-02      85216          1  0.000e+00
   2538.096     2.9105     2.9101   3.260314   3.259912     2.1501     0.0348     0.9200     0.1264    96.8902    34.9300 1.2903e+03 9.5400e-02      85217          1  0.000e+00
   2538.112     2.9106     2.9102   3.260332   3.259939     2.1489     0.0348     0.9200     0.1253    96.9169    34.9300 1.2922e+03 9.5400e-02      85218          1  0.000e+00
   2538.153     2.9106     2.9100   3.260303   3.259912     2.1489     0.0348     0.9200     0.1264    96.8902    34.9296 1.2960e+03 9.5400e-02      85219          1  0.000e+00
   2538.096     2.9105     2.9099   3.260314   3.259912     2.1489     0.0348     0.9200     0.1264    96.8902    34.9300 1.2979e+03 9.5400e-02      85220          1  0.000e+00
   2538.096     2.9106     2.9098   3.260338   3.259912     2.1501     0.0348     0.9200     0.1264    96.8902    34.9301 1.2979e+03 9.5400e-02      85221          1  0.000e+00
   2538.154     2.9102     2.9099   3.260326   3.259912     2.1501     0.0348     0.9200     0.1264    96.8902    34.9304 1.2979e+03 9.5400e-02      85222          1  0.000e+00
   2538.096     2.9103     2.9099   3.260273   3.259912     2.1501     0.0348     0.9200     0.1264    96.8902    34.9296 1.2998e+03 9.5400e-02      85223          1  0.000e+00
   2538.170     2.9103     2.9099   3.260273   3.259912     2.1489     0.0348     0.9200     0.1264    96.8902    34.9296 1.2998e+03 9.5400e-02      85224          1  0.000e+00
   2538.154     2.9103     2.9098   3.260285   3.259912     2.1501     0.0348     0.9200     0.1264    96.8902    34.9298 1.2998e+03 9.5400e-02      85225          1  0.000e+00
   2538.154     2.9101     2.9100   3.260285   3.259884     2.1501     0.0348     0.9200     0.1264    96.8902    34.9299 1.2998e+03 9.5400e-02      85226          1  0.000e+00
   2538.219     2.9101     2.9099   3.260291   3.259939     2.1501     0.0348     0.9200     0.1264    96.8902    34.9300 1.2979e+03 9.5400e-02      85227          1  0.000e+00
   2538.154     2.9100     2.9102   3.260291   3.259912     2.1489     0.0348     0.9200     0.1264    96.8902    34.9302 1.2998e+03 9.5400e-02      85228          1  0.000e+00
   2538.236     2.9101     2.9100   3.260285   3.259884     2.1501     0.0348     0.9200     0.1264    96.8902    34.9299 1.2998e+03 9.5400e-02      85229          1  0.000e+00
   2538.219     2.9100     2.9100   3.260285   3.259972     2.1501     0.0348     0.9200     0.1264    96.8902    34.9301 1.2998e+03 9.5400e-02      85230          1  0.000e+00
   2538.219     2.9103     2.9100   3.260303   3.259884     2.1501     0.0348     0.9200     0.1264    96.8902    34.9299 1.2998e+03 9.5400e-02      85231          1  0.000e+00
   2538.285     2.9100     2.9100   3.260332   3.259945     2.1501     0.0348     0.9200     0.1264    96.8902    34.9306 1.2998e+03 9.5400e-02      85232          1  0.000e+00
   2538.285     2.9103     2.9100   3.260362   3.259912     2.1501     0.0348     0.9200     0.1264    96.8902    34.9306 1.2998e+03 9.5400e-02      85233          1  0.000e+00
   2538.301     2.9101     2.9100   3.260356   3.259939     2.1501     0.0226     0.9138     0.1253    96.9169    34.9307 1.2998e+03 9.5400e-02      85234          1  0.000e+00
   2538.285     2.9105     2.9100   3.260309   3.259945     2.1501     0.0226     0.9138     0.1264    96.8902    34.9298 1.2998e+03 9.5400e-02      85235          1  0.000e+00
   2538.351     2.9103     2.9099   3.260291   3.259939     2.1501     0.0226     0.9138     0.1264    96.8902    34.9297 1.2998e+03 9.5400e-02      85236          1  0.000e+00
   2538.408     2.9105     2.9101   3.260350   3.259912     2.1489     0.0226     0.9138     0.1264    96.8902    34.9302 1.3017e+03 9.5400e-02      85237          1  0.000e+00
   2538.351     2.9103     2.9100   3.260356   3.259912     2.1502     0.0226     0.9138     0.1264    96.8902    34.9305 1.2998e+03 9.5400e-02      85238          1  0.000e+00
   2538.424     2.9105     2.9100   3.260344   3.259939     2.1502     0.0226     0.9138     0.1264    96.8902    34.9302 1.2998e+03 9.5400e-02      85239          1  0.000e+00
   2538.408     2.9105     2.9098   3.260386   3.259912     2.1502     0.0226     0.9138     0.1264    96.8902    34.9307 1.3017e+03 9.5400e-02      85240          1  0.000e+00
   2538.474     2.9103     2.9100   3.260362   3.259945     2.1502     0.0226     0.9138     0.1264    96.8902    34.9305 1.3017e+03 9.5400e-02      85241          1  0.000e+00
   2538.539     2.9103     2.9100   3.260332   3.259939     2.1489     0.0226     0.9138     0.1264    96.8902    34.9302 1.3017e+03 9.5400e-02      85242          1  0.000e+00
   2538.539     2.9101     2.9098   3.260320   3.259939     2.1502     0.0226     0.9138     0.1264    96.8902    34.9302 1.2998e+03 9.5400e-02      85243          1  0.000e+00
   2538.490     2.9103     2.9100   3.260297   3.259912     2.1502     0.0226     0.9138     0.1264    96.8902    34.9297 1.3017e+03 9.5400e-02      85244          1  0.000e+00
   2538.597     2.9105     2.9099   3.260350   3.259973     2.1502     0.0226     0.9138     0.1264    96.8902    34.9302 1.3017e+03 9.5400e-02      85245          1  0.000e+00
   2538.597     2.9103     2.9098   3.260374   3.259939     2.1502     0.0226     0.9138     0.1264    96.8902    34.9306 1.3017e+03 9.5400e-02      85246          1  0.000e+00
   2538.662     2.9105     2.9099   3.260374   3.259912     2.1502     0.0226     0.9138     0.1264    96.8902    34.9304 1.3017e+03 9.5400e-02      85247          1  0.000e+00
   2538.662     2.9103     2.9097   3.260374   3.259912     2.1502     0.0226     0.9138     0.1264    96.8902    34.9306 1.3017e+03 9.5400e-02      85248          1  0.000e+00
   2538.736     2.9101     2.9099   3.260338   3.259912     2.1502     0.0226     0.9138     0.1264    96.8902    34.9303 1.3017e+03 9.5400e-02      85249          1  0.000e+00
   2538.728     2.9105     2.9099   3.260297   3.259945     2.1502     0.0226     0.9138     0.1264    96.8902    34.9295 1.3017e+03 9.5400e-02      85250          1  0.000e+00
   2538.785     2.9103     2.9098   3.260303   3.259912     2.1502     0.0226     0.9138     0.1264    96.8902    34.9297 1.3017e+03 9.5400e-02      85251          1  0.000e+00
   2538.786     2.9104     2.9098   3.260356   3.259940     2.1502     0.0226     0.9138     0.1264    96.8902    34.9303 1.3017e+03 9.5400e-02      85252          1  0.000e+00
   2538.851     2.9105     2.9098   3.260356   3.259945     2.1502     0.0226     0.9138     0.1264    96.8902    34.9301 1.3017e+03 9.5400e-02      85253          1  0.000e+00
   2538.868     2.9103     2.9100   3.260362   3.259912     2.1502     0.0226     0.9138     0.1264    96.8902    34.9304 1.3017e+03 9.5400e-02      85254          1  0.000e+00
   2538.982     2.9103     2.9098   3.260374   3.259945     2.1502     0.0226     0.9138     0.1264    96.8902    34.9304 1.3017e+03 9.5400e-02      85255          1  0.000e+00
   2538.917     2.9103     2.9097   3.260356   3.259940     2.1502     0.0226     0.9138     0.1264    96.8902    34.9303 1.3017e+03 9.5400e-02      85256          1  0.000e+00
   2539.040     2.9101     2.9096   3.260374   3.259912     2.1502     0.0226     0.9138     0.1264    96.8902    34.9306 1.3017e+03 9.5400e-02      85257          1  0.000e+00
   2538.982     2.9105     2.9098   3.260333   3.259973     2.1502     0.0348     0.9138     0.1264    96.8902    34.9298 1.3017e+03 9.5400e-02      85258          1  0.000e+00
   2539.122     2.9101     2.9098   3.260356   3.259912     2.1502     0.0470     0.9138     0.1264    96.8902    34.9303 1.3017e+03 9.5400e-02      85259          1  0.000e+00
   2539.105     2.9103     2.9097   3.260374   3.259940     2.1502     0.0470     0.9138     0.1264    96.8902    34.9304 1.3017e+03 9.5400e-02      85260          1  0.000e+00
   2539.171     2.9105     2.9099   3.260374   3.259945     2.1489     0.0470     0.9138     0.1264    96.8902    34.9302 1.3017e+03 9.5400e-02      85261          1  0.000e+00
   2540.070     2.9111     2.9108   3.260416   3.260028     2.1490     0.0470     0.9200     0.1264    96.8902    34.9296 1.3399e+03 9.5400e-02      85529          2  0.000e+00
   2540.054     2.9113     2.9108   3.260434   3.260028     2.1490     0.0470     0.9200     0.1264    96.8902    34.9297 1.3399e+03 9.5400e-02      85530          2  0.000e+00
   2539.931     2.9111     2.9110   3.260416   3.260034     2.1490     0.0470     0.9200     0.1264    96.8902    34.9297 1.3399e+03 9.5400e-02      85531          2  0.000e+00
   2539.931     2.9109     2.9108   3.260446   3.260061     2.1490     0.0470     0.9200     0.1264    96.8902    34.9302 1.3399e+03 9.5400e-02      85532          2  0.000e+00
   2539.866     2.9110     2.9108   3.260446   3.260001     2.1490     0.0470     0.9200     0.1264    96.8902    34.9302 1.3380e+03 9.5400e-02      85533          2  0.000e+00
   2539.759     2.9109     2.9108   3.260440   3.260034     2.1490     0.0470     0.9200     0.1264    96.8902    34.9302 1.3380e+03 9.5400e-02      85534          2  0.000e+00
   2539.743     2.9109     2.9108   3.260416   3.260000     2.1490     0.0470     0.9200     0.1264    96.8902    34.9300 1.3399e+03 9.5400e-02      85535          2  0.000e+00
   2539.743     2.9111     2.9112   3.260422   3.260028     2.1490     0.0470     0.9200     0.1264    96.8902    34.9298 1.3380e+03 9.5400e-02      85536          2  0.000e+00
   2539.677     2.9108     2.9110   3.260416   3.260000     2.1490     0.0470     0.9200     0.1264    96.8902    34.9301 1.3380e+03 9.5400e-02      85537          2  0.000e+00
   2539.628     2.9111     2.9109   3.260404   3.260028     2.1490     0.0470     0.9200     0.1264    96.8902    34.9297 1.3399e+03 9.5400e-02      85538          2  0.000e+00
   2539.554     2.9109     2.9108   3.260404   3.260000     2.1490     0.0470     0.9200     0.1264    96.8902    34.9299 1.3399e+03 9.5400e-02      85539          2  0.000e+00
   2539.554     2.9111     2.9110   3.260386   3.260000     2.1490     0.0470     0.9200     0.1264    96.8902    34.9295 1.3380e+03 9.5400e-02      85540          2  0.000e+00
   2539.489     2.9109     2.9108   3.260374   3.259973     2.1490     0.0470     0.9200     0.1264    96.8902    34.9296 1.3399e+03 9.5400e-02      85541          2  0.000e+00
   2539.423     2.9111     2.9108   3.260362   3.260000     2.1502     0.0470     0.9200     0.1264    96.8902    34.9293 1.3399e+03 9.5400e-02      85542          2  0.000e+00
   2539.374     2.9109     2.9107   3.260392   3.260000     2.1502     0.0470     0.9200     0.1264    96.8902    34.9298 1.3380e+03 9.5400e-02      85543          2  0.000e+00
   2539.366     2.9108     2.9108   3.260404   3.260000     2.1490     0.0470     0.9200     0.1264    96.8902    34.9301 1.3380e+03 9.5400e-02      85544          2  0.000e+00
   2539.300     2.9108     2.9107   3.260386   3.260000     2.1490     0.0470     0.9200     0.1264    96.8902    34.9299 1.3380e+03 9.5400e-02      85545          2  0.000e+00
   2539.177     2.9108     2.9108   3.260392   3.260000     2.1490     0.0470     0.9200     0.1264    96.8902    34.9300 1.3380e+03 9.5400e-02      85546          2  0.000e+00
   2539.234     2.9108     2.9108   3.260404   3.260000     2.1490     0.0470     0.9200     0.1264    96.8902    34.9302 1.3399e+03 9.5400e-02      85547          2  0.000e+00
   2539.128     2.9108     2.9108   3.260362   3.260000     2.1490     0.0470     0.9200     0.1264    96.8902    34.9297 1.3380e+03 9.5400e-02      85548          2  0.000e+00
   2539.046     2.9109     2.9106   3.260350   3.259973     2.1490     0.0470     0.9200     0.1275    96.8634    34.9295 1.3380e+03 9.5400e-02      85549          2  0.000e+00
   2539.046     2.9106     2.9107   3.260350   3.259940     2.1490     0.0348     0.9200     0.1264    96.8902    34.9298 1.3380e+03 9.5400e-02      85550          2  0.000e+00
   2538.989     2.9109     2.9108   3.260327   3.260000     2.1490     0.0348     0.9200     0.1264    96.8902    34.9292 1.3380e+03 9.5400e-02      85551          2  0.000e+00
   2538.939     2.9106     2.9105   3.260333   3.259973     2.1490     0.0348     0.9200     0.1264    96.8902    34.9296 1.3361e+03 9.5400e-02      85552          2  0.000e+00
   2538.923     2.9109     2.9109   3.260344   3.260000     2.1490     0.0348     0.9200     0.1264    96.8902    34.9295 1.3380e+03 9.5400e-02      85553          2  0.000e+00
   2538.792     2.9106     2.9107   3.260386   3.259939     2.1478     0.0348     0.9200     0.1264    96.8902    34.9303 1.3361e+03 9.5400e-02      85554          2  0.000e+00
   2538.792     2.9106     2.9107   3.260386   3.259945     2.1490     0.0348     0.9200     0.1264    96.8902    34.9303 1.3361e+03 9.5400e-02      85555          2  0.000e+00
   2538.734     2.9109     2.9107   3.260362   3.259973     2.1490     0.0348     0.9200     0.1264    96.8902    34.9298 1.3361e+03 9.5400e-02      85556          2  0.000e+00
   2538.685     2.9106     2.9108   3.260326   3.259973     2.1490     0.0348     0.9200     0.1264    96.8902    34.9297 1.3361e+03 9.5400e-02      85557          2  0.000e+00
   2538.669     2.9109     2.9107   3.260297   3.259945     2.1503     0.0348     0.9200     0.1264    96.8902    34.9290 1.3361e+03 9.5400e-02      85558          2  0.000e+00
   2538.603     2.9106     2.9107   3.260326   3.260000     2.1490     0.0348     0.9200     0.1264    96.8902    34.9297 1.3361e+03 9.5400e-02      85559          2  0.000e+00
   2538.546     2.9109     2.9107   3.260326   3.259973     2.1490     0.0348     0.9200     0.1264    96.8902    34.9294 1.3361e+03 9.5400e-02      85560          2  0.000e+00
   2538.480     2.9108     2.9105   3.260332   3.259972     2.1490     0.0348     0.9200     0.1264    96.8902    34.9297 1.3361e+03 9.5400e-02      85561          2  0.000e+00
   2538.431     2.9107     2.9104   3.260344   3.259939     2.1490     0.0348     0.9200     0.1264    96.8902    34.9299 1.3361e+03 9.5400e-02      85562          2  0.000e+00
   2538.415     2.9109     2.9108   3.260362   3.259972     2.1490     0.0348     0.9200     0.1264    96.8902    34.9299 1.3342e+03 9.5400e-02      85563          2  0.000e+00
   2538.357     2.9108     2.9107   3.260338   3.260000     2.1490     0.0348     0.9200     0.1264    96.8902    34.9298 1.3342e+03 9.5400e-02      85564          2  0.000e+00
   2538.357     2.9108     2.9106   3.260320   3.259972     2.1490     0.0348     0.9200     0.1264    96.8902    34.9296 1.3342e+03 9.5400e-02      85565          2  0.000e+00
   2538.292     2.9108     2.9105   3.260332   3.259972     2.1490     0.0348     0.9200     0.1264    96.8902    34.9297 1.3342e+03 9.5400e-02      85566          2  0.000e+00
   2538.226     2.9111     2.9104   3.260344   3.259972     2.1490     0.0348     0.9200     0.1264    96.8902    34.9296 1.3342e+03 9.5400e-02      85567          2  0.000e+00
   2538.177     2.9106     2.9105   3.260303   3.259912     2.1490     0.0348     0.9200     0.1264    96.8902    34.9296 1.3342e+03 9.5400e-02      85568          2  0.000e+00
   2538.103     2.9108     2.9106   3.260326   3.259939     2.1490     0.0348     0.9200     0.1264    96.8902    34.9298 1.3342e+03 9.5400e-02      85569          2  0.000e+00
