Ship_data/Irminger/Irminger-3/ctd/process/ar0701009.ros
* Sea-Bird SBE 9 Data File:
* FileName = D:\Data\ar0701009.hdr
* Software Version Seasave V 7.23.2
* Temperature SN = 4406
* Conductivity SN = 3042
* Number of Bytes Per Scan = 44
* Number of Voltage Words = 5
* Number of Scans Averaged by the Deck Unit = 1
* NMEA Latitude = 59 43.01 N
* NMEA Longitude = 039 20.16 W
* NMEA UTC (Time) = Jul 13 2016  16:20:08
** Site Irminger Flanking mooring B
** G. Tupper Tupper
** Station # 009
** Old and new
# nquan = 16
# nvalues = 588                                   
# units = specified
# name 0 = prDM: Pressure, Digiquartz [db]
# name 1 = t090C: Temperature [ITS-90, deg C]
# name 2 = t190C: Temperature, 2 [ITS-90, deg C]
# name 3 = c0S/m: Conductivity [S/m]
# name 4 = c1S/m: Conductivity, 2 [S/m]
# name 5 = sbeox0V: Oxygen raw, SBE 43 [V]
# name 6 = flECO-AFL: Fluorescence, WET Labs ECO-AFL/FL [mg/m^3]
# name 7 = turbWETntu0: Turbidity, WET Labs ECO [NTU]
# name 8 = CStarAt0: Beam Attenuation, WET Labs C-Star [1/m]
# name 9 = CStarTr0: Beam Transmission, WET Labs C-Star [%]
# name 10 = sal00: Salinity, Practical [PSU]
# name 11 = spar: SPAR/Surface Irradiance
# name 12 = par: PAR/Irradiance, Biospherical/Licor
# name 13 = scan: Scan Count
# name 14 = nbf: Bottles Fired
# name 15 = flag:  0.000e+00
# interval = seconds: 0.0416667
# start_time = Jul 13 2016 16:23:27 [NMEA time, first data scan]
# bad_flag = -9.990e-29
*END*
   2470.134     2.8149     2.8153   3.248925   3.248575     2.1868     0.0348     0.9383     0.1253    96.9169    34.9263 1.0536e+03 9.5400e-02      68306          1  0.000e+00
   2470.134     2.8150     2.8151   3.248960   3.248619     2.1856     0.0348     0.9383     0.1253    96.9169    34.9266 1.0517e+03 9.5400e-02      68307          1  0.000e+00
   2470.265     2.8151     2.8153   3.248907   3.248647     2.1868     0.0348     0.9322     0.1253    96.9169    34.9258 1.0536e+03 9.5400e-02      68308          1  0.000e+00
   2470.199     2.8149     2.8155   3.248865   3.248663     2.1868     0.0348     0.9322     0.1253    96.9169    34.9255 1.0536e+03 9.5400e-02      68309          1  0.000e+00
   2470.199     2.8149     2.8163   3.248871   3.248674     2.1868     0.0348     0.9322     0.1253    96.9169    34.9256 1.0536e+03 9.5400e-02      68310          1  0.000e+00
   2470.142     2.8148     2.8168   3.248901   3.248647     2.1868     0.0348     0.9322     0.1253    96.9169    34.9262 1.0517e+03 9.5400e-02      68311          1  0.000e+00
   2470.199     2.8148     2.8173   3.248931   3.248691     2.1868     0.0348     0.9322     0.1253    96.9169    34.9265 1.0536e+03 9.5400e-02      68312          1  0.000e+00
   2470.265     2.8146     2.8173   3.248943   3.248707     2.1868     0.0348     0.9322     0.1253    96.9169    34.9268 1.0536e+03 9.5400e-02      68313          1  0.000e+00
   2470.199     2.8146     2.8172   3.248901   3.248735     2.1868     0.0348     0.9322     0.1253    96.9169    34.9263 1.0517e+03 9.5400e-02      68314          1  0.000e+00
   2470.200     2.8148     2.8170   3.248883   3.248691     2.1868     0.0348     0.9322     0.1264    96.8902    34.9259 1.0536e+03 9.5400e-02      68315          1  0.000e+00
   2470.200     2.8146     2.8166   3.248901   3.248707     2.1868     0.0348     0.9322     0.1253    96.9169    34.9263 1.0536e+03 9.5400e-02      68316          1  0.000e+00
   2470.265     2.8143     2.8164   3.248913   3.248674     2.1868     0.0348     0.9322     0.1253    96.9169    34.9268 1.0536e+03 9.5400e-02      68317          1  0.000e+00
   2470.200     2.8143     2.8161   3.248895   3.248691     2.1868     0.0348     0.9322     0.1253    96.9169    34.9265 1.0536e+03 9.5400e-02      68318          1  0.000e+00
   2470.265     2.8140     2.8159   3.248865   3.248674     2.1868     0.0348     0.9322     0.1242    96.9436    34.9265 1.0536e+03 9.5400e-02      68319          1  0.000e+00
   2470.265     2.8138     2.8163   3.248836   3.248647     2.1868     0.0348     0.9322     0.1253    96.9169    34.9263 1.0536e+03 9.5400e-02      68320          1  0.000e+00
   2470.265     2.8138     2.8167   3.248824   3.248718     2.1868     0.0348     0.9322     0.1253    96.9169    34.9262 1.0517e+03 9.5400e-02      68321          1  0.000e+00
   2470.265     2.8138     2.8172   3.248824   3.248735     2.1868     0.0348     0.9322     0.1253    96.9169    34.9262 1.0536e+03 9.5400e-02      68322          1  0.000e+00
   2470.265     2.8137     2.8167   3.248824   3.248735     2.1868     0.0348     0.9322     0.1242    96.9436    34.9264 1.0536e+03 9.5400e-02      68323          1  0.000e+00
   2470.265     2.8138     2.8167   3.248806   3.248691     2.1868     0.0348     0.9322     0.1242    96.9436    34.9260 1.0536e+03 9.5400e-02      68324          1  0.000e+00
   2470.265     2.8137     2.8168   3.248812   3.248768     2.1868     0.0348     0.9322     0.1253    96.9169    34.9262 1.0555e+03 9.5400e-02      68325          1  0.000e+00
   2470.265     2.8138     2.8167   3.248842   3.248735     2.1868     0.0348     0.9322     0.1253    96.9169    34.9264 1.0536e+03 9.5400e-02      68326          1  0.000e+00
   2470.265     2.8137     2.8164   3.248836   3.248718     2.1868     0.0348     0.9322     0.1253    96.9169    34.9265 1.0536e+03 9.5400e-02      68327          1  0.000e+00
   2470.331     2.8135     2.8161   3.248824   3.248768     2.1868     0.0348     0.9322     0.1253    96.9169    34.9265 1.0555e+03 9.5400e-02      68328          1  0.000e+00
   2470.265     2.8137     2.8166   3.248824   3.248674     2.1868     0.0348     0.9322     0.1253    96.9169    34.9264 1.0555e+03 9.5400e-02      68329          1  0.000e+00
   2470.331     2.8137     2.8166   3.248824   3.248663     2.1868     0.0348     0.9322     0.1253    96.9169    34.9263 1.0536e+03 9.5400e-02      68330          1  0.000e+00
   2470.331     2.8133     2.8166   3.248758   3.248707     2.1868     0.0348     0.9322     0.1253    96.9169    34.9259 1.0555e+03 9.5400e-02      68331          1  0.000e+00
   2470.331     2.8132     2.8166   3.248752   3.248674     2.1868     0.0348     0.9322     0.1264    96.8902    34.9259 1.0536e+03 9.5400e-02      68332          1  0.000e+00
   2470.331     2.8129     2.8164   3.248764   3.248691     2.1868     0.0348     0.9261     0.1308    96.7833    34.9264 1.0536e+03 9.5400e-02      68333          1  0.000e+00
   2470.331     2.8127     2.8163   3.248764   3.248674     2.1868     0.0348     0.9261     0.1363    96.6498    34.9266 1.0536e+03 9.5400e-02      68334          1  0.000e+00
   2470.331     2.8127     2.8159   3.248747   3.248674     2.1868     0.0348     0.9261     0.1374    96.6230    34.9264 1.0536e+03 9.5400e-02      68335          1  0.000e+00
   2470.331     2.8127     2.8158   3.248735   3.248674     2.1868     0.0348     0.9261     0.1341    96.7032    34.9263 1.0536e+03 9.5400e-02      68336          1  0.000e+00
   2470.388     2.8125     2.8159   3.248717   3.248663     2.1868     0.0348     0.9261     0.1319    96.7566    34.9262 1.0555e+03 9.5400e-02      68337          1  0.000e+00
   2470.331     2.8124     2.8163   3.248723   3.248674     2.1868     0.0348     0.9261     0.1297    96.8100    34.9265 1.0536e+03 9.5400e-02      68338          1  0.000e+00
   2470.388     2.8123     2.8163   3.248735   3.248647     2.1868     0.0348     0.9261     0.1286    96.8367    34.9267 1.0536e+03 9.5400e-02      68339          1  0.000e+00
   2470.388     2.8125     2.8164   3.248735   3.248718     2.1868     0.0348     0.9261     0.1275    96.8634    34.9264 1.0536e+03 9.5400e-02      68340          1  0.000e+00
   2470.388     2.8130     2.8163   3.248735   3.248707     2.1868     0.0348     0.9261     0.1275    96.8634    34.9259 1.0536e+03 9.5400e-02      68341          1  0.000e+00
   2470.331     2.8132     2.8164   3.248717   3.248647     2.1868     0.0348     0.9261     0.1264    96.8902    34.9256 1.0536e+03 9.5400e-02      68342          1  0.000e+00
   2470.388     2.8129     2.8158   3.248723   3.248718     2.1868     0.0348     0.9261     0.1264    96.8902    34.9259 1.0536e+03 9.5400e-02      68343          1  0.000e+00
   2470.388     2.8129     2.8153   3.248735   3.248707     2.1868     0.0348     0.9261     0.1264    96.8902    34.9260 1.0555e+03 9.5400e-02      68344          1  0.000e+00
   2470.454     2.8127     2.8158   3.248752   3.248619     2.1868     0.0348     0.9261     0.1253    96.9169    34.9264 1.0536e+03 9.5400e-02      68345          1  0.000e+00
   2470.331     2.8127     2.8155   3.248764   3.248630     2.1868     0.0348     0.9261     0.1253    96.9169    34.9266 1.0555e+03 9.5400e-02      68346          1  0.000e+00
   2470.454     2.8127     2.8156   3.248723   3.248647     2.1868     0.0348     0.9261     0.1253    96.9169    34.9261 1.0555e+03 9.5400e-02      68347          1  0.000e+00
   2470.388     2.8125     2.8150   3.248705   3.248559     2.1868     0.0348     0.9261     0.1253    96.9169    34.9260 1.0555e+03 9.5400e-02      68348          1  0.000e+00
   2470.454     2.8125     2.8151   3.248723   3.248603     2.1868     0.0348     0.9261     0.1253    96.9169    34.9262 1.0555e+03 9.5400e-02      68349          1  0.000e+00
   2470.389     2.8127     2.8153   3.248752   3.248586     2.1868     0.0348     0.9261     0.1253    96.9169    34.9264 1.0555e+03 9.5400e-02      68350          1  0.000e+00
   2470.389     2.8127     2.8158   3.248723   3.248559     2.1868     0.0348     0.9261     0.1253    96.9169    34.9261 1.0555e+03 9.5400e-02      68351          1  0.000e+00
   2470.454     2.8127     2.8153   3.248723   3.248663     2.1868     0.0348     0.9261     0.1264    96.8902    34.9261 1.0536e+03 9.5400e-02      68352          1  0.000e+00
   2470.454     2.8127     2.8155   3.248717   3.248586     2.1868     0.0348     0.9261     0.1264    96.8902    34.9260 1.0555e+03 9.5400e-02      68353          1  0.000e+00
   2470.389     2.8129     2.8155   3.248705   3.248586     2.1868     0.0348     0.9261     0.1253    96.9169    34.9257 1.0555e+03 9.5400e-02      68354          1  0.000e+00
   2163.768     3.1410     3.1412   3.266150   3.265746     2.2431     0.0470     0.9444     0.1220    96.9970    34.9317 1.1395e+03 9.5400e-02      78633          2  0.000e+00
   2163.784     3.1411     3.1408   3.266139   3.265774     2.2431     0.0470     0.9444     0.1231    96.9703    34.9314 1.1414e+03 9.5400e-02      78634          2  0.000e+00
   2163.849     3.1410     3.1407   3.266115   3.265746     2.2431     0.0470     0.9444     0.1231    96.9703    34.9312 1.1395e+03 9.5400e-02      78635          2  0.000e+00
   2163.727     3.1410     3.1408   3.266079   3.265746     2.2431     0.0470     0.9444     0.1231    96.9703    34.9308 1.1414e+03 9.5400e-02      78636          2  0.000e+00
   2163.825     3.1410     3.1408   3.266133   3.265779     2.2431     0.0470     0.9444     0.1231    96.9703    34.9314 1.1414e+03 9.5400e-02      78637          2  0.000e+00
   2163.849     3.1413     3.1408   3.266162   3.265746     2.2431     0.0470     0.9444     0.1231    96.9703    34.9315 1.1395e+03 9.5400e-02      78638          2  0.000e+00
   2163.784     3.1411     3.1410   3.266139   3.265718     2.2418     0.0470     0.9444     0.1231    96.9703    34.9313 1.1414e+03 9.5400e-02      78639          2  0.000e+00
   2163.849     3.1411     3.1408   3.266127   3.265774     2.2431     0.0470     0.9444     0.1231    96.9703    34.9312 1.1414e+03 9.5400e-02      78640          2  0.000e+00
   2163.825     3.1413     3.1410   3.266127   3.265779     2.2431     0.0470     0.9444     0.1242    96.9436    34.9311 1.1414e+03 9.5400e-02      78641          2  0.000e+00
   2163.849     3.1411     3.1408   3.266156   3.265746     2.2431     0.0470     0.9444     0.1231    96.9703    34.9315 1.1395e+03 9.5400e-02      78642          2  0.000e+00
   2163.849     3.1411     3.1408   3.266097   3.265746     2.2431     0.0470     0.9444     0.1231    96.9703    34.9308 1.1395e+03 9.5400e-02      78643          2  0.000e+00
   2163.914     3.1410     3.1407   3.266156   3.265746     2.2431     0.0470     0.9444     0.1231    96.9703    34.9317 1.1414e+03 9.5400e-02      78644          2  0.000e+00
   2163.890     3.1411     3.1410   3.266115   3.265718     2.2431     0.0470     0.9444     0.1231    96.9703    34.9311 1.1414e+03 9.5400e-02      78645          2  0.000e+00
   2163.914     3.1411     3.1405   3.266091   3.265746     2.2431     0.0470     0.9444     0.1231    96.9703    34.9307 1.1414e+03 9.5400e-02      78646          2  0.000e+00
   2163.915     3.1410     3.1407   3.266115   3.265779     2.2431     0.0470     0.9444     0.1231    96.9703    34.9312 1.1414e+03 9.5400e-02      78647          2  0.000e+00
   2163.972     3.1410     3.1407   3.266127   3.265746     2.2431     0.0470     0.9444     0.1231    96.9703    34.9313 1.1414e+03 9.5400e-02      78648          2  0.000e+00
   2163.890     3.1411     3.1408   3.266097   3.265746     2.2431     0.0470     0.9444     0.1231    96.9703    34.9309 1.1414e+03 9.5400e-02      78649          2  0.000e+00
   2163.972     3.1410     3.1407   3.266139   3.265779     2.2431     0.0470     0.9444     0.1231    96.9703    34.9314 1.1414e+03 9.5400e-02      78650          2  0.000e+00
   2163.972     3.1410     3.1407   3.266139   3.265718     2.2431     0.0470     0.9383     0.1231    96.9703    34.9314 1.1395e+03 9.5400e-02      78651          2  0.000e+00
   2163.972     3.1410     3.1408   3.266115   3.265746     2.2431     0.0470     0.9383     0.1231    96.9703    34.9311 1.1414e+03 9.5400e-02      78652          2  0.000e+00
   2164.012     3.1409     3.1410   3.266121   3.265713     2.2419     0.0470     0.9383     0.1231    96.9703    34.9313 1.1414e+03 9.5400e-02      78653          2  0.000e+00
   2164.037     3.1410     3.1408   3.266127   3.265746     2.2419     0.0470     0.9383     0.1231    96.9703    34.9313 1.1414e+03 9.5400e-02      78654          2  0.000e+00
   2163.972     3.1411     3.1410   3.266115   3.265746     2.2431     0.0470     0.9383     0.1231    96.9703    34.9310 1.1414e+03 9.5400e-02      78655          2  0.000e+00
   2164.037     3.1408     3.1410   3.266103   3.265779     2.2431     0.0470     0.9383     0.1231    96.9703    34.9311 1.1414e+03 9.5400e-02      78656          2  0.000e+00
   2164.078     3.1409     3.1408   3.266139   3.265746     2.2431     0.0470     0.9383     0.1231    96.9703    34.9314 1.1414e+03 9.5400e-02      78657          2  0.000e+00
   2164.037     3.1410     3.1410   3.266139   3.265779     2.2431     0.0470     0.9383     0.1231    96.9703    34.9314 1.1414e+03 9.5400e-02      78658          2  0.000e+00
   2164.102     3.1408     3.1408   3.266115   3.265774     2.2431     0.0470     0.9383     0.1231    96.9703    34.9313 1.1395e+03 9.5400e-02      78659          2  0.000e+00
   2164.037     3.1408     3.1407   3.266145   3.265746     2.2431     0.0470     0.9383     0.1231    96.9703    34.9316 1.1395e+03 9.5400e-02      78660          2  0.000e+00
   2164.143     3.1411     3.1407   3.266157   3.265779     2.2431     0.0470     0.9383     0.1231    96.9703    34.9314 1.1395e+03 9.5400e-02      78661          2  0.000e+00
   2164.102     3.1411     3.1410   3.266121   3.265746     2.2431     0.0470     0.9383     0.1231    96.9703    34.9310 1.1414e+03 9.5400e-02      78662          2  0.000e+00
   2164.102     3.1410     3.1408   3.266121   3.265779     2.2431     0.0470     0.9383     0.1231    96.9703    34.9312 1.1414e+03 9.5400e-02      78663          2  0.000e+00
   2164.102     3.1411     3.1408   3.266145   3.265746     2.2431     0.0470     0.9383     0.1231    96.9703    34.9313 1.1414e+03 9.5400e-02      78664          2  0.000e+00
   2164.143     3.1409     3.1408   3.266145   3.265774     2.2431     0.0470     0.9383     0.1231    96.9703    34.9315 1.1395e+03 9.5400e-02      78665          2  0.000e+00
   2164.159     3.1407     3.1408   3.266109   3.265746     2.2431     0.0470     0.9383     0.1231    96.9703    34.9313 1.1414e+03 9.5400e-02      78666          2  0.000e+00
   2164.159     3.1410     3.1408   3.266097   3.265691     2.2431     0.0470     0.9383     0.1231    96.9703    34.9308 1.1414e+03 9.5400e-02      78667          2  0.000e+00
   2164.160     3.1411     3.1410   3.266139   3.265807     2.2431     0.0470     0.9383     0.1231    96.9703    34.9312 1.1414e+03 9.5400e-02      78668          2  0.000e+00
   2164.200     3.1411     3.1408   3.266103   3.265746     2.2431     0.0470     0.9383     0.1231    96.9703    34.9308 1.1414e+03 9.5400e-02      78669          2  0.000e+00
   2164.160     3.1410     3.1408   3.266139   3.265746     2.2431     0.0470     0.9383     0.1231    96.9703    34.9313 1.1414e+03 9.5400e-02      78670          2  0.000e+00
   2164.225     3.1410     3.1408   3.266157   3.265774     2.2431     0.0470     0.9383     0.1231    96.9703    34.9315 1.1414e+03 9.5400e-02      78671          2  0.000e+00
   2164.160     3.1410     3.1408   3.266145   3.265779     2.2431     0.0470     0.9383     0.1231    96.9703    34.9314 1.1395e+03 9.5400e-02      78672          2  0.000e+00
   2164.200     3.1411     3.1407   3.266133   3.265719     2.2431     0.0470     0.9383     0.1231    96.9703    34.9311 1.1414e+03 9.5400e-02      78673          2  0.000e+00
