Ship_data/Irminger/Irminger-3/ctd/process/ar0701005.ros
* Sea-Bird SBE 9 Data File:
* FileName = D:\Data\ar0701005.hdr
* Software Version Seasave V 7.23.2
* Temperature SN = 4406
* Conductivity SN = 3042
* Number of Bytes Per Scan = 44
* Number of Voltage Words = 5
* Number of Scans Averaged by the Deck Unit = 1
* NMEA Latitude = 59 51.82 N
* NMEA Longitude = 039 07.47 W
* NMEA UTC (Time) = Jul 09 2016  12:14:52
**  Gliders
** Chief Scientist: Tupper
** Station ID 005
# nquan = 16
# nvalues = 588                                   
# units = specified
# name 0 = prDM: Pressure, Digiquartz [db]
# name 1 = t090C: Temperature [ITS-90, deg C]
# name 2 = t190C: Temperature, 2 [ITS-90, deg C]
# name 3 = c0S/m: Conductivity [S/m]
# name 4 = c1S/m: Conductivity, 2 [S/m]
# name 5 = sbeox0V: Oxygen raw, SBE 43 [V]
# name 6 = flECO-AFL: Fluorescence, WET Labs ECO-AFL/FL [mg/m^3]
# name 7 = turbWETntu0: Turbidity, WET Labs ECO [NTU]
# name 8 = CStarAt0: Beam Attenuation, WET Labs C-Star [1/m]
# name 9 = CStarTr0: Beam Transmission, WET Labs C-Star [%]
# name 10 = sal00: Salinity, Practical [PSU]
# name 11 = spar: SPAR/Surface Irradiance
# name 12 = par: PAR/Irradiance, Biospherical/Licor
# name 13 = scan: Scan Count
# name 14 = nbf: Bottles Fired
# name 15 = flag:  0.000e+00
# interval = seconds: 0.0416667
# start_time = Jul 09 2016 12:15:52 [NMEA time, first data scan]
# bad_flag = -9.990e-29
*END*
[from data line 543]
      2.054     7.4054     7.4056   3.549986   3.549721     3.3412     1.3535     1.1153     0.4346    89.7047    34.8248 3.2639e+02 2.8399e+02      71992         12  0.000e+00
      2.007     7.4056     7.4054   3.549992   3.549749     3.3412     1.3535     1.1153     0.4382    89.6245    34.8248 3.2639e+02 2.8319e+02      71993         12  0.000e+00
      2.054     7.4056     7.4055   3.549961   3.549749     3.3425     1.3657     1.1092     0.4358    89.6780    34.8244 3.2639e+02 2.8319e+02      71994         12  0.000e+00
      2.109     7.4053     7.4055   3.549986   3.549738     3.3425     1.3657     1.1153     0.4322    89.7581    34.8249 3.2829e+02 2.8081e+02      71995         12  0.000e+00
      1.991     7.4054     7.4055   3.550004   3.549818     3.3412     1.3535     1.1153     0.4263    89.8917    34.8251 3.2639e+02 2.7611e+02      71996         12  0.000e+00
      2.070     7.4056     7.4056   3.550004   3.549784     3.3412     1.3535     1.1153     0.4239    89.9451    34.8249 3.2639e+02 2.7534e+02      71997         12  0.000e+00
      2.109     7.4054     7.4056   3.550023   3.549749     3.3412     1.3535     1.1092     0.4251    89.9184    34.8252 3.2639e+02 2.7924e+02      71998         12  0.000e+00
      2.054     7.4056     7.4054   3.550054   3.549818     3.3412     1.3535     1.1092     0.4334    89.7314    34.8254 3.2639e+02 2.8720e+02      71999         12  0.000e+00
      2.054     7.4056     7.4056   3.550084   3.549784     3.3412     1.3657     1.1092     0.4382    89.6245    34.8257 3.2639e+02 2.8963e+02      72000         12  0.000e+00
      2.125     7.4056     7.4055   3.550078   3.549784     3.3412     1.3535     1.1092     0.4382    89.6245    34.8256 3.2639e+02 2.8882e+02      72001         12  0.000e+00
      2.054     7.4056     7.4056   3.550066   3.549818     3.3425     1.3657     1.1092     0.4334    89.7314    34.8255 3.2829e+02 2.8559e+02      72002         12  0.000e+00
      2.109     7.4056     7.4054   3.550066   3.549749     3.3412     1.3657     1.1092     0.4298    89.8115    34.8255 3.2639e+02 2.8399e+02      72003         12  0.000e+00
      2.109     7.4058     7.4058   3.550060   3.549784     3.3412     1.3535     1.1153     0.4239    89.9451    34.8253 3.2829e+02 2.8319e+02      72004         12  0.000e+00
      2.109     7.4058     7.4056   3.550066   3.549772     3.3412     1.3657     1.1092     0.4191    90.0519    34.8254 3.2639e+02 2.8002e+02      72005         12  0.000e+00
      2.187     7.4056     7.4055   3.550023   3.549784     3.3412     1.3657     1.1092     0.4179    90.0786    34.8250 3.2829e+02 2.7845e+02      72006         12  0.000e+00
      2.109     7.4058     7.4055   3.550004   3.549784     3.3412     1.3657     1.1092     0.4203    90.0252    34.8247 3.2639e+02 2.7767e+02      72007         12  0.000e+00
      2.164     7.4056     7.4056   3.550004   3.549818     3.3412     1.3535     1.1092     0.4227    89.9718    34.8248 3.2639e+02 2.6770e+02      72008         12  0.000e+00
      2.164     7.4058     7.4055   3.550047   3.549749     3.3412     1.3657     1.1092     0.4227    89.9718    34.8251 3.2829e+02 2.6175e+02      72009         12  0.000e+00
      2.188     7.4056     7.4056   3.550047   3.549784     3.3412     1.3657     1.1092     0.4239    89.9451    34.8253 3.2639e+02 2.6175e+02      72010         12  0.000e+00
      2.164     7.4058     7.4058   3.550035   3.549784     3.3412     1.3535     1.1092     0.4274    89.8649    34.8250 3.2639e+02 2.5165e+02      72011         12  0.000e+00
      2.282     7.4059     7.4055   3.550054   3.549818     3.3425     1.3535     1.1092     0.4286    89.8382    34.8250 3.2829e+02 2.4536e+02      72012         12  0.000e+00
      2.227     7.4056     7.4055   3.549998   3.549784     3.3425     1.3657     1.1092     0.4346    89.7047    34.8247 3.2639e+02 2.4398e+02      72013         12  0.000e+00
      2.243     7.4058     7.4055   3.549992   3.549818     3.3412     1.3657     1.1092     0.4382    89.6245    34.8245 3.2829e+02 2.4605e+02      72014         12  0.000e+00
      2.282     7.4058     7.4055   3.550072   3.549801     3.3412     1.4145     1.1031     0.4358    89.6780    34.8253 3.2639e+02 2.4883e+02      72015         12  0.000e+00
      2.345     7.4056     7.4055   3.550097   3.549818     3.3412     1.4268     1.0909     0.4322    89.7581    34.8257 3.2639e+02 2.4953e+02      72016         12  0.000e+00
      2.282     7.4058     7.4056   3.550078   3.549784     3.3412     1.4390     1.0909     0.4286    89.8382    34.8254 3.2639e+02 2.5165e+02      72017         12  0.000e+00
      2.361     7.4059     7.4054   3.550066   3.549846     3.3412     1.4390     1.0909     0.4274    89.8649    34.8251 3.2829e+02 2.5521e+02      72018         12  0.000e+00
      2.400     7.4059     7.4056   3.550109   3.549784     3.3412     1.4390     1.0909     0.4298    89.8115    34.8255 3.2639e+02 2.5665e+02      72019         12  0.000e+00
      2.345     7.4058     7.4058   3.550109   3.549784     3.3412     1.4390     1.0909     0.4298    89.8115    34.8257 3.2639e+02 2.5882e+02      72020         12  0.000e+00
      2.463     7.4061     7.4057   3.550078   3.549846     3.3425     1.4390     1.0909     0.4286    89.8382    34.8249 3.2829e+02 2.6397e+02      72021         12  0.000e+00
      2.400     7.4058     7.4058   3.550084   3.549784     3.3412     1.4268     1.0909     0.4286    89.8382    34.8254 3.2829e+02 2.6620e+02      72022         12  0.000e+00
      2.416     7.4059     7.4056   3.550115   3.549818     3.3412     1.4268     1.0909     0.4310    89.7848    34.8256 3.2639e+02 2.6695e+02      72023         12  0.000e+00
      2.518     7.4061     7.4057   3.550103   3.549846     3.3412     1.4390     1.0909     0.4322    89.7581    34.8252 3.2639e+02 2.6921e+02      72024         12  0.000e+00
      2.518     7.4062     7.4058   3.550115   3.549818     3.3412     1.4390     1.0909     0.4370    89.6513    34.8252 3.2639e+02 2.7073e+02      72025         12  0.000e+00
      2.518     7.4062     7.4056   3.550152   3.549835     3.3425     1.4390     1.0909     0.4346    89.7047    34.8256 3.2639e+02 2.7073e+02      72026         12  0.000e+00
      2.534     7.4062     7.4057   3.550091   3.549818     3.3412     1.4268     1.0970     0.4286    89.8382    34.8249 3.2829e+02 2.7303e+02      72027         12  0.000e+00
      2.573     7.4061     7.4058   3.550109   3.549881     3.3412     1.4390     1.0970     0.4251    89.9184    34.8252 3.2829e+02 2.7379e+02      72028         12  0.000e+00
      2.573     7.4062     7.4058   3.550109   3.549847     3.3412     1.4268     1.0970     0.4263    89.8917    34.8251 3.2639e+02 2.7303e+02      72029         12  0.000e+00
      2.636     7.4059     7.4057   3.550115   3.549818     3.3412     1.4390     1.0909     0.4263    89.8917    34.8255 3.2829e+02 2.6770e+02      72030         12  0.000e+00
      2.573     7.4064     7.4056   3.550109   3.549881     3.3412     1.4268     1.0909     0.4310    89.7848    34.8250 3.2639e+02 2.6471e+02      72031         12  0.000e+00
      2.652     7.4061     7.4058   3.550115   3.549818     3.3412     1.4390     1.0909     0.4549    89.2506    34.8253 3.2639e+02 2.6397e+02      72032         12  0.000e+00
      2.691     7.4059     7.4057   3.550085   3.549847     3.3412     1.4390     1.0909     0.4729    88.8499    34.8251 3.2639e+02 2.5378e+02      72033         12  0.000e+00
      2.691     7.4061     7.4056   3.550066   3.549818     3.3412     1.4268     1.0909     0.4717    88.8766    34.8248 3.2639e+02 2.4674e+02      72034         12  0.000e+00
      2.691     7.4060     7.4056   3.550085   3.549847     3.3412     1.4268     1.0909     0.4621    89.0903    34.8251 3.2829e+02 2.4605e+02      72035         12  0.000e+00
      2.770     7.4059     7.4056   3.550146   3.549835     3.3412     1.4268     1.0909     0.4513    89.3307    34.8257 3.2639e+02 2.3923e+02      72036         12  0.000e+00
