Ship_data/Irminger/Irminger-3/ctd/process/ar0701006.ros
* Sea-Bird SBE 9 Data File:
* FileName = D:\Data\ar0701006.hdr
* Software Version Seasave V 7.23.2
* Temperature SN = 4406
* Conductivity SN = 3042
* Number of Bytes Per Scan = 44
* Number of Voltage Words = 5
* Number of Scans Averaged by the Deck Unit = 1
* NMEA Latitude = 59 55.99 N
* NMEA Longitude = 039 27.05 W
* NMEA UTC (Time) = Jul 10 2016  19:49:21
** Site Irminger Surface Mooring
** G. Tupper Tupper
** Station # 006
** new mooring
# nquan = 16
# nvalues = 539                                   
# units = specified
# name 0 = prDM: Pressure, Digiquartz [db]
# name 1 = t090C: Temperature [ITS-90, deg C]
# name 2 = t190C: Temperature, 2 [ITS-90, deg C]
# name 3 = c0S/m: Conductivity [S/m]
# name 4 = c1S/m: Conductivity, 2 [S/m]
# name 5 = sbeox0V: Oxygen raw, SBE 43 [V]
# name 6 = flECO-AFL: Fluorescence, WET Labs ECO-AFL/FL [mg/m^3]
# name 7 = turbWETntu0: Turbidity, WET Labs ECO [NTU]
# name 8 = CStarAt0: Beam Attenuation, WET Labs C-Star [1/m]
# name 9 = CStarTr0: Beam Transmission, WET Labs C-Star [%]
# name 10 = sal00: Salinity, Practical [PSU]
# name 11 = spar: SPAR/Surface Irradiance
# name 12 = par: PAR/Irradiance, Biospherical/Licor
# name 13 = scan: Scan Count
# name 14 = nbf: Bottles Fired
# name 15 = flag:  0.000e+00
# interval = seconds: 0.0416667
# start_time = Jul 10 2016 19:51:27 [NMEA time, first data scan]
# bad_flag = -9.990e-29
*END*
   1520.042     3.6811     3.6809   3.287601   3.287257     2.4161     0.0348     0.9261     0.1253    96.9169    34.9278 2.9776e+02 9.5400e-02      51533          1  0.000e+00
   1520.018     3.6811     3.6809   3.287571   3.287268     2.4149     0.0348     0.9261     0.1253    96.9169    34.9275 2.9966e+02 9.5400e-02      51534          1  0.000e+00
   1520.018     3.6807     3.6809   3.287565   3.287291     2.4149     0.0348     0.9261     0.1253    96.9169    34.9277 3.0157e+02 9.5400e-02      51535          1  0.000e+00
   1520.018     3.6809     3.6808   3.287607   3.287235     2.4149     0.0348     0.9261     0.1253    96.9169    34.9281 3.0157e+02 9.5400e-02      51536          1  0.000e+00
   1519.953     3.6809     3.6809   3.287583   3.287291     2.4137     0.0348     0.9261     0.1253    96.9169    34.9278 3.0157e+02 9.5400e-02      51537          1  0.000e+00
   1519.953     3.6811     3.6809   3.287583   3.287257     2.4149     0.0348     0.9261     0.1264    96.8902    34.9276 3.0157e+02 9.5400e-02      51538          1  0.000e+00
   1519.913     3.6809     3.6809   3.287577   3.287235     2.4149     0.0348     0.9261     0.1253    96.9169    34.9278 3.0157e+02 9.5400e-02      51539          1  0.000e+00
   1519.897     3.6807     3.6809   3.287565   3.287230     2.4149     0.0348     0.9261     0.1253    96.9169    34.9278 3.0348e+02 9.5400e-02      51540          1  0.000e+00
   1519.897     3.6807     3.6810   3.287583   3.287268     2.4149     0.0348     0.9261     0.1253    96.9169    34.9280 3.0157e+02 9.5400e-02      51541          1  0.000e+00
   1519.832     3.6807     3.6809   3.287589   3.287291     2.4149     0.0348     0.9261     0.1253    96.9169    34.9281 3.0157e+02 9.5400e-02      51542          1  0.000e+00
   1519.832     3.6806     3.6810   3.287589   3.287235     2.4149     0.0348     0.9261     0.1253    96.9169    34.9283 3.0348e+02 9.5400e-02      51543          1  0.000e+00
   1519.792     3.6809     3.6812   3.287577   3.287291     2.4149     0.0348     0.9322     0.1253    96.9169    34.9278 3.0157e+02 9.5400e-02      51544          1  0.000e+00
   1519.776     3.6807     3.6814   3.287565   3.287235     2.4149     0.0348     0.9261     0.1253    96.9169    34.9279 3.0157e+02 9.5400e-02      51545          1  0.000e+00
   1519.776     3.6806     3.6810   3.287607   3.287318     2.4149     0.0348     0.9261     0.1264    96.8902    34.9285 3.0157e+02 9.5400e-02      51546          1  0.000e+00
   1519.711     3.6807     3.6810   3.287607   3.287235     2.4149     0.0348     0.9322     0.1264    96.8902    34.9284 3.0157e+02 9.5400e-02      51547          1  0.000e+00
   1519.655     3.6809     3.6811   3.287529   3.287290     2.4149     0.0348     0.9261     0.1264    96.8902    34.9273 3.0348e+02 9.5400e-02      51548          1  0.000e+00
   1519.671     3.6809     3.6810   3.287547   3.287268     2.4149     0.0348     0.9200     0.1253    96.9169    34.9275 3.0157e+02 9.5400e-02      51549          1  0.000e+00
   1519.655     3.6807     3.6809   3.287565   3.287230     2.4149     0.0348     0.9200     0.1253    96.9169    34.9279 3.0157e+02 9.5400e-02      51550          1  0.000e+00
   1519.655     3.6809     3.6810   3.287601   3.287235     2.4149     0.0348     0.9200     0.1253    96.9169    34.9282 3.0157e+02 9.5400e-02      51551          1  0.000e+00
   1519.591     3.6809     3.6812   3.287559   3.287290     2.4149     0.0348     0.9200     0.1253    96.9169    34.9277 3.0157e+02 9.5400e-02      51552          1  0.000e+00
   1519.591     3.6809     3.6812   3.287577   3.287235     2.4149     0.0348     0.9200     0.1253    96.9169    34.9279 3.0157e+02 9.5400e-02      51553          1  0.000e+00
   1519.550     3.6807     3.6811   3.287577   3.287230     2.4149     0.0348     0.9200     0.1253    96.9169    34.9281 3.0157e+02 9.5400e-02      51554          1  0.000e+00
   1519.526     3.6809     3.6812   3.287583   3.287268     2.4149     0.0348     0.9200     0.1264    96.8902    34.9280 3.0157e+02 9.5400e-02      51555          1  0.000e+00
   1519.470     3.6809     3.6812   3.287577   3.287257     2.4149     0.0348     0.9200     0.1264    96.8902    34.9280 3.0157e+02 9.5400e-02      51556          1  0.000e+00
   1519.470     3.6809     3.6814   3.287565   3.287296     2.4149     0.0348     0.9200     0.1264    96.8902    34.9278 3.0157e+02 9.5400e-02      51557          1  0.000e+00
   1519.470     3.6807     3.6810   3.287547   3.287230     2.4161     0.0348     0.9200     0.1253    96.9169    34.9278 3.0157e+02 9.5400e-02      51558          1  0.000e+00
   1519.429     3.6807     3.6810   3.287601   3.287257     2.4137     0.0348     0.9200     0.1253    96.9169    34.9284 3.0157e+02 9.5400e-02      51559          1  0.000e+00
   1519.405     3.6807     3.6811   3.287595   3.287207     2.4149     0.0348     0.9200     0.1253    96.9169    34.9284 3.0157e+02 9.5400e-02      51560          1  0.000e+00
   1519.405     3.6809     3.6812   3.287589   3.287318     2.4161     0.0348     0.9200     0.1253    96.9169    34.9281 3.0157e+02 9.5400e-02      51561          1  0.000e+00
   1519.349     3.6807     3.6809   3.287553   3.287235     2.4149     0.0348     0.9200     0.1253    96.9169    34.9279 3.0157e+02 9.5400e-02      51562          1  0.000e+00
   1519.349     3.6807     3.6812   3.287577   3.287318     2.4149     0.0348     0.9200     0.1264    96.8902    34.9282 3.0157e+02 9.5400e-02      51563          1  0.000e+00
   1519.308     3.6809     3.6809   3.287595   3.287207     2.4137     0.0348     0.9200     0.1264    96.8902    34.9283 3.0157e+02 9.5400e-02      51564          1  0.000e+00
   1519.284     3.6809     3.6811   3.287595   3.287290     2.4149     0.0348     0.9200     0.1253    96.9169    34.9283 3.0157e+02 9.5400e-02      51565          1  0.000e+00
   1519.349     3.6809     3.6808   3.287553   3.287207     2.4149     0.0348     0.9200     0.1253    96.9169    34.9277 3.0157e+02 9.5400e-02      51566          1  0.000e+00
   1519.284     3.6809     3.6810   3.287535   3.287257     2.4161     0.0348     0.9200     0.1253    96.9169    34.9276 3.0157e+02 9.5400e-02      51567          1  0.000e+00
   1519.220     3.6809     3.6810   3.287529   3.287207     2.4149     0.0348     0.9200     0.1253    96.9169    34.9275 3.0157e+02 9.5400e-02      51568          1  0.000e+00
   1519.244     3.6806     3.6810   3.287577   3.287290     2.4149     0.0348     0.9200     0.1253    96.9169    34.9284 3.0157e+02 9.5400e-02      51569          1  0.000e+00
   1519.220     3.6807     3.6809   3.287577   3.287180     2.4149     0.0348     0.9200     0.1253    96.9169    34.9283 3.0348e+02 9.5400e-02      51570          1  0.000e+00
   1519.220     3.6807     3.6808   3.287565   3.287257     2.4149     0.0348     0.9200     0.1253    96.9169    34.9281 3.0157e+02 9.5400e-02      51571          1  0.000e+00
   1519.163     3.6804     3.6808   3.287607   3.287207     2.4149     0.0348     0.9200     0.1253    96.9169    34.9290 3.0157e+02 9.5400e-02      51572          1  0.000e+00
   1519.220     3.6809     3.6806   3.287607   3.287229     2.4137     0.0348     0.9261     0.1253    96.9169    34.9284 3.0157e+02 9.5400e-02      51573          1  0.000e+00
   1519.180     3.6806     3.6809   3.287553   3.287235     2.4137     0.0226     0.9322     0.1253    96.9169    34.9282 3.0348e+02 9.5400e-02      51574          1  0.000e+00
   1519.163     3.6806     3.6810   3.287517   3.287257     2.4149     0.0226     0.9322     0.1253    96.9169    34.9278 3.0157e+02 9.5400e-02      51575          1  0.000e+00
   1519.164     3.6806     3.6808   3.287523   3.287207     2.4161     0.0226     0.9322     0.1253    96.9169    34.9278 3.0157e+02 9.5400e-02      51576          1  0.000e+00
   1519.164     3.6806     3.6807   3.287547   3.287257     2.4149     0.0226     0.9322     0.1253    96.9169    34.9281 3.0157e+02 9.5400e-02      51577          1  0.000e+00
   1519.164     3.6804     3.6808   3.287583   3.287268     2.4137     0.0226     0.9322     0.1253    96.9169    34.9287 3.0348e+02 9.5400e-02      51578          1  0.000e+00
   1519.180     3.6806     3.6809   3.287553   3.287169     2.4149     0.0226     0.9322     0.1253    96.9169    34.9282 3.0348e+02 9.5400e-02      51579          1  0.000e+00
   1519.099     3.6807     3.6809   3.287535   3.287257     2.4149     0.0226     0.9322     0.1253    96.9169    34.9278 3.0157e+02 9.5400e-02      51580          1  0.000e+00
   1519.164     3.6804     3.6809   3.287577   3.287235     2.4149     0.0226     0.9322     0.1253    96.9169    34.9286 3.0157e+02 9.5400e-02      51581          1  0.000e+00
   1011.432     3.5377     3.5376   3.249718   3.249463     2.7128     0.0348     0.9444     0.1253    96.9169    34.8857 2.6722e+02 9.5400e-02      67092          2  0.000e+00
   1011.464     3.5378     3.5376   3.249736   3.249425     2.7128     0.0348     0.9444     0.1253    96.9169    34.8857 2.6722e+02 9.5400e-02      67093          2  0.000e+00
   1011.368     3.5378     3.5377   3.249712   3.249392     2.7115     0.0348     0.9444     0.1253    96.9169    34.8855 2.6722e+02 9.5400e-02      67094          2  0.000e+00
   1011.408     3.5378     3.5376   3.249712   3.249430     2.7115     0.0348     0.9444     0.1253    96.9169    34.8855 2.6722e+02 9.5400e-02      67095          2  0.000e+00
   1011.432     3.5378     3.5373   3.249718   3.249392     2.7115     0.0348     0.9444     0.1253    96.9169    34.8855 2.6722e+02 9.5400e-02      67096          2  0.000e+00
   1011.344     3.5378     3.5377   3.249718   3.249364     2.7115     0.0348     0.9444     0.1253    96.9169    34.8856 2.6913e+02 9.5400e-02      67097          2  0.000e+00
   1011.432     3.5380     3.5375   3.249718   3.249403     2.7115     0.0348     0.9444     0.1253    96.9169    34.8853 2.6722e+02 9.5400e-02      67098          2  0.000e+00
   1011.344     3.5380     3.5375   3.249736   3.249425     2.7128     0.0348     0.9444     0.1253    96.9169    34.8856 2.6722e+02 9.5400e-02      67099          2  0.000e+00
   1011.368     3.5382     3.5375   3.249730   3.249375     2.7128     0.0348     0.9444     0.1253    96.9169    34.8853 2.6722e+02 9.5400e-02      67100          2  0.000e+00
   1011.344     3.5382     3.5376   3.249718   3.249392     2.7115     0.0348     0.9444     0.1253    96.9169    34.8852 2.6722e+02 9.5400e-02      67101          2  0.000e+00
   1011.312     3.5380     3.5378   3.249700   3.249392     2.7115     0.0348     0.9444     0.1275    96.8634    34.8852 2.6531e+02 9.5400e-02      67102          2  0.000e+00
   1011.288     3.5382     3.5377   3.249730   3.249375     2.7115     0.0348     0.9444     0.1297    96.8100    34.8853 2.6149e+02 9.5400e-02      67103          2  0.000e+00
   1011.368     3.5385     3.5376   3.249766   3.249425     2.7115     0.0348     0.9444     0.1297    96.8100    34.8854 2.6149e+02 9.5400e-02      67104          2  0.000e+00
   1011.288     3.5382     3.5378   3.249777   3.249392     2.7128     0.0348     0.9444     0.1286    96.8367    34.8860 2.6531e+02 9.5400e-02      67105          2  0.000e+00
   1011.248     3.5383     3.5380   3.249760   3.249403     2.7115     0.0348     0.9444     0.1275    96.8634    34.8856 2.6722e+02 9.5400e-02      67106          2  0.000e+00
   1011.288     3.5383     3.5381   3.249748   3.249425     2.7115     0.0348     0.9444     0.1275    96.8634    34.8854 2.6722e+02 9.5400e-02      67107          2  0.000e+00
   1011.312     3.5383     3.5383   3.249730   3.249425     2.7115     0.0348     0.9444     0.1264    96.8902    34.8852 2.6722e+02 9.5400e-02      67108          2  0.000e+00
   1011.224     3.5383     3.5383   3.249760   3.249491     2.7115     0.0348     0.9444     0.1264    96.8902    34.8856 2.6913e+02 9.5400e-02      67109          2  0.000e+00
   1011.248     3.5383     3.5384   3.249795   3.249452     2.7115     0.0348     0.9444     0.1264    96.8902    34.8860 2.6913e+02 9.5400e-02      67110          2  0.000e+00
   1011.224     3.5380     3.5385   3.249807   3.249463     2.7115     0.0348     0.9505     0.1264    96.8902    34.8865 2.6913e+02 9.5400e-02      67111          2  0.000e+00
   1011.248     3.5383     3.5383   3.249765   3.249480     2.7115     0.0348     0.9566     0.1264    96.8902    34.8857 2.6913e+02 9.5400e-02      67112          2  0.000e+00
   1011.224     3.5383     3.5383   3.249748   3.249452     2.7115     0.0348     0.9566     0.1264    96.8902    34.8855 2.7103e+02 9.5400e-02      67113          2  0.000e+00
   1011.192     3.5383     3.5383   3.249748   3.249463     2.7115     0.0348     0.9566     0.1264    96.8902    34.8855 2.6913e+02 9.5400e-02      67114          2  0.000e+00
   1011.224     3.5379     3.5383   3.249748   3.249425     2.7128     0.0348     0.9566     0.1264    96.8902    34.8859 2.6913e+02 9.5400e-02      67115          2  0.000e+00
   1011.192     3.5382     3.5381   3.249754   3.249480     2.7128     0.0348     0.9566     0.1264    96.8902    34.8857 2.6913e+02 9.5400e-02      67116          2  0.000e+00
   1011.168     3.5383     3.5382   3.249748   3.249430     2.7128     0.0348     0.9566     0.1264    96.8902    34.8855 2.6913e+02 9.5400e-02      67117          2  0.000e+00
   1011.192     3.5382     3.5381   3.249765   3.249425     2.7115     0.0348     0.9566     0.1253    96.9169    34.8859 2.6913e+02 9.5400e-02      67118          2  0.000e+00
   1011.168     3.5380     3.5381   3.249760   3.249452     2.7128     0.0348     0.9505     0.1264    96.8902    34.8860 2.7103e+02 9.5400e-02      67119          2  0.000e+00
   1011.192     3.5382     3.5380   3.249765   3.249463     2.7128     0.0348     0.9566     0.1264    96.8902    34.8859 2.6913e+02 9.5400e-02      67120          2  0.000e+00
   1011.104     3.5382     3.5381   3.249777   3.249452     2.7128     0.0348     0.9566     0.1264    96.8902    34.8860 2.7103e+02 9.5400e-02      67121          2  0.000e+00
   1011.192     3.5385     3.5380   3.249718   3.249430     2.7128     0.0348     0.9505     0.1264    96.8902    34.8849 2.7103e+02 9.5400e-02      67122          2  0.000e+00
   1011.104     3.5383     3.5382   3.249754   3.249452     2.7128     0.0348     0.9505     0.1253    96.9169    34.8856 2.6913e+02 9.5400e-02      67123          2  0.000e+00
   1011.192     3.5383     3.5380   3.249777   3.249452     2.7128     0.0348     0.9566     0.1253    96.9169    34.8858 2.6913e+02 9.5400e-02      67124          2  0.000e+00
   1011.104     3.5382     3.5380   3.249777   3.249463     2.7115     0.0348     0.9566     0.1253    96.9169    34.8860 2.6913e+02 9.5400e-02      67125          2  0.000e+00
   1011.128     3.5383     3.5379   3.249795   3.249425     2.7128     0.0348     0.9505     0.1253    96.9169    34.8861 2.7103e+02 9.5400e-02      67126          2  0.000e+00
   1011.168     3.5381     3.5378   3.249789   3.249452     2.7128     0.0348     0.9505     0.1253    96.9169    34.8863 2.6913e+02 9.5400e-02      67127          2  0.000e+00
   1011.128     3.5382     3.5380   3.249760   3.249403     2.7128     0.0470     0.9505     0.1253    96.9169    34.8858 2.7103e+02 9.5400e-02      67128          2  0.000e+00
   1011.168     3.5385     3.5379   3.249748   3.249452     2.7115     0.0348     0.9505     0.1253    96.9169    34.8853 2.7103e+02 9.5400e-02      67129          2  0.000e+00
   1011.128     3.5383     3.5381   3.249771   3.249463     2.7115     0.0348     0.9505     0.1253    96.9169    34.8858 2.6913e+02 9.5400e-02      67130          2  0.000e+00
   1011.104     3.5382     3.5379   3.249759   3.249452     2.7115     0.0348     0.9505     0.1253    96.9169    34.8858 2.6913e+02 9.5400e-02      67131          2  0.000e+00
   1011.128     3.5383     3.5380   3.249765   3.249452     2.7128     0.0348     0.9566     0.1253    96.9169    34.8857 2.7103e+02 9.5400e-02      67132          2  0.000e+00
