Ship_data/Irminger/Irminger-3/ctd/process/ar0701010.ros
* Sea-Bird SBE 9 Data File:
* FileName = D:\Data\ar0701010.hdr
* Software Version Seasave V 7.23.2
* Temperature SN = 4406
* Conductivity SN = 3042
* Number of Bytes Per Scan = 44
* Number of Voltage Words = 5
* Number of Scans Averaged by the Deck Unit = 1
* NMEA Latitude = 59 55.71 N
* NMEA Longitude = 039 37.28 W
* NMEA UTC (Time) = Jul 16 2016  20:07:47
** Site Irminger Surface Mooring (old 2015)
** G. Tupper Tupper
** Station # 010
** before old mooring recovery
# nquan = 16
# nvalues = 539                                   
# units = specified
# name 0 = prDM: Pressure, Digiquartz [db]
# name 1 = t090C: Temperature [ITS-90, deg C]
# name 2 = t190C: Temperature, 2 [ITS-90, deg C]
# name 3 = c0S/m: Conductivity [S/m]
# name 4 = c1S/m: Conductivity, 2 [S/m]
# name 5 = sbeox0V: Oxygen raw, SBE 43 [V]
# name 6 = flECO-AFL: Fluorescence, WET Labs ECO-AFL/FL [mg/m^3]
# name 7 = turbWETntu0: Turbidity, WET Labs ECO [NTU]
# name 8 = CStarAt0: Beam Attenuation, WET Labs C-Star [1/m]
# name 9 = CStarTr0: Beam Transmission, WET Labs C-Star [%]
# name 10 = sal00: Salinity, Practical [PSU]
# name 11 = spar: SPAR/Surface Irradiance
# name 12 = par: PAR/Irradiance, Biospherical/Licor
# name 13 = scan: Scan Count
# name 14 = nbf: Bottles Fired
# name 15 = flag:  0.000e+00
# interval = seconds: 0.0416667
# start_time = Jul 16 2016 20:10:01 [NMEA time, first data scan]
# bad_flag = -9.990e-29
*END*
[from data line 452]
     14.540     8.4066     8.4071   3.645070   3.644758     3.3241     1.9029     1.1275     0.4573    89.1972    34.8437 5.3443e+01 9.5400e-02     111711         10  0.000e+00
     14.540     8.4065     8.4070   3.645014   3.644723     3.3241     1.9029     1.1275     0.4537    89.2773    34.8433 5.1535e+01 9.5400e-02     111712         10  0.000e+00
     14.485     8.4065     8.4071   3.645082   3.644758     3.3241     1.8907     1.1214     0.4501    89.3574    34.8440 5.1535e+01 9.5400e-02     111713         10  0.000e+00
     14.485     8.4068     8.4071   3.645045   3.644758     3.3229     1.7931     1.0848     0.4477    89.4108    34.8433 5.3443e+01 9.5400e-02     111714         10  0.000e+00
     14.540     8.4067     8.4069   3.645020   3.644752     3.3241     1.7442     1.0604     0.4465    89.4376    34.8431 5.1535e+01 9.5400e-02     111715         10  0.000e+00
     14.485     8.4066     8.4072   3.645020   3.644787     3.3241     1.7320     1.0604     0.4429    89.5177    34.8432 5.1535e+01 9.5400e-02     111716         10  0.000e+00
     14.540     8.4068     8.4069   3.645095   3.644758     3.3241     1.7442     1.0604     0.4405    89.5711    34.8438 5.1535e+01 9.5400e-02     111717         10  0.000e+00
     14.485     8.4069     8.4071   3.645070   3.644758     3.3241     1.7442     1.0604     0.4405    89.5711    34.8435 5.3443e+01 9.5400e-02     111718         10  0.000e+00
     14.485     8.4069     8.4071   3.645076   3.644758     3.3241     1.7442     1.0604     0.4405    89.5711    34.8435 5.1535e+01 9.5400e-02     111719         10  0.000e+00
     14.540     8.4069     8.4072   3.645039   3.644752     3.3241     1.7442     1.0604     0.4417    89.5444    34.8431 5.1535e+01 9.5400e-02     111720         10  0.000e+00
     14.422     8.4073     8.4071   3.645070   3.644758     3.3229     1.7442     1.0604     0.4453    89.4643    34.8431 5.1535e+01 9.5400e-02     111721         10  0.000e+00
     14.485     8.4069     8.4071   3.645089   3.644758     3.3241     1.7442     1.0604     0.4477    89.4108    34.8437 5.1535e+01 9.5400e-02     111722         10  0.000e+00
     14.485     8.4069     8.4069   3.645064   3.644787     3.3241     1.7442     1.0665     0.4477    89.4108    34.8434 5.1535e+01 9.5400e-02     111723         10  0.000e+00
     14.485     8.4071     8.4070   3.645051   3.644758     3.3241     1.7442     1.0604     0.4489    89.3841    34.8431 5.1535e+01 9.5400e-02     111724         10  0.000e+00
     14.422     8.4069     8.4071   3.645076   3.644723     3.3241     1.7442     1.0604     0.4489    89.3841    34.8436 5.1535e+01 9.5400e-02     111725         10  0.000e+00
     14.422     8.4069     8.4073   3.645064   3.644758     3.3241     1.7442     1.0604     0.4489    89.3841    34.8434 5.1535e+01 9.5400e-02     111726         10  0.000e+00
     14.422     8.4069     8.4071   3.645076   3.644723     3.3241     1.7442     1.0604     0.4501    89.3574    34.8435 5.1535e+01 9.5400e-02     111727         10  0.000e+00
     14.422     8.4073     8.4072   3.645107   3.644758     3.3241     1.7442     1.0604     0.4489    89.3841    34.8435 5.1535e+01 9.5400e-02     111728         10  0.000e+00
     14.422     8.4071     8.4071   3.645070   3.644787     3.3241     1.7442     1.0604     0.4477    89.4108    34.8433 5.1535e+01 9.5400e-02     111729         10  0.000e+00
     14.367     8.4073     8.4073   3.645101   3.644752     3.3241     1.7442     1.0604     0.4465    89.4376    34.8435 5.1535e+01 9.5400e-02     111730         10  0.000e+00
     14.422     8.4071     8.4071   3.645101   3.644723     3.3241     1.7442     1.0604     0.4489    89.3841    34.8436 5.1535e+01 9.5400e-02     111731         10  0.000e+00
     14.367     8.4069     8.4070   3.645107   3.644758     3.3241     1.7442     1.0604     0.4549    89.2506    34.8439 5.1535e+01 9.5400e-02     111732         10  0.000e+00
     14.249     8.4069     8.4069   3.645101   3.644758     3.3241     1.7442     1.0604     0.4597    89.1437    34.8439 5.1535e+01 9.5400e-02     111733         10  0.000e+00
     14.398     8.4069     8.4069   3.645064   3.644723     3.3241     1.7442     1.0604     0.4645    89.0369    34.8435 5.3443e+01 9.5400e-02     111734         10  0.000e+00
     14.367     8.4069     8.4068   3.645101   3.644752     3.3241     1.7442     1.0604     0.4633    89.0636    34.8438 5.1535e+01 9.5400e-02     111735         10  0.000e+00
     14.304     8.4068     8.4070   3.645045   3.644723     3.3241     1.7442     1.0604     0.4609    89.1170    34.8434 5.1535e+01 9.5400e-02     111736         10  0.000e+00
     14.249     8.4068     8.4069   3.645113   3.644723     3.3241     1.7442     1.0665     0.4573    89.1972    34.8442 5.1535e+01 9.5400e-02     111737         10  0.000e+00
     14.304     8.4069     8.4069   3.645107   3.644758     3.3241     1.7686     1.0726     0.4549    89.2506    34.8439 5.1535e+01 9.5400e-02     111738         10  0.000e+00
     14.249     8.4069     8.4070   3.645064   3.644723     3.3241     1.7931     1.0848     0.4573    89.1972    34.8435 5.1535e+01 9.5400e-02     111739         10  0.000e+00
     14.249     8.4069     8.4068   3.645051   3.644758     3.3241     1.7931     1.0909     0.4573    89.1972    34.8434 5.1535e+01 9.5400e-02     111740         10  0.000e+00
     14.194     8.4069     8.4069   3.645051   3.644723     3.3241     1.7931     1.0909     0.4573    89.1972    34.8434 5.1535e+01 9.5400e-02     111741         10  0.000e+00
     14.194     8.4068     8.4068   3.645076   3.644694     3.3241     1.7931     1.0909     0.4549    89.2506    34.8438 5.1535e+01 9.5400e-02     111742         10  0.000e+00
     14.194     8.4069     8.4070   3.645064   3.644723     3.3241     1.7931     1.0909     0.4537    89.2773    34.8435 5.1535e+01 9.5400e-02     111743         10  0.000e+00
     14.131     8.4067     8.4068   3.645051   3.644660     3.3241     1.7931     1.0848     0.4597    89.1437    34.8436 5.1535e+01 9.5400e-02     111744         10  0.000e+00
     14.194     8.4069     8.4068   3.645051   3.644723     3.3241     1.7931     1.0848     0.4741    88.8232    34.8434 5.1535e+01 9.5400e-02     111745         10  0.000e+00
     14.131     8.4068     8.4069   3.645032   3.644723     3.3241     1.7931     1.0848     0.4849    88.5828    34.8434 5.1535e+01 9.5400e-02     111746         10  0.000e+00
     14.076     8.4068     8.4069   3.645020   3.644723     3.3241     1.7931     1.0848     0.4861    88.5561    34.8433 5.3443e+01 9.5400e-02     111747         10  0.000e+00
     14.076     8.4068     8.4066   3.645001   3.644723     3.3241     1.7931     1.0848     0.4813    88.6629    34.8431 5.1535e+01 9.5400e-02     111748         10  0.000e+00
      2.499     8.4112     8.4114   3.644910   3.644558     3.3259     2.3181     1.0665     0.4549    89.2506    34.8434 4.9626e+01 9.5400e-02     115291         11  0.000e+00
      2.610     8.4115     8.4110   3.644898   3.644627     3.3259     2.3181     1.0604     0.4525    89.3040    34.8428 5.1535e+01 9.5400e-02     115292         11  0.000e+00
      2.554     8.4115     8.4113   3.644910   3.644592     3.3259     2.3181     1.0665     0.4573    89.1972    34.8430 5.1535e+01 9.5400e-02     115293         11  0.000e+00
      2.515     8.4115     8.4108   3.644966   3.644558     3.3259     2.3181     1.0604     0.4753    88.7965    34.8436 4.9626e+01 9.5400e-02     115294         11  0.000e+00
      2.672     8.4115     8.4112   3.644966   3.644592     3.3259     2.3181     1.0665     0.4861    88.5561    34.8435 4.9626e+01 9.5400e-02     115295         11  0.000e+00
      2.610     8.4117     8.4110   3.644954   3.644621     3.3259     2.3181     1.0604     0.4849    88.5828    34.8433 4.9626e+01 9.5400e-02     115296         11  0.000e+00
      2.672     8.4120     8.4113   3.644954   3.644592     3.3259     2.3181     1.0604     0.4825    88.6362    34.8429 4.9626e+01 9.5400e-02     115297         11  0.000e+00
      2.688     8.4115     8.4111   3.644935   3.644592     3.3259     2.3181     1.0604     0.4813    88.6629    34.8432 4.9626e+01 9.5400e-02     115298         11  0.000e+00
      2.727     8.4117     8.4114   3.644941   3.644592     3.3259     2.3181     1.0665     0.4837    88.6095    34.8431 4.9626e+01 9.5400e-02     115299         11  0.000e+00
      2.727     8.4117     8.4115   3.644935   3.644627     3.3271     2.3181     1.0665     0.4801    88.6896    34.8430 4.9626e+01 9.5400e-02     115300         11  0.000e+00
      2.790     8.4117     8.4116   3.644991   3.644587     3.3271     2.3181     1.0604     0.4729    88.8499    34.8436 4.9626e+01 9.5400e-02     115301         11  0.000e+00
      2.845     8.4118     8.4114   3.644972   3.644690     3.3259     2.3181     1.0665     0.4693    88.9300    34.8432 4.9626e+01 9.5400e-02     115302         11  0.000e+00
      2.806     8.4118     8.4115   3.644972   3.644558     3.3271     2.3181     1.0665     0.4681    88.9567    34.8432 4.9626e+01 9.5400e-02     115303         11  0.000e+00
      2.845     8.4117     8.4116   3.644941   3.644656     3.3259     2.3181     1.0604     0.4669    88.9835    34.8430 4.9626e+01 9.5400e-02     115304         11  0.000e+00
      2.963     8.4117     8.4118   3.644966   3.644656     3.3259     2.3181     1.0604     0.4657    89.0102    34.8432 5.1535e+01 9.5400e-02     115305         11  0.000e+00
      2.908     8.4117     8.4116   3.644985   3.644685     3.3259     2.3181     1.0604     0.4633    89.0636    34.8435 4.9626e+01 9.5400e-02     115306         11  0.000e+00
      2.924     8.4120     8.4116   3.644941   3.644690     3.3259     2.3181     1.0665     0.4621    89.0903    34.8427 4.9626e+01 9.5400e-02     115307         11  0.000e+00
      2.963     8.4120     8.4115   3.644991   3.644690     3.3259     2.3181     1.0665     0.4609    89.1170    34.8432 4.9626e+01 9.5400e-02     115308         11  0.000e+00
      3.018     8.4120     8.4116   3.644973   3.644656     3.3259     2.2937     1.0604     0.4609    89.1170    34.8430 5.1535e+01 9.5400e-02     115309         11  0.000e+00
      3.018     8.4120     8.4115   3.644997   3.644656     3.3259     1.8541     1.0543     0.4597    89.1437    34.8432 4.9626e+01 9.5400e-02     115310         11  0.000e+00
      3.018     8.4120     8.4118   3.644997   3.644690     3.3259     1.5855     1.0543     0.4597    89.1437    34.8432 5.1535e+01 9.5400e-02     115311         11  0.000e+00
      3.097     8.4120     8.4120   3.644941   3.644719     3.3259     1.5489     1.0543     0.4597    89.1437    34.8426 5.1535e+01 9.5400e-02     115312         11  0.000e+00
      3.136     8.4122     8.4120   3.644966   3.644690     3.3259     1.5611     1.0543     0.4585    89.1704    34.8427 4.9626e+01 9.5400e-02     115313         11  0.000e+00
      3.136     8.4120     8.4120   3.644985   3.644656     3.3271     1.5733     1.0543     0.4597    89.1437    34.8431 5.1535e+01 9.5400e-02     115314         11  0.000e+00
      3.136     8.4120     8.4120   3.645004   3.644685     3.3271     1.5733     1.0543     0.4645    89.0369    34.8433 4.9626e+01 9.5400e-02     115315         11  0.000e+00
      3.254     8.4120     8.4118   3.645016   3.644690     3.3259     1.5733     1.0543     0.4669    88.9835    34.8433 4.9626e+01 9.5400e-02     115316         11  0.000e+00
      3.215     8.4122     8.4120   3.645016   3.644690     3.3259     1.5733     1.0543     0.4681    88.9567    34.8431 4.9626e+01 9.5400e-02     115317         11  0.000e+00
      3.199     8.4123     8.4120   3.644997   3.644656     3.3259     1.5733     1.0543     0.4657    89.0102    34.8428 5.1535e+01 9.5400e-02     115318         11  0.000e+00
      3.254     8.4123     8.4121   3.645004   3.644719     3.3271     1.5733     1.0543     0.4621    89.0903    34.8428 5.1535e+01 9.5400e-02     115319         11  0.000e+00
      3.309     8.4123     8.4122   3.644998   3.644685     3.3271     1.5733     1.0543     0.4609    89.1170    34.8427 5.1535e+01 9.5400e-02     115320         11  0.000e+00
      3.333     8.4126     8.4123   3.645029   3.644719     3.3271     1.5733     1.0543     0.4597    89.1437    34.8428 4.9626e+01 9.5400e-02     115321         11  0.000e+00
      3.309     8.4126     8.4123   3.645072   3.644719     3.3259     1.5733     1.0543     0.4585    89.1704    34.8432 5.1535e+01 9.5400e-02     115322         11  0.000e+00
      3.372     8.4128     8.4123   3.645010   3.644719     3.3271     1.5733     1.0543     0.4549    89.2506    34.8424 5.1535e+01 9.5400e-02     115323         11  0.000e+00
      3.372     8.4126     8.4124   3.645029   3.644719     3.3271     1.5733     1.0543     0.4525    89.3040    34.8427 4.9626e+01 9.5400e-02     115324         11  0.000e+00
      3.427     8.4126     8.4123   3.645047   3.644685     3.3271     1.5733     1.0543     0.4501    89.3574    34.8429 4.9626e+01 9.5400e-02     115325         11  0.000e+00
      3.388     8.4126     8.4125   3.645047   3.644754     3.3271     1.5733     1.0543     0.4477    89.4108    34.8429 5.1535e+01 9.5400e-02     115326         11  0.000e+00
      3.427     8.4126     8.4124   3.645047   3.644719     3.3271     1.5733     1.0543     0.4465    89.4376    34.8429 5.1535e+01 9.5400e-02     115327         11  0.000e+00
      3.490     8.4125     8.4123   3.645029   3.644719     3.3271     1.5733     1.0543     0.4453    89.4643    34.8428 5.1535e+01 9.5400e-02     115328         11  0.000e+00
      3.490     8.4126     8.4123   3.645035   3.644719     3.3271     1.5733     1.0543     0.4477    89.4108    34.8428 5.1535e+01 9.5400e-02     115329         11  0.000e+00
      3.427     8.4123     8.4123   3.645029   3.644748     3.3271     1.5733     1.0543     0.4477    89.4108    34.8430 5.1535e+01 9.5400e-02     115330         11  0.000e+00
      3.506     8.4126     8.4122   3.645016   3.644691     3.3271     1.5733     1.0543     0.4477    89.4108    34.8425 4.9626e+01 9.5400e-02     115331         11  0.000e+00
      3.545     8.4123     8.4120   3.645066   3.644754     3.3271     1.5733     1.0543     0.4465    89.4376    34.8434 4.9626e+01 9.5400e-02     115332         11  0.000e+00
      3.545     8.4126     8.4120   3.645085   3.644719     3.3271     1.5733     1.0543     0.4465    89.4376    34.8433 4.9626e+01 9.5400e-02     115333         11  0.000e+00
      3.545     8.4126     8.4118   3.645060   3.644656     3.3271     1.7686     1.0604     0.4453    89.4643    34.8430 4.9626e+01 9.5400e-02     115334         11  0.000e+00
      3.545     8.4126     8.4119   3.645047   3.644685     3.3271     1.9884     1.0665     0.4453    89.4643    34.8429 5.1535e+01 9.5400e-02     115335         11  0.000e+00
      3.561     8.4126     8.4120   3.645072   3.644719     3.3271     2.0373     1.0726     0.4429    89.5177    34.8431 4.9626e+01 9.5400e-02     115336         11  0.000e+00
      3.608     8.4125     8.4118   3.645035   3.644719     3.3271     2.0373     1.0665     0.4429    89.5177    34.8429 5.1535e+01 9.5400e-02     115337         11  0.000e+00
      3.608     8.4126     8.4119   3.645035   3.644656     3.3271     2.0250     1.0665     0.4441    89.4910    34.8427 5.1535e+01 9.5400e-02     115338         11  0.000e+00
      3.608     8.4125     8.4118   3.645029   3.644691     3.3271     2.0250     1.0665     0.4453    89.4643    34.8428 4.9626e+01 9.5400e-02     115339         11  0.000e+00
