Ship_data/Irminger/Irminger-3/ctd/process/ar0701001.ros
* Sea-Bird SBE 9 Data File:
* FileName = D:\Data\ar0701001.hdr
* Software Version Seasave V 7.23.2
* Temperature SN = 4406
* Conductivity SN = 3042
* Number of Bytes Per Scan = 44
* Number of Voltage Words = 5
* Number of Scans Averaged by the Deck Unit = 1
* NMEA Latitude = 40 13.77 N
* NMEA Longitude = 070 53.71 W
* NMEA UTC (Time) = Jul 01 2016  19:09:29
**  PMCI
** Chief Scientist: George Tupper
** Station ID 001
# nquan = 16
# nvalues = 392                                   
# units = specified
# name 0 = prDM: Pressure, Digiquartz [db]
# name 1 = t090C: Temperature [ITS-90, deg C]
# name 2 = t190C: Temperature, 2 [ITS-90, deg C]
# name 3 = c0S/m: Conductivity [S/m]
# name 4 = c1S/m: Conductivity, 2 [S/m]
# name 5 = sbeox0V: Oxygen raw, SBE 43 [V]
# name 6 = flECO-AFL: Fluorescence, WET Labs ECO-AFL/FL [mg/m^3]
# name 7 = turbWETntu0: Turbidity, WET Labs ECO [NTU]
# name 8 = CStarAt0: Beam Attenuation, WET Labs C-Star [1/m]
# name 9 = CStarTr0: Beam Transmission, WET Labs C-Star [%]
# name 10 = sal00: Salinity, Practical [PSU]
# name 11 = spar: SPAR/Surface Irradiance
# name 12 = par: PAR/Irradiance, Biospherical/Licor
# name 13 = scan: Scan Count
# name 14 = nbf: Bottles Fired
# name 15 = flag:  0.000e+00
# interval = seconds: 0.0416667
# start_time = Jul 01 2016 19:10:54 [NMEA time, first data scan]
# bad_flag = -9.990e-29
*END*
[from data line 272]
     21.188    12.6034    12.0062   3.913831   3.847051     3.3058     1.1948     0.9810     0.4441    89.4910    33.6057 9.4671e+02 7.1414e+01      21494          6  0.000e+00
     21.188    12.6147    12.0053   3.914252   3.846638     3.3070     1.2070     0.9810     0.4429    89.5177    33.5996 9.4671e+02 7.1414e+01      21495          6  0.000e+00
     21.212    12.6077    12.0121   3.910838   3.847080     3.3070     1.1948     0.9871     0.4405    89.5711    33.5732 9.4671e+02 7.1214e+01      21496          6  0.000e+00
     21.188    12.5558    12.0156   3.903336   3.848081     3.3082     1.1948     0.9810     0.4382    89.6245    33.5477 9.4671e+02 7.1214e+01      21497          6  0.000e+00
     21.188    12.4414    12.0177   3.891775   3.849134     3.3082     1.1948     0.9871     0.4370    89.6513    33.5389 9.4671e+02 7.1214e+01      21498          6  0.000e+00
     21.188    12.3077    12.0205   3.878826   3.849558     3.3094     1.1948     0.9871     0.4358    89.6780    33.5339 9.4671e+02 7.1014e+01      21499          6  0.000e+00
     21.212    12.2092    12.0255   3.868369   3.849234     3.3094     1.2070     0.9810     0.4346    89.7047    33.5212 9.4480e+02 7.1014e+01      21500          6  0.000e+00
     21.188    12.1503    12.0308   3.861008   3.848922     3.3082     1.1948     0.9871     0.4334    89.7314    33.5029 9.4480e+02 7.1014e+01      21501          6  0.000e+00
     21.251    12.1184    12.0475   3.856411   3.849269     3.3082     1.1948     0.9871     0.4310    89.7848    33.4870 9.4671e+02 7.1014e+01      21502          6  0.000e+00
     21.188    12.0931    12.0829   3.854294   3.850058     3.3082     1.2070     0.9810     0.4310    89.7848    33.4893 9.4671e+02 7.1214e+01      21503          6  0.000e+00
     21.157    12.0718    12.1317   3.853093   3.852401     3.3082     1.2070     0.9871     0.4298    89.8115    33.4968 9.4671e+02 7.1014e+01      21504          6  0.000e+00
     21.251    12.0554    12.1776   3.852172   3.857213     3.3082     1.1948     0.9871     0.4310    89.7848    33.5025 9.4480e+02 7.1014e+01      21505          6  0.000e+00
     21.188    12.0502    12.2213   3.851632   3.861786     3.3082     1.2070     0.9871     0.4310    89.7848    33.5019 9.4480e+02 7.1014e+01      21506          6  0.000e+00
     21.188    12.0433    12.2707   3.851168   3.866232     3.3082     1.2070     0.9810     0.4322    89.7581    33.5037 9.4480e+02 7.1014e+01      21507          6  0.000e+00
     21.212    12.0400    12.3006   3.850895   3.871399     3.3082     1.2070     0.9810     0.4334    89.7314    33.5040 9.4480e+02 7.1014e+01      21508          6  0.000e+00
     21.188    12.0423    12.2977   3.851003   3.875927     3.3082     1.2070     0.9810     0.4334    89.7314    33.5030 9.4480e+02 7.1014e+01      21509          6  0.000e+00
     21.188    12.0460    12.3634   3.851708   3.876487     3.3082     1.2070     0.9810     0.4334    89.7314    33.5065 9.4480e+02 7.1014e+01      21510          6  0.000e+00
     21.188    12.0612    12.4206   3.854555   3.876734     3.3070     1.1948     0.9871     0.4310    89.7848    33.5204 9.4480e+02 7.1014e+01      21511          6  0.000e+00
     21.212    12.1073    12.4718   3.860773   3.884489     3.3070     1.2192     0.9688     0.4310    89.7848    33.5393 9.4480e+02 7.1014e+01      21512          6  0.000e+00
     21.188    12.1907    12.5223   3.867682   3.893373     3.3058     1.2436     0.9627     0.4310    89.7848    33.5312 9.4480e+02 7.1014e+01      21513          6  0.000e+00
     21.133    12.2255    12.5706   3.871629   3.898970     3.3045     1.2436     0.9627     0.4322    89.7581    33.5382 9.4480e+02 7.1014e+01      21514          6  0.000e+00
     21.251    12.2350    12.5517   3.875227   3.903551     3.3045     1.2436     0.9627     0.4334    89.7314    33.5644 9.4480e+02 7.1014e+01      21515          6  0.000e+00
      7.085    18.3879    18.3909   4.505969   4.504512     3.5622     0.3156     0.9138     0.3720    91.1204    33.9583 1.4850e+03 5.2861e+02      24632          7  0.000e+00
      7.085    18.3886    18.3943   4.506362   4.505805     3.5609     0.3156     0.9138     0.3720    91.1204    33.9611 1.4850e+03 5.2565e+02      24633          7  0.000e+00
      7.147    18.3909    18.3950   4.506836   4.506646     3.5609     0.3156     0.9077     0.3743    91.0670    33.9632 1.4850e+03 5.2417e+02      24634          7  0.000e+00
      7.030    18.3942    18.3973   4.507913   4.506879     3.5609     0.3156     0.9077     0.3743    91.0670    33.9696 1.4850e+03 5.1541e+02      24635          7  0.000e+00
      7.147    18.3972    18.4028   4.510101   4.507142     3.5609     0.3156     0.9138     0.3743    91.0670    33.9855 1.4869e+03 5.1108e+02      24636          7  0.000e+00
      7.085    18.4054    18.4054   4.512357   4.507494     3.5609     0.3156     0.9077     0.3743    91.0670    33.9978 1.4869e+03 5.1108e+02      24637          7  0.000e+00
      7.147    18.4155    18.4080   4.513942   4.507757     3.5622     0.3156     0.9138     0.3743    91.0670    34.0028 1.4869e+03 5.1396e+02      24638          7  0.000e+00
      7.085    18.4264    18.4158   4.515040   4.507983     3.5622     0.3156     0.9077     0.3731    91.0937    34.0031 1.4888e+03 5.1541e+02      24639          7  0.000e+00
      7.203    18.4373    18.4201   4.516036   4.508825     3.5622     0.3156     0.9077     0.3731    91.0937    34.0024 1.4888e+03 5.1541e+02      24640          7  0.000e+00
      7.085    18.4490    18.4130   4.517426   4.510583     3.5622     0.3156     0.9138     0.3731    91.0937    34.0045 1.4888e+03 5.2270e+02      24641          7  0.000e+00
      7.148    18.4604    18.4063   4.519202   4.510928     3.5622     0.3156     0.9138     0.3731    91.0937    34.0099 1.4888e+03 5.2861e+02      24642          7  0.000e+00
      7.171    18.4723    18.4077   4.520680   4.509968     3.5634     0.3156     0.9138     0.3731    91.0937    34.0126 1.4888e+03 5.2861e+02      24643          7  0.000e+00
      7.148    18.4797    18.4144   4.521670   4.509283     3.5634     0.3156     0.9077     0.3731    91.0937    34.0148 1.4888e+03 5.3912e+02      24644          7  0.000e+00
      7.148    18.4841    18.4328   4.522124   4.509433     3.5634     0.3156     0.9077     0.3731    91.0937    34.0150 1.4907e+03 5.4829e+02      24645          7  0.000e+00
      7.148    18.4828    18.4586   4.522287   4.511537     3.5634     0.3279     0.9138     0.3743    91.0670    34.0174 1.4888e+03 5.4983e+02      24646          7  0.000e+00
      7.148    18.4829    18.4671   4.522205   4.515595     3.5634     0.3279     0.9138     0.3743    91.0670    34.0167 1.4907e+03 5.5762e+02      24647          7  0.000e+00
      7.148    18.4794    18.4571   4.521941   4.518699     3.5634     0.3279     0.9138     0.3755    91.0403    34.0173 1.4907e+03 5.6551e+02      24648          7  0.000e+00
      7.148    18.4703    18.4484   4.521575   4.518548     3.5634     0.3279     0.9138     0.3766    91.0136    34.0217 1.4907e+03 5.6710e+02      24649          7  0.000e+00
      7.148    18.4678    18.4496   4.521392   4.517404     3.5634     0.3279     0.9138     0.3755    91.0403    34.0223 1.4907e+03 5.7030e+02      24650          7  0.000e+00
      7.148    18.4665    18.4518   4.521392   4.516977     3.5634     0.3279     0.9138     0.3755    91.0403    34.0234 1.4907e+03 5.7513e+02      24651          7  0.000e+00
      7.203    18.4652    18.4501   4.521344   4.517781     3.5634     0.3279     0.9138     0.3743    91.0670    34.0240 1.4907e+03 5.7513e+02      24652          7  0.000e+00
      7.148    18.4672    18.4472   4.521127   4.518127     3.5646     0.3279     0.9138     0.3743    91.0670    34.0206 1.4907e+03 5.7352e+02      24653          7  0.000e+00
      7.148    18.4691    18.4442   4.520971   4.517549     3.5634     0.3279     0.9138     0.3743    91.0670    34.0177 1.4907e+03 5.7030e+02      24654          7  0.000e+00
      7.148    18.4677    18.4401   4.521019   4.516292     3.5634     0.3279     0.9138     0.3731    91.0937    34.0192 1.4907e+03 5.6870e+02      24655          7  0.000e+00
      7.148    18.4671    18.4321   4.521032   4.514829     3.5634     0.3279     0.9138     0.3720    91.1204    34.0198 1.4907e+03 5.6870e+02      24656          7  0.000e+00
      7.148    18.4637    18.4231   4.520551   4.513070     3.5634     0.3279     0.9138     0.3708    91.1471    34.0186 1.4926e+03 5.6551e+02      24657          7  0.000e+00
      7.148    18.4622    18.4175   4.519392   4.511462     3.5634     0.3279     0.9138     0.3696    91.1738    34.0101 1.4907e+03 5.6392e+02      24658          7  0.000e+00
      7.148    18.4600    18.4148   4.518259   4.510269     3.5622     0.3279     0.9138     0.3684    91.2005    34.0023 1.4907e+03 5.6234e+02      24659          7  0.000e+00
      7.085    18.4559    18.4116   4.517236   4.509358     3.5609     0.3279     0.9138     0.3696    91.1738    33.9971 1.4907e+03 5.6076e+02      24660          7  0.000e+00
      7.148    18.4504    18.4090   4.515914   4.508749     3.5609     0.3279     0.9138     0.3696    91.1738    33.9905 1.4907e+03 5.5919e+02      24661          7  0.000e+00
      7.148    18.4453    18.4072   4.514457   4.508404     3.5609     0.3279     0.9138     0.3708    91.1471    33.9824 1.4907e+03 5.6076e+02      24662          7  0.000e+00
      7.085    18.4389    18.4066   4.512919   4.508253     3.5609     0.3279     0.9138     0.3720    91.1204    33.9748 1.4907e+03 5.6392e+02      24663          7  0.000e+00
      7.148    18.4310    18.4061   4.510690   4.508140     3.5609     0.3279     0.9138     0.3731    91.0937    33.9625 1.4907e+03 5.6551e+02      24664          7  0.000e+00
      7.085    18.4160    18.4063   4.507574   4.508021     3.5609     0.3279     0.9138     0.3731    91.0937    33.9487 1.4907e+03 5.6551e+02      24665          7  0.000e+00
      7.085    18.3909    18.4063   4.504304   4.507795     3.5597     0.3279     0.9138     0.3720    91.1204    33.9419 1.4907e+03 5.8822e+02      24666          7  0.000e+00
      7.148    18.3728    18.4054   4.502828   4.507795     3.5597     0.3279     0.9138     0.3720    91.1204    33.9444 1.4907e+03 6.0159e+02      24667          7  0.000e+00
      7.085    18.3704    18.4052   4.502347   4.507946     3.5585     0.3279     0.9138     0.3720    91.1204    33.9423 1.4907e+03 6.0499e+02      24668          7  0.000e+00
      7.085    18.3678    18.4047   4.501630   4.507946     3.5585     0.3156     0.9138     0.3720    91.1204    33.9384 1.4907e+03 6.1355e+02      24669          7  0.000e+00
      7.030    18.3588    18.4038   4.501501   4.507720     3.5585     0.3156     0.9016     0.3720    91.1204    33.9447 1.4907e+03 6.2399e+02      24670          7  0.000e+00
      7.085    18.3606    18.4018   4.501792   4.507450     3.5573     0.3156     0.9016     0.3720    91.1204    33.9457 1.4907e+03 6.2575e+02      24671          7  0.000e+00
      6.991    18.3637    18.4000   4.501962   4.507218     3.5561     0.3156     0.9016     0.3731    91.0937    33.9446 1.4907e+03 6.1875e+02      24672          7  0.000e+00
      7.085    18.3576    18.3985   4.501535   4.506690     3.5561     0.3156     0.9016     0.3731    91.0937    33.9460 1.4888e+03 6.0669e+02      24673          7  0.000e+00
      7.030    18.3467    18.3914   4.500696   4.505962     3.5561     0.3156     0.8955     0.3731    91.0937    33.9480 1.4888e+03 6.0499e+02      24674          7  0.000e+00
      7.030    18.3498    18.3813   4.500121   4.505046     3.5548     0.3156     0.9016     0.3720    91.1204    33.9405 1.4888e+03 5.9822e+02      24675          7  0.000e+00
      6.967    18.3503    18.3756   4.499349   4.504469     3.5536     0.3156     0.9016     0.3720    91.1204    33.9336 1.4888e+03 5.8492e+02      24676          7  0.000e+00
      7.030    18.3450    18.3769   4.498185   4.504130     3.5536     0.3156     0.9016     0.3731    91.0937    33.9282 1.4869e+03 5.8000e+02      24677          7  0.000e+00
      6.967    18.3416    18.3803   4.497461   4.503326     3.5536     0.3156     0.9016     0.3755    91.0403    33.9248 1.4869e+03 5.7675e+02      24678          7  0.000e+00
      6.967    18.3356    18.3805   4.497218   4.503176     3.5524     0.3156     0.9016     0.3778    90.9868    33.9278 1.4869e+03 5.6710e+02      24679          7  0.000e+00
      6.967    18.3304    18.3791   4.496995   4.503596     3.5512     0.3156     0.9016     0.3778    90.9868    33.9302 1.4869e+03 5.6234e+02      24680          7  0.000e+00
      7.030    18.2800    18.3983   4.487831   4.506992     3.5622     0.3279     0.9138     0.3766    91.0136    33.8944 1.3953e+03 5.1686e+02      24816          8  0.000e+00
      7.085    18.2763    18.3971   4.487405   4.507142     3.5622     0.3279     0.9138     0.3743    91.0670    33.8939 1.3933e+03 5.1686e+02      24817          8  0.000e+00
      7.030    18.2763    18.3919   4.487946   4.507105     3.5609     0.3279     0.9138     0.3743    91.0670    33.8984 1.3933e+03 5.1686e+02      24818          8  0.000e+00
      7.054    18.2809    18.3889   4.489623   4.506383     3.5609     0.3279     0.9138     0.3766    91.0136    33.9088 1.3933e+03 5.1831e+02      24819          8  0.000e+00
      6.968    18.2982    18.3895   4.491002   4.505272     3.5609     0.3279     0.9138     0.3778    90.9868    33.9062 1.3933e+03 5.2270e+02      24820          8  0.000e+00
      7.030    18.3012    18.3907   4.491036   4.504851     3.5609     0.3279     0.9138     0.3778    90.9868    33.9040 1.3914e+03 5.2417e+02      24821          8  0.000e+00
      7.030    18.3019    18.3912   4.490670   4.504663     3.5609     0.3279     0.9138     0.3766    91.0136    33.9003 1.3914e+03 5.2417e+02      24822          8  0.000e+00
      7.030    18.2950    18.3888   4.489920   4.504355     3.5609     0.3279     0.9138     0.3766    91.0136    33.8997 1.3895e+03 5.2713e+02      24823          8  0.000e+00
      7.031    18.2866    18.3895   4.489176   4.504129     3.5609     0.3279     0.9138     0.3743    91.0670    33.9003 1.3895e+03 5.2861e+02      24824          8  0.000e+00
      6.968    18.2858    18.3919   4.489521   4.504205     3.5597     0.3279     0.9138     0.3743    91.0670    33.9040 1.3876e+03 5.2861e+02      24825          8  0.000e+00
      7.031    18.2955    18.3928   4.490806   4.504588     3.5609     0.3279     0.9138     0.3743    91.0670    33.9068 1.3876e+03 5.2713e+02      24826          8  0.000e+00
      7.031    18.2991    18.3902   4.491495   4.505008     3.5609     0.3279     0.9138     0.3766    91.0136    33.9096 1.3857e+03 5.2565e+02      24827          8  0.000e+00
      7.031    18.3017    18.3734   4.491238   4.505234     3.5609     0.3279     0.9138     0.3778    90.9868    33.9052 1.3857e+03 5.2565e+02      24828          8  0.000e+00
      7.031    18.2989    18.3523   4.490420   4.504406     3.5597     0.3279     0.9138     0.3790    90.9601    33.9006 1.3838e+03 5.2270e+02      24829          8  0.000e+00
      6.968    18.2891    18.3254   4.489535   4.500999     3.5585     0.3279     0.9138     0.3778    90.9868    33.9013 1.3838e+03 5.2123e+02      24830          8  0.000e+00
      7.031    18.2834    18.3030   4.488608   4.496765     3.5585     0.3279     0.9138     0.3766    91.0136    33.8982 1.3838e+03 5.2123e+02      24831          8  0.000e+00
      6.968    18.2796    18.2850   4.487777   4.493649     3.5585     0.3279     0.9138     0.3766    91.0136    33.8943 1.3819e+03 5.1977e+02      24832          8  0.000e+00
      7.031    18.2763    18.2753   4.487175   4.491210     3.5585     0.3279     0.9138     0.3766    91.0136    33.8919 1.3800e+03 5.1977e+02      24833          8  0.000e+00
