Ship_data/Irminger/Irminger-3/ctd/process/ar0701010.cnv
* Sea-Bird SBE 9 Data File:
* FileName = D:\Data\ar0701010.hdr
* Software Version Seasave V 7.23.2
* Temperature SN = 4406
* Conductivity SN = 3042
* Number of Bytes Per Scan = 44
* Number of Voltage Words = 5
* Number of Scans Averaged by the Deck Unit = 1
* NMEA Latitude = 59 55.71 N
* NMEA Longitude = 039 37.28 W
* NMEA UTC (Time) = Jul 16 2016  20:07:47
** Site Irminger Surface Mooring (old 2015)
** G. Tupper Tupper
** Station # 010
** before old mooring recovery
# nquan = 19
# nvalues = 3002                        
# units = specified
# name 0 = prDM: Pressure, Digiquartz [db]
# name 1 = t090C: Temperature [ITS-90, deg C]
# name 2 = t190C: Temperature, 2 [ITS-90, deg C]
# name 3 = c0S/m: Conductivity [S/m]
# name 4 = c1S/m: Conductivity, 2 [S/m]
# name 5 = sbeox0V: Oxygen raw, SBE 43 [V]
# name 6 = flECO-AFL: Fluorescence, WET Labs ECO-AFL/FL [mg/m^3]
# name 7 = turbWETntu0: Turbidity, WET Labs ECO [NTU]
# name 8 = CStarAt0: Beam Attenuation, WET Labs C-Star [1/m]
# name 9 = CStarTr0: Beam Transmission, WET Labs C-Star [%]
# name 10 = sal00: Salinity, Practical [PSU]
# name 11 = spar: SPAR/Surface Irradiance
# name 12 = par: PAR/Irradiance, Biospherical/Licor
# name 13 = depSM: Depth [salt water, m], lat = 59.9285
# name 14 = sal00: Salinity, Practical [PSU]
# name 15 = sal11: Salinity, Practical, 2 [PSU]
# name 16 = sbeox0ML/L: Oxygen, SBE 43 [ml/l], WS = 2
# name 17 = svCM: Sound Velocity [Chen-Millero, m/s]
# name 18 = flag: flag
# span 0 =      2.019,   1522.840       
# span 1 =     3.4645,     8.4115       
# span 2 =     3.4643,     8.4116       
# span 3 =   3.239427,   3.645609       
# span 4 =   3.239128,   3.645457       
# span 5 =     2.4197,     4.7606       
# span 6 =     0.0094,     1.8981       
# span 7 =     0.8846,     1.1029       
# span 8 =     0.1263,     0.4895       
# span 9 =    88.4830,    96.8918       
# span 10 =    33.6781,    35.0664      
# span 11 = 4.7076e+01, 1.9082e+02      
# span 12 = 9.5398e-02, 9.5472e-02      
# span 13 =      2.000,   1503.000      
# span 14 =    33.6781,    35.0664      
# span 15 =    34.7952,    34.9816      
# span 16 =     5.7558,    10.1669      
# span 17 =    1469.47,    1490.24      
# span 18 = 0.0000e+00, 0.0000e+00      
# interval = meters: 1                  
# start_time = Jul 16 2016 20:10:01 [NMEA time, first data scan]
# bad_flag = -9.990e-29
*END*
[from data line 1220]
   1238.309     3.4820     3.4818   3.253814   3.253456     2.6371     0.0425     0.9174     0.1280    96.8500    34.8777 9.3614e+01 9.5400e-02   1223.000    34.8777    34.8736     6.6457    1484.70 0.0000e+00
   1239.324     3.4815     3.4811   3.253821   3.253438     2.6371     0.0419     0.9303     0.1275    96.8639    34.8778 9.3937e+01 9.5400e-02   1224.000    34.8778    34.8737     6.6467    1484.72 0.0000e+00
   1240.340     3.4816     3.4813   3.253882   3.253505     2.6366     0.0333     0.9322     0.1277    96.8589    34.8780 9.4273e+01 9.5400e-02   1225.000    34.8780    34.8737     6.6460    1484.73 0.0000e+00
   1241.355     3.4813     3.4809   3.253883   3.253506     2.6361     0.0224     0.9322     0.1285    96.8377    34.8777 9.3804e+01 9.5400e-02   1226.000    34.8777    34.8736     6.6451    1484.75 0.0000e+00
   1242.371     3.4811     3.4808   3.253896   3.253533     2.6357     0.0226     0.9311     0.1283    96.8445    34.8776 9.4560e+01 9.5400e-02   1227.000    34.8776    34.8736     6.6450    1484.76 0.0000e+00
   1243.386     3.4809     3.4805   3.253924   3.253551     2.6349     0.0226     0.9718     0.1281    96.8489    34.8776 9.5215e+01 9.5400e-02   1228.000    34.8776    34.8736     6.6431    1484.78 0.0000e+00
   1244.402     3.4805     3.4802   3.253929   3.253564     2.6344     0.0327     0.9485     0.1275    96.8629    34.8776 9.5362e+01 9.5400e-02   1229.000    34.8776    34.8736     6.6425    1484.79 0.0000e+00
   1245.417     3.4806     3.4804   3.253977   3.253628     2.6342     0.0443     0.9384     0.1291    96.8248    34.8775 9.5344e+01 9.5400e-02   1230.000    34.8775    34.8736     6.6428    1484.81 0.0000e+00
   1246.433     3.4807     3.4804   3.254025   3.253674     2.6341     0.0406     0.9301     0.1279    96.8534    34.8775 9.5252e+01 9.5400e-02   1231.000    34.8775    34.8736     6.6433    1484.83 0.0000e+00
   1247.448     3.4805     3.4803   3.254057   3.253702     2.6340     0.0349     0.9678     0.1293    96.8182    34.8776 9.4459e+01 9.5400e-02   1232.000    34.8776    34.8736     6.6437    1484.85 0.0000e+00
   1248.464     3.4805     3.4802   3.254078   3.253737     2.6328     0.0424     0.9594     0.1282    96.8449    34.8773 9.5234e+01 9.5400e-02   1233.000    34.8773    34.8736     6.6408    1484.86 0.0000e+00
   1249.479     3.4805     3.4802   3.254129   3.253770     2.6323     0.0352     0.9292     0.1277    96.8581    34.8774 9.5223e+01 9.5400e-02   1234.000    34.8774    34.8734     6.6400    1484.88 0.0000e+00
   1250.495     3.4807     3.4805   3.254188   3.253836     2.6318     0.0291     0.9302     0.1272    96.8711    34.8774 9.5405e+01 9.5400e-02   1235.000    34.8774    34.8734     6.6395    1484.90 0.0000e+00
   1251.511     3.4805     3.4804   3.254241   3.253881     2.6312     0.0351     0.9283     0.1283    96.8444    34.8777 9.5532e+01 9.5400e-02   1236.000    34.8777    34.8736     6.6383    1484.91 0.0000e+00
   1252.526     3.4806     3.4804   3.254295   3.253920     2.6311     0.0243     0.9323     0.1276    96.8610    34.8778 9.5430e+01 9.5400e-02   1237.000    34.8778    34.8735     6.6390    1484.93 0.0000e+00
   1253.542     3.4807     3.4804   3.254314   3.253968     2.6311     0.0282     0.9357     0.1275    96.8636    34.8774 9.5435e+01 9.5400e-02   1238.000    34.8774    34.8736     6.6399    1484.95 0.0000e+00
   1254.557     3.4804     3.4801   3.254344   3.253990     2.6310     0.0348     0.9358     0.1279    96.8537    34.8775 9.5261e+01 9.5400e-02   1239.000    34.8775    34.8736     6.6404    1484.96 0.0000e+00
   1255.573     3.4798     3.4795   3.254338   3.253972     2.6310     0.0348     0.9301     0.1274    96.8643    34.8776 9.5132e+01 9.5400e-02   1240.000    34.8776    34.8735     6.6412    1484.98 0.0000e+00
   1256.589     3.4796     3.4795   3.254348   3.254005     2.6304     0.0293     0.9323     0.1275    96.8620    34.8774 9.5161e+01 9.5400e-02   1241.000    34.8774    34.8734     6.6402    1484.99 0.0000e+00
   1257.604     3.4799     3.4796   3.254412   3.254056     2.6295     0.0220     0.9324     0.1276    96.8593    34.8773 9.5764e+01 9.5400e-02   1242.000    34.8773    34.8733     6.6381    1485.01 0.0000e+00
   1258.620     3.4796     3.4794   3.254442   3.254077     2.6288     0.0396     0.9322     0.1279    96.8528    34.8775 9.5683e+01 9.5400e-02   1243.000    34.8775    34.8734     6.6368    1485.03 0.0000e+00
   1259.635     3.4795     3.4793   3.254494   3.254122     2.6287     0.0406     0.9292     0.1273    96.8664    34.8777 9.5635e+01 9.5400e-02   1244.000    34.8777    34.8735     6.6375    1485.04 0.0000e+00
   1260.651     3.4795     3.4793   3.254525   3.254155     2.6284     0.0348     0.9290     0.1277    96.8588    34.8776 9.5684e+01 9.5400e-02   1245.000    34.8776    34.8734     6.6373    1485.06 0.0000e+00
   1261.667     3.4795     3.4793   3.254556   3.254197     2.6279     0.0302     0.9303     0.1279    96.8533    34.8774 9.5583e+01 9.5400e-02   1246.000    34.8774    34.8734     6.6365    1485.08 0.0000e+00
   1262.682     3.4797     3.4794   3.254627   3.254258     2.6277     0.0274     0.9287     0.1274    96.8641    34.8775 9.6350e+01 9.5400e-02   1247.000    34.8775    34.8734     6.6367    1485.10 0.0000e+00
   1263.698     3.4799     3.4796   3.254678   3.254321     2.6277     0.0350     0.9299     0.1275    96.8634    34.8774 9.5900e+01 9.5400e-02   1248.000    34.8774    34.8735     6.6375    1485.11 0.0000e+00
   1264.713     3.4800     3.4797   3.254724   3.254364     2.6276     0.0348     0.9290     0.1278    96.8565    34.8774 9.6431e+01 9.5400e-02   1249.000    34.8774    34.8734     6.6381    1485.13 0.0000e+00
   1265.729     3.4808     3.4807   3.254845   3.254497     2.6270     0.0348     0.9296     0.1275    96.8633    34.8774 9.6357e+01 9.5400e-02   1250.000    34.8774    34.8734     6.6368    1485.15 0.0000e+00
   1266.745     3.4817     3.4814   3.254979   3.254612     2.6263     0.0348     0.9297     0.1280    96.8495    34.8776 9.6088e+01 9.5400e-02   1251.000    34.8776    34.8735     6.6355    1485.17 0.0000e+00
   1267.760     3.4822     3.4820   3.255068   3.254726     2.6262     0.0348     0.9322     0.1279    96.8530    34.8776 9.6602e+01 9.5400e-02   1252.000    34.8776    34.8737     6.6359    1485.19 0.0000e+00
   1268.776     3.4821     3.4819   3.255088   3.254762     2.6262     0.0237     0.9380     0.1275    96.8622    34.8774 9.6965e+01 9.5400e-02   1253.000    34.8774    34.8738     6.6367    1485.21 0.0000e+00
   1269.792     3.4818     3.4817   3.255101   3.254799     2.6258     0.0308     0.9314     0.1278    96.8559    34.8774 9.6166e+01 9.5400e-02   1254.000    34.8774    34.8739     6.6362    1485.22 0.0000e+00
   1270.807     3.4799     3.4796   3.254977   3.254633     2.6251     0.0307     0.9332     0.1275    96.8637    34.8774 9.6944e+01 9.5400e-02   1255.000    34.8774    34.8736     6.6352    1485.23 0.0000e+00
   1271.823     3.4793     3.4791   3.254962   3.254623     2.6249     0.0226     0.9423     0.1280    96.8508    34.8774 9.7070e+01 9.5400e-02   1256.000    34.8774    34.8735     6.6355    1485.25 0.0000e+00
   1272.839     3.4794     3.4792   3.255016   3.254670     2.6240     0.0226     0.9298     0.1279    96.8519    34.8774 9.7200e+01 9.5400e-02   1257.000    34.8774    34.8734     6.6335    1485.26 0.0000e+00
   1273.854     3.4790     3.4786   3.255013   3.254640     2.6227     0.0276     0.9314     0.1272    96.8692    34.8772 9.6105e+01 9.5400e-02   1258.000    34.8772    34.8732     6.6302    1485.28 0.0000e+00
   1274.870     3.4785     3.4783   3.255021   3.254673     2.6222     0.0349     0.9384     0.1284    96.8412    34.8773 9.5688e+01 9.5400e-02   1259.000    34.8773    34.8733     6.6295    1485.29 0.0000e+00
   1275.886     3.4777     3.4773   3.254992   3.254631     2.6217     0.0235     0.9329     0.1280    96.8514    34.8773 9.5856e+01 9.5400e-02   1260.000    34.8773    34.8734     6.6292    1485.31 0.0000e+00
   1276.901     3.4774     3.4773   3.255019   3.254660     2.6216     0.0301     0.9325     0.1283    96.8427    34.8775 9.6032e+01 9.5400e-02   1261.000    34.8775    34.8733     6.6296    1485.32 0.0000e+00
   1277.917     3.4782     3.4777   3.255132   3.254742     2.6214     0.0345     0.9322     0.1275    96.8620    34.8775 9.6529e+01 9.5400e-02   1262.000    34.8775    34.8733     6.6298    1485.34 0.0000e+00
   1278.933     3.4781     3.4773   3.255173   3.254739     2.6214     0.0267     0.9322     0.1276    96.8610    34.8775 9.6913e+01 9.5400e-02   1263.000    34.8775    34.8732     6.6305    1485.36 0.0000e+00
   1279.948     3.4792     3.4790   3.255308   3.254956     2.6206     0.0226     0.9324     0.1272    96.8698    34.8775 9.5999e+01 9.5400e-02   1264.000    34.8775    34.8734     6.6286    1485.38 0.0000e+00
   1280.964     3.4786     3.4781   3.255289   3.254925     2.6204     0.0251     0.9322     0.1274    96.8656    34.8774 9.5507e+01 9.5400e-02   1265.000    34.8774    34.8735     6.6289    1485.39 0.0000e+00
   1281.980     3.4782     3.4783   3.255285   3.254977     2.6201     0.0350     0.9325     0.1280    96.8518    34.8772 9.5341e+01 9.5400e-02   1266.000    34.8772    34.8734     6.6290    1485.41 0.0000e+00
   1282.995     3.4780     3.4778   3.255335   3.254974     2.6193     0.0338     0.9322     0.1279    96.8538    34.8774 9.5511e+01 9.5400e-02   1267.000    34.8774    34.8734     6.6273    1485.43 0.0000e+00
   1284.011     3.4769     3.4771   3.255272   3.254942     2.6183     0.0264     0.9339     0.1277    96.8590    34.8774 9.5318e+01 9.5400e-02   1268.000    34.8774    34.8732     6.6251    1485.44 0.0000e+00
   1285.027     3.4769     3.4770   3.255300   3.254975     2.6176     0.0347     0.9354     0.1282    96.8467    34.8772 9.6250e+01 9.5400e-02   1269.000    34.8772    34.8733     6.6237    1485.45 0.0000e+00
   1286.043     3.4767     3.4764   3.255308   3.254961     2.6168     0.0276     0.9293     0.1277    96.8569    34.8770 9.6067e+01 9.5400e-02   1270.000    34.8770    34.8732     6.6219    1485.47 0.0000e+00
   1287.058     3.4766     3.4762   3.255364   3.254989     2.6166     0.0226     0.9288     0.1280    96.8501    34.8773 9.6042e+01 9.5400e-02   1271.000    34.8773    34.8732     6.6224    1485.49 0.0000e+00
   1288.074     3.4760     3.4758   3.255354   3.254991     2.6164     0.0347     0.9297     0.1277    96.8591    34.8773 9.5442e+01 9.5400e-02   1272.000    34.8773    34.8731     6.6226    1485.50 0.0000e+00
   1289.090     3.4759     3.4756   3.255362   3.255007     2.6162     0.0343     0.9355     0.1284    96.8400    34.8770 9.5195e+01 9.5400e-02   1273.000    34.8770    34.8731     6.6228    1485.52 0.0000e+00
   1290.106     3.4755     3.4752   3.255358   3.255012     2.6157     0.0224     0.9358     0.1276    96.8598    34.8768 9.4953e+01 9.5400e-02   1274.000    34.8768    34.8730     6.6223    1485.53 0.0000e+00
   1291.121     3.4748     3.4745   3.255343   3.255003     2.6155     0.0245     0.9331     0.1276    96.8592    34.8769 9.4731e+01 9.5400e-02   1275.000    34.8769    34.8731     6.6226    1485.55 0.0000e+00
   1292.137     3.4744     3.4741   3.255375   3.255005     2.6152     0.0343     0.9383     0.1275    96.8632    34.8771 9.5141e+01 9.5400e-02   1276.000    34.8771    34.8730     6.6224    1485.56 0.0000e+00
   1293.153     3.4744     3.4742   3.255392   3.255031     2.6148     0.0272     0.9283     0.1279    96.8530    34.8769 9.5411e+01 9.5400e-02   1277.000    34.8769    34.8728     6.6221    1485.58 0.0000e+00
   1294.169     3.4744     3.4742   3.255450   3.255088     2.6132     0.0413     0.9284     0.1272    96.8708    34.8770 9.5547e+01 9.5400e-02   1278.000    34.8770    34.8729     6.6179    1485.60 0.0000e+00
   1295.184     3.4741     3.4738   3.255462   3.255100     2.6129     0.0253     0.9323     0.1285    96.8392    34.8770 9.5432e+01 9.5400e-02   1279.000    34.8770    34.8730     6.6178    1485.61 0.0000e+00
   1296.200     3.4737     3.4735   3.255444   3.255105     2.6130     0.0348     0.9322     0.1279    96.8524    34.8766 9.5435e+01 9.5400e-02   1280.000    34.8766    34.8728     6.6189    1485.63 0.0000e+00
   1297.216     3.4739     3.4736   3.255528   3.255163     2.6127     0.0240     0.9324     0.1282    96.8454    34.8770 9.5181e+01 9.5400e-02   1281.000    34.8770    34.8729     6.6188    1485.64 0.0000e+00
   1298.232     3.4744     3.4743   3.255628   3.255265     2.6122     0.0328     0.9324     0.1282    96.8453    34.8771 9.5229e+01 9.5400e-02   1282.000    34.8771    34.8729     6.6181    1485.66 0.0000e+00
   1299.248     3.4747     3.4745   3.255699   3.255333     2.6118     0.0229     0.9297     0.1279    96.8529    34.8771 9.5308e+01 9.5400e-02   1283.000    34.8771    34.8730     6.6175    1485.68 0.0000e+00
   1300.263     3.4753     3.4752   3.255785   3.255437     2.6120     0.0285     0.9359     0.1288    96.8323    34.8770 9.5323e+01 9.5400e-02   1284.000    34.8770    34.8730     6.6189    1485.70 0.0000e+00
   1301.279     3.4775     3.4765   3.256057   3.255608     2.6117     0.0257     0.9291     0.1286    96.8351    34.8774 9.5374e+01 9.5400e-02   1285.000    34.8774    34.8731     6.6185    1485.73 0.0000e+00
   1302.295     3.4796     3.4797   3.256325   3.255988     2.6114     0.0225     0.9287     0.1278    96.8566    34.8778 9.6662e+01 9.5400e-02   1286.000    34.8778    34.8737     6.6178    1485.75 0.0000e+00
   1303.311     3.4797     3.4794   3.256387   3.256001     2.6105     0.0226     0.9277     0.1277    96.8586    34.8780 9.6913e+01 9.5400e-02   1287.000    34.8780    34.8737     6.6158    1485.77 0.0000e+00
   1304.327     3.4803     3.4805   3.256481   3.256159     2.6104     0.0226     0.9309     0.1282    96.8457    34.8780 9.6071e+01 9.5400e-02   1288.000    34.8780    34.8740     6.6161    1485.79 0.0000e+00
   1305.342     3.4801     3.4796   3.256500   3.256124     2.6092     0.0226     0.9324     0.1282    96.8460    34.8779 9.5731e+01 9.5400e-02   1289.000    34.8779    34.8739     6.6133    1485.81 0.0000e+00
   1306.358     3.4798     3.4801   3.256505   3.256196     2.6075     0.0226     0.9280     0.1276    96.8602    34.8778 9.5493e+01 9.5400e-02   1290.000    34.8778    34.8738     6.6086    1485.82 0.0000e+00
   1307.374     3.4818     3.4809   3.256757   3.256327     2.6069     0.0226     0.9318     0.1272    96.8703    34.8781 9.5432e+01 9.5400e-02   1291.000    34.8781    34.8739     6.6071    1485.85 0.0000e+00
   1308.390     3.4825     3.4815   3.256870   3.256416     2.6062     0.0226     0.9379     0.1272    96.8698    34.8782 9.6518e+01 9.5400e-02   1292.000    34.8782    34.8739     6.6055    1485.87 0.0000e+00
   1309.406     3.4824     3.4825   3.256903   3.256575     2.6057     0.0226     0.9383     0.1273    96.8686    34.8782 9.7146e+01 9.5400e-02   1293.000    34.8782    34.8742     6.6049    1485.89 0.0000e+00
   1310.422     3.4839     3.4829   3.257092   3.256653     2.6052     0.0314     0.9308     0.1273    96.8686    34.8784 9.7456e+01 9.5400e-02   1294.000    34.8784    34.8742     6.6039    1485.91 0.0000e+00
   1311.438     3.4833     3.4840   3.257072   3.256770     2.6039     0.0227     0.9356     0.1305    96.7903    34.8783 9.7082e+01 9.5400e-02   1295.000    34.8783    34.8739     6.6005    1485.92 0.0000e+00
   1312.453     3.4932     3.4931   3.258139   3.257757     2.6034     0.0326     0.9323     0.1301    96.8003    34.8799 9.6610e+01 9.5400e-02   1296.000    34.8799    34.8755     6.5979    1485.98 0.0000e+00
   1313.469     3.4918     3.4912   3.258043   3.257674     2.6033     0.0255     0.9325     0.1278    96.8556    34.8797 9.6284e+01 9.5400e-02   1297.000    34.8797    34.8760     6.5986    1485.99 0.0000e+00
