Ship_data/Irminger/Irminger-3/ctd/process/ar0701010.cnv
* Sea-Bird SBE 9 Data File:
* FileName = D:\Data\ar0701010.hdr
* Software Version Seasave V 7.23.2
* Temperature SN = 4406
* Conductivity SN = 3042
* Number of Bytes Per Scan = 44
* Number of Voltage Words = 5
* Number of Scans Averaged by the Deck Unit = 1
* NMEA Latitude = 59 55.71 N
* NMEA Longitude = 039 37.28 W
* NMEA UTC (Time) = Jul 16 2016  20:07:47
** Site Irminger Surface Mooring (old 2015)
** G. Tupper Tupper
** Station # 010
** before old mooring recovery
# nquan = 19
# nvalues = 3002                        
# units = specified
# name 0 = prDM: Pressure, Digiquartz [db]
# name 1 = t090C: Temperature [ITS-90, deg C]
# name 2 = t190C: Temperature, 2 [ITS-90, deg C]
# name 3 = c0S/m: Conductivity [S/m]
# name 4 = c1S/m: Conductivity, 2 [S/m]
# name 5 = sbeox0V: Oxygen raw, SBE 43 [V]
# name 6 = flECO-AFL: Fluorescence, WET Labs ECO-AFL/FL [mg/m^3]
# name 7 = turbWETntu0: Turbidity, WET Labs ECO [NTU]
# name 8 = CStarAt0: Beam Attenuation, WET Labs C-Star [1/m]
# name 9 = CStarTr0: Beam Transmission, WET Labs C-Star [%]
# name 10 = sal00: Salinity, Practical [PSU]
# name 11 = spar: SPAR/Surface Irradiance
# name 12 = par: PAR/Irradiance, Biospherical/Licor
# name 13 = depSM: Depth [salt water, m], lat = 59.9285
# name 14 = sal00: Salinity, Practical [PSU]
# name 15 = sal11: Salinity, Practical, 2 [PSU]
# name 16 = sbeox0ML/L: Oxygen, SBE 43 [ml/l], WS = 2
# name 17 = svCM: Sound Velocity [Chen-Millero, m/s]
# name 18 = flag: flag
# span 0 =      2.019,   1522.840       
# span 1 =     3.4645,     8.4115       
# span 2 =     3.4643,     8.4116       
# span 3 =   3.239427,   3.645609       
# span 4 =   3.239128,   3.645457       
# span 5 =     2.4197,     4.7606       
# span 6 =     0.0094,     1.8981       
# span 7 =     0.8846,     1.1029       
# span 8 =     0.1263,     0.4895       
# span 9 =    88.4830,    96.8918       
# span 10 =    33.6781,    35.0664      
# span 11 = 4.7076e+01, 1.9082e+02      
# span 12 = 9.5398e-02, 9.5472e-02      
# span 13 =      2.000,   1503.000      
# span 14 =    33.6781,    35.0664      
# span 15 =    34.7952,    34.9816      
# span 16 =     5.7558,    10.1669      
# span 17 =    1469.47,    1490.24      
# span 18 = 0.0000e+00, 0.0000e+00      
# interval = meters: 1                  
# start_time = Jul 16 2016 20:10:01 [NMEA time, first data scan]
# bad_flag = -9.990e-29
*END*
[from data line 2515]
    493.229     3.6734     3.6729   3.240124   3.239784     2.8706     0.0348     0.9462     0.1279    96.8527    34.8987 5.2488e+01 9.5400e-02    488.000    34.8987    34.8952     6.6809    1473.21 0.0000e+00
    492.217     3.6737     3.6730   3.240116   3.239758     2.8709     0.0348     0.9499     0.1284    96.8408    34.8988 5.1629e+01 9.5400e-02    487.000    34.8988    34.8954     6.6808    1473.20 0.0000e+00
    491.206     3.6740     3.6735   3.240096   3.239774     2.8718     0.0421     0.9492     0.1279    96.8538    34.8989 5.2174e+01 9.5400e-02    486.000    34.8989    34.8955     6.6825    1473.18 0.0000e+00
    490.194     3.6743     3.6737   3.240072   3.239726     2.8722     0.0240     0.9441     0.1277    96.8578    34.8988 5.2247e+01 9.5400e-02    485.000    34.8988    34.8953     6.6828    1473.17 0.0000e+00
    489.182     3.6747     3.6739   3.240063   3.239690     2.8726     0.0347     0.9444     0.1282    96.8467    34.8988 5.2635e+01 9.5400e-02    484.000    34.8988    34.8951     6.6831    1473.15 0.0000e+00
    488.170     3.6771     3.6766   3.240252   3.239876     2.8731     0.0469     0.9444     0.1284    96.8412    34.8991 5.2281e+01 9.5400e-02    483.000    34.8991    34.8951     6.6831    1473.14 0.0000e+00
    487.158     3.6786     3.6790   3.240348   3.240080     2.8731     0.0470     0.9505     0.1281    96.8489    34.8992 5.2403e+01 9.5400e-02    482.000    34.8992    34.8955     6.6821    1473.13 0.0000e+00
    486.146     3.6800     3.6785   3.240452   3.240020     2.8731     0.0393     0.9527     0.1288    96.8321    34.8994 5.1811e+01 9.5400e-02    481.000    34.8994    34.8959     6.6809    1473.12 0.0000e+00
    485.134     3.6819     3.6804   3.240571   3.240143     2.8733     0.0443     0.9465     0.1287    96.8328    34.8994 5.1958e+01 9.5400e-02    480.000    34.8994    34.8958     6.6801    1473.12 0.0000e+00
    484.122     3.6808     3.6807   3.240429   3.240136     2.8736     0.0365     0.9522     0.1285    96.8395    34.8994 5.2457e+01 9.5400e-02    479.000    34.8994    34.8960     6.6803    1473.09 0.0000e+00
    483.110     3.6817     3.6807   3.240472   3.240073     2.8741     0.0347     0.9532     0.1294    96.8164    34.8995 5.2611e+01 9.5400e-02    478.000    34.8995    34.8958     6.6808    1473.08 0.0000e+00
    482.099     3.6841     3.6839   3.240646   3.240310     2.8743     0.0348     0.9530     0.1320    96.7544    34.8995 5.2017e+01 9.5400e-02    477.000    34.8995    34.8958     6.6800    1473.07 0.0000e+00
    481.087     3.6849     3.6845   3.240672   3.240356     2.8744     0.0348     0.9405     0.1281    96.8488    34.8996 5.2730e+01 9.5400e-02    476.000    34.8996    34.8962     6.6792    1473.06 0.0000e+00
    480.075     3.6853     3.6855   3.240682   3.240399     2.8743     0.0316     0.9436     0.1285    96.8385    34.8997 5.2553e+01 9.5400e-02    475.000    34.8997    34.8961     6.6780    1473.05 0.0000e+00
    479.063     3.6862     3.6861   3.240742   3.240420     2.8746     0.0225     0.9567     0.1286    96.8352    34.9001 5.2432e+01 9.5400e-02    474.000    34.9001    34.8964     6.6780    1473.03 0.0000e+00
    478.051     3.6870     3.6865   3.240776   3.240420     2.8751     0.0329     0.9545     0.1288    96.8302    34.9002 5.2181e+01 9.5400e-02    473.000    34.9002    34.8965     6.6783    1473.02 0.0000e+00
    477.039     3.6872     3.6874   3.240746   3.240460     2.8759     0.0348     0.9455     0.1284    96.8401    34.9001 5.2031e+01 9.5400e-02    472.000    34.9001    34.8965     6.6797    1473.01 0.0000e+00
    476.027     3.6879     3.6874   3.240749   3.240411     2.8767     0.0240     0.9438     0.1288    96.8304    34.8999 5.2056e+01 9.5400e-02    471.000    34.8999    34.8965     6.6812    1472.99 0.0000e+00
    475.016     3.6885     3.6876   3.240760   3.240385     2.8777     0.0414     0.9540     0.1287    96.8329    34.9001 5.2702e+01 9.5400e-02    470.000    34.9001    34.8965     6.6829    1472.98 0.0000e+00
    474.004     3.6894     3.6890   3.240824   3.240488     2.8780     0.0386     0.9482     0.1285    96.8384    34.9003 5.2934e+01 9.5400e-02    469.000    34.9003    34.8967     6.6827    1472.97 0.0000e+00
    472.992     3.6900     3.6894   3.240704   3.240489     2.8783     0.0346     0.9390     0.1298    96.8083    34.8989 5.1989e+01 9.5400e-02    468.000    34.8989    34.8969     6.6828    1472.95 0.0000e+00
    471.980     3.6900     3.6893   3.240778   3.240421     2.8793     0.0348     0.9446     0.1287    96.8338    34.9003 5.2991e+01 9.5400e-02    467.000    34.9003    34.8967     6.6846    1472.93 0.0000e+00
    470.968     3.6910     3.6904   3.240839   3.240459     2.8791     0.0348     0.9444     0.1286    96.8369    34.9005 5.2221e+01 9.5400e-02    466.000    34.9005    34.8966     6.6832    1472.92 0.0000e+00
    469.957     3.6920     3.6919   3.240882   3.240562     2.8799     0.0348     0.9444     0.1286    96.8367    34.9004 5.2131e+01 9.5400e-02    465.000    34.9004    34.8968     6.6843    1472.91 0.0000e+00
    468.945     3.6928     3.6929   3.240930   3.240607     2.8802     0.0348     0.9444     0.1291    96.8231    34.9007 5.2421e+01 9.5400e-02    464.000    34.9007    34.8968     6.6842    1472.90 0.0000e+00
    467.933     3.6932     3.6935   3.240919   3.240642     2.8807     0.0348     0.9515     0.1288    96.8305    34.9007 5.2289e+01 9.5400e-02    463.000    34.9007    34.8971     6.6847    1472.88 0.0000e+00
    466.921     3.6939     3.6935   3.240954   3.240619     2.8805     0.0348     0.9523     0.1286    96.8364    34.9009 5.2462e+01 9.5400e-02    462.000    34.9009    34.8973     6.6831    1472.87 0.0000e+00
    465.909     3.6944     3.6935   3.240929   3.240557     2.8809     0.0322     0.9506     0.1289    96.8283    34.9006 5.2423e+01 9.5400e-02    461.000    34.9006    34.8972     6.6833    1472.85 0.0000e+00
    464.898     3.6944     3.6938   3.240896   3.240535     2.8812     0.0226     0.9453     0.1290    96.8274    34.9008 5.2775e+01 9.5400e-02    460.000    34.9008    34.8971     6.6833    1472.84 0.0000e+00
    463.886     3.6944     3.6942   3.240856   3.240530     2.8811     0.0226     0.9513     0.1286    96.8369    34.9008 5.2884e+01 9.5400e-02    459.000    34.9008    34.8971     6.6822    1472.82 0.0000e+00
    462.874     3.6947     3.6945   3.240828   3.240509     2.8805     0.0329     0.9534     0.1291    96.8240    34.9007 5.3143e+01 9.5400e-02    458.000    34.9007    34.8971     6.6795    1472.80 0.0000e+00
    461.862     3.6951     3.6946   3.240824   3.240479     2.8809     0.0348     0.9479     0.1288    96.8312    34.9007 5.2600e+01 9.5400e-02    457.000    34.9007    34.8971     6.6795    1472.79 0.0000e+00
    460.850     3.6953     3.6947   3.240787   3.240441     2.8813     0.0348     0.9486     0.1286    96.8368    34.9007 5.2281e+01 9.5400e-02    456.000    34.9007    34.8972     6.6800    1472.77 0.0000e+00
    459.839     3.6953     3.6954   3.240756   3.240456     2.8823     0.0348     0.9526     0.1290    96.8264    34.9009 5.2447e+01 9.5400e-02    455.000    34.9009    34.8971     6.6819    1472.76 0.0000e+00
    458.827     3.6957     3.6956   3.240745   3.240422     2.8823     0.0348     0.9512     0.1299    96.8042    34.9008 5.2489e+01 9.5400e-02    454.000    34.9008    34.8971     6.6809    1472.74 0.0000e+00
    457.815     3.6965     3.6965   3.240775   3.240449     2.8827     0.0231     0.9388     0.1291    96.8240    34.9008 5.2285e+01 9.5400e-02    453.000    34.9008    34.8969     6.6810    1472.73 0.0000e+00
    456.803     3.6967     3.6962   3.240751   3.240404     2.8828     0.0318     0.9429     0.1292    96.8214    34.9009 5.2499e+01 9.5400e-02    452.000    34.9009    34.8973     6.6804    1472.71 0.0000e+00
    455.792     3.6981     3.6971   3.240833   3.240458     2.8838     0.0225     0.9479     0.1291    96.8250    34.9009 5.2720e+01 9.5400e-02    451.000    34.9009    34.8976     6.6822    1472.70 0.0000e+00
    454.780     3.6990     3.6974   3.240856   3.240422     2.8848     0.0226     0.9533     0.1287    96.8341    34.9008 5.2786e+01 9.5400e-02    450.000    34.9008    34.8973     6.6840    1472.69 0.0000e+00
    453.768     3.6996     3.6983   3.240866   3.240451     2.8846     0.0345     0.9541     0.1286    96.8368    34.9009 5.2749e+01 9.5400e-02    449.000    34.9009    34.8972     6.6824    1472.68 0.0000e+00
    452.757     3.7013     3.7009   3.240976   3.240637     2.8844     0.0348     0.9522     0.1288    96.8317    34.9008 5.2716e+01 9.5400e-02    448.000    34.9008    34.8972     6.6807    1472.67 0.0000e+00
    451.745     3.7022     3.7010   3.241030   3.240608     2.8840     0.0265     0.9552     0.1286    96.8369    34.9011 5.1691e+01 9.5400e-02    447.000    34.9011    34.8973     6.6784    1472.65 0.0000e+00
    450.733     3.7037     3.6993   3.241130   3.240425     2.8842     0.0342     0.9567     0.1293    96.8202    34.9012 5.1986e+01 9.5400e-02    446.000    34.9012    34.8975     6.6779    1472.64 0.0000e+00
    449.721     3.7051     3.7030   3.241201   3.240704     2.8854     0.0477     0.9562     0.1290    96.8271    34.9011 5.2463e+01 9.5400e-02    445.000    34.9011    34.8974     6.6804    1472.63 0.0000e+00
    448.710     3.7066     3.7056   3.241292   3.240895     2.8862     0.0470     0.9528     0.1297    96.8090    34.9011 5.2432e+01 9.5400e-02    444.000    34.9011    34.8974     6.6816    1472.62 0.0000e+00
    447.698     3.7063     3.7069   3.241234   3.241011     2.8867     0.0248     0.9447     0.1288    96.8322    34.9013 5.2789e+01 9.5400e-02    443.000    34.9013    34.8980     6.6821    1472.60 0.0000e+00
    446.686     3.7083     3.7078   3.241388   3.241064     2.8874     0.0321     0.9460     0.1286    96.8361    34.9016 5.2789e+01 9.5400e-02    442.000    34.9016    34.8982     6.6828    1472.60 0.0000e+00
    445.675     3.7097     3.7086   3.241466   3.241078     2.8876     0.0278     0.9539     0.1288    96.8302    34.9016 5.2343e+01 9.5400e-02    441.000    34.9016    34.8981     6.6823    1472.59 0.0000e+00
    444.663     3.7096     3.7090   3.241398   3.241063     2.8875     0.0350     0.9539     0.1295    96.8155    34.9014 5.2493e+01 9.5400e-02    440.000    34.9014    34.8980     6.6811    1472.57 0.0000e+00
    443.651     3.7133     3.7122   3.241716   3.241268     2.8875     0.0348     0.9516     0.1296    96.8116    34.9018 5.2489e+01 9.5400e-02    439.000    34.9018    34.8977     6.6794    1472.57 0.0000e+00
    442.640     3.7152     3.7153   3.241851   3.241559     2.8875     0.0348     0.9481     0.1295    96.8153    34.9020 5.2300e+01 9.5400e-02    438.000    34.9020    34.8984     6.6784    1472.56 0.0000e+00
    441.628     3.7156     3.7155   3.241851   3.241546     2.8870     0.0348     0.9444     0.1298    96.8065    34.9020 5.3311e+01 9.5400e-02    437.000    34.9020    34.8985     6.6758    1472.54 0.0000e+00
    440.616     3.7156     3.7154   3.241817   3.241491     2.8873     0.0348     0.9444     0.1290    96.8260    34.9021 5.3104e+01 9.5400e-02    436.000    34.9021    34.8985     6.6760    1472.53 0.0000e+00
    439.605     3.7155     3.7150   3.241772   3.241425     2.8875     0.0348     0.9444     0.1289    96.8294    34.9023 5.3268e+01 9.5400e-02    435.000    34.9023    34.8987     6.6756    1472.51 0.0000e+00
    438.593     3.7158     3.7155   3.241746   3.241427     2.8875     0.0281     0.9405     0.1294    96.8176    34.9022 5.2585e+01 9.5400e-02    434.000    34.9022    34.8988     6.6748    1472.50 0.0000e+00
    437.581     3.7159     3.7155   3.241711   3.241388     2.8876     0.0357     0.9443     0.1294    96.8171    34.9022 5.2787e+01 9.5400e-02    433.000    34.9022    34.8988     6.6740    1472.48 0.0000e+00
    436.570     3.7161     3.7156   3.241676   3.241345     2.8879     0.0314     0.9633     0.1292    96.8204    34.9021 5.3162e+01 9.5400e-02    432.000    34.9021    34.8987     6.6740    1472.46 0.0000e+00
    435.558     3.7163     3.7158   3.241642   3.241306     2.8880     0.0254     0.9458     0.1312    96.7735    34.9021 5.3264e+01 9.5400e-02    431.000    34.9021    34.8986     6.6736    1472.45 0.0000e+00
    434.546     3.7165     3.7161   3.241623   3.241298     2.8882     0.0290     0.9508     0.1293    96.8190    34.9022 5.2886e+01 9.5400e-02    430.000    34.9022    34.8987     6.6731    1472.43 0.0000e+00
    433.535     3.7164     3.7163   3.241572   3.241267     2.8885     0.0348     0.9627     0.1293    96.8189    34.9022 5.3189e+01 9.5400e-02    429.000    34.9022    34.8987     6.6732    1472.42 0.0000e+00
    432.523     3.7160     3.7159   3.241473   3.241181     2.8889     0.0348     0.9547     0.1290    96.8267    34.9020 5.2368e+01 9.5400e-02    428.000    34.9020    34.8986     6.6734    1472.40 0.0000e+00
    431.512     3.7160     3.7155   3.241434   3.241105     2.8895     0.0225     0.9522     0.1295    96.8134    34.9021 5.1954e+01 9.5400e-02    427.000    34.9021    34.8987     6.6744    1472.38 0.0000e+00
    430.500     3.7158     3.7156   3.241386   3.241074     2.8901     0.0185     0.9551     0.1290    96.8275    34.9022 5.2438e+01 9.5400e-02    426.000    34.9022    34.8987     6.6751    1472.36 0.0000e+00
    429.488     3.7164     3.7155   3.241373   3.241021     2.8908     0.0312     0.9589     0.1291    96.8231    34.9020 5.3048e+01 9.5400e-02    425.000    34.9020    34.8987     6.6761    1472.35 0.0000e+00
    428.477     3.7166     3.7158   3.241341   3.240979     2.8909     0.0328     0.9541     0.1293    96.8194    34.9019 5.3199e+01 9.5400e-02    424.000    34.9019    34.8984     6.6756    1472.33 0.0000e+00
    427.465     3.7179     3.7169   3.241421   3.241009     2.8912     0.0264     0.9478     0.1291    96.8251    34.9021 5.3123e+01 9.5400e-02    423.000    34.9021    34.8982     6.6752    1472.32 0.0000e+00
    426.454     3.7193     3.7193   3.241512   3.241212     2.8913     0.0310     0.9476     0.1305    96.7899    34.9022 5.3244e+01 9.5400e-02    422.000    34.9022    34.8986     6.6744    1472.31 0.0000e+00
    425.442     3.7200     3.7191   3.241523   3.241168     2.8916     0.0472     0.9534     0.1300    96.8012    34.9021 5.2986e+01 9.5400e-02    421.000    34.9021    34.8988     6.6743    1472.30 0.0000e+00
    424.430     3.7197     3.7190   3.241462   3.241101     2.8924     0.0470     0.9534     0.1288    96.8314    34.9023 5.2895e+01 9.5400e-02    420.000    34.9023    34.8987     6.6759    1472.28 0.0000e+00
    423.419     3.7212     3.7205   3.241541   3.241192     2.8924     0.0230     0.9444     0.1295    96.8146    34.9022 5.3086e+01 9.5400e-02    419.000    34.9022    34.8987     6.6748    1472.27 0.0000e+00
    422.407     3.7215     3.7207   3.241540   3.241187     2.8929     0.0226     0.9524     0.1293    96.8181    34.9023 5.2674e+01 9.5400e-02    418.000    34.9023    34.8989     6.6753    1472.25 0.0000e+00
    421.396     3.7220     3.7208   3.241532   3.241159     2.8933     0.0138     0.9420     0.1298    96.8074    34.9023 5.2654e+01 9.5400e-02    417.000    34.9023    34.8991     6.6754    1472.24 0.0000e+00
    420.384     3.7226     3.7217   3.241571   3.241196     2.8936     0.0335     0.9560     0.1301    96.7994    34.9026 5.3393e+01 9.5400e-02    416.000    34.9026    34.8991     6.6754    1472.23 0.0000e+00
    419.372     3.7235     3.7222   3.241589   3.241196     2.8937     0.0379     0.9553     0.1291    96.8236    34.9025 5.3283e+01 9.5400e-02    415.000    34.9025    34.8991     6.6745    1472.21 0.0000e+00
    418.361     3.7249     3.7240   3.241678   3.241273     2.8937     0.0459     0.9532     0.1299    96.8045    34.9025 5.3156e+01 9.5400e-02    414.000    34.9025    34.8987     6.6733    1472.20 0.0000e+00
