Ship_data/Irminger/Irminger-3/ctd/process/ar0701003.cnv
* Sea-Bird SBE 9 Data File:
* FileName = D:\Data\ar0701003.hdr
* Software Version Seasave V 7.23.2
* Temperature SN = 4406
* Conductivity SN = 3042
* Number of Bytes Per Scan = 44
* Number of Voltage Words = 5
* Number of Scans Averaged by the Deck Unit = 1
* NMEA Latitude = 51 58.27 N
* NMEA Longitude = 045 45.89 W
* NMEA UTC (Time) = Jul 06 2016  14:10:07
**  Release test
** Chief Scientist: George Tupper
** Station ID 003
# nquan = 19
# nvalues = 5006                        
# units = specified
# name 0 = prDM: Pressure, Digiquartz [db]
# name 1 = t090C: Temperature [ITS-90, deg C]
# name 2 = t190C: Temperature, 2 [ITS-90, deg C]
# name 3 = c0S/m: Conductivity [S/m]
# name 4 = c1S/m: Conductivity, 2 [S/m]
# name 5 = sbeox0V: Oxygen raw, SBE 43 [V]
# name 6 = flECO-AFL: Fluorescence, WET Labs ECO-AFL/FL [mg/m^3]
# name 7 = turbWETntu0: Turbidity, WET Labs ECO [NTU]
# name 8 = CStarAt0: Beam Attenuation, WET Labs C-Star [1/m]
# name 9 = CStarTr0: Beam Transmission, WET Labs C-Star [%]
# name 10 = sal00: Salinity, Practical [PSU]
# name 11 = spar: SPAR/Surface Irradiance
# name 12 = par: PAR/Irradiance, Biospherical/Licor
# name 13 = depSM: Depth [salt water, m], lat = 51.9712
# name 14 = sal00: Salinity, Practical [PSU]
# name 15 = sal11: Salinity, Practical, 2 [PSU]
# name 16 = sbeox0ML/L: Oxygen, SBE 43 [ml/l], WS = 2
# name 17 = svCM: Sound Velocity [Chen-Millero, m/s]
# name 18 = flag: flag
# span 0 =      3.027,   2543.429       
# span 1 =     2.8830,    10.8951       
# span 2 =     2.8827,    10.8949       
# span 3 =   3.246970,   3.822465       
# span 4 =   3.246733,   3.822168       
# span 5 =     2.1524,     3.3379       
# span 6 =     0.0103,     2.9760       
# span 7 =     0.8851,     1.1299       
# span 8 =     0.1257,     0.8129       
# span 9 =    81.6093,    96.9065       
# span 10 =    34.2641,    34.9384      
# span 11 = 7.3573e+02, 3.3243e+03      
# span 12 = 9.5399e-02, 9.5477e-02      
# span 13 =      3.000,   2506.000      
# span 14 =    34.2641,    34.9384      
# span 15 =    34.1734,    34.9374      
# span 16 =     5.5695,     6.4625      
# span 17 =    1471.15,    1504.13      
# span 18 = 0.0000e+00, 0.0000e+00      
# interval = meters: 1                  
# start_time = Jul 06 2016 14:11:28 [NMEA time, first data scan]
# bad_flag = -9.990e-29
*END*
[from data line 3810]
   1213.111     3.5694     3.5692   3.260745   3.260419     2.5804     0.0349     0.9447     0.1286    96.8367    34.8804 1.2003e+03 9.5400e-02   1199.000    34.8804    34.8768     6.4255    1484.65 0.0000e+00
   1212.096     3.5698     3.5697   3.260735   3.260432     2.5811     0.0348     0.9498     0.1286    96.8367    34.8804 1.1955e+03 9.5400e-02   1198.000    34.8804    34.8769     6.4266    1484.64 0.0000e+00
   1211.081     3.5701     3.5699   3.260731   3.260405     2.5810     0.0348     0.9539     0.1288    96.8318    34.8806 1.1959e+03 9.5400e-02   1197.000    34.8806    34.8769     6.4254    1484.62 0.0000e+00
   1210.067     3.5706     3.5705   3.260720   3.260423     2.5814     0.0348     0.9551     0.1286    96.8369    34.8804 1.1938e+03 9.5400e-02   1196.000    34.8804    34.8771     6.4258    1484.61 0.0000e+00
   1209.052     3.5709     3.5706   3.260721   3.260387     2.5819     0.0348     0.9542     0.1287    96.8347    34.8807 1.1916e+03 9.5400e-02   1195.000    34.8807    34.8770     6.4266    1484.59 0.0000e+00
   1208.037     3.5713     3.5705   3.260713   3.260361     2.5821     0.0288     0.9458     0.1290    96.8273    34.8806 1.1894e+03 9.5400e-02   1194.000    34.8806    34.8773     6.4263    1484.58 0.0000e+00
   1207.023     3.5708     3.5703   3.260651   3.260312     2.5824     0.0347     0.9425     0.1289    96.8285    34.8809 1.1893e+03 9.5400e-02   1193.000    34.8809    34.8775     6.4266    1484.56 0.0000e+00
   1206.008     3.5706     3.5701   3.260557   3.260202     2.5826     0.0347     0.9514     0.1292    96.8218    34.8806 1.1813e+03 9.5400e-02   1192.000    34.8806    34.8769     6.4263    1484.54 0.0000e+00
   1204.993     3.5711     3.5705   3.260569   3.260208     2.5830     0.0468     0.9462     0.1286    96.8350    34.8807 1.1803e+03 9.5400e-02   1191.000    34.8807    34.8770     6.4267    1484.53 0.0000e+00
   1203.979     3.5713     3.5711   3.260557   3.260214     2.5830     0.0589     0.9389     0.1286    96.8367    34.8808 1.1796e+03 9.5400e-02   1190.000    34.8808    34.8770     6.4257    1484.51 0.0000e+00
   1202.964     3.5721     3.5719   3.260575   3.260244     2.5834     0.0396     0.9518     0.1286    96.8367    34.8807 1.1786e+03 9.5400e-02   1189.000    34.8807    34.8770     6.4259    1484.50 0.0000e+00
   1201.949     3.5730     3.5737   3.260632   3.260366     2.5835     0.0349     0.9555     0.1289    96.8287    34.8810 1.1775e+03 9.5400e-02   1188.000    34.8810    34.8770     6.4255    1484.48 0.0000e+00
   1200.935     3.5742     3.5746   3.260689   3.260438     2.5836     0.0241     0.9351     0.1289    96.8285    34.8809 1.1749e+03 9.5400e-02   1187.000    34.8809    34.8775     6.4247    1484.47 0.0000e+00
   1199.920     3.5750     3.5745   3.260737   3.260385     2.5838     0.0243     0.9343     0.1292    96.8218    34.8811 1.1719e+03 9.5400e-02   1186.000    34.8811    34.8774     6.4242    1484.46 0.0000e+00
   1198.906     3.5755     3.5756   3.260724   3.260438     2.5841     0.0345     0.9542     0.1295    96.8134    34.8810 1.1668e+03 9.5400e-02   1185.000    34.8810    34.8774     6.4242    1484.44 0.0000e+00
   1197.891     3.5758     3.5771   3.260743   3.260537     2.5845     0.0442     0.9467     0.1290    96.8255    34.8813 1.1656e+03 9.5400e-02   1184.000    34.8813    34.8775     6.4248    1484.43 0.0000e+00
   1196.876     3.5772     3.5773   3.260836   3.260548     2.5850     0.0321     0.9424     0.1289    96.8295    34.8815 1.1666e+03 9.5400e-02   1183.000    34.8815    34.8780     6.4251    1484.42 0.0000e+00
   1195.862     3.5760     3.5756   3.260666   3.260335     2.5846     0.0289     0.9407     0.1286    96.8360    34.8813 1.1609e+03 9.5400e-02   1182.000    34.8813    34.8778     6.4234    1484.40 0.0000e+00
   1194.847     3.5773     3.5772   3.260720   3.260410     2.5847     0.0477     0.9445     0.1300    96.8029    34.8811 1.1549e+03 9.5400e-02   1181.000    34.8811    34.8775     6.4227    1484.38 0.0000e+00
   1193.833     3.5781     3.5779   3.260763   3.260447     2.5849     0.0363     0.9444     0.1293    96.8200    34.8812 1.1543e+03 9.5400e-02   1180.000    34.8812    34.8777     6.4220    1484.37 0.0000e+00
   1192.818     3.5786     3.5784   3.260760   3.260444     2.5853     0.0348     0.9444     0.1291    96.8244    34.8812 1.1555e+03 9.5400e-02   1179.000    34.8812    34.8776     6.4224    1484.36 0.0000e+00
   1191.803     3.5789     3.5785   3.260743   3.260412     2.5848     0.0348     0.9444     0.1286    96.8369    34.8812 1.1573e+03 9.5400e-02   1178.000    34.8812    34.8777     6.4200    1484.34 0.0000e+00
   1190.789     3.5787     3.5786   3.260681   3.260368     2.5853     0.0381     0.9444     0.1286    96.8367    34.8811 1.1583e+03 9.5400e-02   1177.000    34.8811    34.8775     6.4209    1484.32 0.0000e+00
   1189.774     3.5787     3.5784   3.260643   3.260315     2.5857     0.0465     0.9444     0.1286    96.8367    34.8812 1.1542e+03 9.5400e-02   1176.000    34.8812    34.8777     6.4211    1484.31 0.0000e+00
   1188.760     3.5788     3.5784   3.260610   3.260280     2.5858     0.0365     0.9528     0.1286    96.8362    34.8812 1.1485e+03 9.5400e-02   1175.000    34.8812    34.8778     6.4207    1484.29 0.0000e+00
   1187.745     3.5789     3.5785   3.260563   3.260227     2.5858     0.0226     0.9435     0.1288    96.8302    34.8811 1.1384e+03 9.5400e-02   1174.000    34.8811    34.8776     6.4197    1484.27 0.0000e+00
   1186.730     3.5789     3.5786   3.260508   3.260182     2.5856     0.0352     0.9317     0.1286    96.8356    34.8809 1.1411e+03 9.5400e-02   1173.000    34.8809    34.8774     6.4185    1484.26 0.0000e+00
   1185.716     3.5788     3.5785   3.260455   3.260127     2.5857     0.0451     0.9373     0.1286    96.8367    34.8809 1.1460e+03 9.5400e-02   1172.000    34.8809    34.8774     6.4178    1484.24 0.0000e+00
   1184.701     3.5787     3.5783   3.260410   3.260070     2.5859     0.0398     0.9422     0.1286    96.8367    34.8811 1.1503e+03 9.5400e-02   1171.000    34.8811    34.8774     6.4176    1484.22 0.0000e+00
   1183.687     3.5786     3.5786   3.260362   3.260053     2.5862     0.0349     0.9405     0.1284    96.8399    34.8811 1.1518e+03 9.5400e-02   1170.000    34.8811    34.8774     6.4177    1484.20 0.0000e+00
   1182.672     3.5785     3.5784   3.260302   3.259994     2.5872     0.0336     0.9408     0.1285    96.8392    34.8810 1.1369e+03 9.5400e-02   1169.000    34.8810    34.8774     6.4201    1484.19 0.0000e+00
   1181.658     3.5800     3.5793   3.260372   3.259999     2.5872     0.0348     0.9382     0.1283    96.8431    34.8807 1.1263e+03 9.5400e-02   1168.000    34.8807    34.8771     6.4189    1484.18 0.0000e+00
   1180.643     3.5824     3.5817   3.260563   3.260154     2.5871     0.0451     0.9434     0.1286    96.8368    34.8810 1.1229e+03 9.5400e-02   1167.000    34.8810    34.8769     6.4175    1484.17 0.0000e+00
   1179.629     3.5829     3.5826   3.260567   3.260239     2.5871     0.0471     0.9444     0.1286    96.8367    34.8810 1.1225e+03 9.5400e-02   1166.000    34.8810    34.8774     6.4164    1484.16 0.0000e+00
   1178.614     3.5829     3.5828   3.260514   3.260210     2.5870     0.0390     0.9398     0.1286    96.8367    34.8809 1.1228e+03 9.5400e-02   1165.000    34.8809    34.8774     6.4155    1484.14 0.0000e+00
   1177.599     3.5828     3.5827   3.260475   3.260162     2.5873     0.0349     0.9383     0.1286    96.8367    34.8811 1.1251e+03 9.5400e-02   1164.000    34.8811    34.8774     6.4154    1484.12 0.0000e+00
   1176.585     3.5828     3.5826   3.260428   3.260111     2.5876     0.0348     0.9405     0.1286    96.8367    34.8811 1.1273e+03 9.5400e-02   1163.000    34.8811    34.8774     6.4157    1484.10 0.0000e+00
   1175.570     3.5831     3.5827   3.260427   3.260086     2.5876     0.0348     0.9443     0.1286    96.8367    34.8812 1.1297e+03 9.5400e-02   1162.000    34.8812    34.8776     6.4147    1484.09 0.0000e+00
   1174.556     3.5829     3.5826   3.260380   3.260021     2.5879     0.0348     0.9444     0.1286    96.8367    34.8814 1.1324e+03 9.5400e-02   1161.000    34.8814    34.8775     6.4150    1484.07 0.0000e+00
   1173.542     3.5829     3.5824   3.260310   3.259978     2.5881     0.0115     0.9525     0.1286    96.8367    34.8811 1.1353e+03 9.5400e-02   1160.000    34.8811    34.8776     6.4147    1484.05 0.0000e+00
   1172.527     3.5832     3.5829   3.260288   3.259965     2.5885     0.0421     0.9472     0.1286    96.8367    34.8810 1.1184e+03 9.5400e-02   1159.000    34.8810    34.8774     6.4150    1484.04 0.0000e+00
   1171.512     3.5832     3.5830   3.260254   3.259941     2.5886     0.0473     0.9443     0.1286    96.8367    34.8811 1.1204e+03 9.5400e-02   1158.000    34.8811    34.8776     6.4146    1484.02 0.0000e+00
   1170.498     3.5832     3.5829   3.260195   3.259889     2.5889     0.0354     0.9417     0.1286    96.8367    34.8810 1.1226e+03 9.5400e-02   1157.000    34.8810    34.8776     6.4146    1484.00 0.0000e+00
   1169.484     3.5830     3.5827   3.260160   3.259841     2.5892     0.0226     0.9383     0.1286    96.8367    34.8813 1.1238e+03 9.5400e-02   1156.000    34.8813    34.8777     6.4147    1483.99 0.0000e+00
   1168.469     3.5828     3.5825   3.260089   3.259761     2.5895     0.0283     0.9411     0.1286    96.8367    34.8811 1.1241e+03 9.5400e-02   1155.000    34.8811    34.8775     6.4150    1483.97 0.0000e+00
   1167.454     3.5826     3.5822   3.260037   3.259708     2.5897     0.0349     0.9444     0.1286    96.8367    34.8812 1.1229e+03 9.5400e-02   1154.000    34.8812    34.8778     6.4147    1483.95 0.0000e+00
   1166.440     3.5823     3.5822   3.259959   3.259651     2.5899     0.0348     0.9417     0.1286    96.8367    34.8811 1.1206e+03 9.5400e-02   1153.000    34.8811    34.8775     6.4146    1483.93 0.0000e+00
   1165.426     3.5849     3.5831   3.260176   3.259680     2.5904     0.0348     0.9382     0.1286    96.8367    34.8815 1.1174e+03 9.5400e-02   1152.000    34.8815    34.8775     6.4149    1483.93 0.0000e+00
   1164.411     3.5872     3.5865   3.260341   3.259958     2.5908     0.0348     0.9422     0.1286    96.8367    34.8815 1.1141e+03 9.5400e-02   1151.000    34.8815    34.8777     6.4149    1483.92 0.0000e+00
   1163.397     3.5888     3.5876   3.260462   3.260009     2.5911     0.0383     0.9442     0.1286    96.8367    34.8818 1.1107e+03 9.5400e-02   1150.000    34.8818    34.8777     6.4148    1483.91 0.0000e+00
   1162.382     3.5876     3.5882   3.260346   3.260085     2.5915     0.0416     0.9479     0.1284    96.8411    34.8821 1.1140e+03 9.5400e-02   1149.000    34.8821    34.8784     6.4154    1483.89 0.0000e+00
   1161.368     3.5856     3.5860   3.260072   3.259798     2.5921     0.0347     0.9443     0.1286    96.8367    34.8815 1.1179e+03 9.5400e-02   1148.000    34.8815    34.8779     6.4169    1483.86 0.0000e+00
   1160.353     3.5871     3.5876   3.260174   3.259898     2.5919     0.0348     0.9444     0.1286    96.8367    34.8817 1.1174e+03 9.5400e-02   1147.000    34.8817    34.8779     6.4150    1483.85 0.0000e+00
   1159.339     3.5882     3.5884   3.260237   3.259960     2.5922     0.0348     0.9444     0.1286    96.8367    34.8818 1.1163e+03 9.5400e-02   1146.000    34.8818    34.8782     6.4150    1483.84 0.0000e+00
   1158.324     3.5909     3.5884   3.260425   3.259913     2.5924     0.0367     0.9444     0.1288    96.8307    34.8817 1.1140e+03 9.5400e-02   1145.000    34.8817    34.8782     6.4143    1483.84 0.0000e+00
   1157.310     3.5908     3.5916   3.260391   3.260162     2.5926     0.0464     0.9444     0.1286    96.8364    34.8819 1.1082e+03 9.5400e-02   1144.000    34.8819    34.8783     6.4141    1483.82 0.0000e+00
   1156.296     3.5922     3.5920   3.260479   3.260149     2.5929     0.0352     0.9444     0.1283    96.8432    34.8820 1.1036e+03 9.5400e-02   1143.000    34.8820    34.8783     6.4140    1483.81 0.0000e+00
   1155.281     3.5925     3.5923   3.260460   3.260141     2.5932     0.0242     0.9441     0.1284    96.8421    34.8819 1.1053e+03 9.5400e-02   1142.000    34.8819    34.8784     6.4138    1483.79 0.0000e+00
   1154.267     3.5921     3.5920   3.260385   3.260076     2.5930     0.0343     0.9395     0.1291    96.8238    34.8820 1.1106e+03 9.5400e-02   1141.000    34.8820    34.8784     6.4125    1483.77 0.0000e+00
   1153.252     3.5924     3.5919   3.260358   3.260034     2.5930     0.0348     0.9415     0.1279    96.8542    34.8819 1.1118e+03 9.5400e-02   1140.000    34.8819    34.8785     6.4115    1483.76 0.0000e+00
   1152.238     3.5928     3.5922   3.260336   3.259988     2.5929     0.0348     0.9431     0.1285    96.8385    34.8817 1.1091e+03 9.5400e-02   1139.000    34.8817    34.8782     6.4105    1483.74 0.0000e+00
   1151.224     3.5930     3.5920   3.260316   3.259943     2.5930     0.0348     0.9410     0.1281    96.8472    34.8818 1.1073e+03 9.5400e-02   1138.000    34.8818    34.8784     6.4097    1483.73 0.0000e+00
   1150.209     3.5933     3.5929   3.260302   3.259967     2.5930     0.0348     0.9383     0.1286    96.8370    34.8818 1.1073e+03 9.5400e-02   1137.000    34.8818    34.8783     6.4090    1483.71 0.0000e+00
   1149.195     3.5932     3.5928   3.260258   3.259921     2.5932     0.0348     0.9383     0.1285    96.8381    34.8819 1.1067e+03 9.5400e-02   1136.000    34.8819    34.8783     6.4087    1483.69 0.0000e+00
   1148.180     3.5932     3.5927   3.260230   3.259883     2.5932     0.0348     0.9441     0.1287    96.8343    34.8820 1.1033e+03 9.5400e-02   1135.000    34.8820    34.8785     6.4079    1483.68 0.0000e+00
   1147.166     3.5932     3.5928   3.260176   3.259842     2.5942     0.0223     0.9444     0.1282    96.8458    34.8819 1.0959e+03 9.5400e-02   1134.000    34.8819    34.8784     6.4104    1483.66 0.0000e+00
   1146.152     3.5935     3.5931   3.260141   3.259803     2.5940     0.0309     0.9444     0.1282    96.8452    34.8818 1.0931e+03 9.5400e-02   1133.000    34.8818    34.8782     6.4087    1483.64 0.0000e+00
   1145.137     3.5937     3.5934   3.260118   3.259781     2.5942     0.0348     0.9439     0.1284    96.8405    34.8818 1.0907e+03 9.5400e-02   1132.000    34.8818    34.8781     6.4083    1483.63 0.0000e+00
   1144.123     3.5938     3.5936   3.260078   3.259757     2.5944     0.0348     0.9381     0.1282    96.8451    34.8817 1.0877e+03 9.5400e-02   1131.000    34.8817    34.8781     6.4081    1483.61 0.0000e+00
   1143.109     3.5938     3.5936   3.260063   3.259730     2.5941     0.0295     0.9409     0.1280    96.8502    34.8820 1.0852e+03 9.5400e-02   1130.000    34.8820    34.8783     6.4063    1483.60 0.0000e+00
   1142.094     3.5940     3.5937   3.260012   3.259687     2.5946     0.0229     0.9442     0.1286    96.8373    34.8817 1.0831e+03 9.5400e-02   1129.000    34.8817    34.8781     6.4072    1483.58 0.0000e+00
   1141.080     3.5943     3.5940   3.259983   3.259658     2.5946     0.0293     0.9488     0.1285    96.8392    34.8816 1.0819e+03 9.5400e-02   1128.000    34.8816    34.8781     6.4064    1483.56 0.0000e+00
   1140.065     3.5946     3.5946   3.259975   3.259667     2.5948     0.0351     0.9556     0.1286    96.8366    34.8817 1.0800e+03 9.5400e-02   1127.000    34.8817    34.8781     6.4058    1483.55 0.0000e+00
   1139.051     3.5946     3.5947   3.259936   3.259644     2.5952     0.0348     0.9424     0.1286    96.8367    34.8818 1.0789e+03 9.5400e-02   1126.000    34.8818    34.8782     6.4063    1483.53 0.0000e+00
   1138.037     3.5950     3.5947   3.259931   3.259604     2.5954     0.0348     0.9419     0.1286    96.8367    34.8818 1.0779e+03 9.5400e-02   1125.000    34.8818    34.8782     6.4060    1483.52 0.0000e+00
