Ship_data/Irminger/Irminger-3/ctd/process/ar0701001.ros
* Sea-Bird SBE 9 Data File:
* FileName = D:\Data\ar0701001.hdr
* Software Version Seasave V 7.23.2
* Temperature SN = 4406
* Conductivity SN = 3042
* Number of Bytes Per Scan = 44
* Number of Voltage Words = 5
* Number of Scans Averaged by the Deck Unit = 1
* NMEA Latitude = 40 13.77 N
* NMEA Longitude = 070 53.71 W
* NMEA UTC (Time) = Jul 01 2016  19:09:29
**  PMCI
** Chief Scientist: George Tupper
** Station ID 001
# nquan = 16
# nvalues = 392                                   
# units = specified
# name 0 = prDM: Pressure, Digiquartz [db]
# name 1 = t090C: Temperature [ITS-90, deg C]
# name 2 = t190C: Temperature, 2 [ITS-90, deg C]
# name 3 = c0S/m: Conductivity [S/m]
# name 4 = c1S/m: Conductivity, 2 [S/m]
# name 5 = sbeox0V: Oxygen raw, SBE 43 [V]
# name 6 = flECO-AFL: Fluorescence, WET Labs ECO-AFL/FL [mg/m^3]
# name 7 = turbWETntu0: Turbidity, WET Labs ECO [NTU]
# name 8 = CStarAt0: Beam Attenuation, WET Labs C-Star [1/m]
# name 9 = CStarTr0: Beam Transmission, WET Labs C-Star [%]
# name 10 = sal00: Salinity, Practical [PSU]
# name 11 = spar: SPAR/Surface Irradiance
# name 12 = par: PAR/Irradiance, Biospherical/Licor
# name 13 = scan: Scan Count
# name 14 = nbf: Bottles Fired
# name 15 = flag:  0.000e+00
# interval = seconds: 0.0416667
# start_time = Jul 01 2016 19:10:54 [NMEA time, first data scan]
# bad_flag = -9.990e-29
*END*
[from data line 91]
    122.195    12.9743    13.0336   4.159317   4.164755     2.3699     0.0348     0.9077     0.2473    94.0053    35.5720 1.7732e+03 9.5669e-02      10212          2  0.000e+00
    122.187    12.9742    13.0168   4.159232   4.164683     2.3699     0.0348     0.9077     0.2473    94.0053    35.5714 1.7751e+03 9.5938e-02      10213          2  0.000e+00
    122.187    12.9743    13.0019   4.159153   4.164002     2.3699     0.0470     0.9077     0.2473    94.0053    35.5705 1.7732e+03 9.5938e-02      10214          2  0.000e+00
    122.195    12.9747    12.9930   4.159179   4.162355     2.3699     0.0348     0.9077     0.2473    94.0053    35.5704 1.7751e+03 9.5938e-02      10215          2  0.000e+00
    122.124    12.9767    12.9940   4.159265   4.161104     2.3699     0.0348     0.9077     0.2473    94.0053    35.5693 1.7751e+03 9.5938e-02      10216          2  0.000e+00
    122.242    12.9788    12.9887   4.159514   4.160314     2.3699     0.0348     0.9077     0.2473    94.0053    35.5696 1.7751e+03 9.5669e-02      10217          2  0.000e+00
    122.195    12.9812    12.9795   4.159710   4.159992     2.3699     0.0348     0.9077     0.2496    93.9519    35.5693 1.7732e+03 9.5669e-02      10218          2  0.000e+00
     83.627    13.1859    13.1843   4.145447   4.145271     2.7500     0.0714     0.8528     0.1931    95.2875    35.2586 1.2750e+03 3.0466e-01      14912          3  0.000e+00
     83.587    13.1855    13.1844   4.145401   4.145204     2.7500     0.0714     0.8528     0.1931    95.2875    35.2585 1.2750e+03 3.0466e-01      14913          3  0.000e+00
     83.745    13.1857    13.1846   4.145492   4.145198     2.7476     0.0714     0.8528     0.1931    95.2875    35.2592 1.2731e+03 3.0466e-01      14914          3  0.000e+00
     83.564    13.1855    13.1843   4.145505   4.145204     2.7500     0.0714     0.8528     0.1931    95.2875    35.2595 1.2731e+03 3.0466e-01      14915          3  0.000e+00
     83.587    13.1855    13.1843   4.145597   4.145307     2.7500     0.0714     0.8528     0.1931    95.2875    35.2604 1.2731e+03 3.0466e-01      14916          3  0.000e+00
     83.627    13.1857    13.1844   4.145715   4.145241     2.7500     0.0714     0.8528     0.1931    95.2875    35.2614 1.2731e+03 3.0725e-01      14917          3  0.000e+00
     83.587    13.1859    13.1841   4.145826   4.145198     2.7500     0.0714     0.8528     0.1931    95.2875    35.2623 1.2712e+03 3.0898e-01      14918          3  0.000e+00
     83.564    13.1857    13.1843   4.145872   4.145168     2.7500     0.0714     0.8528     0.1942    95.2607    35.2629 1.2712e+03 3.0898e-01      14919          3  0.000e+00
     83.587    13.1859    13.1843   4.145865   4.145132     2.7500     0.0714     0.8528     0.1931    95.2875    35.2626 1.2712e+03 3.0985e-01      14920          3  0.000e+00
     83.564    13.1859    13.1843   4.145852   4.145198     2.7500     0.0714     0.8528     0.1931    95.2875    35.2625 1.2693e+03 3.0985e-01      14921          3  0.000e+00
     83.524    13.1859    13.1838   4.145957   4.145168     2.7500     0.0714     0.8528     0.1908    95.3409    35.2635 1.2693e+03 3.0985e-01      14922          3  0.000e+00
     83.509    13.1859    13.1838   4.146049   4.145307     2.7500     0.0714     0.8528     0.1908    95.3409    35.2644 1.2693e+03 3.0898e-01      14923          3  0.000e+00
     83.564    13.1859    13.1836   4.146121   4.145344     2.7500     0.0714     0.8528     0.1908    95.3409    35.2651 1.2693e+03 3.0552e-01      14924          3  0.000e+00
     83.469    13.1859    13.1836   4.146160   4.145489     2.7500     0.0714     0.8528     0.1908    95.3409    35.2655 1.2693e+03 3.0466e-01      14925          3  0.000e+00
     83.509    13.1860    13.1834   4.146199   4.145483     2.7500     0.0714     0.8528     0.1920    95.3142    35.2657 1.2674e+03 3.0552e-01      14926          3  0.000e+00
     83.469    13.1860    13.1836   4.146212   4.145489     2.7500     0.0714     0.8528     0.1931    95.2875    35.2659 1.2693e+03 3.0381e-01      14927          3  0.000e+00
     83.446    13.1862    13.1834   4.146186   4.145453     2.7525     0.0714     0.8528     0.1953    95.2340    35.2654 1.2674e+03 3.0381e-01      14928          3  0.000e+00
     83.469    13.1857    13.1836   4.146173   4.145380     2.7500     0.0714     0.8528     0.1953    95.2340    35.2657 1.2674e+03 3.0381e-01      14929          3  0.000e+00
     83.446    13.1855    13.1831   4.146153   4.145453     2.7500     0.0714     0.8528     0.1953    95.2340    35.2657 1.2674e+03 3.0211e-01      14930          3  0.000e+00
     83.406    13.1855    13.1833   4.146140   4.145417     2.7500     0.0592     0.8528     0.1965    95.2073    35.2656 1.2655e+03 3.0211e-01      14931          3  0.000e+00
     83.446    13.1854    13.1829   4.146193   4.145417     2.7525     0.0592     0.8589     0.1976    95.1806    35.2663 1.2655e+03 3.0296e-01      14932          3  0.000e+00
     83.406    13.1850    13.1826   4.146212   4.145556     2.7500     0.0592     0.8589     0.1976    95.1806    35.2668 1.2655e+03 3.0985e-01      14933          3  0.000e+00
     83.335    13.1854    13.1824   4.146186   4.145702     2.7525     0.0592     0.8589     0.1976    95.1806    35.2663 1.2655e+03 3.1247e-01      14934          3  0.000e+00
     83.391    13.1852    13.1823   4.146225   4.145878     2.7525     0.0592     0.8650     0.1965    95.2073    35.2668 1.2636e+03 3.1247e-01      14935          3  0.000e+00
     83.351    13.1854    13.1825   4.146271   4.145914     2.7512     0.0592     0.8650     0.1976    95.1806    35.2670 1.2636e+03 3.0898e-01      14936          3  0.000e+00
     83.391    13.1852    13.1821   4.146337   4.145914     2.7525     0.0592     0.8589     0.1976    95.1806    35.2678 1.2636e+03 3.0725e-01      14937          3  0.000e+00
     83.296    13.1854    13.1823   4.146356   4.145987     2.7525     0.0592     0.8589     0.1976    95.1806    35.2679 1.2636e+03 3.0725e-01      14938          3  0.000e+00
     83.336    13.1852    13.1826   4.146409   4.145950     2.7500     0.0592     0.8589     0.1953    95.2340    35.2685 1.2636e+03 3.1159e-01      14939          3  0.000e+00
     83.296    13.1852    13.1826   4.146507   4.146023     2.7525     0.0592     0.8589     0.1953    95.2340    35.2695 1.2636e+03 3.1423e-01      14940          3  0.000e+00
     83.273    13.1852    13.1823   4.146664   4.145950     2.7549     0.0592     0.8589     0.1942    95.2607    35.2710 1.2616e+03 3.1423e-01      14941          3  0.000e+00
     83.296    13.1850    13.1826   4.146762   4.146023     2.7525     0.0592     0.8589     0.1942    95.2607    35.2721 1.2616e+03 3.1247e-01      14942          3  0.000e+00
     83.273    13.1854    13.1828   4.146782   4.146096     2.7525     0.0592     0.8589     0.1942    95.2607    35.2719 1.2616e+03 3.1247e-01      14943          3  0.000e+00
     83.233    13.1854    13.1828   4.146729   4.146132     2.7525     0.0592     0.8589     0.1942    95.2607    35.2715 1.2616e+03 3.1159e-01      14944          3  0.000e+00
     83.273    13.1854    13.1831   4.146736   4.146199     2.7525     0.0592     0.8589     0.1931    95.2875    35.2715 1.2597e+03 3.0725e-01      14945          3  0.000e+00
     83.060    13.1854    13.1831   4.146690   4.146199     2.7525     0.0592     0.8589     0.1931    95.2875    35.2711 1.2616e+03 3.0296e-01      14946          3  0.000e+00
     83.391    13.1855    13.1829   4.146729   4.146236     2.7537     0.0592     0.8650     0.1931    95.2875    35.2712 1.2597e+03 3.0211e-01      14947          3  0.000e+00
     83.155    13.1854    13.1829   4.146854   4.146272     2.7525     0.0592     0.8589     0.1942    95.2607    35.2727 1.2597e+03 3.0725e-01      14948          3  0.000e+00
     83.178    13.1850    13.1829   4.146945   4.146272     2.7525     0.0592     0.8589     0.1953    95.2340    35.2739 1.2597e+03 3.1512e-01      14949          3  0.000e+00
     83.217    13.1850    13.1831   4.146906   4.146308     2.7525     0.0592     0.8589     0.1976    95.1806    35.2735 1.2597e+03 3.1690e-01      14950          3  0.000e+00
     83.178    13.1852    13.1831   4.146867   4.146308     2.7525     0.0592     0.8589     0.1976    95.1806    35.2730 1.2597e+03 3.1601e-01      14951          3  0.000e+00
     83.155    13.1852    13.1829   4.146854   4.146236     2.7525     0.0592     0.8589     0.1965    95.2073    35.2728 1.2597e+03 3.1335e-01      14952          3  0.000e+00
     83.115    13.1852    13.1829   4.146906   4.146272     2.7537     0.0592     0.8589     0.1953    95.2340    35.2734 1.2578e+03 3.1247e-01      14953          3  0.000e+00
     83.155    13.1852    13.1831   4.146926   4.146345     2.7549     0.0592     0.8589     0.1953    95.2340    35.2735 1.2597e+03 3.1247e-01      14954          3  0.000e+00
     83.115    13.1850    13.1831   4.146978   4.146345     2.7549     0.0592     0.8589     0.1953    95.2340    35.2742 1.2578e+03 3.1072e-01      14955          3  0.000e+00
     83.099    13.1850    13.1833   4.146998   4.146381     2.7549     0.0470     0.8589     0.1953    95.2340    35.2744 1.2578e+03 3.1072e-01      14956          3  0.000e+00
     83.060    13.1849    13.1834   4.146998   4.146417     2.7525     0.0470     0.8589     0.1965    95.2073    35.2746 1.2578e+03 3.1072e-01      14957          3  0.000e+00
     83.099    13.1850    13.1833   4.147017   4.146448     2.7537     0.0470     0.8589     0.1965    95.2073    35.2746 1.2578e+03 3.0985e-01      14958          3  0.000e+00
     83.099    13.1847    13.1831   4.147030   4.146448     2.7549     0.0470     0.8589     0.1976    95.1806    35.2750 1.2597e+03 3.0985e-01      14959          3  0.000e+00
     83.060    13.1849    13.1831   4.147057   4.146448     2.7549     0.0470     0.8589     0.1965    95.2073    35.2751 1.2578e+03 3.0985e-01      14960          3  0.000e+00
     83.391    13.1845    13.1828   4.146782   4.145277     2.7500     0.0592     0.8650     0.1908    95.3409    35.2727 1.2216e+03 2.9208e-01      15129          4  0.000e+00
     83.391    13.1847    13.1829   4.146782   4.145313     2.7500     0.0592     0.8650     0.1908    95.3409    35.2725 1.2254e+03 2.9622e-01      15130          4  0.000e+00
     83.297    13.1847    13.1829   4.146762   4.145307     2.7500     0.0592     0.8650     0.1920    95.3142    35.2724 1.2273e+03 3.0041e-01      15131          4  0.000e+00
     83.391    13.1847    13.1831   4.146769   4.145241     2.7500     0.0592     0.8650     0.1931    95.2875    35.2724 1.2292e+03 3.0126e-01      15132          4  0.000e+00
     83.297    13.1847    13.1829   4.146762   4.145271     2.7500     0.0592     0.8650     0.1931    95.2875    35.2724 1.2292e+03 3.0381e-01      15133          4  0.000e+00
     83.273    13.1847    13.1831   4.146769   4.145277     2.7500     0.0592     0.8650     0.1931    95.2875    35.2725 1.2292e+03 3.0638e-01      15134          4  0.000e+00
     83.352    13.1847    13.1828   4.146729   4.145307     2.7500     0.0592     0.8650     0.1931    95.2875    35.2721 1.2292e+03 3.0725e-01      15135          4  0.000e+00
     83.273    13.1849    13.1830   4.146762   4.145313     2.7500     0.0592     0.8650     0.1931    95.2875    35.2722 1.2292e+03 3.0552e-01      15136          4  0.000e+00
     83.297    13.1847    13.1829   4.146729   4.145380     2.7500     0.0592     0.8650     0.1931    95.2875    35.2721 1.2311e+03 3.0381e-01      15137          4  0.000e+00
     83.273    13.1849    13.1826   4.146729   4.145344     2.7500     0.0592     0.8650     0.1931    95.2875    35.2719 1.2292e+03 3.0381e-01      15138          4  0.000e+00
     83.234    13.1847    13.1826   4.146769   4.145344     2.7500     0.0592     0.8650     0.1931    95.2875    35.2725 1.2311e+03 3.0211e-01      15139          4  0.000e+00
     83.273    13.1847    13.1826   4.146808   4.145344     2.7500     0.0592     0.8650     0.1931    95.2875    35.2728 1.2292e+03 3.0041e-01      15140          4  0.000e+00
     83.273    13.1847    13.1826   4.146821   4.145344     2.7500     0.0592     0.8650     0.1931    95.2875    35.2730 1.2292e+03 2.9957e-01      15141          4  0.000e+00
     83.234    13.1849    13.1828   4.146867   4.145417     2.7500     0.0592     0.8650     0.1931    95.2875    35.2732 1.2292e+03 2.9957e-01      15142          4  0.000e+00
     83.218    13.1849    13.1828   4.146841   4.145417     2.7500     0.0592     0.8650     0.1920    95.3142    35.2730 1.2292e+03 2.9957e-01      15143          4  0.000e+00
     83.234    13.1849    13.1826   4.146873   4.145380     2.7500     0.0592     0.8650     0.1931    95.2875    35.2733 1.2311e+03 2.9957e-01      15144          4  0.000e+00
     83.155    13.1849    13.1828   4.146913   4.145453     2.7500     0.0592     0.8650     0.1931    95.2875    35.2737 1.2311e+03 2.9957e-01      15145          4  0.000e+00
     83.234    13.1845    13.1828   4.146926   4.145453     2.7500     0.0592     0.8650     0.1931    95.2875    35.2741 1.2311e+03 3.0041e-01      15146          4  0.000e+00
     83.155    13.1850    13.1826   4.146926   4.145453     2.7500     0.0592     0.8650     0.1908    95.3409    35.2737 1.2311e+03 3.0211e-01      15147          4  0.000e+00
     83.179    13.1849    13.1828   4.146952   4.145417     2.7500     0.0592     0.8650     0.1931    95.2875    35.2741 1.2311e+03 3.0211e-01      15148          4  0.000e+00
     83.155    13.1849    13.1828   4.146965   4.145344     2.7500     0.0592     0.8589     0.1942    95.2607    35.2742 1.2292e+03 2.9789e-01      15149          4  0.000e+00
     83.179    13.1849    13.1826   4.146965   4.145344     2.7500     0.0470     0.8650     0.1953    95.2340    35.2742 1.2311e+03 2.9622e-01      15150          4  0.000e+00
     83.155    13.1847    13.1826   4.146958   4.145241     2.7512     0.0470     0.8650     0.1953    95.2340    35.2743 1.2311e+03 2.9622e-01      15151          4  0.000e+00
     83.116    13.1849    13.1828   4.146939   4.145095     2.7500     0.0470     0.8589     0.1953    95.2340    35.2740 1.2311e+03 2.9705e-01      15152          4  0.000e+00
     83.155    13.1847    13.1826   4.146952   4.145059     2.7500     0.0470     0.8589     0.1953    95.2340    35.2743 1.2311e+03 2.9789e-01      15153          4  0.000e+00
     83.155    13.1850    13.1828   4.146939   4.144986     2.7500     0.0470     0.8589     0.1942    95.2607    35.2738 1.2311e+03 2.9873e-01      15154          4  0.000e+00
     83.116    13.1847    13.1826   4.146926   4.144955     2.7500     0.0470     0.8589     0.1931    95.2875    35.2740 1.2311e+03 3.0211e-01      15155          4  0.000e+00
     83.100    13.1849    13.1828   4.146952   4.144949     2.7500     0.0470     0.8589     0.1931    95.2875    35.2741 1.2311e+03 3.0552e-01      15156          4  0.000e+00
     83.116    13.1849    13.1829   4.146913   4.144992     2.7500     0.0470     0.8650     0.1931    95.2875    35.2737 1.2292e+03 3.0725e-01      15157          4  0.000e+00
     83.100    13.1847    13.1828   4.146913   4.145059     2.7500     0.0470     0.8589     0.1931    95.2875    35.2739 1.2311e+03 3.0466e-01      15158          4  0.000e+00
     83.116    13.1847    13.1829   4.146926   4.145059     2.7525     0.0470     0.8589     0.1931    95.2875    35.2740 1.2311e+03 3.0211e-01      15159          4  0.000e+00
     83.100    13.1849    13.1829   4.146952   4.145028     2.7500     0.0470     0.8589     0.1931    95.2875    35.2741 1.2311e+03 3.0126e-01      15160          4  0.000e+00
     83.061    13.1849    13.1829   4.146965   4.145059     2.7500     0.0470     0.8589     0.1920    95.3142    35.2742 1.2311e+03 3.0296e-01      15161          4  0.000e+00
