Ship_data/Irminger/Irminger-3/ctd/process/ar0701003.cnv
* Sea-Bird SBE 9 Data File:
* FileName = D:\Data\ar0701003.hdr
* Software Version Seasave V 7.23.2
* Temperature SN = 4406
* Conductivity SN = 3042
* Number of Bytes Per Scan = 44
* Number of Voltage Words = 5
* Number of Scans Averaged by the Deck Unit = 1
* NMEA Latitude = 51 58.27 N
* NMEA Longitude = 045 45.89 W
* NMEA UTC (Time) = Jul 06 2016  14:10:07
**  Release test
** Chief Scientist: George Tupper
** Station ID 003
# nquan = 19
# nvalues = 5006                        
# units = specified
# name 0 = prDM: Pressure, Digiquartz [db]
# name 1 = t090C: Temperature [ITS-90, deg C]
# name 2 = t190C: Temperature, 2 [ITS-90, deg C]
# name 3 = c0S/m: Conductivity [S/m]
# name 4 = c1S/m: Conductivity, 2 [S/m]
# name 5 = sbeox0V: Oxygen raw, SBE 43 [V]
# name 6 = flECO-AFL: Fluorescence, WET Labs ECO-AFL/FL [mg/m^3]
# name 7 = turbWETntu0: Turbidity, WET Labs ECO [NTU]
# name 8 = CStarAt0: Beam Attenuation, WET Labs C-Star [1/m]
# name 9 = CStarTr0: Beam Transmission, WET Labs C-Star [%]
# name 10 = sal00: Salinity, Practical [PSU]
# name 11 = spar: SPAR/Surface Irradiance
# name 12 = par: PAR/Irradiance, Biospherical/Licor
# name 13 = depSM: Depth [salt water, m], lat = 51.9712
# name 14 = sal00: Salinity, Practical [PSU]
# name 15 = sal11: Salinity, Practical, 2 [PSU]
# name 16 = sbeox0ML/L: Oxygen, SBE 43 [ml/l], WS = 2
# name 17 = svCM: Sound Velocity [Chen-Millero, m/s]
# name 18 = flag: flag
# span 0 =      3.027,   2543.429       
# span 1 =     2.8830,    10.8951       
# span 2 =     2.8827,    10.8949       
# span 3 =   3.246970,   3.822465       
# span 4 =   3.246733,   3.822168       
# span 5 =     2.1524,     3.3379       
# span 6 =     0.0103,     2.9760       
# span 7 =     0.8851,     1.1299       
# span 8 =     0.1257,     0.8129       
# span 9 =    81.6093,    96.9065       
# span 10 =    34.2641,    34.9384      
# span 11 = 7.3573e+02, 3.3243e+03      
# span 12 = 9.5399e-02, 9.5477e-02      
# span 13 =      3.000,   2506.000      
# span 14 =    34.2641,    34.9384      
# span 15 =    34.1734,    34.9374      
# span 16 =     5.5695,     6.4625      
# span 17 =    1471.15,    1504.13      
# span 18 = 0.0000e+00, 0.0000e+00      
# interval = meters: 1                  
# start_time = Jul 06 2016 14:11:28 [NMEA time, first data scan]
# bad_flag = -9.990e-29
*END*
[from data line 381]
    387.753     4.6037     4.6050   3.320440   3.320242     2.6303     0.0348     0.8991     0.1345    96.6932    34.9187 9.7233e+02 9.5400e-02    384.000    34.9187    34.9151     5.7511    1475.37 0.0000e+00
    388.763     4.6125     4.6117   3.321348   3.320991     2.6335     0.0348     0.8997     0.1345    96.6935    34.9196 9.7099e+02 9.5400e-02    385.000    34.9196    34.9162     5.7594    1475.42 0.0000e+00
    389.774     4.6244     4.6232   3.322599   3.322196     2.6358     0.0348     0.9065     0.1351    96.6779    34.9211 9.6946e+02 9.5400e-02    386.000    34.9211    34.9177     5.7649    1475.49 0.0000e+00
    390.785     4.5853     4.5843   3.318793   3.318759     2.6371     0.0246     0.9062     0.1350    96.6814    34.9172 9.6899e+02 9.5400e-02    387.000    34.9172    34.9179     5.7755    1475.34 0.0000e+00
    391.796     4.5675     4.5681   3.317099   3.316933     2.6382     0.0350     0.9040     0.1346    96.6916    34.9156 9.7039e+02 9.5400e-02    388.000    34.9156    34.9131     5.7820    1475.28 0.0000e+00
    392.806     4.5637     4.5633   3.316719   3.316424     2.6424     0.0291     0.9041     0.1355    96.6697    34.9146 9.7020e+02 9.5400e-02    389.000    34.9146    34.9117     5.7952    1475.28 0.0000e+00
    393.817     4.5638     4.5632   3.316767   3.316457     2.6446     0.0432     0.9013     0.1344    96.6954    34.9146 9.6672e+02 9.5400e-02    390.000    34.9146    34.9116     5.8021    1475.30 0.0000e+00
    394.828     4.5629     4.5627   3.316729   3.316457     2.6457     0.0286     0.9045     0.1350    96.6813    34.9145 9.6589e+02 9.5400e-02    391.000    34.9145    34.9116     5.8063    1475.31 0.0000e+00
    395.839     4.5624     4.5619   3.316728   3.316419     2.6465     0.0312     0.9013     0.1342    96.6995    34.9145 9.6628e+02 9.5400e-02    392.000    34.9145    34.9114     5.8092    1475.33 0.0000e+00
    396.849     4.5586     4.5577   3.316401   3.316130     2.6468     0.0287     0.9011     0.1348    96.6863    34.9142 9.6752e+02 9.5400e-02    393.000    34.9142    34.9119     5.8114    1475.33 0.0000e+00
    397.860     4.5562     4.5562   3.316228   3.315972     2.6467     0.0228     0.9039     0.1342    96.7014    34.9142 9.6797e+02 9.5400e-02    394.000    34.9142    34.9111     5.8122    1475.33 0.0000e+00
    398.871     4.5493     4.5493   3.315611   3.315391     2.6468     0.0353     0.8998     0.1347    96.6876    34.9137 9.6796e+02 9.5400e-02    395.000    34.9137    34.9111     5.8144    1475.32 0.0000e+00
    399.882     4.5510     4.5502   3.315784   3.315417     2.6487     0.0215     0.9089     0.1347    96.6895    34.9133 9.6329e+02 9.5400e-02    396.000    34.9133    34.9099     5.8204    1475.35 0.0000e+00
    400.892     4.5462     4.5457   3.315439   3.315171     2.6503     0.0400     0.9071     0.1342    96.6996    34.9139 9.6155e+02 9.5400e-02    397.000    34.9139    34.9113     5.8264    1475.34 0.0000e+00
    401.903     4.5396     4.5391   3.314873   3.314592     2.6496     0.0287     0.9070     0.1344    96.6950    34.9136 9.5905e+02 9.5400e-02    398.000    34.9136    34.9109     5.8261    1475.33 0.0000e+00
    402.914     4.5388     4.5383   3.314847   3.314542     2.6492     0.0349     0.9000     0.1345    96.6936    34.9137 9.5794e+02 9.5400e-02    399.000    34.9137    34.9106     5.8260    1475.35 0.0000e+00
    403.925     4.5378     4.5373   3.314792   3.314500     2.6499     0.0452     0.8971     0.1347    96.6878    34.9135 9.5877e+02 9.5400e-02    400.000    34.9135    34.9106     5.8289    1475.36 0.0000e+00
    404.936     4.5348     4.5342   3.314554   3.314275     2.6509     0.0369     0.9044     0.1348    96.6851    34.9133 9.6010e+02 9.5400e-02    401.000    34.9133    34.9107     5.8329    1475.36 0.0000e+00
    405.946     4.5308     4.5301   3.314237   3.313933     2.6520     0.0348     0.9062     0.1344    96.6963    34.9133 9.5915e+02 9.5400e-02    402.000    34.9133    34.9105     5.8374    1475.36 0.0000e+00
    406.957     4.5270     4.5264   3.313909   3.313620     2.6525     0.0364     0.9098     0.1343    96.6976    34.9130 9.5936e+02 9.5400e-02    403.000    34.9130    34.9102     5.8402    1475.36 0.0000e+00
    407.968     4.5273     4.5265   3.314051   3.313660     2.6525     0.0464     0.9072     0.1353    96.6733    34.9138 9.5653e+02 9.5400e-02    404.000    34.9138    34.9100     5.8407    1475.38 0.0000e+00
    408.979     4.5367     4.5390   3.315050   3.314958     2.6532     0.0418     0.8992     0.1345    96.6936    34.9150 9.5210e+02 9.5400e-02    405.000    34.9150    34.9115     5.8420    1475.44 0.0000e+00
    409.990     4.5417     4.5500   3.315687   3.315976     2.6529     0.0350     0.9065     0.1345    96.6922    34.9167 9.5036e+02 9.5400e-02    406.000    34.9167    34.9113     5.8410    1475.48 0.0000e+00
    411.000     4.5867     4.5834   3.320351   3.319622     2.6530     0.0348     0.9065     0.1345    96.6938    34.9234 9.5034e+02 9.5400e-02    407.000    34.9234    34.9183     5.8348    1475.69 0.0000e+00
    412.011     4.5938     4.5928   3.321130   3.320735     2.6533     0.0246     0.8987     0.1350    96.6803    34.9244 9.4806e+02 9.5400e-02    408.000    34.9244    34.9209     5.8354    1475.74 0.0000e+00
    413.022     4.5953     4.5955   3.321349   3.321123     2.6509     0.0285     0.9076     0.1345    96.6926    34.9249 9.4480e+02 9.5400e-02    409.000    34.9249    34.9220     5.8291    1475.76 0.0000e+00
    414.033     4.5929     4.5930   3.321212   3.320971     2.6461     0.0346     0.9057     0.1350    96.6824    34.9252 9.4672e+02 9.5400e-02    410.000    34.9252    34.9224     5.8166    1475.77 0.0000e+00
    415.044     4.5879     4.5875   3.320743   3.320560     2.6443     0.0224     0.9070     0.1344    96.6955    34.9245 9.4865e+02 9.5400e-02    411.000    34.9245    34.9228     5.8133    1475.76 0.0000e+00
    416.055     4.5767     4.5762   3.319715   3.319451     2.6427     0.0306     0.9061     0.1352    96.6768    34.9238 9.4872e+02 9.5400e-02    412.000    34.9238    34.9212     5.8112    1475.73 0.0000e+00
    417.066     4.5741     4.5729   3.319503   3.319138     2.6409     0.0415     0.9065     0.1345    96.6934    34.9235 9.4868e+02 9.5400e-02    413.000    34.9235    34.9205     5.8072    1475.74 0.0000e+00
    418.076     4.5770     4.5745   3.319780   3.319358     2.6403     0.0395     0.9113     0.1350    96.6821    34.9231 9.3786e+02 9.5400e-02    414.000    34.9231    34.9209     5.8061    1475.76 0.0000e+00
    419.087     4.5458     4.5422   3.316719   3.316358     2.6399     0.0380     0.9088     0.1352    96.6754    34.9197 9.3859e+02 9.5400e-02    415.000    34.9197    34.9193     5.8106    1475.65 0.0000e+00
    420.098     4.5263     4.5275   3.314846   3.314851     2.6392     0.0272     0.9075     0.1348    96.6853    34.9177 9.4169e+02 9.5400e-02    416.000    34.9177    34.9165     5.8123    1475.58 0.0000e+00
    421.109     4.5161     4.5176   3.313885   3.313800     2.6391     0.0296     0.9042     0.1346    96.6908    34.9167 9.4845e+02 9.5400e-02    417.000    34.9167    34.9141     5.8145    1475.56 0.0000e+00
    422.120     4.5132     4.5124   3.313613   3.313277     2.6412     0.0292     0.9009     0.1345    96.6929    34.9161 9.5219e+02 9.5400e-02    418.000    34.9161    34.9130     5.8216    1475.56 0.0000e+00
    423.131     4.5163     4.5161   3.313929   3.313673     2.6438     0.0425     0.9013     0.1362    96.6521    34.9160 9.5084e+02 9.5400e-02    419.000    34.9160    34.9132     5.8292    1475.59 0.0000e+00
    424.142     4.5134     4.5118   3.313678   3.313266     2.6470     0.0416     0.9071     0.1344    96.6967    34.9156 9.4802e+02 9.5400e-02    420.000    34.9156    34.9124     5.8397    1475.59 0.0000e+00
    425.153     4.5144     4.5135   3.313815   3.313455     2.6481     0.0470     0.9067     0.1341    96.7020    34.9156 9.5193e+02 9.5400e-02    421.000    34.9156    34.9123     5.8432    1475.61 0.0000e+00
    426.163     4.5136     4.5117   3.313792   3.313329     2.6491     0.0353     0.9099     0.1344    96.6957    34.9156 9.5472e+02 9.5400e-02    422.000    34.9156    34.9122     5.8471    1475.63 0.0000e+00
    427.174     4.5114     4.5160   3.313574   3.313824     2.6496     0.0353     0.9073     0.1346    96.6911    34.9149 9.5017e+02 9.5400e-02    423.000    34.9149    34.9129     5.8496    1475.63 0.0000e+00
    428.185     4.5072     4.5042   3.313181   3.312776     2.6509     0.0348     0.9078     0.1341    96.7038    34.9142 9.5345e+02 9.5400e-02    424.000    34.9142    34.9126     5.8547    1475.63 0.0000e+00
    429.196     4.4986     4.4972   3.312385   3.312091     2.6506     0.0348     0.9090     0.1341    96.7032    34.9133 9.6090e+02 9.5400e-02    425.000    34.9133    34.9113     5.8561    1475.61 0.0000e+00
    430.207     4.4864     4.4859   3.311253   3.311046     2.6502     0.0348     0.9065     0.1343    96.6990    34.9124 9.6576e+02 9.5400e-02    426.000    34.9124    34.9105     5.8575    1475.58 0.0000e+00
    431.218     4.4785     4.4777   3.310526   3.310279     2.6496     0.0238     0.9072     0.1345    96.6943    34.9117 9.6743e+02 9.5400e-02    427.000    34.9117    34.9096     5.8578    1475.56 0.0000e+00
    432.229     4.4628     4.4626   3.309028   3.308821     2.6507     0.0311     0.9092     0.1344    96.6955    34.9102 9.6532e+02 9.5400e-02    428.000    34.9102    34.9079     5.8642    1475.51 0.0000e+00
    433.240     4.4514     4.4504   3.307929   3.307638     2.6540     0.0321     0.9064     0.1344    96.6952    34.9087 9.6517e+02 9.5400e-02    429.000    34.9087    34.9064     5.8764    1475.48 0.0000e+00
    434.251     4.4149     4.4135   3.304421   3.304192     2.6571     0.0349     0.9090     0.1343    96.6973    34.9055 9.6816e+02 9.5400e-02    430.000    34.9055    34.9043     5.8919    1475.34 0.0000e+00
    435.262     4.3911     4.3903   3.302153   3.301938     2.6579     0.0430     0.9064     0.1345    96.6945    34.9035 9.7200e+02 9.5400e-02    431.000    34.9035    34.9018     5.8985    1475.26 0.0000e+00
    436.273     4.3834     4.3830   3.301430   3.301227     2.6587     0.0404     0.9065     0.1345    96.6931    34.9026 9.7282e+02 9.5400e-02    432.000    34.9026    34.9006     5.9028    1475.24 0.0000e+00
    437.284     4.3779     4.3771   3.300942   3.300636     2.6605     0.0347     0.9011     0.1360    96.6567    34.9021 9.7367e+02 9.5400e-02    433.000    34.9021    34.8993     5.9096    1475.23 0.0000e+00
    438.295     4.3755     4.3752   3.300733   3.300453     2.6629     0.0262     0.9073     0.1349    96.6834    34.9016 9.7820e+02 9.5400e-02    434.000    34.9016    34.8987     5.9177    1475.24 0.0000e+00
    439.306     4.3739     4.3735   3.300607   3.300329     2.6645     0.0226     0.9067     0.1343    96.6986    34.9013 9.8390e+02 9.5400e-02    435.000    34.9013    34.8984     5.9231    1475.25 0.0000e+00
    440.317     4.3681     4.3676   3.300069   3.299800     2.6665     0.0271     0.9086     0.1346    96.6911    34.9006 9.8417e+02 9.5400e-02    436.000    34.9006    34.8980     5.9306    1475.24 0.0000e+00
    441.328     4.3663     4.3658   3.299937   3.299646     2.6678     0.0344     0.9068     0.1342    96.7003    34.9004 9.8444e+02 9.5400e-02    437.000    34.9004    34.8975     5.9354    1475.25 0.0000e+00
    442.339     4.3658     4.3654   3.299945   3.299651     2.6681     0.0255     0.9005     0.1341    96.7024    34.9005 9.8976e+02 9.5400e-02    438.000    34.9005    34.8975     5.9372    1475.26 0.0000e+00
    443.350     4.3658     4.3654   3.299979   3.299682     2.6686     0.0350     0.9098     0.1344    96.6949    34.9004 9.9470e+02 9.5400e-02    439.000    34.9004    34.8973     5.9395    1475.28 0.0000e+00
    444.361     4.3652     4.3643   3.299951   3.299631     2.6689     0.0398     0.9055     0.1351    96.6785    34.9002 9.9775e+02 9.5400e-02    440.000    34.9002    34.8973     5.9411    1475.29 0.0000e+00
    445.372     4.3628     4.3622   3.299774   3.299483     2.6689     0.0399     0.9028     0.1345    96.6944    34.9001 9.9812e+02 9.5400e-02    441.000    34.9001    34.8972     5.9422    1475.30 0.0000e+00
    446.383     4.3614     4.3610   3.299695   3.299394     2.6688     0.0375     0.9067     0.1348    96.6860    34.9000 9.9829e+02 9.5400e-02    442.000    34.9000    34.8969     5.9431    1475.31 0.0000e+00
    447.394     4.3620     4.3616   3.299804   3.299510     2.6685     0.0328     0.9102     0.1347    96.6890    34.9002 1.0017e+03 9.5400e-02    443.000    34.9002    34.8971     5.9429    1475.33 0.0000e+00
    448.405     4.3624     4.3618   3.299916   3.299606     2.6678     0.0348     0.8980     0.1351    96.6788    34.9005 1.0058e+03 9.5400e-02    444.000    34.9005    34.8975     5.9415    1475.35 0.0000e+00
    449.416     4.3608     4.3603   3.299796   3.299526     2.6673     0.0348     0.9117     0.1353    96.6739    34.9003 1.0071e+03 9.5400e-02    445.000    34.9003    34.8976     5.9410    1475.36 0.0000e+00
    450.427     4.3596     4.3593   3.299732   3.299451     2.6668     0.0348     0.9117     0.1352    96.6763    34.9003 1.0116e+03 9.5400e-02    446.000    34.9003    34.8972     5.9407    1475.37 0.0000e+00
    451.438     4.3598     4.3595   3.299781   3.299492     2.6671     0.0336     0.9085     0.1351    96.6798    34.9001 1.0150e+03 9.5400e-02    447.000    34.9001    34.8970     5.9424    1475.39 0.0000e+00
    452.449     4.3620     4.3603   3.300037   3.299594     2.6676     0.0362     0.9077     0.1351    96.6800    34.9002 1.0174e+03 9.5400e-02    448.000    34.9002    34.8969     5.9442    1475.41 0.0000e+00
    453.460     4.3686     4.3653   3.300810   3.300066     2.6679     0.0417     0.9043     0.1350    96.6820    34.9019 1.0192e+03 9.5400e-02    449.000    34.9019    34.8966     5.9448    1475.46 0.0000e+00
    454.471     4.3883     4.3872   3.302913   3.302543     2.6683     0.0470     0.9097     0.1348    96.6853    34.9052 1.0245e+03 9.5400e-02    450.000    34.9052    34.9021     5.9434    1475.56 0.0000e+00
    455.482     4.3892     4.3888   3.303072   3.302763     2.6692     0.0385     0.9068     0.1349    96.6845    34.9056 1.0295e+03 9.5400e-02    451.000    34.9056    34.9024     5.9466    1475.58 0.0000e+00
    456.493     4.3904     4.3889   3.303266   3.302779     2.6687     0.0348     0.9084     0.1347    96.6885    34.9061 1.0337e+03 9.5400e-02    452.000    34.9061    34.9020     5.9458    1475.60 0.0000e+00
    457.504     4.4068     4.4061   3.305091   3.304588     2.6682     0.0348     0.9082     0.1351    96.6796    34.9097 1.0347e+03 9.5400e-02    453.000    34.9097    34.9045     5.9423    1475.69 0.0000e+00
    458.515     4.4219     4.4213   3.306733   3.306390     2.6671     0.0348     0.9055     0.1349    96.6847    34.9126 1.0322e+03 9.5400e-02    454.000    34.9126    34.9091     5.9374    1475.78 0.0000e+00
    459.526     4.4303     4.4289   3.307691   3.307261     2.6638     0.0304     0.9041     0.1346    96.6909    34.9144 1.0330e+03 9.5400e-02    455.000    34.9144    34.9108     5.9273    1475.83 0.0000e+00
    460.537     4.4334     4.4330   3.308084   3.307789     2.6618     0.0355     0.9048     0.1351    96.6777    34.9152 1.0438e+03 9.5400e-02    456.000    34.9152    34.9121     5.9219    1475.86 0.0000e+00
    461.548     4.4334     4.4330   3.308142   3.307846     2.6612     0.0348     0.8992     0.1341    96.7019    34.9153 1.0504e+03 9.5400e-02    457.000    34.9153    34.9122     5.9211    1475.88 0.0000e+00
    462.559     4.4338     4.4332   3.308255   3.307912     2.6612     0.0348     0.9044     0.1342    96.7001    34.9157 1.0556e+03 9.5400e-02    458.000    34.9157    34.9123     5.9218    1475.90 0.0000e+00
    463.570     4.4312     4.4300   3.308037   3.307740     2.6606     0.0236     0.9057     0.1345    96.6944    34.9154 1.0589e+03 9.5400e-02    459.000    34.9154    34.9131     5.9212    1475.90 0.0000e+00
