Ship_data/Irminger/Irminger-3/ctd/process/ar0701001.ros
* Sea-Bird SBE 9 Data File:
* FileName = D:\Data\ar0701001.hdr
* Software Version Seasave V 7.23.2
* Temperature SN = 4406
* Conductivity SN = 3042
* Number of Bytes Per Scan = 44
* Number of Voltage Words = 5
* Number of Scans Averaged by the Deck Unit = 1
* NMEA Latitude = 40 13.77 N
* NMEA Longitude = 070 53.71 W
* NMEA UTC (Time) = Jul 01 2016  19:09:29
**  PMCI
** Chief Scientist: George Tupper
** Station ID 001
# nquan = 16
# nvalues = 392                                   
# units = specified
# name 0 = prDM: Pressure, Digiquartz [db]
# name 1 = t090C: Temperature [ITS-90, deg C]
# name 2 = t190C: Temperature, 2 [ITS-90, deg C]
# name 3 = c0S/m: Conductivity [S/m]
# name 4 = c1S/m: Conductivity, 2 [S/m]
# name 5 = sbeox0V: Oxygen raw, SBE 43 [V]
# name 6 = flECO-AFL: Fluorescence, WET Labs ECO-AFL/FL [mg/m^3]
# name 7 = turbWETntu0: Turbidity, WET Labs ECO [NTU]
# name 8 = CStarAt0: Beam Attenuation, WET Labs C-Star [1/m]
# name 9 = CStarTr0: Beam Transmission, WET Labs C-Star [%]
# name 10 = sal00: Salinity, Practical [PSU]
# name 11 = spar: SPAR/Surface Irradiance
# name 12 = par: PAR/Irradiance, Biospherical/Licor
# name 13 = scan: Scan Count
# name 14 = nbf: Bottles Fired
# name 15 = flag:  0.000e+00
# interval = seconds: 0.0416667
# start_time = Jul 01 2016 19:10:54 [NMEA time, first data scan]
# bad_flag = -9.990e-29
*END*
[from data line 181]
     83.061    13.1849    13.1828   4.146978   4.145059     2.7500     0.0470     0.8589     0.1931    95.2875    35.2744 1.2311e+03 3.0638e-01      15163          4  0.000e+00
     83.100    13.1847    13.1833   4.146978   4.145168     2.7500     0.0470     0.8589     0.1931    95.2875    35.2745 1.2311e+03 3.0638e-01      15164          4  0.000e+00
     83.061    13.1845    13.1833   4.146985   4.145168     2.7500     0.0470     0.8589     0.1931    95.2875    35.2747 1.2330e+03 3.0552e-01      15165          4  0.000e+00
     83.037    13.1844    13.1829   4.146998   4.145198     2.7500     0.0470     0.8589     0.1908    95.3409    35.2751 1.2311e+03 3.0552e-01      15166          4  0.000e+00
     83.100    13.1842    13.1833   4.146919   4.145241     2.7500     0.0470     0.8589     0.1908    95.3409    35.2744 1.2311e+03 3.0466e-01      15167          4  0.000e+00
     83.061    13.1844    13.1831   4.146945   4.145271     2.7500     0.0470     0.8589     0.1908    95.3409    35.2745 1.2311e+03 3.0211e-01      15168          4  0.000e+00
     83.037    13.1844    13.1833   4.146939   4.145277     2.7500     0.0470     0.8589     0.1908    95.3409    35.2745 1.2311e+03 2.9957e-01      15169          4  0.000e+00
     83.061    13.1844    13.1834   4.147004   4.145307     2.7500     0.0470     0.8589     0.1908    95.3409    35.2751 1.2311e+03 3.0041e-01      15170          4  0.000e+00
     83.037    13.1844    13.1834   4.146952   4.145344     2.7500     0.0470     0.8650     0.1920    95.3142    35.2746 1.2311e+03 3.0211e-01      15171          4  0.000e+00
     83.061    13.1844    13.1833   4.146952   4.145344     2.7500     0.0470     0.8589     0.1908    95.3409    35.2746 1.2311e+03 3.0211e-01      15172          4  0.000e+00
     83.037    13.1844    13.1834   4.146985   4.145344     2.7500     0.0470     0.8589     0.1908    95.3409    35.2749 1.2311e+03 3.0211e-01      15173          4  0.000e+00
     83.061    13.1844    13.1834   4.146972   4.145313     2.7500     0.0592     0.8528     0.1897    95.3676    35.2748 1.2330e+03 3.0126e-01      15174          4  0.000e+00
     83.037    13.1842    13.1834   4.146913   4.145380     2.7500     0.0592     0.8528     0.1897    95.3676    35.2744 1.2330e+03 3.0041e-01      15175          4  0.000e+00
     82.998    13.1842    13.1834   4.146913   4.145380     2.7500     0.0592     0.8528     0.1897    95.3676    35.2744 1.2311e+03 3.0041e-01      15176          4  0.000e+00
     83.100    13.1840    13.1834   4.146906   4.145380     2.7500     0.0592     0.8528     0.1897    95.3676    35.2745 1.2311e+03 3.0126e-01      15177          4  0.000e+00
     21.390    12.3827    12.3569   3.891916   3.884112     3.3021     1.1459     0.9383     0.4394    89.5978    33.5927 9.5053e+02 7.0417e+01      21217          5  0.000e+00
     21.248    12.4556    12.3779   3.897474   3.885441     3.3021     1.1459     0.9383     0.4370    89.6513    33.5810 9.5053e+02 7.0417e+01      21218          5  0.000e+00
     21.359    12.5004    12.4129   3.900935   3.889549     3.3021     1.1581     0.9383     0.4370    89.6513    33.5741 9.5053e+02 7.0616e+01      21219          5  0.000e+00
     21.390    12.5202    12.4341   3.902155   3.894475     3.3021     1.1581     0.9383     0.4370    89.6513    33.5681 9.5053e+02 7.0616e+01      21220          5  0.000e+00
     21.304    12.5083    12.4069   3.901874   3.898628     3.3009     1.1826     0.9383     0.4382    89.6245    33.5761 9.5053e+02 7.0815e+01      21221          5  0.000e+00
     21.304    12.4972    12.3774   3.901497   3.896593     3.3009     1.1826     0.9444     0.4394    89.5978    33.5824 9.5053e+02 7.0815e+01      21222          5  0.000e+00
     21.304    12.4972    12.3733   3.903004   3.893210     3.2996     1.1948     0.9444     0.4405    89.5711    33.5968 9.5053e+02 7.1014e+01      21223          5  0.000e+00
     21.272    12.5755    12.3840   3.913191   3.892766     3.2996     1.1826     0.9505     0.4394    89.5978    33.6245 9.5053e+02 7.1014e+01      21224          5  0.000e+00
     21.249    12.7512    12.4146   3.929080   3.893830     3.3009     1.1826     0.9505     0.4405    89.5711    33.6195 9.5053e+02 7.1214e+01      21225          5  0.000e+00
     21.304    12.8601    12.5019   3.940224   3.895373     3.3009     1.1826     0.9505     0.4405    89.5711    33.6288 9.5053e+02 7.1414e+01      21226          5  0.000e+00
     21.304    12.9030    12.6656   3.945862   3.898897     3.2996     1.1826     0.9505     0.4417    89.5444    33.6442 9.5053e+02 7.1414e+01      21227          5  0.000e+00
     21.209    12.9357    12.8461   3.949859   3.911609     3.2996     1.1826     0.9505     0.4405    89.5711    33.6532 9.5053e+02 7.1414e+01      21228          5  0.000e+00
     21.304    12.9846    12.9941   3.954224   3.929092     3.2996     1.1826     0.9444     0.4417    89.5444    33.6511 9.5053e+02 7.1615e+01      21229          5  0.000e+00
     21.249    13.0097    13.0549   3.955534   3.942456     3.2996     1.1948     0.9444     0.4465    89.4376    33.6412 9.5053e+02 7.1817e+01      21230          5  0.000e+00
     21.249    13.0064    13.0822   3.956311   3.951823     3.3009     1.1826     0.9505     0.4525    89.3040    33.6515 9.5053e+02 7.1817e+01      21231          5  0.000e+00
     21.272    13.0404    13.1030   3.959504   3.959477     3.3021     1.1948     0.9444     0.4525    89.3040    33.6515 9.5053e+02 7.2019e+01      21232          5  0.000e+00
     21.249    13.0659    13.1116   3.962035   3.965040     3.3021     1.1826     0.9505     0.4525    89.3040    33.6529 9.4862e+02 7.2019e+01      21233          5  0.000e+00
     21.249    13.0848    13.1073   3.963706   3.967114     3.3021     1.1826     0.9505     0.4501    89.3574    33.6520 9.5053e+02 7.2019e+01      21234          5  0.000e+00
     21.186    13.0905    13.0979   3.964561   3.967758     3.3021     1.1948     0.9444     0.4489    89.3841    33.6550 9.4862e+02 7.2222e+01      21235          5  0.000e+00
     21.209    13.0933    13.0661   3.965319   3.967824     3.3033     1.1826     0.9444     0.4453    89.4643    33.6597 9.4862e+02 7.2222e+01      21236          5  0.000e+00
     21.249    13.0905    13.0330   3.966444   3.966173     3.3033     1.1948     0.9444     0.4405    89.5711    33.6728 9.4862e+02 7.2222e+01      21237          5  0.000e+00
     21.186    13.0990    13.0162   3.968541   3.962873     3.3045     1.1948     0.9444     0.4370    89.6513    33.6851 9.4862e+02 7.2425e+01      21238          5  0.000e+00
     21.249    13.1177    12.9760   3.970142   3.960545     3.3045     1.1948     0.9444     0.4358    89.6780    33.6837 9.4862e+02 7.2425e+01      21239          5  0.000e+00
     21.154    13.1362    12.9512   3.971023   3.958634     3.3070     1.1826     0.9505     0.4358    89.6780    33.6756 9.5053e+02 7.2425e+01      21240          5  0.000e+00
     21.249    13.1408    12.8545   3.971286   3.956123     3.3070     1.1826     0.9505     0.4370    89.6513    33.6740 9.4862e+02 7.2629e+01      21241          5  0.000e+00
     21.186    13.1164    12.7905   3.970020   3.951380     3.3082     1.1826     0.9444     0.4358    89.6780    33.6837 9.4862e+02 7.2629e+01      21242          5  0.000e+00
     21.131    13.1147    12.7604   3.969544   3.941539     3.3094     1.1826     0.9505     0.4334    89.7314    33.6807 9.4862e+02 7.2629e+01      21243          5  0.000e+00
     21.154    13.1120    12.7294   3.967788   3.934011     3.3106     1.1826     0.9505     0.4334    89.7314    33.6665 9.4862e+02 7.2834e+01      21244          5  0.000e+00
     21.186    13.0644    12.7129   3.964651   3.928205     3.3119     1.1826     0.9383     0.4334    89.7314    33.6790 9.4862e+02 7.2834e+01      21245          5  0.000e+00
     21.186    13.0317    12.7308   3.961811   3.926359     3.3143     1.1703     0.9383     0.4370    89.6513    33.6812 9.4862e+02 7.2834e+01      21246          5  0.000e+00
     21.131    13.0044    12.7180   3.959337   3.928341     3.3143     1.1703     0.9383     0.4405    89.5711    33.6820 9.4862e+02 7.2834e+01      21247          5  0.000e+00
     21.154    12.9856    12.7185   3.957571   3.930223     3.3143     1.1703     0.9383     0.4405    89.5711    33.6820 9.4862e+02 7.2834e+01      21248          5  0.000e+00
     21.186    12.9725    12.7257   3.956100   3.931309     3.3155     1.1703     0.9383     0.4394    89.5978    33.6797 9.4862e+02 7.2834e+01      21249          5  0.000e+00
     21.131    12.9633    12.7309   3.955085   3.931808     3.3167     1.1703     0.9383     0.4382    89.6245    33.6783 9.4862e+02 7.3039e+01      21250          5  0.000e+00
     21.092    12.9574    12.7229   3.954077   3.930632     3.3167     1.1826     0.9383     0.4370    89.6513    33.6739 9.4862e+02 7.3039e+01      21251          5  0.000e+00
     21.131    12.9564    12.7306   3.953467   3.929297     3.3192     1.1703     0.9383     0.4358    89.6780    33.6690 9.4862e+02 7.3039e+01      21252          5  0.000e+00
     21.131    12.9552    12.7751   3.953114   3.928554     3.3192     1.1703     0.9383     0.4346    89.7047    33.6667 9.4862e+02 7.3039e+01      21253          5  0.000e+00
     21.131    12.9569    12.8365   3.953538   3.931344     3.3192     1.1703     0.9383     0.4334    89.7314    33.6692 9.4862e+02 7.3039e+01      21254          5  0.000e+00
     21.154    12.9603    12.8662   3.954366   3.937395     3.3192     1.1703     0.9383     0.4334    89.7314    33.6741 9.4862e+02 7.3039e+01      21255          5  0.000e+00
     21.068    12.9561    12.8806   3.954706   3.942084     3.3216     1.1703     0.9383     0.4334    89.7314    33.6811 9.5053e+02 7.3039e+01      21256          5  0.000e+00
     21.131    12.9531    12.8836   3.955117   3.944414     3.3216     1.1703     0.9383     0.4334    89.7314    33.6876 9.4862e+02 7.3039e+01      21257          5  0.000e+00
     21.131    12.9487    12.8741   3.954591   3.947394     3.3216     1.1703     0.9383     0.4310    89.7848    33.6865 9.4862e+02 7.3039e+01      21258          5  0.000e+00
     21.092    12.9439    12.8582   3.952517   3.950660     3.3216     1.1826     0.9383     0.4322    89.7581    33.6712 9.4862e+02 7.3039e+01      21259          5  0.000e+00
     21.068    12.9268    12.8615   3.949372   3.950897     3.3228     1.1703     0.9383     0.4334    89.7314    33.6565 9.4862e+02 7.3039e+01      21260          5  0.000e+00
     21.068    12.8975    12.8451   3.946433   3.946710     3.3228     1.1826     0.9383     0.4334    89.7314    33.6547 9.4862e+02 7.3039e+01      21261          5  0.000e+00
     21.131    12.8723    12.8281   3.944335   3.941264     3.3228     1.1703     0.9383     0.4334    89.7314    33.6571 9.4862e+02 7.3039e+01      21262          5  0.000e+00
     21.092    12.8372    12.8374   3.940833   3.937770     3.3228     1.1703     0.9383     0.4322    89.7581    33.6550 9.4862e+02 7.3039e+01      21263          5  0.000e+00
     21.068    12.7977    12.8892   3.936788   3.938387     3.3241     1.1703     0.9383     0.4322    89.7581    33.6517 9.4671e+02 7.3039e+01      21264          5  0.000e+00
     21.131    12.7552    12.9420   3.933616   3.945751     3.3241     1.1703     0.9383     0.4334    89.7314    33.6593 9.4671e+02 7.3039e+01      21265          5  0.000e+00
     21.188    12.2719    12.2891   3.871730   3.882287     3.3131     1.1948     0.9505     0.4346    89.7047    33.4976 9.5053e+02 7.2222e+01      21467          6  0.000e+00
     21.188    12.2714    12.2676   3.875252   3.881744     3.3131     1.2070     0.9505     0.4358    89.6780    33.5320 9.5053e+02 7.2222e+01      21468          6  0.000e+00
     21.156    12.2827    12.2750   3.875927   3.877651     3.3131     1.1948     0.9505     0.4394    89.5978    33.5284 9.5053e+02 7.2222e+01      21469          6  0.000e+00
     21.251    12.3079    12.2406   3.877430   3.876093     3.3131     1.2070     0.9505     0.4417    89.5444    33.5203 9.5053e+02 7.2222e+01      21470          6  0.000e+00
     21.133    12.3096    12.2488   3.881075   3.874699     3.3119     1.2070     0.9505     0.4405    89.5711    33.5539 9.5053e+02 7.2222e+01      21471          6  0.000e+00
     21.133    12.3856    12.2581   3.889727   3.873424     3.3119     1.1948     0.9505     0.4429    89.5177    33.5692 9.5053e+02 7.2222e+01      21472          6  0.000e+00
     21.274    12.4604    12.2634   3.899869   3.878495     3.3094     1.1948     0.9505     0.4441    89.4910    33.5996 9.5053e+02 7.2222e+01      21473          6  0.000e+00
     21.133    12.5162    12.2962   3.907835   3.880970     3.3094     1.1948     0.9505     0.4441    89.4910    33.6263 9.5053e+02 7.2222e+01      21474          6  0.000e+00
     21.251    12.5804    12.2649   3.913569   3.882388     3.3082     1.1948     0.9505     0.4417    89.5444    33.6238 9.5053e+02 7.2222e+01      21475          6  0.000e+00
     21.188    12.6263    12.2724   3.917495   3.880255     3.3070     1.1948     0.9505     0.4394    89.5978    33.6204 9.5053e+02 7.2019e+01      21476          6  0.000e+00
     21.156    12.6540    12.3499   3.920586   3.875755     3.3058     1.2070     0.9505     0.4358    89.6780    33.6252 9.5053e+02 7.2019e+01      21477          6  0.000e+00
     21.188    12.6939    12.3860   3.924016   3.880969     3.3045     1.1948     0.9505     0.4358    89.6780    33.6223 9.5053e+02 7.2019e+01      21478          6  0.000e+00
     21.188    12.7175    12.3916   3.926878   3.887918     3.3033     1.1948     0.9505     0.4358    89.6780    33.6286 9.4862e+02 7.2019e+01      21479          6  0.000e+00
     21.188    12.7249    12.3629   3.927672   3.888367     3.3033     1.1948     0.9505     0.4358    89.6780    33.6296 9.5053e+02 7.1817e+01      21480          6  0.000e+00
     21.211    12.7332    12.2880   3.928030   3.886477     3.3021     1.1948     0.9505     0.4358    89.6780    33.6256 9.4862e+02 7.1817e+01      21481          6  0.000e+00
     21.188    12.7502    12.2365   3.929183   3.878023     3.3021     1.1948     0.9505     0.4358    89.6780    33.6214 9.4862e+02 7.1817e+01      21482          6  0.000e+00
     21.188    12.7539    12.2204   3.928113   3.870551     3.3021     1.1948     0.9505     0.4358    89.6780    33.6080 9.4862e+02 7.1817e+01      21483          6  0.000e+00
     21.251    12.7258    12.2149   3.924163   3.867548     3.3021     1.1948     0.9505     0.4358    89.6780    33.5953 9.4862e+02 7.1817e+01      21484          6  0.000e+00
     21.156    12.6809    12.1823   3.920048   3.864481     3.3021     1.2070     0.9505     0.4358    89.6780    33.5960 9.4862e+02 7.1817e+01      21485          6  0.000e+00
     21.188    12.6493    12.1172   3.917636   3.861623     3.3021     1.2070     0.9505     0.4382    89.6245    33.6011 9.4862e+02 7.1615e+01      21486          6  0.000e+00
     21.251    12.6243    12.0794   3.914706   3.858187     3.3021     1.1948     0.9505     0.4394    89.5978    33.5955 9.4862e+02 7.1615e+01      21487          6  0.000e+00
     21.188    12.5694    12.0672   3.911625   3.854457     3.3021     1.2070     0.9688     0.4394    89.5978    33.6150 9.4671e+02 7.1615e+01      21488          6  0.000e+00
     21.156    12.5856    12.0579   3.911024   3.852143     3.3021     1.2070     0.9871     0.4382    89.6245    33.5948 9.4862e+02 7.1615e+01      21489          6  0.000e+00
     21.188    12.5924    12.0491   3.911407   3.851124     3.3033     1.2070     0.9810     0.4382    89.6245    33.5924 9.4671e+02 7.1414e+01      21490          6  0.000e+00
     21.251    12.5994    12.0357   3.911637   3.850159     3.3045     1.2070     0.9810     0.4394    89.5978    33.5883 9.4862e+02 7.1414e+01      21491          6  0.000e+00
     21.157    12.5975    12.0208   3.911740   3.849370     3.3045     1.2070     0.9871     0.4417    89.5444    33.5910 9.4671e+02 7.1414e+01      21492          6  0.000e+00
