Ship_data/Irminger/Irminger-3/ctd/process/ar0701003.ros
* Sea-Bird SBE 9 Data File:
* FileName = D:\Data\ar0701003.hdr
* Software Version Seasave V 7.23.2
* Temperature SN = 4406
* Conductivity SN = 3042
* Number of Bytes Per Scan = 44
* Number of Voltage Words = 5
* Number of Scans Averaged by the Deck Unit = 1
* NMEA Latitude = 51 58.27 N
* NMEA Longitude = 045 45.89 W
* NMEA UTC (Time) = Jul 06 2016  14:10:07
**  Release test
** Chief Scientist: George Tupper
** Station ID 003
# nquan = 16
# nvalues = 49                                    
# units = specified
# name 0 = prDM: Pressure, Digiquartz [db]
# name 1 = t090C: Temperature [ITS-90, deg C]
# name 2 = t190C: Temperature, 2 [ITS-90, deg C]
# name 3 = c0S/m: Conductivity [S/m]
# name 4 = c1S/m: Conductivity, 2 [S/m]
# name 5 = sbeox0V: Oxygen raw, SBE 43 [V]
# name 6 = flECO-AFL: Fluorescence, WET Labs ECO-AFL/FL [mg/m^3]
# name 7 = turbWETntu0: Turbidity, WET Labs ECO [NTU]
# name 8 = CStarAt0: Beam Attenuation, WET Labs C-Star [1/m]
# name 9 = CStarTr0: Beam Transmission, WET Labs C-Star [%]
# name 10 = sal00: Salinity, Practical [PSU]
# name 11 = spar: SPAR/Surface Irradiance
# name 12 = par: PAR/Irradiance, Biospherical/Licor
# name 13 = scan: Scan Count
# name 14 = nbf: Bottles Fired
# name 15 = flag:  0.000e+00
# interval = seconds: 0.0416667
# start_time = Jul 06 2016 14:11:28 [NMEA time, first data scan]
# bad_flag = -9.990e-29
*END*
   2540.417     2.8885     2.8881   3.258006   3.257585     2.1529     0.0348     0.9200     0.1264    96.8902    34.9245 7.2721e+02 9.5400e-02      97235          1  0.000e+00
   2540.368     2.8887     2.8881   3.258024   3.257635     2.1529     0.0348     0.9200     0.1264    96.8902    34.9245 7.2721e+02 9.5400e-02      97236          1  0.000e+00
   2540.417     2.8884     2.8881   3.258035   3.257646     2.1529     0.0348     0.9200     0.1264    96.8902    34.9249 7.2530e+02 9.5400e-02      97237          1  0.000e+00
   2540.475     2.8883     2.8882   3.258018   3.257618     2.1529     0.0348     0.9200     0.1264    96.8902    34.9249 7.2530e+02 9.5400e-02      97238          1  0.000e+00
   2540.417     2.8884     2.8881   3.258024   3.257635     2.1529     0.0348     0.9200     0.1264    96.8902    34.9248 7.2530e+02 9.5400e-02      97239          1  0.000e+00
   2540.475     2.8885     2.8883   3.258035   3.257618     2.1529     0.0470     0.9200     0.1264    96.8902    34.9248 7.2721e+02 9.5400e-02      97240          1  0.000e+00
   2540.425     2.8883     2.8883   3.258077   3.257635     2.1529     0.0470     0.9200     0.1264    96.8902    34.9256 7.2721e+02 9.5400e-02      97241          1  0.000e+00
   2540.475     2.8884     2.8885   3.258077   3.257674     2.1529     0.0470     0.9200     0.1264    96.8902    34.9254 7.2721e+02 9.5400e-02      97242          1  0.000e+00
   2540.475     2.8885     2.8884   3.258024   3.257618     2.1529     0.0470     0.9200     0.1264    96.8902    34.9246 7.2530e+02 9.5400e-02      97243          1  0.000e+00
   2540.417     2.8887     2.8883   3.258006   3.257668     2.1529     0.0470     0.9200     0.1264    96.8902    34.9243 7.2530e+02 9.5400e-02      97244          1  0.000e+00
   2540.475     2.8887     2.8885   3.258018   3.257618     2.1529     0.0470     0.9200     0.1264    96.8902    34.9244 7.2530e+02 9.5400e-02      97245          1  0.000e+00
   2540.491     2.8890     2.8885   3.257988   3.257668     2.1529     0.0470     0.9200     0.1264    96.8902    34.9237 7.2530e+02 9.5400e-02      97246          1  0.000e+00
   2540.475     2.8888     2.8885   3.257994   3.257646     2.1529     0.0470     0.9200     0.1253    96.9169    34.9241 7.2530e+02 9.5400e-02      97247          1  0.000e+00
   2540.475     2.8890     2.8886   3.258047   3.257585     2.1529     0.0470     0.9200     0.1264    96.8902    34.9244 7.2721e+02 9.5400e-02      97248          1  0.000e+00
   2540.417     2.8889     2.8887   3.258047   3.257607     2.1529     0.0470     0.9200     0.1264    96.8902    34.9246 7.2530e+02 9.5400e-02      97249          1  0.000e+00
   2540.417     2.8890     2.8886   3.258053   3.257618     2.1529     0.0470     0.9200     0.1264    96.8902    34.9245 7.2530e+02 9.5400e-02      97250          1  0.000e+00
   2540.491     2.8890     2.8886   3.258024   3.257635     2.1529     0.0470     0.9200     0.1264    96.8902    34.9241 7.2530e+02 9.5400e-02      97251          1  0.000e+00
   2540.417     2.8890     2.8889   3.258024   3.257646     2.1554     0.0470     0.9200     0.1264    96.8902    34.9241 7.2530e+02 9.5400e-02      97252          1  0.000e+00
   2540.418     2.8892     2.8886   3.258053   3.257646     2.1529     0.0470     0.9200     0.1264    96.8902    34.9243 7.2721e+02 9.5400e-02      97253          1  0.000e+00
   2540.418     2.8890     2.8887   3.258047   3.257635     2.1529     0.0470     0.9200     0.1264    96.8902    34.9244 7.2530e+02 9.5400e-02      97254          1  0.000e+00
   2540.368     2.8890     2.8888   3.258053   3.257618     2.1529     0.0470     0.9200     0.1264    96.8902    34.9245 7.2530e+02 9.5400e-02      97255          1  0.000e+00
   2540.418     2.8890     2.8889   3.258047   3.257635     2.1529     0.0470     0.9200     0.1264    96.8902    34.9244 7.2530e+02 9.5400e-02      97256          1  0.000e+00
   2540.352     2.8889     2.8888   3.258035   3.257673     2.1529     0.0470     0.9200     0.1264    96.8902    34.9245 7.2530e+02 9.5400e-02      97257          1  0.000e+00
   2540.352     2.8892     2.8889   3.258018   3.257646     2.1529     0.0470     0.9200     0.1264    96.8902    34.9239 7.2530e+02 9.5400e-02      97258          1  0.000e+00
   2540.286     2.8887     2.8890   3.257976   3.257668     2.1529     0.0470     0.9200     0.1264    96.8902    34.9240 7.2530e+02 9.5400e-02      97259          1  0.000e+00
   2540.368     2.8889     2.8889   3.258018   3.257646     2.1529     0.0470     0.9200     0.1264    96.8902    34.9243 7.2530e+02 9.5400e-02      97260          1  0.000e+00
   2540.229     2.8887     2.8889   3.258035   3.257668     2.1529     0.0470     0.9200     0.1264    96.8902    34.9247 7.2530e+02 9.5400e-02      97261          1  0.000e+00
   2540.287     2.8890     2.8888   3.258035   3.257618     2.1529     0.0470     0.9200     0.1264    96.8902    34.9243 7.2530e+02 9.5400e-02      97262          1  0.000e+00
   2540.229     2.8889     2.8886   3.258035   3.257635     2.1529     0.0470     0.9200     0.1264    96.8902    34.9245 7.2530e+02 9.5400e-02      97263          1  0.000e+00
   2540.229     2.8889     2.8888   3.258018   3.257673     2.1529     0.0470     0.9200     0.1264    96.8902    34.9243 7.2530e+02 9.5400e-02      97264          1  0.000e+00
   2540.180     2.8889     2.8888   3.257988   3.257646     2.1529     0.0348     0.9138     0.1264    96.8902    34.9240 7.2530e+02 9.5400e-02      97265          1  0.000e+00
   2540.164     2.8887     2.8886   3.258018   3.257635     2.1516     0.0348     0.9138     0.1264    96.8902    34.9245 7.2530e+02 9.5400e-02      97266          1  0.000e+00
   2540.164     2.8889     2.8886   3.258035   3.257646     2.1529     0.0348     0.9138     0.1264    96.8902    34.9246 7.2530e+02 9.5400e-02      97267          1  0.000e+00
   2540.164     2.8887     2.8888   3.258035   3.257635     2.1529     0.0348     0.9138     0.1264    96.8902    34.9248 7.2530e+02 9.5400e-02      97268          1  0.000e+00
   2540.032     2.8889     2.8888   3.258053   3.257673     2.1529     0.0348     0.9138     0.1264    96.8902    34.9249 7.2530e+02 9.5400e-02      97269          1  0.000e+00
   2540.049     2.8887     2.8888   3.258047   3.257646     2.1529     0.0348     0.9138     0.1264    96.8902    34.9249 7.2530e+02 9.5400e-02      97270          1  0.000e+00
   2540.098     2.8885     2.8888   3.258035   3.257635     2.1529     0.0348     0.9138     0.1264    96.8902    34.9250 7.2530e+02 9.5400e-02      97271          1  0.000e+00
   2540.033     2.8885     2.8888   3.258035   3.257618     2.1529     0.0348     0.9138     0.1264    96.8902    34.9250 7.2339e+02 9.5400e-02      97272          1  0.000e+00
   2539.975     2.8889     2.8888   3.258029   3.257635     2.1529     0.0348     0.9138     0.1264    96.8902    34.9246 7.2530e+02 9.5400e-02      97273          1  0.000e+00
   2539.975     2.8887     2.8888   3.257970   3.257646     2.1529     0.0348     0.9138     0.1264    96.8902    34.9241 7.2530e+02 9.5400e-02      97274          1  0.000e+00
   2539.926     2.8885     2.8887   3.257964   3.257646     2.1529     0.0348     0.9138     0.1264    96.8902    34.9242 7.2530e+02 9.5400e-02      97275          1  0.000e+00
   2539.910     2.8885     2.8888   3.257976   3.257635     2.1529     0.0348     0.9138     0.1264    96.8902    34.9243 7.2530e+02 9.5400e-02      97276          1  0.000e+00
   2539.910     2.8885     2.8888   3.257994   3.257646     2.1516     0.0348     0.9138     0.1264    96.8902    34.9245 7.2530e+02 9.5400e-02      97277          1  0.000e+00
   2539.844     2.8887     2.8889   3.258023   3.257635     2.1529     0.0348     0.9138     0.1264    96.8902    34.9248 7.2530e+02 9.5400e-02      97278          1  0.000e+00
   2539.844     2.8889     2.8886   3.258035   3.257646     2.1529     0.0348     0.9138     0.1264    96.8902    34.9247 7.2530e+02 9.5400e-02      97279          1  0.000e+00
   2539.795     2.8887     2.8888   3.258017   3.257646     2.1529     0.0348     0.9138     0.1264    96.8902    34.9247 7.2530e+02 9.5400e-02      97280          1  0.000e+00
   2539.844     2.8889     2.8887   3.258023   3.257607     2.1529     0.0348     0.9138     0.1264    96.8902    34.9246 7.2339e+02 9.5400e-02      97281          1  0.000e+00
   2539.721     2.8889     2.8886   3.258017   3.257618     2.1529     0.0348     0.9138     0.1264    96.8902    34.9246 7.2530e+02 9.5400e-02      97282          1  0.000e+00
   2539.787     2.8890     2.8889   3.258047   3.257635     2.1529     0.0348     0.9138     0.1264    96.8902    34.9247 7.2530e+02 9.5400e-02      97283          1  0.000e+00
