Ship_data/Irminger/Irminger-3/ctd/process/dar0701007.cnv
* Sea-Bird SBE 9 Data File:
* FileName = D:\Data\ar0701007.hdr
* Software Version Seasave V 7.23.2
* Temperature SN = 4406
* Conductivity SN = 3042
* Number of Bytes Per Scan = 44
* Number of Voltage Words = 5
* Number of Scans Averaged by the Deck Unit = 1
* NMEA Latitude = 59 58.33 N
* NMEA Longitude = 039 30.33 W
* NMEA UTC (Time) = Jul 11 2016  19:24:31
** Site Irminger Hybrid profiler mooring
** G. Tupper Tupper
** Station # 007
# nquan = 19
# nvalues = 2577                        
# units = specified
# name 0 = prDM: Pressure, Digiquartz [db]
# name 1 = t090C: Temperature [ITS-90, deg C]
# name 2 = t190C: Temperature, 2 [ITS-90, deg C]
# name 3 = c0S/m: Conductivity [S/m]
# name 4 = c1S/m: Conductivity, 2 [S/m]
# name 5 = sbeox0V: Oxygen raw, SBE 43 [V]
# name 6 = flECO-AFL: Fluorescence, WET Labs ECO-AFL/FL [mg/m^3]
# name 7 = turbWETntu0: Turbidity, WET Labs ECO [NTU]
# name 8 = CStarAt0: Beam Attenuation, WET Labs C-Star [1/m]
# name 9 = CStarTr0: Beam Transmission, WET Labs C-Star [%]
# name 10 = sal00: Salinity, Practical [PSU]
# name 11 = spar: SPAR/Surface Irradiance
# name 12 = par: PAR/Irradiance, Biospherical/Licor
# name 13 = depSM: Depth [salt water, m], lat = 59.9722
# name 14 = sal00: Salinity, Practical [PSU]
# name 15 = sal11: Salinity, Practical, 2 [PSU]
# name 16 = sbeox0ML/L: Oxygen, SBE 43 [ml/l], WS = 2
# name 17 = svCM: Sound Velocity [Chen-Millero, m/s]
# name 18 = flag: flag
# span 0 =      6.057,   2622.838       
# span 1 =     1.5447,     9.2459       
# span 2 =     1.5444,     9.2662       
# span 3 =   3.141292,   3.723464       
# span 4 =   3.140923,   3.724982       
# span 5 =     2.2030,     3.4765       
# span 6 =     0.0097,     3.2682       
# span 7 =     0.8854,     1.1522       
# span 8 =     0.1279,     0.7610       
# span 9 =    82.6760,    96.8528       
# span 10 =    34.8458,    34.9333      
# span 11 = 2.2751e+02, 5.0174e+02      
# span 12 = 9.5399e-02, 9.5490e-02      
# span 13 =      6.000,   2582.000      
# span 14 =    34.8458,    34.9333      
# span 15 =    34.8428,    34.9291      
# span 16 =     6.0750,     7.0000      
# span 17 =    1468.04,    1500.29      
# span 18 = 0.0000e+00, 0.0000e+00      
# interval = meters: 1                  
# start_time = Jul 11 2016 19:29:37 [NMEA time, first data scan]
# bad_flag = -9.990e-29
*END*
[from data line 1677]
   1705.959     3.4602     3.4600   3.275922   3.275560     2.3541     0.0348     0.9288     0.1299    96.8051    34.9313 3.4859e+02 9.5400e-02   1683.000    34.9313    34.9272     6.0915    1492.48 0.0000e+00
   1706.976     3.4599     3.4598   3.275945   3.275597     2.3537     0.0348     0.9223     0.1293    96.8183    34.9313 3.4780e+02 9.5400e-02   1684.000    34.9313    34.9273     6.0910    1492.49 0.0000e+00
   1707.994     3.4586     3.4583   3.275874   3.275514     2.3538     0.0348     0.9295     0.1291    96.8235    34.9313 3.4767e+02 9.5400e-02   1685.000    34.9313    34.9273     6.0923    1492.51 0.0000e+00
   1709.012     3.4572     3.4571   3.275786   3.275431     2.3537     0.0290     0.9214     0.1294    96.8157    34.9313 3.4763e+02 9.5400e-02   1686.000    34.9313    34.9272     6.0929    1492.52 0.0000e+00
   1710.030     3.4557     3.4555   3.275690   3.275342     2.3533     0.0427     0.9318     0.1292    96.8224    34.9312 3.4730e+02 9.5400e-02   1687.000    34.9312    34.9273     6.0926    1492.53 0.0000e+00
   1711.047     3.4544     3.4542   3.275620   3.275269     2.3535     0.0372     0.9223     0.1286    96.8355    34.9313 3.4844e+02 9.5400e-02   1688.000    34.9313    34.9273     6.0945    1492.54 0.0000e+00
   1712.065     3.4532     3.4530   3.275555   3.275201     2.3534     0.0349     0.9200     0.1304    96.7914    34.9313 3.4839e+02 9.5400e-02   1689.000    34.9313    34.9273     6.0952    1492.55 0.0000e+00
   1713.083     3.4527     3.4525   3.275538   3.275191     2.3533     0.0348     0.9237     0.1303    96.7944    34.9311 3.4819e+02 9.5400e-02   1690.000    34.9311    34.9272     6.0957    1492.57 0.0000e+00
   1714.101     3.4521     3.4520   3.275542   3.275188     2.3534     0.0326     0.9320     0.1301    96.8002    34.9312 3.4825e+02 9.5400e-02   1691.000    34.9312    34.9272     6.0968    1492.58 0.0000e+00
   1715.119     3.4520     3.4519   3.275564   3.275215     2.3525     0.0304     0.9326     0.1286    96.8356    34.9311 3.4587e+02 9.5400e-02   1692.000    34.9311    34.9272     6.0948    1492.60 0.0000e+00
   1716.136     3.4510     3.4508   3.275510   3.275153     2.3521     0.0392     0.9252     0.1288    96.8314    34.9311 3.4690e+02 9.5400e-02   1693.000    34.9311    34.9271     6.0941    1492.61 0.0000e+00
   1717.154     3.4492     3.4490   3.275393   3.275041     2.3519     0.0410     0.9335     0.1291    96.8247    34.9310 3.4700e+02 9.5400e-02   1694.000    34.9310    34.9271     6.0946    1492.62 0.0000e+00
   1718.172     3.4483     3.4481   3.275364   3.274994     2.3509     0.0329     0.9275     0.1297    96.8104    34.9313 3.4644e+02 9.5400e-02   1695.000    34.9313    34.9271     6.0921    1492.63 0.0000e+00
   1719.190     3.4479     3.4477   3.275368   3.275020     2.3510     0.0224     0.9285     0.1296    96.8127    34.9312 3.4779e+02 9.5400e-02   1696.000    34.9312    34.9273     6.0933    1492.65 0.0000e+00
   1720.207     3.4472     3.4470   3.275365   3.275000     2.3506     0.0340     0.9286     0.1294    96.8163    34.9314 3.4783e+02 9.5400e-02   1697.000    34.9314    34.9273     6.0928    1492.66 0.0000e+00
   1721.225     3.4469     3.4467   3.275383   3.275013     2.3502     0.0415     0.9281     0.1293    96.8189    34.9314 3.4770e+02 9.5400e-02   1698.000    34.9314    34.9272     6.0924    1492.68 0.0000e+00
   1722.243     3.4467     3.4466   3.275404   3.275048     2.3502     0.0406     0.9252     0.1292    96.8227    34.9314 3.4774e+02 9.5400e-02   1699.000    34.9314    34.9273     6.0932    1492.69 0.0000e+00
   1723.261     3.4458     3.4458   3.275345   3.275012     2.3499     0.0311     0.9242     0.1300    96.8034    34.9312 3.4648e+02 9.5400e-02   1700.000    34.9312    34.9272     6.0932    1492.71 0.0000e+00
   1724.279     3.4446     3.4450   3.275272   3.274996     2.3494     0.0357     0.9250     0.1292    96.8215    34.9311 3.4617e+02 9.5400e-02   1701.000    34.9311    34.9273     6.0926    1492.72 0.0000e+00
   1725.297     3.4404     3.4405   3.274938   3.274624     2.3494     0.0343     0.9274     0.1293    96.8201    34.9310 3.4701e+02 9.5400e-02   1702.000    34.9310    34.9272     6.0941    1492.72 0.0000e+00
   1726.314     3.4393     3.4394   3.274892   3.274549     2.3489     0.0225     0.9199     0.1294    96.8161    34.9311 3.4738e+02 9.5400e-02   1703.000    34.9311    34.9270     6.0933    1492.73 0.0000e+00
   1727.332     3.4392     3.4391   3.274916   3.274567     2.3488     0.0344     0.9272     0.1305    96.7908    34.9310 3.4738e+02 9.5400e-02   1704.000    34.9310    34.9269     6.0939    1492.75 0.0000e+00
   1728.350     3.4386     3.4382   3.274897   3.274527     2.3486     0.0462     0.9320     0.1289    96.8292    34.9309 3.4605e+02 9.5400e-02   1705.000    34.9309    34.9270     6.0940    1492.76 0.0000e+00
   1729.368     3.4377     3.4374   3.274856   3.274495     2.3488     0.0367     0.9286     0.1287    96.8346    34.9309 3.4588e+02 9.5400e-02   1706.000    34.9309    34.9269     6.0956    1492.77 0.0000e+00
   1730.386     3.4373     3.4371   3.274861   3.274496     2.3483     0.0348     0.9281     0.1298    96.8078    34.9309 3.4547e+02 9.5400e-02   1707.000    34.9309    34.9268     6.0948    1492.79 0.0000e+00
   1731.403     3.4367     3.4366   3.274834   3.274486     2.3478     0.0352     0.9275     0.1289    96.8298    34.9307 3.4553e+02 9.5400e-02   1708.000    34.9307    34.9266     6.0941    1492.80 0.0000e+00
   1732.421     3.4355     3.4352   3.274758   3.274397     2.3475     0.0348     0.9275     0.1286    96.8353    34.9305 3.4677e+02 9.5400e-02   1709.000    34.9305    34.9265     6.0938    1492.82 0.0000e+00
   1733.439     3.4326     3.4324   3.274517   3.274184     2.3474     0.0348     0.9277     0.1292    96.8217    34.9303 3.4713e+02 9.5400e-02   1710.000    34.9303    34.9265     6.0948    1492.82 0.0000e+00
   1734.457     3.4287     3.4286   3.274199   3.273888     2.3473     0.0348     0.9153     0.1294    96.8177    34.9301 3.4684e+02 9.5400e-02   1711.000    34.9301    34.9265     6.0962    1492.82 0.0000e+00
   1735.475     3.4208     3.4205   3.273461   3.273174     2.3473     0.0348     0.9234     0.1287    96.8337    34.9292 3.4569e+02 9.5400e-02   1712.000    34.9292    34.9261     6.0982    1492.80 0.0000e+00
   1736.493     3.4172     3.4170   3.273178   3.272833     2.3465     0.0348     0.9241     0.1291    96.8249    34.9292 3.4422e+02 9.5400e-02   1713.000    34.9292    34.9252     6.0970    1492.81 0.0000e+00
   1737.511     3.4163     3.4163   3.273131   3.272786     2.3459     0.0348     0.9232     0.1286    96.8353    34.9290 3.4552e+02 9.5400e-02   1714.000    34.9290    34.9250     6.0959    1492.82 0.0000e+00
   1738.529     3.4163     3.4162   3.273153   3.272811     2.3447     0.0348     0.9227     0.1286    96.8367    34.9288 3.4558e+02 9.5400e-02   1715.000    34.9288    34.9249     6.0926    1492.83 0.0000e+00
   1739.547     3.4158     3.4156   3.273153   3.272801     2.3436     0.0372     0.9336     0.1288    96.8307    34.9288 3.4590e+02 9.5400e-02   1716.000    34.9288    34.9248     6.0894    1492.85 0.0000e+00
   1740.564     3.4153     3.4152   3.273146   3.272795     2.3426     0.0419     0.9274     0.1292    96.8221    34.9287 3.4551e+02 9.5400e-02   1717.000    34.9287    34.9247     6.0870    1492.86 0.0000e+00
   1741.582     3.4127     3.4125   3.272940   3.272612     2.3420     0.0346     0.9311     0.1285    96.8382    34.9286 3.4517e+02 9.5400e-02   1718.000    34.9286    34.9249     6.0863    1492.87 0.0000e+00
   1742.600     3.4113     3.4112   3.272868   3.272520     2.3414     0.0348     0.9240     0.1289    96.8291    34.9287 3.4511e+02 9.5400e-02   1719.000    34.9287    34.9247     6.0852    1492.88 0.0000e+00
   1743.618     3.4110     3.4109   3.272867   3.272523     2.3413     0.0348     0.9234     0.1295    96.8132    34.9285 3.4547e+02 9.5400e-02   1720.000    34.9285    34.9245     6.0855    1492.90 0.0000e+00
   1744.636     3.4106     3.4104   3.272874   3.272522     2.3407     0.0372     0.9257     0.1286    96.8363    34.9286 3.4575e+02 9.5400e-02   1721.000    34.9286    34.9246     6.0845    1492.91 0.0000e+00
   1745.654     3.4097     3.4096   3.272836   3.272490     2.3404     0.0469     0.9200     0.1286    96.8367    34.9285 3.4531e+02 9.5400e-02   1722.000    34.9285    34.9245     6.0845    1492.93 0.0000e+00
   1746.672     3.4094     3.4092   3.272843   3.272485     2.3400     0.0470     0.9200     0.1288    96.8319    34.9284 3.4587e+02 9.5400e-02   1723.000    34.9284    34.9244     6.0838    1492.94 0.0000e+00
   1747.690     3.4081     3.4080   3.272772   3.272420     2.3392     0.0360     0.9224     0.1285    96.8391    34.9285 3.4499e+02 9.5400e-02   1724.000    34.9285    34.9244     6.0823    1492.95 0.0000e+00
   1748.708     3.4075     3.4074   3.272779   3.272410     2.3388     0.0382     0.9219     0.1285    96.8374    34.9286 3.4407e+02 9.5400e-02   1725.000    34.9286    34.9244     6.0817    1492.97 0.0000e+00
   1749.726     3.4072     3.4070   3.272775   3.272431     2.3388     0.0348     0.9268     0.1286    96.8367    34.9285 3.4482e+02 9.5400e-02   1726.000    34.9285    34.9246     6.0825    1492.98 0.0000e+00
   1750.744     3.4065     3.4063   3.272758   3.272414     2.3388     0.0348     0.9214     0.1286    96.8367    34.9285 3.4520e+02 9.5400e-02   1727.000    34.9285    34.9246     6.0835    1493.00 0.0000e+00
   1751.761     3.4060     3.4059   3.272758   3.272401     2.3388     0.0348     0.9251     0.1289    96.8298    34.9285 3.4517e+02 9.5400e-02   1728.000    34.9285    34.9244     6.0844    1493.01 0.0000e+00
   1752.779     3.4057     3.4055   3.272781   3.272420     2.3386     0.0348     0.9271     0.1291    96.8240    34.9287 3.4547e+02 9.5400e-02   1729.000    34.9287    34.9246     6.0846    1493.03 0.0000e+00
   1753.797     3.4055     3.4054   3.272819   3.272451     2.3381     0.0348     0.9268     0.1292    96.8224    34.9288 3.4533e+02 9.5400e-02   1730.000    34.9288    34.9246     6.0836    1493.04 0.0000e+00
   1754.815     3.4061     3.4059   3.272925   3.272563     2.3383     0.0428     0.9271     0.1290    96.8263    34.9289 3.4490e+02 9.5400e-02   1731.000    34.9289    34.9248     6.0850    1493.06 0.0000e+00
   1755.833     3.4081     3.4079   3.273187   3.272816     2.3380     0.0396     0.9189     0.1292    96.8212    34.9294 3.4492e+02 9.5400e-02   1732.000    34.9294    34.9252     6.0842    1493.09 0.0000e+00
   1756.851     3.4089     3.4087   3.273318   3.272961     2.3385     0.0470     0.9280     0.1294    96.8171    34.9296 3.4363e+02 9.5400e-02   1733.000    34.9296    34.9256     6.0867    1493.11 0.0000e+00
   1757.869     3.4091     3.4089   3.273392   3.273036     2.3386     0.0342     0.9280     0.1288    96.8313    34.9298 3.4356e+02 9.5400e-02   1734.000    34.9298    34.9258     6.0878    1493.13 0.0000e+00
   1758.887     3.4101     3.4099   3.273569   3.273203     2.3387     0.0348     0.9269     0.1288    96.8304    34.9304 3.4394e+02 9.5400e-02   1735.000    34.9304    34.9262     6.0888    1493.15 0.0000e+00
   1759.905     3.4101     3.4099   3.273631   3.273272     2.3380     0.0452     0.9319     0.1292    96.8212    34.9306 3.4447e+02 9.5400e-02   1736.000    34.9306    34.9265     6.0873    1493.17 0.0000e+00
   1760.923     3.4098     3.4097   3.273673   3.273308     2.3381     0.0346     0.9297     0.1289    96.8280    34.9309 3.4549e+02 9.5400e-02   1737.000    34.9309    34.9267     6.0884    1493.19 0.0000e+00
   1761.941     3.4095     3.4093   3.273664   3.273305     2.3379     0.0295     0.9292     0.1287    96.8330    34.9307 3.4556e+02 9.5400e-02   1738.000    34.9307    34.9266     6.0885    1493.20 0.0000e+00
   1762.959     3.4092     3.4090   3.273679   3.273325     2.3378     0.0426     0.9321     0.1291    96.8249    34.9306 3.4528e+02 9.5400e-02   1739.000    34.9306    34.9267     6.0892    1493.22 0.0000e+00
   1763.977     3.4091     3.4090   3.273720   3.273364     2.3379     0.0394     0.9298     0.1288    96.8325    34.9307 3.4347e+02 9.5400e-02   1740.000    34.9307    34.9266     6.0903    1493.23 0.0000e+00
   1764.995     3.4090     3.4089   3.273781   3.273420     2.3380     0.0344     0.9246     0.1288    96.8313    34.9310 3.4344e+02 9.5400e-02   1741.000    34.9310    34.9269     6.0916    1493.25 0.0000e+00
   1766.013     3.4088     3.4086   3.273800   3.273431     2.3379     0.0348     0.9239     0.1290    96.8259    34.9310 3.4367e+02 9.5400e-02   1742.000    34.9310    34.9269     6.0919    1493.27 0.0000e+00
   1767.031     3.4088     3.4086   3.273837   3.273480     2.3385     0.0361     0.9317     0.1293    96.8192    34.9310 3.4415e+02 9.5400e-02   1743.000    34.9310    34.9270     6.0950    1493.28 0.0000e+00
   1768.049     3.4084     3.4083   3.273849   3.273495     2.3381     0.0474     0.9196     0.1314    96.7678    34.9310 3.4392e+02 9.5400e-02   1744.000    34.9310    34.9270     6.0942    1493.30 0.0000e+00
   1769.067     3.4059     3.4056   3.273659   3.273308     2.3385     0.0235     0.9271     0.1303    96.7941    34.9310 3.4446e+02 9.5400e-02   1745.000    34.9310    34.9270     6.0969    1493.31 0.0000e+00
   1770.085     3.4052     3.4049   3.273635   3.273268     2.3387     0.0225     0.9274     0.1286    96.8352    34.9309 3.4385e+02 9.5400e-02   1746.000    34.9309    34.9268     6.0986    1493.32 0.0000e+00
   1771.103     3.4042     3.4042   3.273577   3.273244     2.3381     0.0320     0.9220     0.1287    96.8331    34.9307 3.4383e+02 9.5400e-02   1747.000    34.9307    34.9268     6.0973    1493.33 0.0000e+00
   1772.121     3.4018     3.4017   3.273396   3.273052     2.3380     0.0269     0.9283     0.1288    96.8310    34.9306 3.4370e+02 9.5400e-02   1748.000    34.9306    34.9267     6.0985    1493.34 0.0000e+00
   1773.140     3.4001     3.3999   3.273279   3.272925     2.3379     0.0421     0.9276     0.1287    96.8330    34.9305 3.4394e+02 9.5400e-02   1749.000    34.9305    34.9265     6.0991    1493.35 0.0000e+00
   1774.158     3.3985     3.3983   3.273185   3.272842     2.3379     0.0470     0.9268     0.1288    96.8306    34.9306 3.4334e+02 9.5400e-02   1750.000    34.9306    34.9267     6.1003    1493.36 0.0000e+00
   1775.176     3.3976     3.3974   3.273175   3.272808     2.3379     0.0241     0.9277     0.1290    96.8258    34.9310 3.4295e+02 9.5400e-02   1751.000    34.9310    34.9268     6.1011    1493.37 0.0000e+00
   1776.194     3.3967     3.3965   3.273126   3.272775     2.3378     0.0226     0.9281     0.1296    96.8111    34.9309 3.4247e+02 9.5400e-02   1752.000    34.9309    34.9269     6.1019    1493.39 0.0000e+00
   1777.212     3.3960     3.3958   3.273108   3.272752     2.3375     0.0313     0.9276     0.1302    96.7977    34.9309 3.4293e+02 9.5400e-02   1753.000    34.9309    34.9269     6.1017    1493.40 0.0000e+00
   1778.230     3.3949     3.3948   3.273050   3.272703     2.3374     0.0347     0.9312     0.1294    96.8165    34.9308 3.4362e+02 9.5400e-02   1754.000    34.9308    34.9268     6.1022    1493.41 0.0000e+00
   1779.248     3.3948     3.3947   3.273083   3.272735     2.3371     0.0253     0.9324     0.1296    96.8112    34.9308 3.4428e+02 9.5400e-02   1755.000    34.9308    34.9268     6.1021    1493.43 0.0000e+00
   1780.266     3.3943     3.3941   3.273074   3.272717     2.3369     0.0226     0.9289     0.1292    96.8219    34.9308 3.4431e+02 9.5400e-02   1756.000    34.9308    34.9267     6.1022    1493.44 0.0000e+00
   1781.284     3.3936     3.3935   3.273057   3.272711     2.3367     0.0329     0.9283     0.1292    96.8222    34.9308 3.4417e+02 9.5400e-02   1757.000    34.9308    34.9268     6.1026    1493.46 0.0000e+00
