Ship_data/Irminger/Irminger-3/ctd/process/dar0701003.cnv
* Sea-Bird SBE 9 Data File:
* FileName = D:\Data\ar0701003.hdr
* Software Version Seasave V 7.23.2
* Temperature SN = 4406
* Conductivity SN = 3042
* Number of Bytes Per Scan = 44
* Number of Voltage Words = 5
* Number of Scans Averaged by the Deck Unit = 1
* NMEA Latitude = 51 58.27 N
* NMEA Longitude = 045 45.89 W
* NMEA UTC (Time) = Jul 06 2016  14:10:07
**  Release test
** Chief Scientist: George Tupper
** Station ID 003
# nquan = 19
# nvalues = 2504                        
# units = specified
# name 0 = prDM: Pressure, Digiquartz [db]
# name 1 = t090C: Temperature [ITS-90, deg C]
# name 2 = t190C: Temperature, 2 [ITS-90, deg C]
# name 3 = c0S/m: Conductivity [S/m]
# name 4 = c1S/m: Conductivity, 2 [S/m]
# name 5 = sbeox0V: Oxygen raw, SBE 43 [V]
# name 6 = flECO-AFL: Fluorescence, WET Labs ECO-AFL/FL [mg/m^3]
# name 7 = turbWETntu0: Turbidity, WET Labs ECO [NTU]
# name 8 = CStarAt0: Beam Attenuation, WET Labs C-Star [1/m]
# name 9 = CStarTr0: Beam Transmission, WET Labs C-Star [%]
# name 10 = sal00: Salinity, Practical [PSU]
# name 11 = spar: SPAR/Surface Irradiance
# name 12 = par: PAR/Irradiance, Biospherical/Licor
# name 13 = depSM: Depth [salt water, m], lat = 51.9712
# name 14 = sal00: Salinity, Practical [PSU]
# name 15 = sal11: Salinity, Practical, 2 [PSU]
# name 16 = sbeox0ML/L: Oxygen, SBE 43 [ml/l], WS = 2
# name 17 = svCM: Sound Velocity [Chen-Millero, m/s]
# name 18 = flag: flag
# span 0 =      3.027,   2543.429       
# span 1 =     2.8867,    10.8852       
# span 2 =     2.8871,    10.8814       
# span 3 =   3.246970,   3.821552       
# span 4 =   3.246733,   3.820712       
# span 5 =     2.1524,     3.3243       
# span 6 =     0.0108,     2.9760       
# span 7 =     0.8851,     1.0889       
# span 8 =     0.1257,     0.7932       
# span 9 =    82.0119,    96.9063       
# span 10 =    34.2777,    34.9384      
# span 11 = 7.3573e+02, 3.3243e+03      
# span 12 = 9.5399e-02, 9.5477e-02      
# span 13 =      3.000,   2506.000      
# span 14 =    34.2777,    34.9384      
# span 15 =    34.2755,    34.9374      
# span 16 =     5.5695,     6.4310      
# span 17 =    1471.15,    1504.13      
# span 18 = 0.0000e+00, 0.0000e+00      
# interval = meters: 1                  
# start_time = Jul 06 2016 14:11:28 [NMEA time, first data scan]
# bad_flag = -9.990e-29
*END*
[from data line 2439]
   2478.097     2.9352     2.9349   3.259743   3.259353     2.1668     0.0374     0.9202     0.1262    96.8931    34.9249 1.1371e+03 9.5400e-02   2442.000    34.9249    34.9205     6.1150    1503.23 0.0000e+00
   2479.118     2.9348     2.9353   3.259768   3.259444     2.1662     0.0479     0.9199     0.1263    96.8926    34.9251 1.1484e+03 9.5400e-02   2443.000    34.9251    34.9207     6.1135    1503.25 0.0000e+00
   2480.138     2.9336     2.9332   3.259693   3.259308     2.1663     0.0470     0.9200     0.1263    96.8918    34.9250 1.1506e+03 9.5400e-02   2444.000    34.9250    34.9208     6.1150    1503.26 0.0000e+00
   2481.159     2.9327     2.9324   3.259648   3.259273     2.1661     0.0368     0.9200     0.1266    96.8839    34.9250 1.1518e+03 9.5400e-02   2445.000    34.9250    34.9208     6.1152    1503.27 0.0000e+00
   2482.180     2.9304     2.9300   3.259488   3.259110     2.1658     0.0257     0.9200     0.1264    96.8901    34.9250 1.1536e+03 9.5400e-02   2446.000    34.9250    34.9209     6.1152    1503.28 0.0000e+00
   2483.200     2.9285     2.9282   3.259355   3.258986     2.1658     0.0467     0.9200     0.1262    96.8939    34.9250 1.1556e+03 9.5400e-02   2447.000    34.9250    34.9208     6.1163    1503.29 0.0000e+00
   2484.221     2.9272     2.9269   3.259272   3.258889     2.1650     0.0364     0.9140     0.1264    96.8901    34.9249 1.1589e+03 9.5400e-02   2448.000    34.9249    34.9206     6.1144    1503.30 0.0000e+00
   2485.242     2.9266     2.9262   3.259257   3.258870     2.1651     0.0425     0.9160     0.1264    96.8886    34.9249 1.1615e+03 9.5400e-02   2449.000    34.9249    34.9206     6.1154    1503.32 0.0000e+00
   2486.263     2.9232     2.9229   3.258984   3.258605     2.1647     0.0388     0.9196     0.1264    96.8900    34.9247 1.1638e+03 9.5400e-02   2450.000    34.9247    34.9204     6.1156    1503.32 0.0000e+00
   2487.283     2.9223     2.9220   3.258939   3.258560     2.1645     0.0370     0.9200     0.1260    96.9003    34.9246 1.1690e+03 9.5400e-02   2451.000    34.9246    34.9204     6.1156    1503.33 0.0000e+00
   2488.304     2.9218     2.9213   3.258946   3.258548     2.1646     0.0348     0.9200     0.1264    96.8900    34.9248 1.1739e+03 9.5400e-02   2452.000    34.9248    34.9205     6.1169    1503.35 0.0000e+00
   2489.325     2.9207     2.9204   3.258874   3.258501     2.1645     0.0348     0.9200     0.1264    96.8902    34.9246 1.1766e+03 9.5400e-02   2453.000    34.9246    34.9205     6.1177    1503.36 0.0000e+00
   2490.345     2.9201     2.9197   3.258873   3.258470     2.1643     0.0348     0.9200     0.1265    96.8876    34.9247 1.1785e+03 9.5400e-02   2454.000    34.9247    34.9203     6.1179    1503.37 0.0000e+00
   2491.366     2.9196     2.9193   3.258845   3.258459     2.1640     0.0348     0.9176     0.1264    96.8900    34.9245 1.1798e+03 9.5400e-02   2455.000    34.9245    34.9202     6.1177    1503.39 0.0000e+00
   2492.387     2.9193     2.9190   3.258850   3.258461     2.1634     0.0490     0.9186     0.1263    96.8914    34.9244 1.1835e+03 9.5400e-02   2456.000    34.9244    34.9200     6.1162    1503.40 0.0000e+00
   2493.408     2.9192     2.9189   3.258909   3.258515     2.1630     0.0468     0.9201     0.1264    96.8888    34.9247 1.1890e+03 9.5400e-02   2457.000    34.9247    34.9203     6.1152    1503.42 0.0000e+00
   2494.428     2.9190     2.9187   3.258922   3.258527     2.1632     0.0470     0.9263     0.1265    96.8858    34.9246 1.1918e+03 9.5400e-02   2458.000    34.9246    34.9202     6.1169    1503.44 0.0000e+00
   2495.449     2.9188     2.9184   3.258937   3.258540     2.1630     0.0386     0.9218     0.1261    96.8978    34.9245 1.1945e+03 9.5400e-02   2459.000    34.9245    34.9201     6.1170    1503.45 0.0000e+00
   2496.470     2.9191     2.9185   3.259004   3.258582     2.1629     0.0397     0.9200     0.1274    96.8663    34.9246 1.1962e+03 9.5400e-02   2460.000    34.9246    34.9201     6.1173    1503.47 0.0000e+00
   2497.491     2.9191     2.9187   3.259033   3.258635     2.1629     0.0381     0.9200     0.1264    96.8894    34.9244 1.1965e+03 9.5400e-02   2461.000    34.9244    34.9201     6.1182    1503.49 0.0000e+00
   2498.511     2.9192     2.9190   3.259080   3.258699     2.1626     0.0308     0.9200     0.1260    96.8987    34.9244 1.2012e+03 9.5400e-02   2462.000    34.9244    34.9200     6.1179    1503.51 0.0000e+00
   2499.532     2.9189     2.9188   3.259098   3.258713     2.1620     0.0409     0.9200     0.1259    96.9019    34.9244 1.2066e+03 9.5400e-02   2463.000    34.9244    34.9199     6.1164    1503.52 0.0000e+00
   2500.553     2.9169     2.9166   3.258952   3.258581     2.1619     0.0396     0.9200     0.1258    96.9030    34.9244 1.2092e+03 9.5400e-02   2464.000    34.9244    34.9202     6.1170    1503.53 0.0000e+00
   2501.574     2.9162     2.9158   3.258941   3.258540     2.1618     0.0412     0.9234     0.1264    96.8903    34.9245 1.2132e+03 9.5400e-02   2465.000    34.9245    34.9200     6.1176    1503.55 0.0000e+00
   2502.594     2.9160     2.9156   3.258963   3.258561     2.1616     0.0422     0.9237     0.1264    96.8902    34.9245 1.2180e+03 9.5400e-02   2466.000    34.9245    34.9200     6.1178    1503.56 0.0000e+00
   2503.615     2.9153     2.9149   3.258935   3.258529     2.1616     0.0352     0.9171     0.1264    96.8902    34.9244 1.2223e+03 9.5400e-02   2467.000    34.9244    34.9200     6.1188    1503.58 0.0000e+00
   2504.636     2.9148     2.9144   3.258914   3.258526     2.1613     0.0348     0.9251     0.1263    96.8921    34.9242 1.2270e+03 9.5400e-02   2468.000    34.9242    34.9199     6.1183    1503.59 0.0000e+00
   2505.657     2.9147     2.9143   3.258959   3.258562     2.1612     0.0354     0.9269     0.1263    96.8925    34.9244 1.2319e+03 9.5400e-02   2469.000    34.9244    34.9200     6.1188    1503.61 0.0000e+00
   2506.677     2.9142     2.9139   3.258967   3.258575     2.1609     0.0348     0.9263     0.1263    96.8927    34.9245 1.2387e+03 9.5400e-02   2470.000    34.9245    34.9201     6.1186    1503.62 0.0000e+00
   2507.698     2.9140     2.9137   3.258995   3.258601     2.1605     0.0348     0.9264     0.1263    96.8916    34.9246 1.2428e+03 9.5400e-02   2471.000    34.9246    34.9202     6.1178    1503.64 0.0000e+00
   2508.719     2.9139     2.9135   3.259026   3.258620     2.1605     0.0472     0.9139     0.1263    96.8916    34.9246 1.2467e+03 9.5400e-02   2472.000    34.9246    34.9201     6.1189    1503.66 0.0000e+00
   2509.740     2.9136     2.9132   3.259047   3.258646     2.1604     0.0290     0.9185     0.1264    96.8902    34.9247 1.2502e+03 9.5400e-02   2473.000    34.9247    34.9203     6.1191    1503.67 0.0000e+00
   2510.761     2.9118     2.9115   3.258938   3.258562     2.1599     0.0300     0.9245     0.1264    96.8890    34.9247 1.2540e+03 9.5400e-02   2474.000    34.9247    34.9206     6.1185    1503.68 0.0000e+00
   2511.781     2.9118     2.9112   3.258978   3.258571     2.1594     0.0389     0.9205     0.1263    96.8923    34.9248 1.2638e+03 9.5400e-02   2475.000    34.9248    34.9205     6.1174    1503.70 0.0000e+00
   2512.802     2.9108     2.9105   3.258965   3.258586     2.1593     0.0346     0.9200     0.1263    96.8914    34.9252 1.2889e+03 9.5400e-02   2476.000    34.9252    34.9210     6.1179    1503.71 0.0000e+00
   2513.823     2.9106     2.9102   3.259010   3.258610     2.1594     0.0348     0.9200     0.1264    96.8902    34.9255 1.2884e+03 9.5400e-02   2477.000    34.9255    34.9211     6.1193    1503.73 0.0000e+00
   2514.844     2.9105     2.9102   3.259032   3.258635     2.1589     0.0348     0.9200     0.1263    96.8919    34.9254 1.2914e+03 9.5400e-02   2478.000    34.9254    34.9210     6.1180    1503.75 0.0000e+00
   2515.865     2.9110     2.9107   3.259141   3.258725     2.1593     0.0348     0.9200     0.1264    96.8901    34.9257 1.2920e+03 9.5400e-02   2479.000    34.9257    34.9211     6.1201    1503.77 0.0000e+00
   2516.886     2.9112     2.9109   3.259192   3.258790     2.1585     0.0456     0.9148     0.1265    96.8878    34.9256 1.2957e+03 9.5400e-02   2480.000    34.9256    34.9211     6.1180    1503.79 0.0000e+00
   2517.907     2.9114     2.9111   3.259246   3.258848     2.1586     0.0470     0.9187     0.1267    96.8833    34.9256 1.3024e+03 9.5400e-02   2481.000    34.9256    34.9212     6.1189    1503.80 0.0000e+00
   2518.927     2.9125     2.9121   3.259399   3.258988     2.1580     0.0385     0.9179     0.1264    96.8899    34.9258 1.3089e+03 9.5400e-02   2482.000    34.9258    34.9213     6.1175    1503.83 0.0000e+00
   2519.948     2.9136     2.9133   3.259546   3.259158     2.1573     0.0319     1.0726     0.1263    96.8925    34.9259 1.3177e+03 9.5400e-02   2483.000    34.9259    34.9216     6.1152    1503.85 0.0000e+00
   2520.969     2.9126     2.9121   3.259499   3.259103     2.1571     0.0266     0.9131     0.1276    96.8616    34.9260 1.3232e+03 9.5400e-02   2484.000    34.9260    34.9218     6.1154    1503.86 0.0000e+00
   2521.990     2.9109     2.9107   3.259380   3.258998     2.1572     0.0317     0.9188     0.1264    96.8893    34.9258 1.3279e+03 9.5400e-02   2485.000    34.9258    34.9215     6.1169    1503.87 0.0000e+00
   2523.011     2.9103     2.9101   3.259371   3.258985     2.1566     0.0275     0.9163     0.1258    96.9036    34.9258 1.3338e+03 9.5400e-02   2486.000    34.9258    34.9215     6.1154    1503.89 0.0000e+00
   2524.032     2.9095     2.9093   3.259322   3.258950     2.1565     0.0359     0.9138     0.1263    96.8911    34.9257 1.3374e+03 9.5400e-02   2487.000    34.9257    34.9214     6.1163    1503.90 0.0000e+00
   2525.053     2.9088     2.9085   3.259307   3.258914     2.1561     0.0474     0.9229     0.1263    96.8923    34.9258 1.3417e+03 9.5400e-02   2488.000    34.9258    34.9213     6.1154    1503.91 0.0000e+00
   2526.073     2.9101     2.9100   3.259488   3.259111     2.1559     0.0470     0.9230     0.1263    96.8926    34.9261 1.3471e+03 9.5400e-02   2489.000    34.9261    34.9216     6.1154    1503.94 0.0000e+00
   2527.094     2.9103     2.9097   3.259550   3.259135     2.1557     0.0470     0.9199     0.1264    96.8901    34.9262 1.3506e+03 9.5400e-02   2490.000    34.9262    34.9217     6.1153    1503.96 0.0000e+00
   2528.115     2.9103     2.9100   3.259597   3.259205     2.1556     0.0470     0.9226     0.1263    96.8913    34.9262 1.3544e+03 9.5400e-02   2491.000    34.9262    34.9218     6.1157    1503.97 0.0000e+00
   2529.136     2.9084     2.9076   3.259474   3.259051     2.1552     0.0470     0.9240     0.1263    96.8922    34.9262 1.3585e+03 9.5400e-02   2492.000    34.9262    34.9220     6.1154    1503.98 0.0000e+00
   2530.157     2.9044     2.9039   3.259150   3.258777     2.1548     0.0391     0.9250     0.1267    96.8819    34.9262 1.3638e+03 9.5400e-02   2493.000    34.9262    34.9222     6.1155    1503.98 0.0000e+00
   2531.178     2.8987     2.8985   3.258655   3.258277     2.1545     0.0469     0.9269     0.1261    96.8959    34.9258 1.3706e+03 9.5400e-02   2494.000    34.9258    34.9215     6.1160    1503.97 0.0000e+00
   2532.199     2.8981     2.8977   3.258629   3.258241     2.1542     0.0388     0.9181     0.1263    96.8910    34.9257 1.3817e+03 9.5400e-02   2495.000    34.9257    34.9214     6.1156    1503.99 0.0000e+00
   2533.220     2.8975     2.8970   3.258608   3.258218     2.1536     0.0350     0.9140     0.1264    96.8902    34.9256 1.3897e+03 9.5400e-02   2496.000    34.9256    34.9214     6.1143    1504.00 0.0000e+00
   2534.241     2.8966     2.8962   3.258567   3.258165     2.1535     0.0422     0.9176     0.1264    96.8902    34.9256 1.3945e+03 9.5400e-02   2497.000    34.9256    34.9211     6.1148    1504.02 0.0000e+00
   2535.262     2.8955     2.8951   3.258498   3.258105     2.1533     0.0311     0.9120     0.1264    96.8894    34.9254 1.3976e+03 9.5400e-02   2498.000    34.9254    34.9211     6.1153    1504.03 0.0000e+00
   2536.283     2.8953     2.8951   3.258502   3.258120     2.1531     0.0394     0.9176     0.1263    96.8927    34.9252 1.4169e+03 9.5400e-02   2499.000    34.9252    34.9208     6.1151    1504.05 0.0000e+00
   2537.304     2.8958     2.8966   3.258577   3.258282     2.1532     0.0357     0.9205     0.1264    96.8904    34.9250 1.4606e+03 9.5400e-02   2500.000    34.9250    34.9207     6.1165    1504.07 0.0000e+00
   2538.324     2.8945     2.8941   3.258477   3.258087     2.1531     0.0414     0.9208     0.1264    96.8895    34.9248 1.5377e+03 9.5400e-02   2501.000    34.9248    34.9205     6.1169    1504.08 0.0000e+00
   2539.345     2.8914     2.8918   3.258247   3.257938     2.1530     0.0426     0.9260     0.1263    96.8911    34.9248 1.5239e+03 9.5400e-02   2502.000    34.9248    34.9208     6.1181    1504.08 0.0000e+00
   2540.366     2.8895     2.8896   3.258090   3.257757     2.1530     0.0364     0.9193     0.1271    96.8717    34.9245 1.5175e+03 9.5400e-02   2503.000    34.9245    34.9204     6.1192    1504.09 0.0000e+00
   2541.387     2.8884     2.8876   3.258034   3.257596     2.1524     0.0394     0.9208     0.1263    96.8919    34.9245 1.4082e+03 9.5400e-02   2504.000    34.9245    34.9201     6.1177    1504.10 0.0000e+00
   2542.408     2.8880     2.8874   3.258093   3.257674     2.1530     0.0431     0.9141     0.1264    96.8902    34.9251 1.3187e+03 9.5400e-02   2505.000    34.9251    34.9208     6.1211    1504.12 0.0000e+00
   2543.429     2.8867     2.8871   3.257969   3.257623     2.1528     0.0374     0.9253     0.1264    96.8902    34.9246 7.5948e+02 9.5400e-02   2506.000    34.9246    34.9201     6.1213    1504.13 0.0000e+00
