Ship_data/Irminger/Irminger-3/ctd/process/dar0701003.cnv
* Sea-Bird SBE 9 Data File:
* FileName = D:\Data\ar0701003.hdr
* Software Version Seasave V 7.23.2
* Temperature SN = 4406
* Conductivity SN = 3042
* Number of Bytes Per Scan = 44
* Number of Voltage Words = 5
* Number of Scans Averaged by the Deck Unit = 1
* NMEA Latitude = 51 58.27 N
* NMEA Longitude = 045 45.89 W
* NMEA UTC (Time) = Jul 06 2016  14:10:07
**  Release test
** Chief Scientist: George Tupper
** Station ID 003
# nquan = 19
# nvalues = 2504                        
# units = specified
# name 0 = prDM: Pressure, Digiquartz [db]
# name 1 = t090C: Temperature [ITS-90, deg C]
# name 2 = t190C: Temperature, 2 [ITS-90, deg C]
# name 3 = c0S/m: Conductivity [S/m]
# name 4 = c1S/m: Conductivity, 2 [S/m]
# name 5 = sbeox0V: Oxygen raw, SBE 43 [V]
# name 6 = flECO-AFL: Fluorescence, WET Labs ECO-AFL/FL [mg/m^3]
# name 7 = turbWETntu0: Turbidity, WET Labs ECO [NTU]
# name 8 = CStarAt0: Beam Attenuation, WET Labs C-Star [1/m]
# name 9 = CStarTr0: Beam Transmission, WET Labs C-Star [%]
# name 10 = sal00: Salinity, Practical [PSU]
# name 11 = spar: SPAR/Surface Irradiance
# name 12 = par: PAR/Irradiance, Biospherical/Licor
# name 13 = depSM: Depth [salt water, m], lat = 51.9712
# name 14 = sal00: Salinity, Practical [PSU]
# name 15 = sal11: Salinity, Practical, 2 [PSU]
# name 16 = sbeox0ML/L: Oxygen, SBE 43 [ml/l], WS = 2
# name 17 = svCM: Sound Velocity [Chen-Millero, m/s]
# name 18 = flag: flag
# span 0 =      3.027,   2543.429       
# span 1 =     2.8867,    10.8852       
# span 2 =     2.8871,    10.8814       
# span 3 =   3.246970,   3.821552       
# span 4 =   3.246733,   3.820712       
# span 5 =     2.1524,     3.3243       
# span 6 =     0.0108,     2.9760       
# span 7 =     0.8851,     1.0889       
# span 8 =     0.1257,     0.7932       
# span 9 =    82.0119,    96.9063       
# span 10 =    34.2777,    34.9384      
# span 11 = 7.3573e+02, 3.3243e+03      
# span 12 = 9.5399e-02, 9.5477e-02      
# span 13 =      3.000,   2506.000      
# span 14 =    34.2777,    34.9384      
# span 15 =    34.2755,    34.9374      
# span 16 =     5.5695,     6.4310      
# span 17 =    1471.15,    1504.13      
# span 18 = 0.0000e+00, 0.0000e+00      
# interval = meters: 1                  
# start_time = Jul 06 2016 14:11:28 [NMEA time, first data scan]
# bad_flag = -9.990e-29
*END*
[from data line 2134]
   2167.016     3.1676     3.1673   3.267807   3.267426     2.2436     0.0400     0.9176     0.1264    96.8902    34.9217 1.2692e+03 9.5400e-02   2137.000    34.9217    34.9175     6.1157    1498.97 0.0000e+00
   2168.036     3.1674     3.1671   3.267821   3.267437     2.2431     0.0348     0.9199     0.1264    96.8902    34.9217 1.2714e+03 9.5400e-02   2138.000    34.9217    34.9174     6.1148    1498.98 0.0000e+00
   2169.055     3.1672     3.1668   3.267844   3.267459     2.2432     0.0412     0.9168     0.1265    96.8874    34.9216 1.2761e+03 9.5400e-02   2139.000    34.9216    34.9174     6.1162    1499.00 0.0000e+00
   2170.074     3.1668     3.1664   3.267836   3.267448     2.2424     0.0282     0.9202     0.1264    96.8902    34.9215 1.2795e+03 9.5400e-02   2140.000    34.9215    34.9173     6.1140    1499.01 0.0000e+00
   2171.093     3.1658     3.1655   3.267805   3.267431     2.2423     0.0466     0.9140     0.1265    96.8858    34.9216 1.2730e+03 9.5400e-02   2141.000    34.9216    34.9175     6.1144    1499.03 0.0000e+00
   2172.113     3.1650     3.1647   3.267783   3.267395     2.2422     0.0470     0.9183     0.1264    96.8901    34.9218 1.2722e+03 9.5400e-02   2142.000    34.9218    34.9175     6.1150    1499.04 0.0000e+00
   2173.132     3.1645     3.1642   3.267767   3.267385     2.2423     0.0432     0.9224     0.1266    96.8847    34.9216 1.2714e+03 9.5400e-02   2143.000    34.9216    34.9174     6.1162    1499.06 0.0000e+00
   2174.151     3.1637     3.1634   3.267726   3.267359     2.2423     0.0351     0.9257     0.1265    96.8876    34.9215 1.2738e+03 9.5400e-02   2144.000    34.9215    34.9175     6.1173    1499.07 0.0000e+00
   2175.170     3.1626     3.1623   3.267678   3.267293     2.2420     0.0393     0.9201     0.1265    96.8868    34.9216 1.2800e+03 9.5400e-02   2145.000    34.9216    34.9174     6.1171    1499.08 0.0000e+00
   2176.189     3.1625     3.1622   3.267696   3.267313     2.2417     0.0457     0.9200     0.1264    96.8883    34.9214 1.2853e+03 9.5400e-02   2146.000    34.9214    34.9172     6.1170    1499.10 0.0000e+00
   2177.209     3.1620     3.1617   3.267705   3.267324     2.2415     0.0388     0.9200     0.1264    96.8902    34.9216 1.2845e+03 9.5400e-02   2147.000    34.9216    34.9174     6.1171    1499.11 0.0000e+00
   2178.228     3.1616     3.1612   3.267698   3.267329     2.2411     0.0446     0.9200     0.1264    96.8902    34.9215 1.2824e+03 9.5400e-02   2148.000    34.9215    34.9175     6.1164    1499.13 0.0000e+00
   2179.247     3.1610     3.1607   3.267706   3.267321     2.2411     0.0342     0.9200     0.1264    96.8902    34.9217 1.2808e+03 9.5400e-02   2149.000    34.9217    34.9174     6.1175    1499.14 0.0000e+00
   2180.266     3.1606     3.1602   3.267692   3.267314     2.2411     0.0227     0.9139     0.1265    96.8865    34.9215 1.2825e+03 9.5400e-02   2150.000    34.9215    34.9174     6.1184    1499.16 0.0000e+00
   2181.286     3.1605     3.1602   3.267722   3.267346     2.2407     0.0343     0.9197     0.1266    96.8850    34.9215 1.2867e+03 9.5400e-02   2151.000    34.9215    34.9173     6.1178    1499.18 0.0000e+00
   2182.305     3.1604     3.1600   3.267751   3.267375     2.2407     0.0253     0.9170     0.1264    96.8902    34.9215 1.2894e+03 9.5400e-02   2152.000    34.9215    34.9174     6.1187    1499.19 0.0000e+00
   2183.324     3.1600     3.1596   3.267756   3.267379     2.2406     0.0350     0.9275     0.1264    96.8902    34.9215 1.2911e+03 9.5400e-02   2153.000    34.9215    34.9174     6.1189    1499.21 0.0000e+00
   2184.344     3.1591     3.1587   3.267727   3.267352     2.2398     0.0470     0.9275     0.1264    96.8891    34.9216 1.2902e+03 9.5400e-02   2154.000    34.9216    34.9175     6.1170    1499.22 0.0000e+00
   2185.363     3.1571     3.1567   3.267598   3.267220     2.2396     0.0344     0.9197     0.1268    96.8794    34.9216 1.2902e+03 9.5400e-02   2155.000    34.9216    34.9175     6.1174    1499.23 0.0000e+00
   2186.382     3.1558     3.1554   3.267540   3.267144     2.2397     0.0348     0.9160     0.1274    96.8660    34.9219 1.2904e+03 9.5400e-02   2156.000    34.9219    34.9175     6.1190    1499.24 0.0000e+00
   2187.402     3.1555     3.1551   3.267537   3.267159     2.2396     0.0348     0.9139     0.1271    96.8727    34.9217 1.2913e+03 9.5400e-02   2157.000    34.9217    34.9175     6.1194    1499.26 0.0000e+00
   2188.421     3.1551     3.1547   3.267538   3.267160     2.2393     0.0404     0.9166     0.1265    96.8875    34.9216 1.2921e+03 9.5400e-02   2158.000    34.9216    34.9175     6.1194    1499.27 0.0000e+00
   2189.440     3.1562     3.1551   3.267639   3.267198     2.2389     0.0343     0.9172     0.1266    96.8838    34.9212 1.3021e+03 9.5400e-02   2159.000    34.9212    34.9171     6.1184    1499.29 0.0000e+00
   2190.459     3.1541     3.1537   3.267534   3.267156     2.2394     0.0348     0.9181     0.1267    96.8819    34.9217 1.3065e+03 9.5400e-02   2160.000    34.9217    34.9176     6.1213    1499.30 0.0000e+00
   2191.479     3.1538     3.1534   3.267551   3.267164     2.2387     0.0348     0.9200     0.1268    96.8798    34.9216 1.3063e+03 9.5400e-02   2161.000    34.9217    34.9175     6.1195    1499.32 0.0000e+00
   2192.498     3.1515     3.1510   3.267399   3.267016     2.2391     0.0454     0.9200     0.1264    96.8902    34.9218 1.3072e+03 9.5400e-02   2162.000    34.9218    34.9178     6.1223    1499.33 0.0000e+00
   2193.517     3.1509     3.1505   3.267385   3.267001     2.2387     0.0440     0.9200     0.1264    96.8902    34.9218 1.3076e+03 9.5400e-02   2163.000    34.9218    34.9177     6.1219    1499.34 0.0000e+00
   2194.537     3.1523     3.1516   3.267521   3.267108     2.2382     0.0281     0.9220     0.1264    96.8889    34.9215 1.3084e+03 9.5400e-02   2164.000    34.9215    34.9173     6.1206    1499.36 0.0000e+00
   2195.556     3.1525     3.1514   3.267611   3.267180     2.2383     0.0348     0.9139     0.1264    96.8902    34.9218 1.3061e+03 9.5400e-02   2165.000    34.9218    34.9178     6.1217    1499.38 0.0000e+00
   2196.575     3.1508     3.1504   3.267512   3.267126     2.2383     0.0417     0.9173     0.1264    96.8883    34.9219 1.3030e+03 9.5400e-02   2166.000    34.9219    34.9178     6.1228    1499.39 0.0000e+00
   2197.595     3.1510     3.1506   3.267577   3.267187     2.2381     0.0470     0.9188     0.1264    96.8902    34.9221 1.2991e+03 9.5400e-02   2167.000    34.9221    34.9178     6.1227    1499.41 0.0000e+00
   2198.614     3.1513     3.1509   3.267651   3.267271     2.2377     0.0407     0.9174     0.1265    96.8873    34.9221 1.2930e+03 9.5400e-02   2168.000    34.9221    34.9180     6.1219    1499.43 0.0000e+00
   2199.634     3.1504     3.1499   3.267603   3.267229     2.2373     0.0233     0.9195     0.1275    96.8621    34.9221 1.2835e+03 9.5400e-02   2169.000    34.9221    34.9181     6.1215    1499.44 0.0000e+00
   2200.653     3.1471     3.1466   3.267334   3.266963     2.2374     0.0350     0.9138     0.1264    96.8892    34.9219 1.2780e+03 9.5400e-02   2170.000    34.9219    34.9180     6.1234    1499.45 0.0000e+00
   2201.672     3.1438     3.1434   3.267066   3.266691     2.2369     0.0348     0.9138     0.1264    96.8902    34.9216 1.2739e+03 9.5400e-02   2171.000    34.9216    34.9176     6.1229    1499.45 0.0000e+00
   2202.692     3.1426     3.1423   3.267019   3.266636     2.2367     0.0348     0.9224     0.1264    96.8902    34.9218 1.2705e+03 9.5400e-02   2172.000    34.9218    34.9176     6.1232    1499.46 0.0000e+00
   2203.711     3.1428     3.1425   3.267078   3.266698     2.2362     0.0416     0.9195     0.1264    96.8902    34.9219 1.2665e+03 9.5400e-02   2173.000    34.9219    34.9176     6.1220    1499.48 0.0000e+00
   2204.730     3.1428     3.1427   3.267124   3.266757     2.2354     0.0372     0.9166     0.1264    96.8902    34.9219 1.2616e+03 9.5400e-02   2174.000    34.9219    34.9176     6.1197    1499.50 0.0000e+00
   2205.750     3.1439     3.1434   3.267253   3.266849     2.2349     0.0426     0.9194     0.1266    96.8849    34.9218 1.2489e+03 9.5400e-02   2175.000    34.9218    34.9176     6.1188    1499.52 0.0000e+00
   2206.769     3.1426     3.1423   3.267209   3.266833     2.2350     0.0346     0.9227     0.1264    96.8903    34.9222 1.2522e+03 9.5400e-02   2176.000    34.9222    34.9180     6.1200    1499.53 0.0000e+00
   2207.789     3.1427     3.1424   3.267264   3.266874     2.2350     0.0348     0.9328     0.1264    96.8902    34.9222 1.2538e+03 9.5400e-02   2177.000    34.9222    34.9179     6.1208    1499.55 0.0000e+00
   2208.808     3.1427     3.1423   3.267301   3.266915     2.2349     0.0428     0.9246     0.1264    96.8902    34.9222 1.2530e+03 9.5400e-02   2178.000    34.9222    34.9180     6.1214    1499.56 0.0000e+00
   2209.827     3.1427     3.1423   3.267338   3.266960     2.2349     0.0461     0.9201     0.1264    96.8902    34.9222 1.2514e+03 9.5400e-02   2179.000    34.9222    34.9180     6.1222    1499.58 0.0000e+00
   2210.847     3.1426     3.1423   3.267392   3.267007     2.2347     0.0232     0.9140     0.1266    96.8847    34.9225 1.2487e+03 9.5400e-02   2180.000    34.9225    34.9182     6.1224    1499.60 0.0000e+00
   2211.866     3.1431     3.1426   3.267448   3.267048     2.2337     0.0365     0.9212     0.1265    96.8869    34.9221 1.2426e+03 9.5400e-02   2181.000    34.9221    34.9179     6.1191    1499.62 0.0000e+00
   2212.885     3.1428     3.1420   3.267471   3.267084     2.2332     0.0348     0.9200     0.1266    96.8857    34.9222 1.2429e+03 9.5400e-02   2182.000    34.9222    34.9185     6.1184    1499.63 0.0000e+00
   2213.905     3.1391     3.1385   3.267211   3.266841     2.2332     0.0527     0.9200     0.1267    96.8819    34.9226 1.2439e+03 9.5400e-02   2183.000    34.9226    34.9187     6.1196    1499.64 0.0000e+00
   2214.925     3.1371     3.1367   3.267071   3.266702     2.2327     0.0584     0.9200     0.1267    96.8813    34.9225 1.2435e+03 9.5400e-02   2184.000    34.9225    34.9185     6.1190    1499.64 0.0000e+00
   2215.944     3.1368     3.1364   3.267098   3.266701     2.2325     0.0357     0.9141     0.1267    96.8831    34.9227 1.2423e+03 9.5400e-02   2185.000    34.9227    34.9184     6.1190    1499.66 0.0000e+00
   2216.963     3.1366     3.1363   3.267114   3.266729     2.2316     0.0275     0.9144     0.1264    96.8896    34.9225 1.2401e+03 9.5400e-02   2186.000    34.9225    34.9183     6.1167    1499.68 0.0000e+00
   2217.983     3.1401     3.1390   3.267416   3.266976     2.2308     0.0540     0.9206     0.1266    96.8855    34.9220 1.2355e+03 9.5400e-02   2187.000    34.9220    34.9179     6.1137    1499.71 0.0000e+00
   2219.002     3.1373     3.1367   3.267246   3.266872     2.2309     0.0470     0.9139     0.1264    96.8901    34.9224 1.2349e+03 9.5400e-02   2188.000    34.9224    34.9186     6.1154    1499.71 0.0000e+00
   2220.022     3.1365     3.1361   3.267221   3.266843     2.2306     0.0470     0.9198     0.1264    96.8902    34.9225 1.2354e+03 9.5400e-02   2189.000    34.9225    34.9184     6.1154    1499.73 0.0000e+00
   2221.041     3.1362     3.1359   3.267235   3.266845     2.2308     0.0470     0.9200     0.1264    96.8902    34.9226 1.2353e+03 9.5400e-02   2190.000    34.9226    34.9182     6.1170    1499.74 0.0000e+00
   2222.061     3.1360     3.1356   3.267259   3.266875     2.2306     0.0470     0.9200     0.1265    96.8863    34.9226 1.2347e+03 9.5400e-02   2191.000    34.9226    34.9184     6.1170    1499.76 0.0000e+00
   2223.080     3.1341     3.1336   3.267105   3.266742     2.2304     0.0363     0.9200     0.1264    96.8898    34.9222 1.2337e+03 9.5400e-02   2192.000    34.9222    34.9184     6.1176    1499.77 0.0000e+00
   2224.100     3.1345     3.1319   3.267163   3.266572     2.2294     0.0399     0.9164     0.1264    96.8899    34.9220 1.2342e+03 9.5400e-02   2193.000    34.9220    34.9177     6.1147    1499.79 0.0000e+00
   2225.119     3.1298     3.1268   3.266791   3.266193     2.2296     0.0387     0.9200     0.1264    96.8902    34.9220 1.2367e+03 9.5400e-02   2194.000    34.9220    34.9181     6.1167    1499.78 0.0000e+00
   2226.138     3.1254     3.1251   3.266446   3.266062     2.2295     0.0406     0.9200     0.1264    96.8902    34.9221 1.2365e+03 9.5400e-02   2195.000    34.9221    34.9179     6.1180    1499.78 0.0000e+00
   2227.158     3.1249     3.1245   3.266433   3.266039     2.2291     0.0224     0.9200     0.1264    96.8902    34.9220 1.2385e+03 9.5400e-02   2196.000    34.9220    34.9177     6.1174    1499.80 0.0000e+00
   2228.177     3.1246     3.1242   3.266447   3.266069     2.2291     0.0336     0.9200     0.1264    96.8902    34.9220 1.2389e+03 9.5400e-02   2197.000    34.9220    34.9179     6.1183    1499.81 0.0000e+00
   2229.197     3.1241     3.1238   3.266466   3.266068     2.2288     0.0348     0.9171     0.1264    96.8902    34.9222 1.2386e+03 9.5400e-02   2198.000    34.9222    34.9178     6.1182    1499.83 0.0000e+00
   2230.217     3.1234     3.1233   3.266454   3.266120     2.2281     0.0348     0.9136     0.1264    96.8902    34.9224 1.2368e+03 9.5400e-02   2199.000    34.9224    34.9185     6.1164    1499.84 0.0000e+00
   2231.236     3.1221     3.1219   3.266385   3.266018     2.2279     0.0246     0.9192     0.1270    96.8750    34.9225 1.2338e+03 9.5400e-02   2200.000    34.9225    34.9183     6.1169    1499.86 0.0000e+00
   2232.256     3.1239     3.1229   3.266539   3.266104     2.2271     0.0280     0.9210     0.1262    96.8936    34.9219 1.2345e+03 9.5400e-02   2201.000    34.9219    34.9178     6.1143    1499.88 0.0000e+00
   2233.275     3.1218     3.1209   3.266423   3.266021     2.2277     0.0282     0.9177     0.1264    96.8901    34.9223 1.2368e+03 9.5400e-02   2202.000    34.9223    34.9185     6.1176    1499.89 0.0000e+00
   2234.295     3.1203     3.1197   3.266339   3.265948     2.2274     0.0347     0.9139     0.1264    96.8902    34.9224 1.2383e+03 9.5400e-02   2203.000    34.9224    34.9183     6.1179    1499.90 0.0000e+00
   2235.314     3.1196     3.1193   3.266320   3.265927     2.2271     0.0438     0.9187     0.1264    96.8902    34.9224 1.2380e+03 9.5400e-02   2204.000    34.9224    34.9180     6.1175    1499.91 0.0000e+00
   2236.334     3.1219     3.1216   3.266626   3.266218     2.2272     0.0425     0.9199     0.1264    96.8902    34.9231 1.2357e+03 9.5400e-02   2205.000    34.9231    34.9186     6.1183    1499.94 0.0000e+00
   2237.353     3.1208     3.1204   3.266568   3.266194     2.2269     0.0351     0.9200     0.1264    96.8902    34.9231 1.2350e+03 9.5400e-02   2206.000    34.9231    34.9191     6.1181    1499.95 0.0000e+00
   2238.373     3.1169     3.1165   3.266222   3.265856     2.2261     0.0348     0.9133     0.1264    96.8902    34.9227 1.2336e+03 9.5400e-02   2207.000    34.9227    34.9187     6.1169    1499.95 0.0000e+00
   2239.392     3.1151     3.1148   3.266093   3.265707     2.2254     0.0401     0.9190     0.1264    96.8902    34.9226 1.2314e+03 9.5400e-02   2208.000    34.9226    34.9183     6.1154    1499.96 0.0000e+00
   2240.412     3.1146     3.1143   3.266083   3.265717     2.2253     0.0346     0.9171     0.1262    96.8933    34.9225 1.2248e+03 9.5400e-02   2209.000    34.9225    34.9184     6.1157    1499.98 0.0000e+00
   2241.431     3.1144     3.1142   3.266119   3.265743     2.2255     0.0446     0.9151     0.1265    96.8865    34.9226 1.2250e+03 9.5400e-02   2210.000    34.9226    34.9184     6.1173    1500.00 0.0000e+00
   2242.451     3.1135     3.1127   3.266062   3.265657     2.2251     0.0470     0.9236     0.1264    96.8901    34.9224 1.2264e+03 9.5400e-02   2211.000    34.9224    34.9184     6.1169    1500.01 0.0000e+00
