Ship_data/Irminger/Irminger-3/ctd/process/dar0701003.cnv
* Sea-Bird SBE 9 Data File:
* FileName = D:\Data\ar0701003.hdr
* Software Version Seasave V 7.23.2
* Temperature SN = 4406
* Conductivity SN = 3042
* Number of Bytes Per Scan = 44
* Number of Voltage Words = 5
* Number of Scans Averaged by the Deck Unit = 1
* NMEA Latitude = 51 58.27 N
* NMEA Longitude = 045 45.89 W
* NMEA UTC (Time) = Jul 06 2016  14:10:07
**  Release test
** Chief Scientist: George Tupper
** Station ID 003
# nquan = 19
# nvalues = 2504                        
# units = specified
# name 0 = prDM: Pressure, Digiquartz [db]
# name 1 = t090C: Temperature [ITS-90, deg C]
# name 2 = t190C: Temperature, 2 [ITS-90, deg C]
# name 3 = c0S/m: Conductivity [S/m]
# name 4 = c1S/m: Conductivity, 2 [S/m]
# name 5 = sbeox0V: Oxygen raw, SBE 43 [V]
# name 6 = flECO-AFL: Fluorescence, WET Labs ECO-AFL/FL [mg/m^3]
# name 7 = turbWETntu0: Turbidity, WET Labs ECO [NTU]
# name 8 = CStarAt0: Beam Attenuation, WET Labs C-Star [1/m]
# name 9 = CStarTr0: Beam Transmission, WET Labs C-Star [%]
# name 10 = sal00: Salinity, Practical [PSU]
# name 11 = spar: SPAR/Surface Irradiance
# name 12 = par: PAR/Irradiance, Biospherical/Licor
# name 13 = depSM: Depth [salt water, m], lat = 51.9712
# name 14 = sal00: Salinity, Practical [PSU]
# name 15 = sal11: Salinity, Practical, 2 [PSU]
# name 16 = sbeox0ML/L: Oxygen, SBE 43 [ml/l], WS = 2
# name 17 = svCM: Sound Velocity [Chen-Millero, m/s]
# name 18 = flag: flag
# span 0 =      3.027,   2543.429       
# span 1 =     2.8867,    10.8852       
# span 2 =     2.8871,    10.8814       
# span 3 =   3.246970,   3.821552       
# span 4 =   3.246733,   3.820712       
# span 5 =     2.1524,     3.3243       
# span 6 =     0.0108,     2.9760       
# span 7 =     0.8851,     1.0889       
# span 8 =     0.1257,     0.7932       
# span 9 =    82.0119,    96.9063       
# span 10 =    34.2777,    34.9384      
# span 11 = 7.3573e+02, 3.3243e+03      
# span 12 = 9.5399e-02, 9.5477e-02      
# span 13 =      3.000,   2506.000      
# span 14 =    34.2777,    34.9384      
# span 15 =    34.2755,    34.9374      
# span 16 =     5.5695,     6.4310      
# span 17 =    1471.15,    1504.13      
# span 18 = 0.0000e+00, 0.0000e+00      
# interval = meters: 1                  
# start_time = Jul 06 2016 14:11:28 [NMEA time, first data scan]
# bad_flag = -9.990e-29
*END*
[from data line 2362]
   2399.520     3.0275     3.0273   3.265076   3.264689     2.1843     0.0382     0.9154     0.1264    96.8886    34.9277 1.1866e+03 9.5400e-02   2365.000    34.9277    34.9233     6.1030    1502.30 0.0000e+00
   2400.541     3.0283     3.0280   3.265239   3.264818     2.1838     0.0471     0.9200     0.1264    96.8902    34.9283 1.1770e+03 9.5400e-02   2366.000    34.9283    34.9236     6.1019    1502.32 0.0000e+00
   2401.561     3.0298     3.0294   3.265443   3.265051     2.1840     0.0470     0.9200     0.1264    96.8902    34.9287 1.1749e+03 9.5400e-02   2367.000    34.9287    34.9244     6.1033    1502.35 0.0000e+00
   2402.581     3.0296     3.0292   3.265468   3.265101     2.1834     0.0404     0.9200     0.1264    96.8902    34.9287 1.1734e+03 9.5400e-02   2368.000    34.9287    34.9247     6.1016    1502.36 0.0000e+00
   2403.601     3.0287     3.0282   3.265439   3.265048     2.1837     0.0349     0.9200     0.1264    96.8902    34.9289 1.1709e+03 9.5400e-02   2369.000    34.9289    34.9247     6.1039    1502.38 0.0000e+00
   2404.622     3.0254     3.0252   3.265152   3.264819     2.1832     0.0449     0.9200     0.1264    96.8887    34.9285 1.1689e+03 9.5400e-02   2370.000    34.9285    34.9246     6.1034    1502.38 0.0000e+00
   2405.642     3.0215     3.0215   3.264801   3.264499     2.1830     0.0412     0.9200     0.1264    96.8901    34.9279 1.1641e+03 9.5400e-02   2371.000    34.9279    34.9243     6.1040    1502.38 0.0000e+00
   2406.662     3.0233     3.0235   3.264979   3.264591     2.1828     0.0403     0.9178     0.1266    96.8846    34.9277 1.1535e+03 9.5400e-02   2372.000    34.9277    34.9228     6.1036    1502.40 0.0000e+00
   2407.683     3.0173     3.0184   3.264460   3.264275     2.1828     0.0348     0.9160     0.1264    96.8902    34.9273 1.1465e+03 9.5400e-02   2373.000    34.9273    34.9239     6.1057    1502.39 0.0000e+00
   2408.703     3.0142     3.0136   3.264188   3.263804     2.1830     0.0361     0.9199     0.1264    96.8902    34.9268 1.1431e+03 9.5400e-02   2374.000    34.9268    34.9229     6.1078    1502.40 0.0000e+00
   2409.723     3.0102     3.0097   3.263806   3.263456     2.1825     0.0469     0.9200     0.1264    96.8902    34.9260 1.1399e+03 9.5400e-02   2375.000    34.9260    34.9224     6.1073    1502.40 0.0000e+00
   2410.744     3.0005     3.0004   3.262889   3.262582     2.1821     0.0470     0.9265     0.1264    96.8902    34.9248 1.1378e+03 9.5400e-02   2376.000    34.9248    34.9213     6.1086    1502.37 0.0000e+00
   2411.764     2.9972     2.9965   3.262605   3.262192     2.1817     0.0470     0.9204     0.1265    96.8879    34.9245 1.1355e+03 9.5400e-02   2377.000    34.9245    34.9203     6.1085    1502.37 0.0000e+00
   2412.784     2.9941     2.9936   3.262336   3.261955     2.1817     0.0470     0.9200     0.1265    96.8877    34.9240 1.1308e+03 9.5400e-02   2378.000    34.9240    34.9200     6.1099    1502.38 0.0000e+00
   2413.805     2.9909     2.9906   3.262069   3.261701     2.1817     0.0378     0.9200     0.1264    96.8902    34.9237 1.1293e+03 9.5400e-02   2379.000    34.9237    34.9197     6.1113    1502.38 0.0000e+00
   2414.825     2.9898     2.9894   3.261999   3.261618     2.1817     0.0349     0.9200     0.1264    96.8902    34.9237 1.1272e+03 9.5400e-02   2380.000    34.9237    34.9195     6.1120    1502.39 0.0000e+00
   2415.845     2.9921     2.9923   3.262226   3.261884     2.1818     0.0346     0.9179     0.1263    96.8913    34.9234 1.1179e+03 9.5400e-02   2381.000    34.9234    34.9191     6.1128    1502.42 0.0000e+00
   2416.866     2.9887     2.9888   3.261990   3.261647     2.1819     0.0357     0.9143     0.1264    96.8902    34.9237 1.1149e+03 9.5400e-02   2382.000    34.9237    34.9195     6.1146    1502.42 0.0000e+00
   2417.886     2.9886     2.9882   3.262018   3.261623     2.1819     0.0379     0.9138     0.1264    96.8902    34.9237 1.1137e+03 9.5400e-02   2383.000    34.9237    34.9194     6.1154    1502.44 0.0000e+00
   2418.907     2.9892     2.9889   3.262112   3.261707     2.1817     0.0466     0.9138     0.1264    96.8902    34.9238 1.1125e+03 9.5400e-02   2384.000    34.9238    34.9191     6.1157    1502.46 0.0000e+00
   2419.927     2.9917     2.9913   3.262401   3.261992     2.1819     0.0367     0.9195     0.1266    96.8848    34.9241 1.1104e+03 9.5400e-02   2385.000    34.9241    34.9196     6.1166    1502.49 0.0000e+00
   2420.948     2.9947     2.9942   3.262748   3.262324     2.1816     0.0364     0.9200     0.1265    96.8868    34.9245 1.1051e+03 9.5400e-02   2386.000    34.9245    34.9200     6.1158    1502.52 0.0000e+00
   2421.968     2.9945     2.9954   3.262772   3.262497     2.1808     0.0210     0.9148     0.1271    96.8721    34.9245 1.1030e+03 9.5400e-02   2387.000    34.9245    34.9203     6.1136    1502.53 0.0000e+00
   2422.988     3.0121     3.0123   3.264745   3.264241     2.1810     0.0404     0.9138     0.1264    96.8906    34.9290 1.1025e+03 9.5400e-02   2388.000    34.9290    34.9228     6.1119    1502.63 0.0000e+00
   2424.009     3.0139     3.0134   3.264969   3.264569     2.1810     0.0423     0.9162     0.1262    96.8932    34.9293 1.1012e+03 9.5400e-02   2389.000    34.9293    34.9251     6.1122    1502.66 0.0000e+00
   2425.029     3.0129     3.0127   3.264921   3.264549     2.1813     0.0344     0.9201     0.1263    96.8914    34.9294 1.0998e+03 9.5400e-02   2390.000    34.9294    34.9251     6.1144    1502.67 0.0000e+00
   2426.050     3.0128     3.0125   3.264954   3.264572     2.1803     0.0457     0.9186     0.1263    96.8926    34.9294 1.0954e+03 9.5400e-02   2391.000    34.9294    34.9251     6.1116    1502.69 0.0000e+00
   2427.070     3.0123     3.0117   3.264983   3.264554     2.1788     0.0351     0.9200     0.1263    96.8915    34.9297 1.0901e+03 9.5400e-02   2392.000    34.9297    34.9252     6.1065    1502.70 0.0000e+00
   2428.090     3.0105     3.0100   3.264859   3.264483     2.1784     0.0348     0.9200     0.1263    96.8918    34.9298 1.0877e+03 9.5400e-02   2393.000    34.9298    34.9257     6.1060    1502.71 0.0000e+00
   2429.111     3.0087     3.0083   3.264757   3.264350     2.1783     0.0348     0.9191     0.1268    96.8796    34.9299 1.0891e+03 9.5400e-02   2394.000    34.9299    34.9255     6.1068    1502.72 0.0000e+00
   2430.131     3.0067     3.0063   3.264576   3.264205     2.1781     0.0348     0.9139     0.1266    96.8848    34.9295 1.0884e+03 9.5400e-02   2395.000    34.9295    34.9254     6.1074    1502.73 0.0000e+00
   2431.152     3.0022     3.0018   3.264163   3.263819     2.1775     0.0462     0.9196     0.1264    96.8903    34.9288 1.0873e+03 9.5400e-02   2396.000    34.9288    34.9251     6.1066    1502.73 0.0000e+00
   2432.172     2.9972     2.9970   3.263728   3.263355     2.1769     0.0416     0.9168     0.1264    96.8902    34.9284 1.0847e+03 9.5400e-02   2397.000    34.9284    34.9241     6.1061    1502.72 0.0000e+00
   2433.193     2.9930     2.9933   3.263348   3.263037     2.1759     0.0368     0.9156     0.1263    96.8910    34.9278 1.0816e+03 9.5400e-02   2398.000    34.9278    34.9238     6.1038    1502.72 0.0000e+00
   2434.213     2.9911     2.9905   3.263208   3.262816     2.1758     0.0456     0.9201     0.1262    96.8951    34.9276 1.0786e+03 9.5400e-02   2399.000    34.9276    34.9236     6.1046    1502.73 0.0000e+00
   2435.233     2.9847     2.9838   3.262616   3.262208     2.1759     0.0337     0.9200     0.1262    96.8931    34.9269 1.0774e+03 9.5400e-02   2400.000    34.9269    34.9230     6.1071    1502.72 0.0000e+00
   2436.254     2.9861     2.9859   3.262840   3.262441     2.1758     0.0348     0.9200     0.1264    96.8901    34.9276 1.0780e+03 9.5400e-02   2401.000    34.9276    34.9230     6.1069    1502.74 0.0000e+00
   2437.274     2.9888     2.9887   3.263162   3.262772     2.1754     0.0348     0.9200     0.1264    96.8902    34.9281 1.0773e+03 9.5400e-02   2402.000    34.9281    34.9236     6.1059    1502.77 0.0000e+00
   2438.295     2.9889     2.9885   3.263228   3.262837     2.1755     0.0401     0.9174     0.1263    96.8908    34.9284 1.0759e+03 9.5400e-02   2403.000    34.9284    34.9240     6.1072    1502.79 0.0000e+00
   2439.315     2.9890     2.9886   3.263299   3.262895     2.1756     0.0474     0.9247     0.1257    96.9063    34.9286 1.0769e+03 9.5400e-02   2404.000    34.9286    34.9242     6.1081    1502.81 0.0000e+00
   2440.336     2.9900     2.9896   3.263469   3.263068     2.1754     0.0470     0.9165     0.1263    96.8914    34.9291 1.0762e+03 9.5400e-02   2405.000    34.9291    34.9247     6.1079    1502.83 0.0000e+00
   2441.356     2.9899     2.9895   3.263520   3.263128     2.1754     0.0470     0.9139     0.1264    96.8902    34.9293 1.0739e+03 9.5400e-02   2406.000    34.9293    34.9250     6.1089    1502.85 0.0000e+00
   2442.377     2.9894     2.9891   3.263513   3.263134     2.1752     0.0470     0.9161     0.1264    96.8902    34.9293 1.0716e+03 9.5400e-02   2407.000    34.9293    34.9251     6.1089    1502.86 0.0000e+00
   2443.397     2.9889     2.9886   3.263506   3.263123     2.1747     0.0430     0.9199     0.1264    96.8902    34.9292 1.0706e+03 9.5400e-02   2408.000    34.9292    34.9250     6.1079    1502.88 0.0000e+00
   2444.418     2.9875     2.9872   3.263410   3.263021     2.1745     0.0407     0.9200     0.1263    96.8919    34.9291 1.0732e+03 9.5400e-02   2409.000    34.9291    34.9248     6.1082    1502.89 0.0000e+00
   2445.438     2.9873     2.9870   3.263427   3.263039     2.1739     0.0386     0.9200     0.1264    96.8901    34.9290 1.0757e+03 9.5400e-02   2410.000    34.9290    34.9247     6.1070    1502.91 0.0000e+00
   2446.459     2.9875     2.9872   3.263495   3.263096     2.1735     0.0384     0.9236     0.1265    96.8878    34.9292 1.0763e+03 9.5400e-02   2411.000    34.9292    34.9247     6.1060    1502.92 0.0000e+00
   2447.479     2.9871     2.9869   3.263497   3.263124     2.1732     0.0418     0.9272     0.1272    96.8691    34.9292 1.0779e+03 9.5400e-02   2412.000    34.9292    34.9249     6.1059    1502.94 0.0000e+00
   2448.500     2.9870     2.9867   3.263541   3.263152     2.1731     0.0349     0.9177     0.1264    96.8900    34.9293 1.0758e+03 9.5400e-02   2413.000    34.9293    34.9250     6.1061    1502.96 0.0000e+00
   2449.521     2.9863     2.9859   3.263533   3.263127     2.1729     0.0348     0.9151     0.1263    96.8915    34.9295 1.0723e+03 9.5400e-02   2414.000    34.9295    34.9250     6.1063    1502.97 0.0000e+00
   2450.541     2.9839     2.9836   3.263346   3.262958     2.1724     0.0348     0.9197     0.1264    96.8902    34.9293 1.0693e+03 9.5400e-02   2415.000    34.9293    34.9250     6.1057    1502.98 0.0000e+00
   2451.562     2.9811     2.9807   3.263118   3.262745     2.1719     0.0348     0.9176     0.1263    96.8908    34.9291 1.0730e+03 9.5400e-02   2416.000    34.9291    34.9250     6.1050    1502.98 0.0000e+00
   2452.582     2.9768     2.9765   3.262746   3.262369     2.1710     0.0348     0.9268     0.1262    96.8933    34.9287 1.0826e+03 9.5400e-02   2417.000    34.9287    34.9244     6.1033    1502.98 0.0000e+00
   2453.603     2.9714     2.9710   3.262283   3.261914     2.1711     0.0282     0.9231     0.1260    96.8997    34.9284 1.0835e+03 9.5400e-02   2418.000    34.9284    34.9244     6.1055    1502.98 0.0000e+00
   2454.623     2.9675     2.9673   3.261920   3.261599     2.1711     0.0221     0.9197     0.1264    96.8894    34.9277 1.0835e+03 9.5400e-02   2419.000    34.9277    34.9241     6.1070    1502.98 0.0000e+00
   2455.644     2.9642     2.9641   3.261651   3.261286     2.1710     0.0471     0.9200     0.1266    96.8856    34.9275 1.0805e+03 9.5400e-02   2420.000    34.9275    34.9232     6.1082    1502.98 0.0000e+00
   2456.664     2.9614     2.9604   3.261392   3.260957     2.1707     0.0470     0.9200     0.1264    96.8901    34.9269 1.0802e+03 9.5400e-02   2421.000    34.9269    34.9227     6.1083    1502.98 0.0000e+00
   2457.685     2.9582     2.9576   3.261094   3.260707     2.1703     0.0470     0.9240     0.1260    96.8994    34.9262 1.0787e+03 9.5400e-02   2422.000    34.9262    34.9223     6.1082    1502.99 0.0000e+00
   2458.705     2.9588     2.9602   3.261158   3.260921     2.1699     0.0408     0.9173     0.1263    96.8908    34.9258 1.0903e+03 9.5400e-02   2423.000    34.9258    34.9216     6.1073    1503.01 0.0000e+00
   2459.726     2.9529     2.9526   3.260676   3.260310     2.1703     0.0314     0.9200     0.1264    96.8901    34.9259 1.0953e+03 9.5400e-02   2424.000    34.9259    34.9218     6.1105    1503.00 0.0000e+00
   2460.747     2.9520     2.9516   3.260627   3.260232     2.1702     0.0227     0.9200     0.1261    96.8964    34.9258 1.0949e+03 9.5400e-02   2425.000    34.9258    34.9215     6.1111    1503.01 0.0000e+00
   2461.767     2.9518     2.9512   3.260636   3.260244     2.1701     0.0333     0.9146     0.1264    96.8902    34.9256 1.0937e+03 9.5400e-02   2426.000    34.9256    34.9215     6.1117    1503.03 0.0000e+00
   2462.788     2.9507     2.9501   3.260579   3.260162     2.1702     0.0414     0.9175     0.1263    96.8916    34.9256 1.0922e+03 9.5400e-02   2427.000    34.9256    34.9212     6.1132    1503.04 0.0000e+00
   2463.808     2.9502     2.9498   3.260569   3.260156     2.1700     0.0436     0.9200     0.1264    96.8901    34.9255 1.0944e+03 9.5400e-02   2428.000    34.9255    34.9211     6.1133    1503.05 0.0000e+00
   2464.829     2.9498     2.9494   3.260563   3.260162     2.1696     0.0344     0.9200     0.1264    96.8902    34.9254 1.0972e+03 9.5400e-02   2429.000    34.9254    34.9210     6.1126    1503.07 0.0000e+00
   2465.849     2.9491     2.9493   3.260502   3.260156     2.1695     0.0330     0.9213     0.1263    96.8920    34.9250 1.1037e+03 9.5400e-02   2430.000    34.9250    34.9206     6.1130    1503.08 0.0000e+00
   2466.870     2.9481     2.9483   3.260467   3.260147     2.1689     0.0340     0.9143     0.1264    96.8888    34.9251 1.1104e+03 9.5400e-02   2431.000    34.9251    34.9210     6.1117    1503.10 0.0000e+00
   2467.891     2.9448     2.9448   3.260202   3.259870     2.1688     0.0348     0.9199     0.1264    96.8901    34.9250 1.1120e+03 9.5400e-02   2432.000    34.9250    34.9210     6.1128    1503.10 0.0000e+00
   2468.911     2.9429     2.9426   3.260067   3.259696     2.1688     0.0348     0.9200     0.1264    96.8902    34.9249 1.1138e+03 9.5400e-02   2433.000    34.9249    34.9208     6.1140    1503.11 0.0000e+00
   2469.932     2.9426     2.9423   3.260086   3.259703     2.1686     0.0348     0.9185     0.1264    96.8902    34.9250 1.1151e+03 9.5400e-02   2434.000    34.9250    34.9207     6.1140    1503.12 0.0000e+00
   2470.953     2.9426     2.9422   3.260113   3.259721     2.1685     0.0387     0.9141     0.1264    96.8902    34.9249 1.1171e+03 9.5400e-02   2435.000    34.9249    34.9205     6.1143    1503.14 0.0000e+00
   2471.973     2.9428     2.9424   3.260164   3.259769     2.1681     0.0520     0.9138     0.1263    96.8928    34.9247 1.1207e+03 9.5400e-02   2436.000    34.9247    34.9204     6.1136    1503.16 0.0000e+00
   2472.994     2.9425     2.9422   3.260187   3.259810     2.1677     0.0427     0.9179     0.1290    96.8275    34.9248 1.1265e+03 9.5400e-02   2437.000    34.9248    34.9206     6.1129    1503.18 0.0000e+00
   2474.014     2.9387     2.9385   3.259918   3.259561     2.1677     0.0391     0.9243     0.1263    96.8908    34.9251 1.1277e+03 9.5400e-02   2438.000    34.9251    34.9211     6.1145    1503.18 0.0000e+00
   2475.035     2.9358     2.9355   3.259707   3.259314     2.1676     0.0470     0.9321     0.1262    96.8933    34.9252 1.1290e+03 9.5400e-02   2439.000    34.9252    34.9209     6.1153    1503.18 0.0000e+00
   2476.056     2.9354     2.9351   3.259709   3.259319     2.1676     0.0363     0.9212     0.1264    96.8902    34.9252 1.1312e+03 9.5400e-02   2440.000    34.9252    34.9208     6.1163    1503.20 0.0000e+00
