Ship_data/Irminger/Irminger-3/ctd/process/dar0701004.cnv
* Sea-Bird SBE 9 Data File:
* FileName = D:\Data\ar0701004.hdr
* Software Version Seasave V 7.23.2
* Temperature SN = 4406
* Conductivity SN = 3042
* Number of Bytes Per Scan = 44
* Number of Voltage Words = 5
* Number of Scans Averaged by the Deck Unit = 1
* NMEA Latitude = 51 58.27 N
* NMEA Longitude = 045 45.89 W
* NMEA UTC (Time) = Jul 06 2016  17:02:22
**  Release test
** Chief Scientist: George Tupper
** Station ID 004
# nquan = 19
# nvalues = 2504                        
# units = specified
# name 0 = prDM: Pressure, Digiquartz [db]
# name 1 = t090C: Temperature [ITS-90, deg C]
# name 2 = t190C: Temperature, 2 [ITS-90, deg C]
# name 3 = c0S/m: Conductivity [S/m]
# name 4 = c1S/m: Conductivity, 2 [S/m]
# name 5 = sbeox0V: Oxygen raw, SBE 43 [V]
# name 6 = flECO-AFL: Fluorescence, WET Labs ECO-AFL/FL [mg/m^3]
# name 7 = turbWETntu0: Turbidity, WET Labs ECO [NTU]
# name 8 = CStarAt0: Beam Attenuation, WET Labs C-Star [1/m]
# name 9 = CStarTr0: Beam Transmission, WET Labs C-Star [%]
# name 10 = sal00: Salinity, Practical [PSU]
# name 11 = spar: SPAR/Surface Irradiance
# name 12 = par: PAR/Irradiance, Biospherical/Licor
# name 13 = depSM: Depth [salt water, m], lat = 51.9712
# name 14 = sal00: Salinity, Practical [PSU]
# name 15 = sal11: Salinity, Practical, 2 [PSU]
# name 16 = sbeox0ML/L: Oxygen, SBE 43 [ml/l], WS = 2
# name 17 = svCM: Sound Velocity [Chen-Millero, m/s]
# name 18 = flag: flag
# span 0 =      3.027,   2543.429       
# span 1 =     2.9148,    10.9085       
# span 2 =     2.9143,    10.9081       
# span 3 =   3.253843,   3.823765       
# span 4 =   3.252867,   3.823475       
# span 5 =     2.1514,     3.3329       
# span 6 =     0.0096,     2.9677       
# span 7 =     0.8886,     1.1028       
# span 8 =     0.1251,     0.8216       
# span 9 =    81.4327,    96.9205       
# span 10 =    34.2825,    34.9363      
# span 11 = 4.1156e+02, 2.9920e+03      
# span 12 = 9.5393e-02, 9.5483e-02      
# span 13 =      3.000,   2506.000      
# span 14 =    34.2825,    34.9363      
# span 15 =    34.2800,    34.9335      
# span 16 =     5.5720,     6.5523      
# span 17 =    1471.63,    1504.25      
# span 18 = 0.0000e+00, 0.0000e+00      
# interval = meters: 1                  
# start_time = Jul 06 2016 17:03:14 [NMEA time, first data scan]
# bad_flag = -9.990e-29
*END*
[from data line 2210]
   2244.490     3.1043     3.1031   3.265287   3.264875     2.2247     0.0348     0.9271     0.1263    96.8920    34.9219 5.8730e+02 9.5400e-02   2213.000    34.9219    34.9182     6.1185    1500.00 0.0000e+00
   2245.510     3.1020     3.1017   3.265139   3.264770     2.2247     0.0265     0.9182     0.1259    96.9003    34.9221 5.8801e+02 9.5400e-02   2214.000    34.9221    34.9180     6.1197    1500.01 0.0000e+00
   2246.529     3.1003     3.0999   3.265007   3.264658     2.2247     0.0222     0.9134     0.1256    96.9098    34.9218 5.8828e+02 9.5400e-02   2215.000    34.9218    34.9181     6.1209    1500.02 0.0000e+00
   2247.549     3.1001     3.0997   3.265048   3.264668     2.2246     0.0506     0.9138     0.1262    96.8953    34.9221 5.8955e+02 9.5400e-02   2216.000    34.9221    34.9179     6.1214    1500.04 0.0000e+00
   2248.568     3.1002     3.0998   3.265124   3.264750     2.2246     0.0542     0.9138     0.1260    96.8980    34.9224 5.9023e+02 9.5400e-02   2217.000    34.9224    34.9183     6.1220    1500.05 0.0000e+00
   2249.588     3.1017     3.1013   3.265268   3.264884     2.2234     0.0363     0.9186     0.1258    96.9027    34.9220 5.8435e+02 9.5400e-02   2218.000    34.9220    34.9178     6.1183    1500.08 0.0000e+00
   2250.608     3.1025     3.1021   3.265381   3.265007     2.2233     0.0469     0.9199     0.1259    96.9026    34.9220 5.7752e+02 9.5400e-02   2219.000    34.9220    34.9180     6.1185    1500.10 0.0000e+00
   2251.627     3.1000     3.0988   3.265224   3.264828     2.2234     0.0454     0.9192     0.1259    96.9009    34.9224 5.7856e+02 9.5400e-02   2220.000    34.9224    34.9188     6.1201    1500.11 0.0000e+00
   2252.647     3.0957     3.0952   3.264924   3.264574     2.2228     0.0348     0.9138     0.1257    96.9073    34.9228 5.8024e+02 9.5400e-02   2221.000    34.9228    34.9192     6.1197    1500.10 0.0000e+00
   2253.667     3.0925     3.0922   3.264668   3.264314     2.2227     0.0408     0.9168     0.1253    96.9155    34.9226 5.8144e+02 9.5400e-02   2222.000    34.9226    34.9187     6.1206    1500.11 0.0000e+00
   2254.686     3.0921     3.0918   3.264652   3.264302     2.2224     0.0427     0.9198     0.1253    96.9168    34.9224 5.8203e+02 9.5400e-02   2223.000    34.9224    34.9185     6.1203    1500.12 0.0000e+00
   2255.706     3.0946     3.0941   3.264894   3.264486     2.2219     0.0377     0.9184     0.1262    96.8948    34.9221 5.7525e+02 9.5400e-02   2224.000    34.9221    34.9179     6.1187    1500.15 0.0000e+00
   2256.725     3.0949     3.0941   3.264973   3.264606     2.2217     0.0468     0.9199     0.1261    96.8955    34.9223 5.6771e+02 9.5400e-02   2225.000    34.9223    34.9188     6.1186    1500.17 0.0000e+00
   2257.745     3.0915     3.0910   3.264704   3.264347     2.2214     0.0470     0.9200     0.1258    96.9032    34.9222 5.6805e+02 9.5400e-02   2226.000    34.9222    34.9185     6.1191    1500.17 0.0000e+00
   2258.764     3.0893     3.0888   3.264564   3.264172     2.2212     0.0381     0.9200     0.1257    96.9058    34.9224 5.6898e+02 9.5400e-02   2227.000    34.9224    34.9182     6.1195    1500.18 0.0000e+00
   2259.784     3.0877     3.0873   3.264433   3.264093     2.2208     0.0348     0.9174     0.1258    96.9042    34.9221 5.7038e+02 9.5400e-02   2228.000    34.9221    34.9184     6.1191    1500.19 0.0000e+00
   2260.804     3.0824     3.0820   3.263997   3.263649     2.2202     0.0348     0.9155     0.1253    96.9169    34.9220 5.7200e+02 9.5400e-02   2229.000    34.9220    34.9182     6.1185    1500.18 0.0000e+00
   2261.823     3.0817     3.0814   3.263971   3.263607     2.2199     0.0348     0.9198     0.1255    96.9114    34.9219 5.7242e+02 9.5400e-02   2230.000    34.9219    34.9179     6.1183    1500.20 0.0000e+00
   2262.843     3.0827     3.0814   3.264104   3.263637     2.2191     0.0348     0.9210     0.1256    96.9091    34.9219 5.6680e+02 9.5400e-02   2231.000    34.9219    34.9178     6.1163    1500.22 0.0000e+00
   2263.863     3.0814     3.0811   3.264024   3.263651     2.2192     0.0348     0.9178     0.1255    96.9105    34.9219 5.6583e+02 9.5400e-02   2232.000    34.9219    34.9178     6.1174    1500.23 0.0000e+00
   2264.882     3.0813     3.0810   3.264067   3.263682     2.2189     0.0415     0.9199     0.1261    96.8963    34.9220 5.6676e+02 9.5400e-02   2233.000    34.9220    34.9178     6.1173    1500.25 0.0000e+00
   2265.902     3.0813     3.0810   3.264098   3.263728     2.2190     0.0472     0.9200     0.1253    96.9157    34.9219 5.6773e+02 9.5400e-02   2234.000    34.9219    34.9178     6.1183    1500.27 0.0000e+00
   2266.922     3.0813     3.0810   3.264136   3.263768     2.2189     0.0346     0.9272     0.1253    96.9169    34.9219 5.6676e+02 9.5400e-02   2235.000    34.9219    34.9178     6.1187    1500.28 0.0000e+00
   2267.941     3.0813     3.0809   3.264174   3.263806     2.2185     0.0348     0.9169     0.1255    96.9108    34.9219 5.6428e+02 9.5400e-02   2236.000    34.9219    34.9179     6.1182    1500.30 0.0000e+00
   2268.961     3.0825     3.0819   3.264298   3.263902     2.2174     0.0348     0.9194     0.1257    96.9070    34.9216 5.5924e+02 9.5400e-02   2237.000    34.9216    34.9175     6.1147    1500.32 0.0000e+00
   2269.981     3.0816     3.0811   3.264294   3.263913     2.2175     0.0348     0.9259     0.1263    96.8925    34.9220 5.6259e+02 9.5400e-02   2238.000    34.9220    34.9180     6.1161    1500.34 0.0000e+00
   2271.000     3.0814     3.0810   3.264313   3.263940     2.2175     0.0348     0.9281     0.1256    96.9080    34.9219 5.6307e+02 9.5400e-02   2239.000    34.9220    34.9179     6.1169    1500.35 0.0000e+00
   2272.020     3.0813     3.0810   3.264356   3.263978     2.2171     0.0348     0.9203     0.1253    96.9169    34.9221 5.6383e+02 9.5400e-02   2240.000    34.9221    34.9179     6.1163    1500.37 0.0000e+00
   2273.040     3.0814     3.0810   3.264391   3.264008     2.2166     0.0348     0.9164     0.1253    96.9169    34.9219 5.6333e+02 9.5400e-02   2241.000    34.9219    34.9178     6.1153    1500.39 0.0000e+00
   2274.060     3.0806     3.0802   3.264356   3.263997     2.2169     0.0359     0.9092     0.1255    96.9107    34.9219 5.6176e+02 9.5400e-02   2242.000    34.9219    34.9180     6.1172    1500.40 0.0000e+00
   2275.079     3.0814     3.0808   3.264450   3.264048     2.2161     0.0401     0.9247     0.1260    96.9000    34.9216 5.5884e+02 9.5400e-02   2243.000    34.9216    34.9175     6.1149    1500.42 0.0000e+00
   2276.099     3.0808     3.0806   3.264458   3.264129     2.2159     0.0348     0.9321     0.1259    96.9016    34.9219 5.6019e+02 9.5400e-02   2244.000    34.9219    34.9182     6.1152    1500.44 0.0000e+00
   2277.119     3.0767     3.0762   3.264139   3.263797     2.2159     0.0466     0.9208     0.1255    96.9124    34.9220 5.6098e+02 9.5400e-02   2245.000    34.9220    34.9184     6.1165    1500.44 0.0000e+00
   2278.138     3.0737     3.0732   3.263921   3.263564     2.2158     0.0445     0.9187     0.1253    96.9151    34.9221 5.5935e+02 9.5400e-02   2246.000    34.9221    34.9183     6.1176    1500.44 0.0000e+00
   2279.158     3.0724     3.0721   3.263861   3.263485     2.2154     0.0351     0.9140     0.1253    96.9155    34.9222 5.6055e+02 9.5400e-02   2247.000    34.9222    34.9180     6.1172    1500.45 0.0000e+00
   2280.178     3.0724     3.0720   3.263882   3.263514     2.2153     0.0458     0.9138     0.1254    96.9147    34.9220 5.6112e+02 9.5400e-02   2248.000    34.9220    34.9180     6.1174    1500.47 0.0000e+00
   2281.198     3.0743     3.0739   3.264058   3.263673     2.2147     0.0422     0.9199     0.1261    96.8956    34.9217 5.6151e+02 9.5400e-02   2249.000    34.9217    34.9175     6.1159    1500.49 0.0000e+00
   2282.218     3.0735     3.0734   3.264055   3.263729     2.2144     0.0346     0.9200     0.1262    96.8952    34.9220 5.6373e+02 9.5400e-02   2250.000    34.9220    34.9182     6.1155    1500.51 0.0000e+00
   2283.237     3.0708     3.0699   3.263855   3.263453     2.2144     0.0348     0.9200     0.1255    96.9106    34.9220 5.6542e+02 9.5400e-02   2251.000    34.9220    34.9181     6.1168    1500.51 0.0000e+00
   2284.257     3.0686     3.0681   3.263692   3.263335     2.2143     0.0348     0.9200     0.1259    96.9005    34.9219 5.6672e+02 9.5400e-02   2252.000    34.9219    34.9181     6.1178    1500.52 0.0000e+00
   2285.277     3.0642     3.0639   3.263350   3.263003     2.2142     0.0348     0.9200     0.1260    96.8982    34.9219 5.6544e+02 9.5400e-02   2253.000    34.9219    34.9181     6.1190    1500.52 0.0000e+00
   2286.296     3.0621     3.0618   3.263211   3.262844     2.2138     0.0348     0.9200     0.1257    96.9063    34.9220 5.6576e+02 9.5400e-02   2254.000    34.9220    34.9179     6.1184    1500.53 0.0000e+00
   2287.316     3.0621     3.0618   3.263240   3.262870     2.2136     0.0348     0.9200     0.1254    96.9143    34.9219 5.6458e+02 9.5400e-02   2255.000    34.9219    34.9178     6.1186    1500.55 0.0000e+00
   2288.336     3.0620     3.0616   3.263272   3.262899     2.2130     0.0348     0.9200     0.1261    96.8975    34.9219 5.6687e+02 9.5400e-02   2256.000    34.9219    34.9178     6.1172    1500.56 0.0000e+00
   2289.356     3.0615     3.0611   3.263269   3.262892     2.2129     0.0408     0.9172     0.1256    96.9091    34.9219 5.6987e+02 9.5400e-02   2257.000    34.9219    34.9178     6.1177    1500.58 0.0000e+00
   2290.375     3.0616     3.0612   3.263311   3.262946     2.2128     0.0409     0.9138     0.1253    96.9170    34.9218 5.7094e+02 9.5400e-02   2258.000    34.9218    34.9178     6.1180    1500.59 0.0000e+00
   2291.396     3.0617     3.0613   3.263369   3.262987     2.2124     0.0419     0.9173     0.1259    96.9027    34.9219 5.7016e+02 9.5400e-02   2259.000    34.9219    34.9177     6.1175    1500.61 0.0000e+00
   2292.415     3.0616     3.0612   3.263387   3.263025     2.2122     0.0402     0.9199     0.1258    96.9040    34.9218 5.6696e+02 9.5400e-02   2260.000    34.9218    34.9178     6.1175    1500.63 0.0000e+00
   2293.435     3.0620     3.0615   3.263458   3.263068     2.2119     0.0386     0.9202     0.1256    96.9079    34.9217 5.6600e+02 9.5400e-02   2261.000    34.9217    34.9176     6.1171    1500.65 0.0000e+00
   2294.455     3.0616     3.0612   3.263481   3.263109     2.2114     0.0353     0.9139     0.1260    96.8992    34.9219 5.7315e+02 9.5400e-02   2262.000    34.9219    34.9178     6.1162    1500.66 0.0000e+00
   2295.475     3.0611     3.0607   3.263489   3.263104     2.2118     0.0348     0.9224     0.1259    96.9025    34.9221 5.7290e+02 9.5400e-02   2263.000    34.9221    34.9179     6.1184    1500.68 0.0000e+00
   2296.494     3.0605     3.0601   3.263490   3.263112     2.2111     0.0358     0.9277     0.1252    96.9175    34.9222 5.7305e+02 9.5400e-02   2264.000    34.9222    34.9181     6.1167    1500.69 0.0000e+00
   2297.514     3.0602     3.0600   3.263512   3.263134     2.2110     0.0348     0.9213     0.1253    96.9169    34.9223 5.7261e+02 9.5400e-02   2265.000    34.9223    34.9181     6.1175    1500.71 0.0000e+00
   2298.534     3.0620     3.0616   3.263731   3.263337     2.2113     0.0357     0.9200     0.1253    96.9150    34.9226 5.7168e+02 9.5400e-02   2266.000    34.9226    34.9182     6.1190    1500.74 0.0000e+00
   2299.554     3.0622     3.0619   3.263821   3.263454     2.2106     0.0467     0.9200     0.1260    96.8981    34.9229 5.6970e+02 9.5400e-02   2267.000    34.9229    34.9189     6.1169    1500.75 0.0000e+00
   2300.574     3.0628     3.0624   3.263891   3.263514     2.2105     0.0447     0.9160     0.1260    96.8979    34.9226 5.6535e+02 9.5400e-02   2268.000    34.9226    34.9185     6.1173    1500.77 0.0000e+00
   2301.594     3.0623     3.0619   3.263864   3.263487     2.2103     0.0348     0.9138     0.1261    96.8968    34.9223 5.6721e+02 9.5400e-02   2269.000    34.9223    34.9182     6.1176    1500.79 0.0000e+00
   2302.613     3.0612     3.0609   3.263857   3.263508     2.2106     0.0246     0.9138     0.1264    96.8901    34.9229 5.6736e+02 9.5400e-02   2270.000    34.9229    34.9191     6.1198    1500.80 0.0000e+00
   2303.633     3.0592     3.0588   3.263713   3.263345     2.2100     0.0248     0.9138     0.1264    96.8902    34.9229 5.6677e+02 9.5400e-02   2271.000    34.9229    34.9189     6.1188    1500.81 0.0000e+00
   2304.653     3.0563     3.0559   3.263472   3.263112     2.2097     0.0357     0.9143     0.1255    96.9109    34.9226 5.6523e+02 9.5400e-02   2272.000    34.9226    34.9188     6.1189    1500.81 0.0000e+00
   2305.673     3.0595     3.0584   3.263755   3.263284     2.2092     0.0419     0.9223     0.1258    96.9031    34.9222 5.6214e+02 9.5400e-02   2273.000    34.9222    34.9176     6.1171    1500.84 0.0000e+00
   2306.693     3.0597     3.0596   3.263827   3.263563     2.2092     0.0471     0.9270     0.1263    96.8920    34.9222 5.5481e+02 9.5400e-02   2274.000    34.9222    34.9192     6.1180    1500.86 0.0000e+00
   2307.713     3.0506     3.0499   3.263054   3.262705     2.2093     0.0470     0.9207     0.1262    96.8935    34.9222 5.5756e+02 9.5400e-02   2275.000    34.9222    34.9188     6.1209    1500.84 0.0000e+00
   2308.733     3.0476     3.0472   3.262836   3.262474     2.2090     0.0449     0.9154     0.1256    96.9092    34.9223 5.5853e+02 9.5400e-02   2276.000    34.9223    34.9184     6.1211    1500.85 0.0000e+00
   2309.752     3.0478     3.0475   3.262908   3.262530     2.2084     0.0322     0.9169     0.1253    96.9157    34.9225 5.5902e+02 9.5400e-02   2277.000    34.9225    34.9183     6.1193    1500.86 0.0000e+00
   2310.772     3.0478     3.0475   3.262953   3.262588     2.2082     0.0328     0.9104     0.1255    96.9124    34.9225 5.5765e+02 9.5400e-02   2278.000    34.9225    34.9185     6.1195    1500.88 0.0000e+00
   2311.792     3.0506     3.0506   3.263210   3.262853     2.2081     0.0369     0.9198     0.1255    96.9107    34.9221 5.5081e+02 9.5400e-02   2279.000    34.9221    34.9179     6.1195    1500.91 0.0000e+00
   2312.812     3.0483     3.0474   3.263076   3.262684     2.2082     0.0356     0.9273     0.1259    96.9026    34.9224 5.4880e+02 9.5400e-02   2280.000    34.9224    34.9188     6.1213    1500.92 0.0000e+00
   2313.832     3.0458     3.0458   3.262881   3.262574     2.2080     0.0348     0.9242     0.1268    96.8798    34.9223 5.4897e+02 9.5400e-02   2281.000    34.9223    34.9186     6.1218    1500.92 0.0000e+00
   2314.852     3.0435     3.0430   3.262713   3.262359     2.2080     0.0348     0.9200     0.1263    96.8916    34.9223 5.4957e+02 9.5400e-02   2282.000    34.9223    34.9185     6.1226    1500.93 0.0000e+00
   2315.872     3.0418     3.0414   3.262620   3.262249     2.2077     0.0348     0.9156     0.1259    96.9014    34.9225 5.4970e+02 9.5400e-02   2283.000    34.9225    34.9184     6.1226    1500.94 0.0000e+00
   2316.892     3.0422     3.0418   3.262708   3.262331     2.2073     0.0348     0.9169     0.1253    96.9150    34.9226 5.4848e+02 9.5400e-02   2284.000    34.9226    34.9185     6.1221    1500.96 0.0000e+00
   2317.912     3.0449     3.0447   3.262968   3.262605     2.2062     0.0351     0.9153     0.1260    96.8995    34.9224 5.4394e+02 9.5400e-02   2285.000    34.9224    34.9183     6.1181    1500.99 0.0000e+00
   2318.932     3.0453     3.0456   3.263130   3.262784     2.2059     0.0255     0.9188     0.1258    96.9035    34.9234 5.4481e+02 9.5400e-02   2286.000    34.9234    34.9190     6.1179    1501.01 0.0000e+00
   2319.951     3.0478     3.0474   3.263450   3.263060     2.2059     0.0315     0.9179     0.1258    96.9050    34.9241 5.4397e+02 9.5400e-02   2287.000    34.9241    34.9199     6.1183    1501.04 0.0000e+00
