Ship_data/Irminger/Irminger-3/ctd/process/dar0701004.cnv
* Sea-Bird SBE 9 Data File:
* FileName = D:\Data\ar0701004.hdr
* Software Version Seasave V 7.23.2
* Temperature SN = 4406
* Conductivity SN = 3042
* Number of Bytes Per Scan = 44
* Number of Voltage Words = 5
* Number of Scans Averaged by the Deck Unit = 1
* NMEA Latitude = 51 58.27 N
* NMEA Longitude = 045 45.89 W
* NMEA UTC (Time) = Jul 06 2016  17:02:22
**  Release test
** Chief Scientist: George Tupper
** Station ID 004
# nquan = 19
# nvalues = 2504                        
# units = specified
# name 0 = prDM: Pressure, Digiquartz [db]
# name 1 = t090C: Temperature [ITS-90, deg C]
# name 2 = t190C: Temperature, 2 [ITS-90, deg C]
# name 3 = c0S/m: Conductivity [S/m]
# name 4 = c1S/m: Conductivity, 2 [S/m]
# name 5 = sbeox0V: Oxygen raw, SBE 43 [V]
# name 6 = flECO-AFL: Fluorescence, WET Labs ECO-AFL/FL [mg/m^3]
# name 7 = turbWETntu0: Turbidity, WET Labs ECO [NTU]
# name 8 = CStarAt0: Beam Attenuation, WET Labs C-Star [1/m]
# name 9 = CStarTr0: Beam Transmission, WET Labs C-Star [%]
# name 10 = sal00: Salinity, Practical [PSU]
# name 11 = spar: SPAR/Surface Irradiance
# name 12 = par: PAR/Irradiance, Biospherical/Licor
# name 13 = depSM: Depth [salt water, m], lat = 51.9712
# name 14 = sal00: Salinity, Practical [PSU]
# name 15 = sal11: Salinity, Practical, 2 [PSU]
# name 16 = sbeox0ML/L: Oxygen, SBE 43 [ml/l], WS = 2
# name 17 = svCM: Sound Velocity [Chen-Millero, m/s]
# name 18 = flag: flag
# span 0 =      3.027,   2543.429       
# span 1 =     2.9148,    10.9085       
# span 2 =     2.9143,    10.9081       
# span 3 =   3.253843,   3.823765       
# span 4 =   3.252867,   3.823475       
# span 5 =     2.1514,     3.3329       
# span 6 =     0.0096,     2.9677       
# span 7 =     0.8886,     1.1028       
# span 8 =     0.1251,     0.8216       
# span 9 =    81.4327,    96.9205       
# span 10 =    34.2825,    34.9363      
# span 11 = 4.1156e+02, 2.9920e+03      
# span 12 = 9.5393e-02, 9.5483e-02      
# span 13 =      3.000,   2506.000      
# span 14 =    34.2825,    34.9363      
# span 15 =    34.2800,    34.9335      
# span 16 =     5.5720,     6.5523      
# span 17 =    1471.63,    1504.25      
# span 18 = 0.0000e+00, 0.0000e+00      
# interval = meters: 1                  
# start_time = Jul 06 2016 17:03:14 [NMEA time, first data scan]
# bad_flag = -9.990e-29
*END*
[from data line 534]
    542.450     4.1815     4.1814   3.288243   3.288016     2.6958     0.0283     0.9092     0.1348    96.6860    34.9047 8.5737e+02 9.5400e-02    537.000    34.9047    34.9022     6.1247    1476.15 0.0000e+00
    543.461     4.1880     4.1847   3.289032   3.288170     2.6924     0.0299     0.9117     0.1351    96.6791    34.9066 8.5146e+02 9.5400e-02    538.000    34.9066    34.8999     6.1147    1476.20 0.0000e+00
    544.473     4.1924     4.1915   3.289551   3.289253     2.6928     0.0228     0.9108     0.1342    96.7001    34.9076 8.5002e+02 9.5400e-02    539.000    34.9076    34.9050     6.1158    1476.23 0.0000e+00
    545.484     4.1902     4.1896   3.289439   3.289138     2.6927     0.0226     0.9138     0.1338    96.7107    34.9080 8.4969e+02 9.5400e-02    540.000    34.9080    34.9051     6.1166    1476.24 0.0000e+00
    546.496     4.1899     4.1893   3.289472   3.289164     2.6924     0.0257     0.9235     0.1332    96.7250    34.9082 8.4823e+02 9.5400e-02    541.000    34.9082    34.9052     6.1167    1476.26 0.0000e+00
    547.507     4.1898     4.1895   3.289524   3.289225     2.6921     0.0383     0.9097     0.1332    96.7256    34.9083 8.4416e+02 9.5400e-02    542.000    34.9083    34.9052     6.1166    1476.28 0.0000e+00
    548.519     4.1897     4.1892   3.289547   3.289255     2.6918     0.0449     0.9083     0.1331    96.7263    34.9082 8.4134e+02 9.5400e-02    543.000    34.9082    34.9053     6.1165    1476.29 0.0000e+00
    549.530     4.1896     4.1892   3.289602   3.289307     2.6914     0.0347     0.9088     0.1339    96.7087    34.9084 8.3925e+02 9.5400e-02    544.000    34.9084    34.9054     6.1161    1476.31 0.0000e+00
    550.542     4.1896     4.1892   3.289630   3.289348     2.6909     0.0348     0.9069     0.1332    96.7260    34.9082 8.3728e+02 9.5400e-02    545.000    34.9082    34.9054     6.1154    1476.32 0.0000e+00
    551.553     4.1883     4.1887   3.289559   3.289363     2.6897     0.0352     0.9044     0.1333    96.7216    34.9082 8.3334e+02 9.5400e-02    546.000    34.9082    34.9056     6.1132    1476.34 0.0000e+00
    552.565     4.1799     4.1794   3.288859   3.288598     2.6891     0.0428     0.9104     0.1333    96.7215    34.9084 8.2885e+02 9.5400e-02    547.000    34.9084    34.9057     6.1135    1476.32 0.0000e+00
    553.576     4.1765     4.1760   3.288616   3.288348     2.6878     0.0350     0.9111     0.1332    96.7259    34.9086 8.2387e+02 9.5400e-02    548.000    34.9086    34.9059     6.1112    1476.32 0.0000e+00
    554.588     4.1732     4.1726   3.288378   3.288093     2.6883     0.0348     0.9106     0.1332    96.7242    34.9087 8.2075e+02 9.5400e-02    549.000    34.9087    34.9059     6.1139    1476.32 0.0000e+00
    555.599     4.1727     4.1723   3.288383   3.288097     2.6882     0.0348     0.9119     0.1334    96.7198    34.9087 8.1627e+02 9.5400e-02    550.000    34.9087    34.9058     6.1145    1476.34 0.0000e+00
    556.611     4.1715     4.1709   3.288333   3.288031     2.6889     0.0348     0.9104     0.1330    96.7300    34.9089 8.1200e+02 9.5400e-02    551.000    34.9089    34.9059     6.1175    1476.35 0.0000e+00
    557.622     4.1706     4.1700   3.288278   3.288000     2.6884     0.0348     0.9139     0.1331    96.7283    34.9087 8.0923e+02 9.5400e-02    552.000    34.9087    34.9060     6.1171    1476.36 0.0000e+00
    558.634     4.1693     4.1687   3.288224   3.287924     2.6886     0.0229     0.9100     0.1330    96.7299    34.9089 8.0743e+02 9.5400e-02    553.000    34.9089    34.9059     6.1187    1476.37 0.0000e+00
    559.645     4.1674     4.1668   3.288080   3.287802     2.6883     0.0226     0.9097     0.1330    96.7299    34.9086 8.0431e+02 9.5400e-02    554.000    34.9086    34.9060     6.1187    1476.38 0.0000e+00
    560.657     4.1636     4.1631   3.287776   3.287487     2.6887     0.0289     0.9031     0.1330    96.7287    34.9086 8.0128e+02 9.5400e-02    555.000    34.9086    34.9057     6.1215    1476.38 0.0000e+00
    561.669     4.1689     4.1643   3.288259   3.287619     2.6897     0.0334     0.9166     0.1333    96.7228    34.9081 7.8145e+02 9.5400e-02    556.000    34.9081    34.9054     6.1243    1476.42 0.0000e+00
    562.680     4.1535     4.1523   3.286888   3.286634     2.6887     0.0441     0.9104     0.1336    96.7162    34.9076 7.7611e+02 9.5400e-02    557.000    34.9076    34.9060     6.1248    1476.37 0.0000e+00
    563.692     4.1420     4.1411   3.285819   3.285587     2.6878     0.0401     0.9089     0.1332    96.7260    34.9067 7.7252e+02 9.5400e-02    558.000    34.9067    34.9049     6.1249    1476.34 0.0000e+00
    564.703     4.1352     4.1344   3.285222   3.284917     2.6880     0.0400     0.9087     0.1329    96.7312    34.9063 7.6993e+02 9.5400e-02    559.000    34.9063    34.9035     6.1273    1476.33 0.0000e+00
    565.715     4.1346     4.1347   3.285210   3.284941     2.6881     0.0406     0.9096     0.1332    96.7242    34.9062 7.6798e+02 9.5400e-02    560.000    34.9062    34.9030     6.1286    1476.34 0.0000e+00
    566.726     4.1417     4.1412   3.285963   3.285640     2.6896     0.0234     0.9082     0.1331    96.7270    34.9071 7.6531e+02 9.5400e-02    561.000    34.9071    34.9038     6.1326    1476.39 0.0000e+00
    567.738     4.1449     4.1439   3.286318   3.285970     2.6912     0.0303     0.9115     0.1333    96.7233    34.9074 7.5980e+02 9.5400e-02    562.000    34.9074    34.9044     6.1376    1476.42 0.0000e+00
    568.750     4.1476     4.1461   3.286635   3.286206     2.6920     0.0355     0.9054     0.1336    96.7162    34.9078 7.5514e+02 9.5400e-02    563.000    34.9078    34.9043     6.1403    1476.45 0.0000e+00
    569.761     4.1480     4.1476   3.286736   3.286438     2.6921     0.0348     0.9082     0.1331    96.7265    34.9079 7.4998e+02 9.5400e-02    564.000    34.9079    34.9049     6.1412    1476.47 0.0000e+00
    570.773     4.1474     4.1469   3.286733   3.286451     2.6916     0.0348     0.9096     0.1332    96.7251    34.9080 7.4506e+02 9.5400e-02    565.000    34.9080    34.9053     6.1407    1476.48 0.0000e+00
    571.784     4.1460     4.1455   3.286660   3.286369     2.6904     0.0348     0.9136     0.1330    96.7297    34.9082 7.4223e+02 9.5400e-02    566.000    34.9082    34.9052     6.1382    1476.49 0.0000e+00
    572.796     4.1442     4.1437   3.286537   3.286237     2.6889     0.0348     0.9138     0.1332    96.7245    34.9080 7.4064e+02 9.5400e-02    567.000    34.9080    34.9050     6.1348    1476.50 0.0000e+00
    573.808     4.1442     4.1437   3.286578   3.286285     2.6885     0.0271     0.9102     0.1330    96.7296    34.9080 7.3741e+02 9.5400e-02    568.000    34.9080    34.9051     6.1346    1476.52 0.0000e+00
    574.819     4.1454     4.1445   3.286703   3.286372     2.6872     0.0440     0.9069     0.1327    96.7378    34.9077 7.2672e+02 9.5400e-02    569.000    34.9077    34.9048     6.1313    1476.54 0.0000e+00
    575.831     4.1439     4.1429   3.286642   3.286332     2.6871     0.0349     0.9053     0.1328    96.7335    34.9080 7.1932e+02 9.5400e-02    570.000    34.9080    34.9054     6.1321    1476.55 0.0000e+00
    576.843     4.1426     4.1422   3.286579   3.286282     2.6871     0.0348     0.9060     0.1324    96.7450    34.9082 7.1782e+02 9.5400e-02    571.000    34.9082    34.9051     6.1332    1476.56 0.0000e+00
    577.854     4.1424     4.1419   3.286603   3.286313     2.6868     0.0348     0.9065     0.1326    96.7389    34.9081 7.1830e+02 9.5400e-02    572.000    34.9081    34.9052     6.1331    1476.58 0.0000e+00
    578.866     4.1420     4.1416   3.286616   3.286328     2.6867     0.0348     0.9087     0.1332    96.7257    34.9081 7.1888e+02 9.5400e-02    573.000    34.9081    34.9052     6.1337    1476.59 0.0000e+00
    579.877     4.1412     4.1407   3.286582   3.286297     2.6864     0.0348     0.9078     0.1329    96.7323    34.9080 7.1698e+02 9.5400e-02    574.000    34.9080    34.9052     6.1338    1476.61 0.0000e+00
    580.889     4.1402     4.1396   3.286513   3.286224     2.6857     0.0192     0.9079     0.1327    96.7377    34.9078 7.1152e+02 9.5400e-02    575.000    34.9078    34.9050     6.1326    1476.62 0.0000e+00
    581.901     4.1405     4.1387   3.286590   3.286155     2.6856     0.0312     0.9087     0.1325    96.7410    34.9078 7.0637e+02 9.5400e-02    576.000    34.9078    34.9046     6.1332    1476.64 0.0000e+00
    582.912     4.1373     4.1352   3.286340   3.285962     2.6856     0.0349     0.9102     0.1326    96.7392    34.9077 7.0414e+02 9.5400e-02    577.000    34.9077    34.9054     6.1346    1476.64 0.0000e+00
    583.924     4.1328     4.1322   3.285998   3.285731     2.6854     0.0348     0.9139     0.1325    96.7423    34.9079 7.0535e+02 9.5400e-02    578.000    34.9079    34.9054     6.1355    1476.64 0.0000e+00
    584.936     4.1308     4.1303   3.285893   3.285576     2.6850     0.0348     0.9092     0.1325    96.7413    34.9082 7.0497e+02 9.5400e-02    579.000    34.9082    34.9051     6.1353    1476.65 0.0000e+00
    585.947     4.1308     4.1303   3.285924   3.285606     2.6847     0.0357     0.9106     0.1328    96.7350    34.9081 7.0468e+02 9.5400e-02    580.000    34.9081    34.9048     6.1353    1476.66 0.0000e+00
    586.959     4.1304     4.1299   3.285911   3.285619     2.6843     0.0348     0.9138     0.1323    96.7466    34.9079 7.0362e+02 9.5400e-02    581.000    34.9079    34.9049     6.1351    1476.68 0.0000e+00
    587.971     4.1300     4.1294   3.285913   3.285607     2.6842     0.0330     0.9075     0.1322    96.7484    34.9078 7.0140e+02 9.5400e-02    582.000    34.9078    34.9048     6.1357    1476.69 0.0000e+00
    588.982     4.1328     4.1318   3.286177   3.285823     2.6844     0.0325     0.9090     0.1326    96.7398    34.9074 6.9806e+02 9.5400e-02    583.000    34.9074    34.9043     6.1367    1476.72 0.0000e+00
    589.994     4.1303     4.1297   3.286021   3.285718     2.6850     0.0301     0.9105     0.1322    96.7482    34.9076 7.0264e+02 9.5400e-02    584.000    34.9076    34.9047     6.1397    1476.73 0.0000e+00
    591.006     4.1299     4.1294   3.286034   3.285742     2.6849     0.0441     0.9140     0.1319    96.7571    34.9077 7.0281e+02 9.5400e-02    585.000    34.9077    34.9047     6.1401    1476.74 0.0000e+00
    592.018     4.1284     4.1278   3.285946   3.285648     2.6844     0.0346     0.9138     0.1319    96.7566    34.9077 7.0239e+02 9.5400e-02    586.000    34.9077    34.9049     6.1397    1476.75 0.0000e+00
    593.029     4.1258     4.1256   3.285752   3.285497     2.6843     0.0348     0.9088     0.1319    96.7566    34.9076 7.0240e+02 9.5400e-02    587.000    34.9076    34.9049     6.1408    1476.76 0.0000e+00
    594.041     4.1237     4.1231   3.285586   3.285304     2.6843     0.0301     0.9111     0.1319    96.7551    34.9074 7.0102e+02 9.5400e-02    588.000    34.9074    34.9047     6.1420    1476.77 0.0000e+00
    595.053     4.1223     4.1217   3.285504   3.285199     2.6842     0.0266     0.9124     0.1322    96.7489    34.9073 7.0076e+02 9.5400e-02    589.000    34.9073    34.9044     6.1425    1476.78 0.0000e+00
    596.064     4.1210     4.1206   3.285424   3.285134     2.6836     0.0408     0.9115     0.1322    96.7488    34.9072 7.0165e+02 9.5400e-02    590.000    34.9072    34.9042     6.1417    1476.79 0.0000e+00
    597.076     4.1219     4.1199   3.285525   3.285090     2.6829     0.0297     0.9055     0.1321    96.7508    34.9070 7.0403e+02 9.5400e-02    591.000    34.9070    34.9040     6.1406    1476.81 0.0000e+00
    598.088     4.1188     4.1180   3.285297   3.284968     2.6826     0.0385     0.9111     0.1322    96.7487    34.9070 7.0346e+02 9.5400e-02    592.000    34.9070    34.9040     6.1410    1476.81 0.0000e+00
    599.100     4.1181     4.1175   3.285294   3.284981     2.6829     0.0271     0.9089     0.1321    96.7516    34.9072 7.0534e+02 9.5400e-02    593.000    34.9072    34.9042     6.1426    1476.83 0.0000e+00
    600.111     4.1171     4.1167   3.285252   3.284954     2.6828     0.0351     0.9140     0.1324    96.7444    34.9072 7.0762e+02 9.5400e-02    594.000    34.9072    34.9042     6.1434    1476.84 0.0000e+00
    601.123     4.1160     4.1163   3.285195   3.284973     2.6827     0.0353     0.9129     0.1322    96.7491    34.9072 7.0911e+02 9.5400e-02    595.000    34.9072    34.9042     6.1442    1476.85 0.0000e+00
    602.135     4.1160     4.1154   3.285251   3.284952     2.6829     0.0348     0.9096     0.1320    96.7543    34.9073 7.1013e+02 9.5400e-02    596.000    34.9073    34.9044     6.1455    1476.87 0.0000e+00
    603.147     4.1139     4.1133   3.285119   3.284830     2.6828     0.0337     0.9133     0.1318    96.7579    34.9075 7.1038e+02 9.5400e-02    597.000    34.9075    34.9047     6.1463    1476.88 0.0000e+00
    604.158     4.1124     4.1118   3.285038   3.284734     2.6828     0.0229     0.9084     0.1320    96.7543    34.9076 7.0987e+02 9.5400e-02    598.000    34.9076    34.9046     6.1476    1476.89 0.0000e+00
    605.170     4.1114     4.1108   3.284977   3.284679     2.6827     0.0343     0.9088     0.1321    96.7520    34.9074 7.0820e+02 9.5400e-02    599.000    34.9074    34.9045     6.1481    1476.90 0.0000e+00
    606.182     4.1108     4.1105   3.284965   3.284678     2.6825     0.0348     0.9076     0.1318    96.7590    34.9073 7.0806e+02 9.5400e-02    600.000    34.9073    34.9043     6.1484    1476.91 0.0000e+00
    607.194     4.1123     4.1111   3.285129   3.284761     2.6821     0.0311     0.9074     0.1321    96.7526    34.9071 7.0929e+02 9.5400e-02    601.000    34.9071    34.9041     6.1479    1476.93 0.0000e+00
    608.206     4.1088     4.1080   3.284868   3.284588     2.6818     0.0349     0.9085     0.1322    96.7502    34.9072 7.1299e+02 9.5400e-02    602.000    34.9072    34.9048     6.1484    1476.94 0.0000e+00
    609.217     4.1001     4.0993   3.284067   3.283830     2.6816     0.0232     0.9139     0.1320    96.7533    34.9064 7.1568e+02 9.5400e-02    603.000    34.9064    34.9045     6.1501    1476.92 0.0000e+00
    610.229     4.0982     4.0975   3.283954   3.283632     2.6814     0.0276     0.9103     0.1319    96.7566    34.9066 7.1731e+02 9.5400e-02    604.000    34.9066    34.9035     6.1504    1476.93 0.0000e+00
    611.241     4.0951     4.0944   3.283715   3.283399     2.6819     0.0348     0.9064     0.1321    96.7521    34.9065 7.1682e+02 9.5400e-02    605.000    34.9065    34.9035     6.1535    1476.93 0.0000e+00
    612.253     4.0928     4.0923   3.283517   3.283250     2.6813     0.0348     0.9087     0.1320    96.7532    34.9060 7.1430e+02 9.5400e-02    606.000    34.9060    34.9035     6.1527    1476.94 0.0000e+00
    613.265     4.0841     4.0842   3.282695   3.282494     2.6809     0.0235     0.9076     0.1315    96.7666    34.9051 7.1459e+02 9.5400e-02    607.000    34.9051    34.9025     6.1540    1476.91 0.0000e+00
    614.276     4.0742     4.0732   3.281772   3.281465     2.6812     0.0486     0.9143     0.1311    96.7754    34.9041 7.1916e+02 9.5400e-02    608.000    34.9041    34.9015     6.1573    1476.89 0.0000e+00
    615.288     4.0683     4.0679   3.281226   3.280963     2.6825     0.0393     0.9138     0.1317    96.7606    34.9034 7.1883e+02 9.5400e-02    609.000    34.9034    34.9007     6.1631    1476.88 0.0000e+00
    616.300     4.0661     4.0660   3.281058   3.280817     2.6831     0.0349     0.9102     0.1318    96.7587    34.9031 7.1920e+02 9.5400e-02    610.000    34.9031    34.9004     6.1659    1476.89 0.0000e+00
    617.312     4.0661     4.0656   3.281084   3.280787     2.6833     0.0348     0.9067     0.1318    96.7587    34.9030 7.2116e+02 9.5400e-02    611.000    34.9030    34.8999     6.1674    1476.90 0.0000e+00
