Ship_data/Irminger/Irminger-3/ctd/process/dar0701004.cnv
* Sea-Bird SBE 9 Data File:
* FileName = D:\Data\ar0701004.hdr
* Software Version Seasave V 7.23.2
* Temperature SN = 4406
* Conductivity SN = 3042
* Number of Bytes Per Scan = 44
* Number of Voltage Words = 5
* Number of Scans Averaged by the Deck Unit = 1
* NMEA Latitude = 51 58.27 N
* NMEA Longitude = 045 45.89 W
* NMEA UTC (Time) = Jul 06 2016  17:02:22
**  Release test
** Chief Scientist: George Tupper
** Station ID 004
# nquan = 19
# nvalues = 2504                        
# units = specified
# name 0 = prDM: Pressure, Digiquartz [db]
# name 1 = t090C: Temperature [ITS-90, deg C]
# name 2 = t190C: Temperature, 2 [ITS-90, deg C]
# name 3 = c0S/m: Conductivity [S/m]
# name 4 = c1S/m: Conductivity, 2 [S/m]
# name 5 = sbeox0V: Oxygen raw, SBE 43 [V]
# name 6 = flECO-AFL: Fluorescence, WET Labs ECO-AFL/FL [mg/m^3]
# name 7 = turbWETntu0: Turbidity, WET Labs ECO [NTU]
# name 8 = CStarAt0: Beam Attenuation, WET Labs C-Star [1/m]
# name 9 = CStarTr0: Beam Transmission, WET Labs C-Star [%]
# name 10 = sal00: Salinity, Practical [PSU]
# name 11 = spar: SPAR/Surface Irradiance
# name 12 = par: PAR/Irradiance, Biospherical/Licor
# name 13 = depSM: Depth [salt water, m], lat = 51.9712
# name 14 = sal00: Salinity, Practical [PSU]
# name 15 = sal11: Salinity, Practical, 2 [PSU]
# name 16 = sbeox0ML/L: Oxygen, SBE 43 [ml/l], WS = 2
# name 17 = svCM: Sound Velocity [Chen-Millero, m/s]
# name 18 = flag: flag
# span 0 =      3.027,   2543.429       
# span 1 =     2.9148,    10.9085       
# span 2 =     2.9143,    10.9081       
# span 3 =   3.253843,   3.823765       
# span 4 =   3.252867,   3.823475       
# span 5 =     2.1514,     3.3329       
# span 6 =     0.0096,     2.9677       
# span 7 =     0.8886,     1.1028       
# span 8 =     0.1251,     0.8216       
# span 9 =    81.4327,    96.9205       
# span 10 =    34.2825,    34.9363      
# span 11 = 4.1156e+02, 2.9920e+03      
# span 12 = 9.5393e-02, 9.5483e-02      
# span 13 =      3.000,   2506.000      
# span 14 =    34.2825,    34.9363      
# span 15 =    34.2800,    34.9335      
# span 16 =     5.5720,     6.5523      
# span 17 =    1471.63,    1504.25      
# span 18 = 0.0000e+00, 0.0000e+00      
# interval = meters: 1                  
# start_time = Jul 06 2016 17:03:14 [NMEA time, first data scan]
# bad_flag = -9.990e-29
*END*
[from data line 1296]
   1314.604     3.5673     3.5671   3.265354   3.265034     2.5354     0.0359     0.9187     0.1265    96.8880    34.8863 1.2638e+03 9.5400e-02   1299.000    34.8863    34.8828     6.3642    1486.34 0.0000e+00
   1315.620     3.5669     3.5666   3.265378   3.265042     2.5346     0.0348     0.9200     0.1270    96.8741    34.8865 1.2616e+03 9.5400e-02   1300.000    34.8865    34.8829     6.3626    1486.36 0.0000e+00
   1316.635     3.5671     3.5667   3.265453   3.265104     2.5347     0.0348     0.9240     0.1273    96.8664    34.8867 1.2578e+03 9.5400e-02   1301.000    34.8867    34.8829     6.3636    1486.37 0.0000e+00
   1317.650     3.5673     3.5670   3.265501   3.265182     2.5345     0.0348     0.9238     0.1268    96.8803    34.8865 1.2545e+03 9.5400e-02   1302.000    34.8865    34.8830     6.3637    1486.39 0.0000e+00
   1318.665     3.5678     3.5675   3.265598   3.265268     2.5340     0.0348     0.9143     0.1265    96.8871    34.8867 1.2517e+03 9.5400e-02   1303.000    34.8867    34.8831     6.3629    1486.41 0.0000e+00
   1319.680     3.5680     3.5677   3.265659   3.265324     2.5331     0.0348     0.9196     0.1269    96.8774    34.8867 1.2496e+03 9.5400e-02   1304.000    34.8867    34.8830     6.3607    1486.43 0.0000e+00
   1320.696     3.5681     3.5678   3.265716   3.265386     2.5332     0.0355     0.9138     0.1270    96.8738    34.8867 1.2481e+03 9.5400e-02   1305.000    34.8867    34.8832     6.3620    1486.45 0.0000e+00
   1321.711     3.5682     3.5678   3.265779   3.265440     2.5325     0.0348     0.9196     0.1275    96.8635    34.8868 1.2457e+03 9.5400e-02   1306.000    34.8868    34.8832     6.3606    1486.46 0.0000e+00
   1322.726     3.5684     3.5680   3.265827   3.265493     2.5323     0.0266     0.9199     0.1273    96.8687    34.8868 1.2424e+03 9.5400e-02   1307.000    34.8868    34.8831     6.3607    1486.48 0.0000e+00
   1323.741     3.5690     3.5686   3.265913   3.265582     2.5317     0.0337     0.9181     0.1272    96.8689    34.8866 1.2358e+03 9.5400e-02   1308.000    34.8866    34.8831     6.3594    1486.50 0.0000e+00
   1324.756     3.5695     3.5693   3.266065   3.265712     2.5311     0.0238     0.9145     0.1271    96.8714    34.8873 1.2420e+03 9.5400e-02   1309.000    34.8873    34.8833     6.3583    1486.52 0.0000e+00
   1325.772     3.5726     3.5723   3.266450   3.266080     2.5309     0.0283     0.9138     0.1268    96.8795    34.8881 1.2428e+03 9.5400e-02   1310.000    34.8881    34.8841     6.3579    1486.55 0.0000e+00
   1326.787     3.5742     3.5739   3.266665   3.266295     2.5312     0.0347     0.9138     0.1266    96.8847    34.8885 1.2416e+03 9.5400e-02   1311.000    34.8885    34.8845     6.3593    1486.58 0.0000e+00
   1327.802     3.5749     3.5745   3.266783   3.266430     2.5309     0.0445     0.9094     0.1274    96.8640    34.8887 1.2382e+03 9.5400e-02   1312.000    34.8887    34.8849     6.3592    1486.60 0.0000e+00
   1328.817     3.5751     3.5747   3.266856   3.266510     2.5308     0.0422     0.9134     0.1274    96.8648    34.8888 1.2309e+03 9.5400e-02   1313.000    34.8888    34.8851     6.3594    1486.61 0.0000e+00
   1329.833     3.5751     3.5748   3.266858   3.266526     2.5287     0.0342     0.9173     0.1270    96.8737    34.8883 1.2128e+03 9.5400e-02   1314.000    34.8883    34.8847     6.3536    1486.63 0.0000e+00
   1330.848     3.5747     3.5745   3.266899   3.266555     2.5270     0.0348     0.9082     0.1275    96.8633    34.8887 1.2236e+03 9.5400e-02   1315.000    34.8887    34.8848     6.3488    1486.65 0.0000e+00
   1331.863     3.5757     3.5753   3.267051   3.266689     2.5270     0.0348     0.9082     0.1275    96.8634    34.8889 1.2221e+03 9.5400e-02   1316.000    34.8889    34.8851     6.3494    1486.67 0.0000e+00
   1332.878     3.5762     3.5758   3.267144   3.266796     2.5271     0.0579     0.9197     0.1274    96.8653    34.8890 1.2184e+03 9.5400e-02   1317.000    34.8890    34.8853     6.3508    1486.69 0.0000e+00
   1333.894     3.5767     3.5764   3.267234   3.266900     2.5272     0.0505     0.9200     0.1269    96.8774    34.8891 1.2130e+03 9.5400e-02   1318.000    34.8891    34.8854     6.3516    1486.70 0.0000e+00
   1334.909     3.5771     3.5770   3.267309   3.266995     2.5258     0.0352     0.9185     0.1270    96.8757    34.8890 1.2057e+03 9.5400e-02   1319.000    34.8890    34.8854     6.3481    1486.72 0.0000e+00
   1335.924     3.5769     3.5770   3.267323   3.267041     2.5246     0.0277     0.9134     0.1273    96.8669    34.8889 1.2096e+03 9.5400e-02   1320.000    34.8889    34.8855     6.3449    1486.74 0.0000e+00
   1336.939     3.5777     3.5775   3.267480   3.267151     2.5246     0.0424     0.9138     0.1269    96.8767    34.8894 1.2042e+03 9.5400e-02   1321.000    34.8894    34.8857     6.3455    1486.76 0.0000e+00
   1337.955     3.5783     3.5779   3.267589   3.267259     2.5243     0.0343     0.9138     0.1269    96.8763    34.8896 1.2043e+03 9.5400e-02   1322.000    34.8896    34.8860     6.3452    1486.78 0.0000e+00
   1338.970     3.5788     3.5784   3.267695   3.267354     2.5240     0.0348     0.9138     0.1273    96.8686    34.8898 1.2094e+03 9.5400e-02   1323.000    34.8898    34.8861     6.3450    1486.80 0.0000e+00
   1339.985     3.5793     3.5790   3.267799   3.267464     2.5235     0.0356     0.9138     0.1264    96.8882    34.8900 1.2100e+03 9.5400e-02   1324.000    34.8900    34.8863     6.3441    1486.82 0.0000e+00
   1341.001     3.5797     3.5794   3.267888   3.267546     2.5230     0.0467     0.9138     0.1264    96.8887    34.8901 1.2086e+03 9.5400e-02   1325.000    34.8901    34.8864     6.3434    1486.84 0.0000e+00
   1342.016     3.5797     3.5794   3.267946   3.267616     2.5224     0.0384     0.9138     0.1271    96.8735    34.8903 1.2070e+03 9.5400e-02   1326.000    34.8903    34.8867     6.3421    1486.85 0.0000e+00
   1343.031     3.5794     3.5791   3.267966   3.267626     2.5214     0.0355     0.9147     0.1271    96.8724    34.8903 1.2071e+03 9.5400e-02   1327.000    34.8903    34.8866     6.3399    1486.87 0.0000e+00
   1344.047     3.5794     3.5791   3.267999   3.267670     2.5205     0.0348     0.9182     0.1267    96.8831    34.8902 1.2096e+03 9.5400e-02   1328.000    34.8902    34.8866     6.3376    1486.89 0.0000e+00
   1345.062     3.5795     3.5792   3.268058   3.267720     2.5199     0.0353     0.9168     0.1265    96.8862    34.8903 1.2122e+03 9.5400e-02   1329.000    34.8903    34.8866     6.3366    1486.90 0.0000e+00
   1346.077     3.5798     3.5795   3.268121   3.267784     2.5187     0.0353     0.9166     0.1269    96.8774    34.8902 1.2110e+03 9.5400e-02   1330.000    34.8902    34.8865     6.3334    1486.92 0.0000e+00
   1347.093     3.5798     3.5794   3.268176   3.267830     2.5174     0.0338     0.9200     0.1265    96.8879    34.8904 1.2076e+03 9.5400e-02   1331.000    34.8904    34.8867     6.3300    1486.94 0.0000e+00
   1348.108     3.5799     3.5796   3.268229   3.267889     2.5175     0.0348     0.9200     0.1265    96.8868    34.8904 1.2111e+03 9.5400e-02   1332.000    34.8904    34.8866     6.3310    1486.96 0.0000e+00
   1349.123     3.5815     3.5813   3.268466   3.268126     2.5172     0.0348     0.9172     0.1267    96.8817    34.8910 1.2143e+03 9.5400e-02   1333.000    34.8910    34.8872     6.3308    1486.98 0.0000e+00
   1350.139     3.5830     3.5827   3.268681   3.268331     2.5173     0.0348     0.9137     0.1264    96.8905    34.8914 1.2173e+03 9.5400e-02   1334.000    34.8914    34.8876     6.3316    1487.01 0.0000e+00
   1351.154     3.5834     3.5830   3.268757   3.268413     2.5174     0.0348     0.9138     0.1264    96.8902    34.8914 1.2206e+03 9.5400e-02   1335.000    34.8914    34.8877     6.3325    1487.02 0.0000e+00
   1352.169     3.5838     3.5835   3.268849   3.268511     2.5168     0.0348     0.9138     0.1267    96.8813    34.8916 1.2227e+03 9.5400e-02   1336.000    34.8916    34.8879     6.3314    1487.04 0.0000e+00
   1353.185     3.5844     3.5841   3.268933   3.268588     2.5155     0.0372     0.9171     0.1266    96.8842    34.8915 1.2237e+03 9.5400e-02   1337.000    34.8915    34.8877     6.3280    1487.06 0.0000e+00
   1354.200     3.5846     3.5844   3.269025   3.268685     2.5141     0.0395     0.9195     0.1264    96.8898    34.8918 1.2057e+03 9.5400e-02   1338.000    34.8918    34.8880     6.3240    1487.08 0.0000e+00
   1355.215     3.5864     3.5861   3.269273   3.268933     2.5134     0.0469     0.9139     0.1264    96.8886    34.8924 1.2047e+03 9.5400e-02   1339.000    34.8924    34.8887     6.3223    1487.11 0.0000e+00
   1356.231     3.5868     3.5865   3.269373   3.269030     2.5128     0.0470     0.9188     0.1267    96.8819    34.8926 1.2043e+03 9.5400e-02   1340.000    34.8926    34.8889     6.3212    1487.12 0.0000e+00
   1357.246     3.5876     3.5873   3.269507   3.269180     2.5123     0.0470     0.9136     0.1272    96.8705    34.8928 1.2017e+03 9.5400e-02   1341.000    34.8928    34.8893     6.3201    1487.14 0.0000e+00
   1358.262     3.5883     3.5880   3.269642   3.269298     2.5118     0.0470     0.9193     0.1269    96.8761    34.8932 1.1996e+03 9.5400e-02   1342.000    34.8932    34.8894     6.3193    1487.17 0.0000e+00
   1359.277     3.5895     3.5892   3.269833   3.269471     2.5111     0.0470     0.9146     0.1270    96.8745    34.8937 1.1956e+03 9.5400e-02   1343.000    34.8937    34.8897     6.3177    1487.19 0.0000e+00
   1360.292     3.5908     3.5905   3.270031   3.269680     2.5103     0.0448     0.9119     0.1267    96.8810    34.8942 1.1899e+03 9.5400e-02   1344.000    34.8942    34.8903     6.3155    1487.21 0.0000e+00
   1361.308     3.5915     3.5911   3.270142   3.269803     2.5095     0.0348     0.9244     0.1266    96.8839    34.8943 1.1876e+03 9.5400e-02   1345.000    34.8943    34.8906     6.3134    1487.23 0.0000e+00
   1362.323     3.5917     3.5914   3.270206   3.269878     2.5080     0.0436     0.9190     0.1269    96.8784    34.8943 1.2099e+03 9.5400e-02   1346.000    34.8943    34.8907     6.3094    1487.25 0.0000e+00
   1363.339     3.5917     3.5914   3.270262   3.269918     2.5068     0.0347     0.9148     0.1269    96.8773    34.8944 1.2252e+03 9.5400e-02   1347.000    34.8944    34.8907     6.3064    1487.27 0.0000e+00
   1364.354     3.5918     3.5915   3.270321   3.269979     2.5054     0.0348     0.9199     0.1286    96.8353    34.8945 1.2304e+03 9.5400e-02   1348.000    34.8945    34.8908     6.3026    1487.28 0.0000e+00
   1365.369     3.5919     3.5916   3.270370   3.270037     2.5053     0.0348     0.9188     0.1273    96.8672    34.8945 1.2235e+03 9.5400e-02   1349.000    34.8945    34.8908     6.3032    1487.30 0.0000e+00
   1366.385     3.5920     3.5917   3.270431   3.270085     2.5044     0.0396     0.9161     0.1274    96.8643    34.8946 1.1958e+03 9.5400e-02   1350.000    34.8946    34.8908     6.3010    1487.32 0.0000e+00
   1367.400     3.5921     3.5918   3.270483   3.270141     2.5039     0.0469     0.9172     0.1268    96.8789    34.8946 1.1677e+03 9.5400e-02   1351.000    34.8946    34.8908     6.3001    1487.34 0.0000e+00
   1368.416     3.5922     3.5918   3.270519   3.270182     2.5036     0.0433     0.9140     0.1268    96.8792    34.8944 1.1526e+03 9.5400e-02   1352.000    34.8944    34.8908     6.2999    1487.35 0.0000e+00
   1369.431     3.5923     3.5920   3.270576   3.270243     2.5028     0.0404     0.9138     0.1270    96.8738    34.8944 1.1409e+03 9.5400e-02   1353.000    34.8944    34.8909     6.2982    1487.37 0.0000e+00
   1370.447     3.5928     3.5925   3.270680   3.270339     2.5024     0.0409     0.9173     0.1266    96.8855    34.8947 1.1313e+03 9.5400e-02   1354.000    34.8947    34.8910     6.2976    1487.39 0.0000e+00
   1371.462     3.5934     3.5931   3.270825   3.270483     2.5021     0.0346     0.9167     0.1266    96.8838    34.8953 1.1266e+03 9.5400e-02   1355.000    34.8953    34.8915     6.2974    1487.41 0.0000e+00
   1372.477     3.5937     3.5934   3.270904   3.270562     2.5020     0.0348     0.9160     0.1269    96.8769    34.8954 1.1223e+03 9.5400e-02   1356.000    34.8954    34.8916     6.2977    1487.43 0.0000e+00
   1373.493     3.5941     3.5938   3.270989   3.270647     2.5017     0.0348     0.9199     0.1273    96.8686    34.8954 1.1164e+03 9.5400e-02   1357.000    34.8954    34.8917     6.2975    1487.45 0.0000e+00
   1374.508     3.5945     3.5942   3.271075   3.270734     2.5008     0.0348     0.9184     0.1265    96.8882    34.8956 1.1079e+03 9.5400e-02   1358.000    34.8956    34.8918     6.2954    1487.46 0.0000e+00
   1375.524     3.5950     3.5947   3.271165   3.270823     2.4999     0.0280     0.9185     0.1267    96.8829    34.8956 1.0977e+03 9.5400e-02   1359.000    34.8956    34.8918     6.2930    1487.48 0.0000e+00
   1376.539     3.5952     3.5951   3.271233   3.270906     2.4983     0.0273     0.9157     0.1267    96.8832    34.8957 1.0926e+03 9.5400e-02   1360.000    34.8957    34.8919     6.2885    1487.50 0.0000e+00
   1377.555     3.5966     3.5963   3.271459   3.271086     2.4978     0.0225     0.9201     0.1265    96.8858    34.8963 1.0924e+03 9.5400e-02   1361.000    34.8963    34.8922     6.2876    1487.53 0.0000e+00
   1378.570     3.5987     3.5985   3.271723   3.271374     2.4979     0.0356     0.9169     0.1264    96.8882    34.8967 1.0891e+03 9.5400e-02   1362.000    34.8967    34.8928     6.2882    1487.55 0.0000e+00
   1379.586     3.6002     3.5999   3.271933   3.271578     2.4969     0.0472     0.9138     0.1270    96.8747    34.8972 1.0877e+03 9.5400e-02   1363.000    34.8972    34.8933     6.2855    1487.58 0.0000e+00
   1380.601     3.6007     3.6005   3.272040   3.271703     2.4969     0.0370     0.9089     0.1274    96.8650    34.8974 1.0843e+03 9.5400e-02   1364.000    34.8974    34.8936     6.2863    1487.60 0.0000e+00
   1381.617     3.6018     3.6015   3.272205   3.271848     2.4966     0.0349     0.9102     0.1269    96.8765    34.8977 1.0799e+03 9.5400e-02   1365.000    34.8977    34.8937     6.2860    1487.62 0.0000e+00
   1382.632     3.6020     3.6019   3.272247   3.271933     2.4942     0.0274     0.9149     0.1269    96.8769    34.8974 1.0730e+03 9.5400e-02   1366.000    34.8974    34.8938     6.2789    1487.63 0.0000e+00
   1383.648     3.6013     3.6010   3.272246   3.271858     2.4923     0.0254     0.9139     0.1270    96.8758    34.8976 1.0705e+03 9.5400e-02   1367.000    34.8976    34.8934     6.2737    1487.65 0.0000e+00
   1384.663     3.6038     3.6035   3.272575   3.272207     2.4920     0.0227     0.9138     0.1268    96.8786    34.8985 1.0680e+03 9.5400e-02   1368.000    34.8985    34.8944     6.2731    1487.68 0.0000e+00
   1385.679     3.6046     3.6043   3.272711   3.272355     2.4917     0.0340     0.9138     0.1266    96.8839    34.8987 1.0624e+03 9.5400e-02   1369.000    34.8987    34.8948     6.2725    1487.70 0.0000e+00
   1386.694     3.6053     3.6051   3.272831   3.272502     2.4917     0.0348     0.9180     0.1265    96.8866    34.8988 1.0569e+03 9.5400e-02   1370.000    34.8988    34.8952     6.2734    1487.72 0.0000e+00
   1387.710     3.6075     3.6072   3.273147   3.272802     2.4907     0.0348     0.9233     0.1267    96.8821    34.8998 1.0561e+03 9.5400e-02   1371.000    34.8998    34.8960     6.2703    1487.75 0.0000e+00
   1388.725     3.6080     3.6077   3.273260   3.272899     2.4895     0.0348     0.9199     0.1265    96.8862    34.9001 1.0612e+03 9.5400e-02   1372.000    34.9001    34.8962     6.2673    1487.76 0.0000e+00
   1389.741     3.6081     3.6078   3.273322   3.272962     2.4888     0.0348     0.9264     0.1265    96.8867    34.9003 1.0602e+03 9.5400e-02   1373.000    34.9003    34.8963     6.2656    1487.78 0.0000e+00
