Ship_data/Irminger/Irminger-3/ctd/process/dar0701009.cnv
* Sea-Bird SBE 9 Data File:
* FileName = D:\Data\ar0701009.hdr
* Software Version Seasave V 7.23.2
* Temperature SN = 4406
* Conductivity SN = 3042
* Number of Bytes Per Scan = 44
* Number of Voltage Words = 5
* Number of Scans Averaged by the Deck Unit = 1
* NMEA Latitude = 59 43.01 N
* NMEA Longitude = 039 20.16 W
* NMEA UTC (Time) = Jul 13 2016  16:20:08
** Site Irminger Flanking mooring B
** G. Tupper Tupper
** Station # 009
** Old and new
# nquan = 19
# nvalues = 2432                        
# units = specified
# name 0 = prDM: Pressure, Digiquartz [db]
# name 1 = t090C: Temperature [ITS-90, deg C]
# name 2 = t190C: Temperature, 2 [ITS-90, deg C]
# name 3 = c0S/m: Conductivity [S/m]
# name 4 = c1S/m: Conductivity, 2 [S/m]
# name 5 = sbeox0V: Oxygen raw, SBE 43 [V]
# name 6 = flECO-AFL: Fluorescence, WET Labs ECO-AFL/FL [mg/m^3]
# name 7 = turbWETntu0: Turbidity, WET Labs ECO [NTU]
# name 8 = CStarAt0: Beam Attenuation, WET Labs C-Star [1/m]
# name 9 = CStarTr0: Beam Transmission, WET Labs C-Star [%]
# name 10 = sal00: Salinity, Practical [PSU]
# name 11 = spar: SPAR/Surface Irradiance
# name 12 = par: PAR/Irradiance, Biospherical/Licor
# name 13 = depSM: Depth [salt water, m], lat = 59.7168
# name 14 = sal00: Salinity, Practical [PSU]
# name 15 = sal11: Salinity, Practical, 2 [PSU]
# name 16 = sbeox0ML/L: Oxygen, SBE 43 [ml/l], WS = 2
# name 17 = svCM: Sound Velocity [Chen-Millero, m/s]
# name 18 = flag: flag
# span 0 =      3.029,   2471.579       
# span 1 =     2.8029,     9.0328       
# span 2 =     2.8079,     9.0325       
# span 3 =   3.231968,   3.702082       
# span 4 =   3.231733,   3.701812       
# span 5 =     2.1754,     3.4688       
# span 6 =     0.0095,     2.8815       
# span 7 =     0.8803,     1.0838       
# span 8 =     0.1229,     0.6247       
# span 9 =    85.5405,    96.9734       
# span 10 =    34.8308,    34.9405      
# span 11 = 8.8367e+02, 1.5431e+03      
# span 12 = 9.5399e-02, 9.5459e-02      
# span 13 =      3.000,   2434.000      
# span 14 =    34.8308,    34.9405      
# span 15 =    34.8312,    34.9427      
# span 16 =     6.0540,     6.9845      
# span 17 =    1468.32,    1502.62      
# span 18 = 0.0000e+00, 0.0000e+00      
# interval = meters: 1                  
# start_time = Jul 13 2016 16:23:27 [NMEA time, first data scan]
# bad_flag = -9.990e-29
*END*
[from data line 2210]
   2245.986     3.0772     3.0769   3.263871   3.263479     2.2174     0.0226     0.9211     0.1231    96.9703    34.9329 9.3376e+02 9.5400e-02   2213.000    34.9329    34.9286     6.0968    1499.93 0.0000e+00
   2247.006     3.0769     3.0767   3.263891   3.263502     2.2173     0.0263     0.9279     0.1231    96.9703    34.9330 9.3467e+02 9.5400e-02   2214.000    34.9330    34.9285     6.0975    1499.94 0.0000e+00
   2248.026     3.0767     3.0764   3.263914   3.263524     2.2173     0.0425     0.9299     0.1231    96.9692    34.9331 9.3525e+02 9.5400e-02   2215.000    34.9331    34.9287     6.0982    1499.96 0.0000e+00
   2249.046     3.0753     3.0749   3.263831   3.263438     2.2173     0.0250     0.9216     0.1231    96.9703    34.9330 9.3579e+02 9.5400e-02   2216.000    34.9330    34.9287     6.0991    1499.97 0.0000e+00
   2250.067     3.0740     3.0739   3.263754   3.263376     2.2173     0.0349     0.9274     0.1233    96.9643    34.9329 9.3526e+02 9.5400e-02   2217.000    34.9329    34.9286     6.1004    1499.98 0.0000e+00
   2251.087     3.0739     3.0737   3.263788   3.263407     2.2168     0.0393     0.9293     0.1233    96.9650    34.9330 9.3588e+02 9.5400e-02   2218.000    34.9330    34.9287     6.0993    1500.00 0.0000e+00
   2252.107     3.0712     3.0710   3.263594   3.263208     2.2170     0.0470     0.9301     0.1232    96.9670    34.9330 9.3542e+02 9.5400e-02   2219.000    34.9330    34.9287     6.1014    1500.01 0.0000e+00
   2253.127     3.0710     3.0707   3.263607   3.263222     2.2166     0.0428     0.9264     0.1231    96.9702    34.9330 9.3608e+02 9.5400e-02   2220.000    34.9330    34.9287     6.1005    1500.02 0.0000e+00
   2254.148     3.0697     3.0695   3.263539   3.263158     2.2164     0.0312     0.9265     0.1231    96.9703    34.9330 9.3662e+02 9.5400e-02   2221.000    34.9330    34.9287     6.1008    1500.03 0.0000e+00
   2255.168     3.0691     3.0688   3.263511   3.263115     2.2161     0.0343     0.9271     0.1232    96.9660    34.9329 9.3678e+02 9.5400e-02   2222.000    34.9329    34.9285     6.1006    1500.05 0.0000e+00
   2256.188     3.0683     3.0681   3.263477   3.263086     2.2157     0.0471     0.9274     0.1239    96.9491    34.9328 9.3688e+02 9.5400e-02   2223.000    34.9328    34.9284     6.1002    1500.06 0.0000e+00
   2257.208     3.0667     3.0665   3.263358   3.262984     2.2152     0.0249     0.9265     0.1235    96.9590    34.9326 9.3696e+02 9.5400e-02   2224.000    34.9326    34.9284     6.0994    1500.07 0.0000e+00
   2258.229     3.0622     3.0619   3.262959   3.262619     2.2149     0.0348     0.9272     0.1235    96.9601    34.9321 9.3726e+02 9.5400e-02   2225.000    34.9321    34.9284     6.1001    1500.07 0.0000e+00
   2259.249     3.0591     3.0589   3.262705   3.262327     2.2151     0.0348     0.9272     0.1242    96.9439    34.9319 9.3788e+02 9.5400e-02   2226.000    34.9319    34.9276     6.1019    1500.07 0.0000e+00
   2260.270     3.0594     3.0591   3.262772   3.262378     2.2150     0.0451     0.9279     0.1237    96.9541    34.9319 9.3868e+02 9.5400e-02   2227.000    34.9319    34.9275     6.1023    1500.09 0.0000e+00
   2261.290     3.0633     3.0636   3.263244   3.262867     2.2149     0.0385     0.9271     0.1233    96.9657    34.9329 9.3825e+02 9.5400e-02   2228.000    34.9329    34.9281     6.1022    1500.13 0.0000e+00
   2262.310     3.0644     3.0643   3.263396   3.263017     2.2150     0.0349     0.9305     0.1232    96.9672    34.9330 9.3935e+02 9.5400e-02   2229.000    34.9330    34.9287     6.1031    1500.15 0.0000e+00
   2263.331     3.0640     3.0638   3.263410   3.263026     2.2151     0.0348     0.9229     0.1231    96.9693    34.9332 9.3928e+02 9.5400e-02   2230.000    34.9332    34.9288     6.1043    1500.16 0.0000e+00
   2264.351     3.0636     3.0633   3.263407   3.263017     2.2150     0.0440     0.9307     0.1232    96.9670    34.9331 9.3860e+02 9.5400e-02   2231.000    34.9331    34.9287     6.1050    1500.18 0.0000e+00
   2265.371     3.0617     3.0614   3.263273   3.262888     2.2147     0.0344     0.9252     0.1247    96.9299    34.9330 9.3839e+02 9.5400e-02   2232.000    34.9330    34.9288     6.1051    1500.19 0.0000e+00
   2266.392     3.0592     3.0592   3.263083   3.262714     2.2142     0.0415     0.9242     0.1232    96.9669    34.9329 9.3849e+02 9.5400e-02   2233.000    34.9329    34.9285     6.1044    1500.19 0.0000e+00
   2267.412     3.0579     3.0577   3.262982   3.262620     2.2132     0.0328     0.9302     0.1231    96.9692    34.9326 9.3877e+02 9.5400e-02   2234.000    34.9326    34.9285     6.1017    1500.21 0.0000e+00
   2268.432     3.0556     3.0555   3.262810   3.262429     2.2129     0.0227     0.9322     0.1240    96.9483    34.9325 9.3940e+02 9.5400e-02   2235.000    34.9325    34.9281     6.1018    1500.21 0.0000e+00
   2269.453     3.0554     3.0552   3.262829   3.262455     2.2128     0.0293     0.9299     0.1238    96.9534    34.9324 9.4021e+02 9.5400e-02   2236.000    34.9324    34.9282     6.1021    1500.23 0.0000e+00
   2270.473     3.0557     3.0555   3.262917   3.262518     2.2127     0.0348     0.9287     0.1233    96.9656    34.9327 9.3941e+02 9.5400e-02   2237.000    34.9327    34.9281     6.1024    1500.25 0.0000e+00
   2271.493     3.0539     3.0535   3.262770   3.262394     2.2126     0.0348     0.9267     0.1233    96.9641    34.9323 9.4103e+02 9.5400e-02   2238.000    34.9323    34.9283     6.1032    1500.26 0.0000e+00
   2272.514     3.0499     3.0498   3.262425   3.262063     2.2119     0.0348     0.9309     0.1238    96.9536    34.9321 9.4053e+02 9.5400e-02   2239.000    34.9321    34.9278     6.1021    1500.26 0.0000e+00
   2273.534     3.0496     3.0495   3.262436   3.262065     2.2117     0.0348     0.9324     0.1243    96.9402    34.9320 9.4115e+02 9.5400e-02   2240.000    34.9320    34.9276     6.1025    1500.27 0.0000e+00
   2274.554     3.0473     3.0471   3.262269   3.261894     2.2120     0.0443     0.9229     0.1242    96.9425    34.9319 9.4136e+02 9.5400e-02   2241.000    34.9319    34.9277     6.1046    1500.28 0.0000e+00
   2275.575     3.0440     3.0439   3.261982   3.261620     2.2122     0.0368     0.9253     0.1237    96.9542    34.9315 9.4115e+02 9.5400e-02   2242.000    34.9315    34.9273     6.1068    1500.28 0.0000e+00
   2276.595     3.0421     3.0419   3.261840   3.261460     2.2122     0.0252     0.9263     0.1242    96.9422    34.9313 9.4043e+02 9.5400e-02   2243.000    34.9313    34.9270     6.1080    1500.29 0.0000e+00
   2277.616     3.0407     3.0404   3.261735   3.261352     2.2124     0.0328     0.9314     0.1241    96.9446    34.9311 9.3975e+02 9.5400e-02   2244.000    34.9311    34.9268     6.1097    1500.30 0.0000e+00
   2278.636     3.0394     3.0392   3.261649   3.261261     2.2129     0.0462     0.9425     0.1240    96.9465    34.9309 9.3846e+02 9.5400e-02   2245.000    34.9309    34.9266     6.1126    1500.31 0.0000e+00
   2279.656     3.0374     3.0371   3.261496   3.261112     2.2135     0.0471     0.9264     0.1238    96.9529    34.9307 9.4116e+02 9.5400e-02   2246.000    34.9307    34.9265     6.1162    1500.32 0.0000e+00
   2280.677     3.0366     3.0363   3.261474   3.261068     2.2145     0.0470     0.9277     0.1242    96.9422    34.9308 9.4345e+02 9.5400e-02   2247.000    34.9308    34.9264     6.1207    1500.34 0.0000e+00
   2281.697     3.0358     3.0355   3.261446   3.261075     2.2149     0.0464     0.9287     0.1240    96.9474    34.9309 9.4481e+02 9.5400e-02   2248.000    34.9309    34.9267     6.1233    1500.35 0.0000e+00
   2282.718     3.0351     3.0349   3.261430   3.261041     2.2152     0.0344     0.9266     0.1242    96.9434    34.9309 9.4609e+02 9.5400e-02   2249.000    34.9309    34.9266     6.1252    1500.37 0.0000e+00
   2283.738     3.0346     3.0344   3.261426   3.261037     2.2153     0.0130     0.9268     0.1240    96.9468    34.9309 9.4595e+02 9.5400e-02   2250.000    34.9309    34.9265     6.1266    1500.38 0.0000e+00
   2284.759     3.0354     3.0351   3.261545   3.261151     2.2153     0.0328     0.9265     0.1237    96.9540    34.9311 9.4454e+02 9.5400e-02   2251.000    34.9311    34.9266     6.1273    1500.40 0.0000e+00
   2285.779     3.0355     3.0352   3.261596   3.261212     2.2153     0.0400     0.9273     0.1239    96.9497    34.9311 9.4274e+02 9.5400e-02   2252.000    34.9311    34.9268     6.1282    1500.42 0.0000e+00
   2286.800     3.0330     3.0326   3.261389   3.261011     2.2150     0.0310     0.9267     0.1238    96.9515    34.9308 9.4297e+02 9.5400e-02   2253.000    34.9308    34.9267     6.1281    1500.42 0.0000e+00
   2287.820     3.0277     3.0274   3.260914   3.260545     2.2148     0.0227     0.9268     0.1242    96.9437    34.9302 9.4415e+02 9.5400e-02   2254.000    34.9302    34.9261     6.1292    1500.42 0.0000e+00
   2288.840     3.0262     3.0264   3.260804   3.260463     2.2145     0.0311     0.9311     0.1242    96.9425    34.9300 9.4393e+02 9.5400e-02   2255.000    34.9300    34.9257     6.1294    1500.43 0.0000e+00
   2289.861     3.0268     3.0265   3.260905   3.260502     2.2135     0.0349     0.9235     0.1242    96.9436    34.9301 9.4637e+02 9.5400e-02   2256.000    34.9301    34.9256     6.1262    1500.45 0.0000e+00
   2290.881     3.0280     3.0280   3.261080   3.260701     2.2138     0.0348     0.9258     0.1241    96.9457    34.9304 9.4779e+02 9.5400e-02   2257.000    34.9304    34.9259     6.1281    1500.47 0.0000e+00
   2291.902     3.0274     3.0273   3.261067   3.260707     2.2143     0.0348     0.9271     0.1246    96.9329    34.9304 9.4869e+02 9.5400e-02   2258.000    34.9304    34.9263     6.1306    1500.49 0.0000e+00
   2292.922     3.0246     3.0245   3.260848   3.260490     2.2143     0.0348     0.9271     0.1241    96.9445    34.9303 9.4878e+02 9.5400e-02   2259.000    34.9303    34.9262     6.1321    1500.49 0.0000e+00
   2293.943     3.0239     3.0236   3.260818   3.260430     2.2149     0.0353     0.9306     0.1243    96.9402    34.9302 9.4878e+02 9.5400e-02   2260.000    34.9302    34.9259     6.1351    1500.51 0.0000e+00
   2294.963     3.0243     3.0241   3.260922   3.260531     2.2146     0.0348     0.9283     0.1241    96.9445    34.9305 9.4712e+02 9.5400e-02   2261.000    34.9305    34.9260     6.1349    1500.53 0.0000e+00
   2295.984     3.0225     3.0221   3.260783   3.260386     2.2144     0.0386     0.9311     0.1239    96.9511    34.9303 9.4604e+02 9.5400e-02   2262.000    34.9303    34.9259     6.1352    1500.53 0.0000e+00
   2297.004     3.0211     3.0208   3.260689   3.260308     2.2136     0.0434     0.9292     0.1243    96.9398    34.9302 9.4554e+02 9.5400e-02   2263.000    34.9302    34.9260     6.1333    1500.55 0.0000e+00
   2298.025     3.0197     3.0195   3.260596   3.260211     2.2141     0.0350     0.9313     0.1242    96.9435    34.9301 9.4696e+02 9.5400e-02   2264.000    34.9300    34.9256     6.1361    1500.56 0.0000e+00
   2299.045     3.0179     3.0177   3.260454   3.260088     2.2140     0.0348     0.9265     0.1241    96.9459    34.9298 9.4830e+02 9.5400e-02   2265.000    34.9298    34.9257     6.1371    1500.57 0.0000e+00
   2300.066     3.0148     3.0146   3.260210   3.259841     2.2135     0.0348     0.9206     0.1242    96.9437    34.9297 9.4892e+02 9.5400e-02   2266.000    34.9297    34.9255     6.1365    1500.57 0.0000e+00
   2301.086     3.0131     3.0127   3.260088   3.259706     2.2136     0.0370     0.9273     0.1242    96.9436    34.9295 9.4987e+02 9.5400e-02   2267.000    34.9295    34.9253     6.1379    1500.58 0.0000e+00
   2302.107     3.0126     3.0123   3.260080   3.259687     2.2136     0.0417     0.9263     0.1242    96.9436    34.9295 9.4983e+02 9.5400e-02   2268.000    34.9295    34.9251     6.1390    1500.59 0.0000e+00
   2303.127     3.0122     3.0119   3.260090   3.259693     2.2138     0.0288     0.9268     0.1242    96.9436    34.9296 9.4981e+02 9.5400e-02   2269.000    34.9296    34.9251     6.1405    1500.61 0.0000e+00
   2304.148     3.0120     3.0118   3.260122   3.259723     2.2142     0.0338     0.9299     0.1244    96.9370    34.9297 9.5008e+02 9.5400e-02   2270.000    34.9297    34.9251     6.1429    1500.63 0.0000e+00
   2305.168     3.0114     3.0112   3.260106   3.259732     2.2142     0.0473     0.9325     0.1242    96.9437    34.9296 9.5098e+02 9.5400e-02   2271.000    34.9296    34.9254     6.1439    1500.64 0.0000e+00
   2306.189     3.0104     3.0102   3.260050   3.259671     2.2148     0.0434     0.9288     0.1242    96.9436    34.9295 9.5201e+02 9.5400e-02   2272.000    34.9295    34.9253     6.1472    1500.65 0.0000e+00
   2307.209     3.0089     3.0087   3.259958   3.259575     2.2147     0.0351     0.9219     0.1242    96.9436    34.9295 9.5234e+02 9.5400e-02   2273.000    34.9295    34.9252     6.1476    1500.66 0.0000e+00
   2308.230     3.0076     3.0073   3.259876   3.259498     2.2144     0.0348     0.9268     0.1246    96.9339    34.9294 9.5070e+02 9.5400e-02   2274.000    34.9294    34.9252     6.1477    1500.68 0.0000e+00
   2309.250     3.0073     3.0071   3.259898   3.259519     2.2142     0.0422     0.9302     0.1243    96.9408    34.9296 9.5048e+02 9.5400e-02   2275.000    34.9296    34.9252     6.1478    1500.69 0.0000e+00
   2310.271     3.0057     3.0056   3.259785   3.259417     2.2141     0.0427     0.9248     0.1241    96.9451    34.9294 9.4932e+02 9.5400e-02   2276.000    34.9294    34.9251     6.1487    1500.70 0.0000e+00
   2311.292     3.0035     3.0032   3.259625   3.259269     2.2138     0.0347     0.9240     0.1242    96.9436    34.9294 9.5094e+02 9.5400e-02   2277.000    34.9294    34.9254     6.1484    1500.71 0.0000e+00
   2312.312     3.0001     2.9998   3.259372   3.258977     2.2138     0.0348     0.9289     0.1242    96.9423    34.9294 9.5325e+02 9.5400e-02   2278.000    34.9294    34.9251     6.1500    1500.71 0.0000e+00
   2313.333     2.9995     2.9993   3.259350   3.258959     2.2132     0.0348     0.9310     0.1246    96.9342    34.9293 9.5474e+02 9.5400e-02   2279.000    34.9293    34.9249     6.1487    1500.73 0.0000e+00
   2314.353     2.9992     2.9990   3.259368   3.258971     2.2134     0.0370     0.9269     0.1246    96.9339    34.9293 9.5626e+02 9.5400e-02   2280.000    34.9293    34.9248     6.1503    1500.74 0.0000e+00
   2315.374     2.9984     2.9981   3.259327   3.258930     2.2133     0.0472     0.9268     0.1244    96.9372    34.9293 9.5625e+02 9.5400e-02   2281.000    34.9293    34.9248     6.1510    1500.76 0.0000e+00
   2316.395     3.0016     3.0011   3.259732   3.259307     2.2133     0.0419     0.9290     0.1246    96.9339    34.9302 9.5533e+02 9.5400e-02   2282.000    34.9302    34.9257     6.1511    1500.79 0.0000e+00
   2317.415     3.0001     2.9994   3.259625   3.259205     2.2134     0.0349     0.9300     0.1243    96.9394    34.9301 9.5299e+02 9.5400e-02   2283.000    34.9301    34.9258     6.1524    1500.80 0.0000e+00
   2318.436     2.9982     2.9979   3.259485   3.259099     2.2133     0.0348     0.9301     0.1245    96.9357    34.9299 9.5145e+02 9.5400e-02   2284.000    34.9299    34.9256     6.1533    1500.81 0.0000e+00
   2319.456     2.9962     2.9965   3.259333   3.258990     2.2128     0.0348     0.9290     0.1243    96.9400    34.9298 9.5373e+02 9.5400e-02   2285.000    34.9298    34.9253     6.1525    1500.82 0.0000e+00
   2320.477     2.9988     2.9987   3.259677   3.259245     2.2123     0.0411     0.9238     0.1245    96.9348    34.9306 9.5549e+02 9.5400e-02   2286.000    34.9306    34.9255     6.1511    1500.85 0.0000e+00
   2321.498     2.9996     2.9995   3.259783   3.259464     2.2120     0.0419     0.9253     0.1242    96.9425    34.9306 9.5657e+02 9.5400e-02   2287.000    34.9306    34.9268     6.1507    1500.87 0.0000e+00
