Ship_data/Irminger/Irminger-3/ctd/process/dar0701003.cnv
* Sea-Bird SBE 9 Data File:
* FileName = D:\Data\ar0701003.hdr
* Software Version Seasave V 7.23.2
* Temperature SN = 4406
* Conductivity SN = 3042
* Number of Bytes Per Scan = 44
* Number of Voltage Words = 5
* Number of Scans Averaged by the Deck Unit = 1
* NMEA Latitude = 51 58.27 N
* NMEA Longitude = 045 45.89 W
* NMEA UTC (Time) = Jul 06 2016  14:10:07
**  Release test
** Chief Scientist: George Tupper
** Station ID 003
# nquan = 19
# nvalues = 2504                        
# units = specified
# name 0 = prDM: Pressure, Digiquartz [db]
# name 1 = t090C: Temperature [ITS-90, deg C]
# name 2 = t190C: Temperature, 2 [ITS-90, deg C]
# name 3 = c0S/m: Conductivity [S/m]
# name 4 = c1S/m: Conductivity, 2 [S/m]
# name 5 = sbeox0V: Oxygen raw, SBE 43 [V]
# name 6 = flECO-AFL: Fluorescence, WET Labs ECO-AFL/FL [mg/m^3]
# name 7 = turbWETntu0: Turbidity, WET Labs ECO [NTU]
# name 8 = CStarAt0: Beam Attenuation, WET Labs C-Star [1/m]
# name 9 = CStarTr0: Beam Transmission, WET Labs C-Star [%]
# name 10 = sal00: Salinity, Practical [PSU]
# name 11 = spar: SPAR/Surface Irradiance
# name 12 = par: PAR/Irradiance, Biospherical/Licor
# name 13 = depSM: Depth [salt water, m], lat = 51.9712
# name 14 = sal00: Salinity, Practical [PSU]
# name 15 = sal11: Salinity, Practical, 2 [PSU]
# name 16 = sbeox0ML/L: Oxygen, SBE 43 [ml/l], WS = 2
# name 17 = svCM: Sound Velocity [Chen-Millero, m/s]
# name 18 = flag: flag
# span 0 =      3.027,   2543.429       
# span 1 =     2.8867,    10.8852       
# span 2 =     2.8871,    10.8814       
# span 3 =   3.246970,   3.821552       
# span 4 =   3.246733,   3.820712       
# span 5 =     2.1524,     3.3243       
# span 6 =     0.0108,     2.9760       
# span 7 =     0.8851,     1.0889       
# span 8 =     0.1257,     0.7932       
# span 9 =    82.0119,    96.9063       
# span 10 =    34.2777,    34.9384      
# span 11 = 7.3573e+02, 3.3243e+03      
# span 12 = 9.5399e-02, 9.5477e-02      
# span 13 =      3.000,   2506.000      
# span 14 =    34.2777,    34.9384      
# span 15 =    34.2755,    34.9374      
# span 16 =     5.5695,     6.4310      
# span 17 =    1471.15,    1504.13      
# span 18 = 0.0000e+00, 0.0000e+00      
# interval = meters: 1                  
# start_time = Jul 06 2016 14:11:28 [NMEA time, first data scan]
# bad_flag = -9.990e-29
*END*
[from data line 229]
    234.180     4.7630     4.7626   3.315275   3.314991     2.6355     0.0395     0.8901     0.1373    96.6263    34.7721 1.6987e+03 9.5430e-02    232.000    34.7721    34.7693     5.6338    1473.31 0.0000e+00
    235.190     4.7629     4.7624   3.315485   3.315228     2.6362     0.0471     0.8894     0.1374    96.6230    34.7742 1.7093e+03 9.5432e-02    233.000    34.7742    34.7718     5.6365    1473.33 0.0000e+00
    236.200     4.7573     4.7567   3.315116   3.314867     2.6365     0.0470     0.8894     0.1372    96.6288    34.7752 1.7221e+03 9.5444e-02    234.000    34.7752    34.7729     5.6389    1473.33 0.0000e+00
    237.210     4.7585     4.7580   3.315407   3.315072     2.6356     0.0388     0.8894     0.1370    96.6322    34.7768 1.6985e+03 9.5424e-02    235.000    34.7768    34.7735     5.6369    1473.35 0.0000e+00
    238.220     4.7628     4.7624   3.315778   3.315523     2.6333     0.0390     0.8894     0.1371    96.6295    34.7761 1.6838e+03 9.5427e-02    236.000    34.7761    34.7736     5.6307    1473.38 0.0000e+00
    239.230     4.7673     4.7667   3.316473   3.315947     2.6310     0.0406     0.8874     0.1372    96.6282    34.7790 1.6271e+03 9.5400e-02    237.000    34.7790    34.7735     5.6244    1473.42 0.0000e+00
    240.240     4.7798     4.7792   3.318002   3.317724     2.6308     0.0299     0.8881     0.1368    96.6389    34.7831 1.6026e+03 9.5422e-02    238.000    34.7831    34.7806     5.6225    1473.50 0.0000e+00
    241.250     4.7794     4.7783   3.318058   3.317729     2.6307     0.0297     0.8894     0.1364    96.6469    34.7837 1.5768e+03 9.5426e-02    239.000    34.7837    34.7811     5.6230    1473.51 0.0000e+00
    242.260     4.7051     4.7058   3.310834   3.311143     2.6296     0.0350     0.8894     0.1369    96.6357    34.7768 1.5330e+03 9.5426e-02    240.000    34.7768    34.7797     5.6320    1473.21 0.0000e+00
    243.270     4.6671     4.6664   3.307298   3.307000     2.6289     0.0285     0.8894     0.1395    96.5738    34.7748 1.5087e+03 9.5408e-02    241.000    34.7748    34.7721     5.6366    1473.07 0.0000e+00
    244.280     4.6679     4.6675   3.307463   3.307181     2.6323     0.0296     0.8883     0.1375    96.6206    34.7754 1.5035e+03 9.5400e-02    242.000    34.7754    34.7725     5.6466    1473.09 0.0000e+00
    245.290     4.6696     4.6691   3.307751   3.307464     2.6373     0.0353     0.8884     0.1364    96.6471    34.7764 1.4985e+03 9.5423e-02    243.000    34.7764    34.7736     5.6609    1473.12 0.0000e+00
    246.300     4.6565     4.6556   3.306677   3.306526     2.6427     0.0348     0.8894     0.1366    96.6427    34.7770 1.4930e+03 9.5421e-02    244.000    34.7770    34.7762     5.6783    1473.08 0.0000e+00
    247.310     4.6520     4.6492   3.306217   3.305746     2.6526     0.0291     0.8888     0.1360    96.6560    34.7759 1.4716e+03 9.5429e-02    245.000    34.7759    34.7733     5.7072    1473.08 0.0000e+00
    248.321     4.6470     4.6423   3.305726   3.305380     2.6595     0.0226     0.8894     0.1363    96.6498    34.7748 1.4540e+03 9.5445e-02    246.000    34.7748    34.7758     5.7275    1473.07 0.0000e+00
    249.331     4.6067     4.6055   3.302140   3.302071     2.6590     0.0226     0.8894     0.1363    96.6498    34.7746 1.4542e+03 9.5434e-02    247.000    34.7746    34.7751     5.7332    1472.92 0.0000e+00
    250.341     4.5991     4.5992   3.301638   3.301420     2.6581     0.0226     0.8894     0.1403    96.5538    34.7762 1.4529e+03 9.5477e-02    248.000    34.7762    34.7736     5.7324    1472.91 0.0000e+00
    251.351     4.5979     4.5974   3.301675   3.301407     2.6580     0.0306     0.8894     0.1362    96.6513    34.7774 1.4509e+03 9.5431e-02    249.000    34.7774    34.7748     5.7330    1472.92 0.0000e+00
    252.361     4.6000     4.5987   3.301957   3.301545     2.6590     0.0346     0.8894     0.1364    96.6468    34.7780 1.4486e+03 9.5461e-02    250.000    34.7780    34.7745     5.7364    1472.95 0.0000e+00
    253.371     4.6112     4.6132   3.302871   3.302847     2.6668     0.0355     0.8891     0.1362    96.6522    34.7763 1.4249e+03 9.5411e-02    251.000    34.7763    34.7740     5.7569    1473.01 0.0000e+00
    254.381     4.6097     4.6107   3.302867   3.302697     2.6682     0.0348     0.8986     0.1362    96.6512    34.7774 1.3990e+03 9.5415e-02    252.000    34.7774    34.7743     5.7616    1473.02 0.0000e+00
    255.391     4.6485     4.6493   3.307446   3.306595     2.6679     0.0348     0.8992     0.1362    96.6524    34.7896 1.3924e+03 9.5454e-02    253.000    34.7896    34.7788     5.7554    1473.21 0.0000e+00
    256.401     4.7107     4.7099   3.313897   3.313381     2.6685     0.0395     0.8897     0.1364    96.6480    34.7992 1.3879e+03 9.5429e-02    254.000    34.7992    34.7940     5.7480    1473.50 0.0000e+00
    257.411     4.7151     4.7153   3.314458   3.314242     2.6672     0.0393     0.8896     0.1359    96.6586    34.8005 1.3792e+03 9.5414e-02    255.000    34.8005    34.7978     5.7443    1473.53 0.0000e+00
    258.421     4.7160     4.7155   3.314649   3.314325     2.6581     0.0321     0.8896     0.1356    96.6665    34.8013 1.3653e+03 9.5408e-02    256.000    34.8013    34.7981     5.7198    1473.56 0.0000e+00
    259.431     4.7181     4.7174   3.315041   3.314813     2.6512     0.0271     0.8894     0.1352    96.6755    34.8032 1.3534e+03 9.5410e-02    257.000    34.8032    34.8012     5.7010    1473.58 0.0000e+00
    260.441     4.7188     4.7190   3.315384   3.315057     2.6456     0.0415     0.8894     0.1357    96.6652    34.8059 1.3438e+03 9.5414e-02    258.000    34.8059    34.8019     5.6863    1473.61 0.0000e+00
    261.451     4.7294     4.7263   3.316530   3.316026     2.6372     0.0341     0.8895     0.1356    96.6669    34.8076 1.3140e+03 9.5408e-02    259.000    34.8076    34.8050     5.6621    1473.67 0.0000e+00
    262.462     4.7722     4.7746   3.321368   3.320833     2.6347     0.0251     0.8894     0.1384    96.5984    34.8185 1.2984e+03 9.5410e-02    260.000    34.8185    34.8098     5.6492    1473.87 0.0000e+00
    263.472     4.8102     4.8108   3.325269   3.324915     2.6351     0.0483     0.8894     0.1365    96.6442    34.8236 1.2844e+03 9.5414e-02    261.000    34.8236    34.8189     5.6454    1474.05 0.0000e+00
    264.482     4.8301     4.8300   3.327497   3.327183     2.6343     0.0383     0.8894     0.1370    96.6323    34.8283 1.2784e+03 9.5432e-02    262.000    34.8283    34.8247     5.6405    1474.16 0.0000e+00
    265.492     4.8296     4.8291   3.327538   3.327265     2.6316     0.0348     0.8894     0.1373    96.6267    34.8287 1.2786e+03 9.5418e-02    263.000    34.8287    34.8260     5.6339    1474.17 0.0000e+00
    266.502     4.8272     4.8258   3.327405   3.327039     2.6276     0.0348     0.8901     0.1364    96.6478    34.8291 1.2803e+03 9.5442e-02    264.000    34.8291    34.8264     5.6241    1474.18 0.0000e+00
    267.512     4.8230     4.8217   3.327025   3.326674     2.6219     0.0285     0.8895     0.1362    96.6521    34.8285 1.2782e+03 9.5412e-02    265.000    34.8285    34.8259     5.6098    1474.18 0.0000e+00
    268.522     4.8179     4.8182   3.326562   3.326300     2.6069     0.0455     0.8894     0.1367    96.6406    34.8280 1.2400e+03 9.5408e-02    266.000    34.8280    34.8246     5.5701    1474.17 0.0000e+00
    269.532     4.7997     4.7897   3.324665   3.324202     2.6054     0.0289     0.8976     0.1363    96.6500    34.8245 1.2192e+03 9.5431e-02    267.000    34.8245    34.8295     5.5695    1474.11 0.0000e+00
    270.543     4.7483     4.7477   3.320153   3.319840     2.6051     0.0341     0.9040     0.1364    96.6481    34.8252 1.2199e+03 9.5417e-02    268.000    34.8252    34.8222     5.5769    1473.92 0.0000e+00
    271.553     4.7494     4.7488   3.320306   3.319988     2.6044     0.0227     0.8903     0.1363    96.6497    34.8253 1.2193e+03 9.5417e-02    269.000    34.8253    34.8223     5.5754    1473.94 0.0000e+00
    272.563     4.7479     4.7470   3.320173   3.319878     2.6045     0.0226     0.8881     0.1364    96.6485    34.8248 1.2186e+03 9.5413e-02    270.000    34.8248    34.8223     5.5767    1473.95 0.0000e+00
    273.573     4.7535     4.7530   3.320650   3.320368     2.6103     0.0326     0.8928     0.1365    96.6455    34.8240 1.2019e+03 9.5406e-02    271.000    34.8240    34.8212     5.5928    1473.99 0.0000e+00
    274.583     4.7695     4.7663   3.322192   3.321880     2.6147     0.0431     0.8867     0.1370    96.6324    34.8246 1.1671e+03 9.5399e-02    272.000    34.8246    34.8243     5.6031    1474.07 0.0000e+00
    275.593     4.7320     4.7257   3.318558   3.318269     2.6124     0.0440     0.8879     0.1364    96.6475    34.8210 1.1683e+03 9.5400e-02    273.000    34.8210    34.8242     5.6033    1473.93 0.0000e+00
    276.604     4.6643     4.6633   3.312061   3.312060     2.6107     0.0351     0.8894     0.1363    96.6497    34.8157 1.1624e+03 9.5400e-02    274.000    34.8157    34.8168     5.6095    1473.66 0.0000e+00
    277.614     4.6379     4.6372   3.309475   3.309332     2.6113     0.0348     0.8900     0.1365    96.6451    34.8127 1.1585e+03 9.5400e-02    275.000    34.8127    34.8118     5.6160    1473.56 0.0000e+00
    278.624     4.5889     4.5882   3.304671   3.304515     2.6241     0.0352     0.8907     0.1361    96.6553    34.8074 1.1456e+03 9.5404e-02    276.000    34.8074    34.8063     5.6597    1473.37 0.0000e+00
    279.634     4.5803     4.5483   3.303850   3.300561     2.6424     0.0328     0.8907     0.1366    96.6419    34.8063 1.1229e+03 9.5403e-02    277.000    34.8063    34.8015     5.7126    1473.35 0.0000e+00
    280.644     4.5278     4.5287   3.298918   3.298710     2.6455     0.0349     0.8981     0.1363    96.6501    34.8033 1.1190e+03 9.5400e-02    278.000    34.8033    34.7998     5.7300    1473.15 0.0000e+00
    281.654     4.5378     4.5377   3.299928   3.299585     2.6438     0.0474     0.9053     0.1369    96.6360    34.8040 1.1183e+03 9.5400e-02    279.000    34.8040    34.8002     5.7244    1473.21 0.0000e+00
    282.665     4.5343     4.5339   3.299578   3.299424     2.6432     0.0348     0.8902     0.1363    96.6497    34.8031 1.1169e+03 9.5400e-02    280.000    34.8031    34.8017     5.7242    1473.21 0.0000e+00
    283.675     4.5275     4.5273   3.298963   3.298752     2.6442     0.0284     0.8898     0.1363    96.6498    34.8025 1.1150e+03 9.5413e-02    281.000    34.8025    34.8002     5.7287    1473.20 0.0000e+00
    284.685     4.5218     4.5192   3.298440   3.297930     2.6463     0.0363     0.8948     0.1363    96.6493    34.8018 1.1089e+03 9.5402e-02    282.000    34.8018    34.7986     5.7361    1473.19 0.0000e+00
    285.695     4.5385     4.5372   3.300004   3.299756     2.6537     0.0331     0.8892     0.1361    96.6547    34.8020 1.0901e+03 9.5407e-02    283.000    34.8020    34.8005     5.7549    1473.28 0.0000e+00
    286.706     4.4879     4.4782   3.295073   3.294319     2.6536     0.0226     0.8894     0.1362    96.6519    34.7970 1.0873e+03 9.5400e-02    284.000    34.7970    34.7983     5.7633    1473.08 0.0000e+00
    287.716     4.4393     4.4390   3.290470   3.290308     2.6524     0.0226     0.8920     0.1364    96.6469    34.7935 1.0821e+03 9.5409e-02    285.000    34.7935    34.7919     5.7683    1472.89 0.0000e+00
    288.726     4.4293     4.4286   3.289500   3.289231     2.6529     0.0326     0.8929     0.1396    96.5705    34.7921 1.0755e+03 9.5400e-02    286.000    34.7921    34.7897     5.7721    1472.86 0.0000e+00
    289.736     4.4209     4.4217   3.288729   3.288595     2.6561     0.0231     0.8914     0.1374    96.6239    34.7913 1.0725e+03 9.5400e-02    287.000    34.7913    34.7890     5.7831    1472.84 0.0000e+00
    290.746     4.4251     4.4246   3.289233   3.288937     2.6589     0.0357     0.8914     0.1365    96.6445    34.7923 1.0724e+03 9.5400e-02    288.000    34.7923    34.7894     5.7910    1472.88 0.0000e+00
    291.757     4.4130     4.4083   3.288019   3.287668     2.6611     0.0247     0.8918     0.1363    96.6495    34.7903 1.0716e+03 9.5400e-02    289.000    34.7903    34.7911     5.7999    1472.84 0.0000e+00
    292.767     4.3731     4.3708   3.284265   3.283766     2.6647     0.0342     0.8959     0.1362    96.6533    34.7876 1.0661e+03 9.5400e-02    290.000    34.7876    34.7842     5.8169    1472.69 0.0000e+00
    293.777     4.2928     4.2926   3.276544   3.277331     2.6724     0.0348     0.8918     0.1358    96.6610    34.7807 1.0503e+03 9.5400e-02    291.000    34.7807    34.7902     5.8519    1472.37 0.0000e+00
    294.788     4.1934     4.1915   3.266870   3.267389     2.6717     0.0348     0.8931     0.1382    96.6029    34.7710 1.0427e+03 9.5414e-02    292.000    34.7710    34.7791     5.8668    1471.96 0.0000e+00
    295.798     4.1271     4.1276   3.260645   3.260850     2.6708     0.0348     0.8894     0.1363    96.6501    34.7668 1.0405e+03 9.5400e-02    293.000    34.7668    34.7688     5.8756    1471.69 0.0000e+00
    296.808     4.0651     4.0653   3.254651   3.254998     2.6729     0.0246     0.9055     0.1364    96.6464    34.7609 1.0441e+03 9.5400e-02    294.000    34.7609    34.7648     5.8923    1471.45 0.0000e+00
    297.818     4.0793     4.0717   3.255905   3.254900     2.6945     0.0333     0.8923     0.1367    96.6401    34.7601 1.0408e+03 9.5400e-02    295.000    34.7601    34.7563     5.9518    1471.52 0.0000e+00
    298.829     4.0726     4.0648   3.254977   3.254973     2.7169     0.0221     0.8894     0.1362    96.6519    34.7557 1.0182e+03 9.5400e-02    296.000    34.7557    34.7640     6.0169    1471.50 0.0000e+00
    299.839     3.9856     3.9808   3.246970   3.246733     2.7154     0.0300     0.8936     0.1363    96.6497    34.7522 1.0158e+03 9.5400e-02    297.000    34.7522    34.7546     6.0278    1471.15 0.0000e+00
    300.849     4.0211     4.0198   3.251249   3.249844     2.7128     0.0352     0.8929     0.1366    96.6436    34.7649 1.0167e+03 9.5400e-02    298.000    34.7649    34.7496     6.0149    1471.33 0.0000e+00
    301.859     4.0644     4.0626   3.255194   3.254687     2.7123     0.0348     0.8948     0.1368    96.6370    34.7654 1.0211e+03 9.5400e-02    299.000    34.7654    34.7613     6.0072    1471.53 0.0000e+00
    302.870     4.0793     4.0788   3.256872   3.256482     2.7152     0.0295     0.8939     0.1363    96.6493    34.7689 1.0255e+03 9.5400e-02    300.000    34.7689    34.7649     6.0136    1471.61 0.0000e+00
    303.880     4.0686     4.0724   3.255604   3.255811     2.7238     0.0332     0.8909     0.1378    96.6149    34.7647 1.0165e+03 9.5400e-02    301.000    34.7647    34.7631     6.0407    1471.58 0.0000e+00
    304.890     4.0672     4.0661   3.255490   3.254863     2.7230     0.0451     0.8903     0.1363    96.6494    34.7643 1.0054e+03 9.5400e-02    302.000    34.7643    34.7580     6.0396    1471.59 0.0000e+00
    305.901     4.0648     4.0633   3.255595   3.255473     2.7214     0.0349     0.8928     0.1363    96.6498    34.7675 1.0066e+03 9.5400e-02    303.000    34.7675    34.7677     6.0360    1471.60 0.0000e+00
    306.911     4.0450     4.0449   3.253839   3.253687     2.7209     0.0264     0.8909     0.1360    96.6578    34.7671 1.0077e+03 9.5400e-02    304.000    34.7671    34.7654     6.0386    1471.54 0.0000e+00
    307.921     4.0681     4.0660   3.255617   3.255079     2.7254     0.0379     0.9063     0.1361    96.6557    34.7632 9.9640e+02 9.5400e-02    305.000    34.7632    34.7590     6.0486    1471.64 0.0000e+00
    308.932     4.0619     4.0678   3.255438   3.255661     2.7258     0.0348     0.8983     0.1363    96.6499    34.7671 9.8979e+02 9.5400e-02    306.000    34.7671    34.7635     6.0512    1471.64 0.0000e+00
