Ship_data/Irminger/Irminger-3/ctd/process/dar0701009.cnv
* Sea-Bird SBE 9 Data File:
* FileName = D:\Data\ar0701009.hdr
* Software Version Seasave V 7.23.2
* Temperature SN = 4406
* Conductivity SN = 3042
* Number of Bytes Per Scan = 44
* Number of Voltage Words = 5
* Number of Scans Averaged by the Deck Unit = 1
* NMEA Latitude = 59 43.01 N
* NMEA Longitude = 039 20.16 W
* NMEA UTC (Time) = Jul 13 2016  16:20:08
** Site Irminger Flanking mooring B
** G. Tupper Tupper
** Station # 009
** Old and new
# nquan = 19
# nvalues = 2432                        
# units = specified
# name 0 = prDM: Pressure, Digiquartz [db]
# name 1 = t090C: Temperature [ITS-90, deg C]
# name 2 = t190C: Temperature, 2 [ITS-90, deg C]
# name 3 = c0S/m: Conductivity [S/m]
# name 4 = c1S/m: Conductivity, 2 [S/m]
# name 5 = sbeox0V: Oxygen raw, SBE 43 [V]
# name 6 = flECO-AFL: Fluorescence, WET Labs ECO-AFL/FL [mg/m^3]
# name 7 = turbWETntu0: Turbidity, WET Labs ECO [NTU]
# name 8 = CStarAt0: Beam Attenuation, WET Labs C-Star [1/m]
# name 9 = CStarTr0: Beam Transmission, WET Labs C-Star [%]
# name 10 = sal00: Salinity, Practical [PSU]
# name 11 = spar: SPAR/Surface Irradiance
# name 12 = par: PAR/Irradiance, Biospherical/Licor
# name 13 = depSM: Depth [salt water, m], lat = 59.7168
# name 14 = sal00: Salinity, Practical [PSU]
# name 15 = sal11: Salinity, Practical, 2 [PSU]
# name 16 = sbeox0ML/L: Oxygen, SBE 43 [ml/l], WS = 2
# name 17 = svCM: Sound Velocity [Chen-Millero, m/s]
# name 18 = flag: flag
# span 0 =      3.029,   2471.579       
# span 1 =     2.8029,     9.0328       
# span 2 =     2.8079,     9.0325       
# span 3 =   3.231968,   3.702082       
# span 4 =   3.231733,   3.701812       
# span 5 =     2.1754,     3.4688       
# span 6 =     0.0095,     2.8815       
# span 7 =     0.8803,     1.0838       
# span 8 =     0.1229,     0.6247       
# span 9 =    85.5405,    96.9734       
# span 10 =    34.8308,    34.9405      
# span 11 = 8.8367e+02, 1.5431e+03      
# span 12 = 9.5399e-02, 9.5459e-02      
# span 13 =      3.000,   2434.000      
# span 14 =    34.8308,    34.9405      
# span 15 =    34.8312,    34.9427      
# span 16 =     6.0540,     6.9845      
# span 17 =    1468.32,    1502.62      
# span 18 = 0.0000e+00, 0.0000e+00      
# interval = meters: 1                  
# start_time = Jul 13 2016 16:23:27 [NMEA time, first data scan]
# bad_flag = -9.990e-29
*END*
[from data line 2362]
   2401.119     2.9215     2.9213   3.255877   3.255510     2.1942     0.0316     0.9282     0.1245    96.9343    34.9291 9.8729e+02 9.5400e-02   2365.000    34.9291    34.9249     6.1609    1501.88 0.0000e+00
   2402.140     2.9213     2.9209   3.255949   3.255514     2.1943     0.0433     0.9556     0.1245    96.9355    34.9296 9.8846e+02 9.5400e-02   2366.000    34.9296    34.9249     6.1622    1501.89 0.0000e+00
   2403.161     2.9205     2.9204   3.255889   3.255533     2.1940     0.0471     0.9418     0.1255    96.9120    34.9293 9.8903e+02 9.5400e-02   2367.000    34.9293    34.9251     6.1620    1501.91 0.0000e+00
   2404.182     2.9190     2.9188   3.255772   3.255408     2.1938     0.0388     0.9264     0.1250    96.9230    34.9290 9.8903e+02 9.5400e-02   2368.000    34.9290    34.9248     6.1620    1501.92 0.0000e+00
   2405.203     2.9186     2.9184   3.255814   3.255409     2.1939     0.0434     0.9312     0.1242    96.9424    34.9294 9.9053e+02 9.5400e-02   2369.000    34.9294    34.9248     6.1633    1501.93 0.0000e+00
   2406.224     2.9173     2.9173   3.255715   3.255333     2.1932     0.0376     0.9373     0.1250    96.9229    34.9291 9.9068e+02 9.5400e-02   2370.000    34.9291    34.9246     6.1619    1501.95 0.0000e+00
   2407.245     2.9152     2.9151   3.255540   3.255186     2.1931     0.0241     0.9221     0.1247    96.9306    34.9288 9.9068e+02 9.5400e-02   2371.000    34.9288    34.9246     6.1626    1501.95 0.0000e+00
   2408.266     2.9135     2.9133   3.255416   3.255063     2.1929     0.0371     0.9268     0.1245    96.9343    34.9287 9.9113e+02 9.5400e-02   2372.000    34.9287    34.9246     6.1631    1501.96 0.0000e+00
   2409.287     2.9127     2.9126   3.255413   3.255043     2.1927     0.0473     0.9263     0.1265    96.8858    34.9289 9.9216e+02 9.5400e-02   2373.000    34.9289    34.9246     6.1632    1501.98 0.0000e+00
   2410.308     2.9097     2.9094   3.255195   3.254822     2.1932     0.0470     0.9261     0.1249    96.9266    34.9291 9.9301e+02 9.5400e-02   2374.000    34.9291    34.9249     6.1664    1501.98 0.0000e+00
   2411.329     2.9077     2.9075   3.255067   3.254678     2.1930     0.0459     0.9272     0.1251    96.9207    34.9291 9.9333e+02 9.5400e-02   2375.000    34.9291    34.9247     6.1668    1501.99 0.0000e+00
   2412.351     2.9062     2.9060   3.254973   3.254583     2.1929     0.0346     0.9272     0.1247    96.9304    34.9292 9.9356e+02 9.5400e-02   2376.000    34.9292    34.9247     6.1677    1502.00 0.0000e+00
   2413.372     2.9054     2.9052   3.254963   3.254555     2.1927     0.0242     0.9316     0.1248    96.9282    34.9294 9.9174e+02 9.5400e-02   2377.000    34.9294    34.9247     6.1679    1502.02 0.0000e+00
   2414.393     2.9034     2.9031   3.254773   3.254416     2.1924     0.0345     0.9273     0.1245    96.9355    34.9288 9.9272e+02 9.5400e-02   2378.000    34.9288    34.9248     6.1679    1502.02 0.0000e+00
   2415.414     2.8983     2.8981   3.254398   3.253998     2.1922     0.0348     0.9270     0.1242    96.9438    34.9292 9.9397e+02 9.5400e-02   2379.000    34.9292    34.9246     6.1687    1502.02 0.0000e+00
   2416.435     2.8986     2.8984   3.254474   3.254077     2.1918     0.0348     0.9313     0.1249    96.9259    34.9293 9.9592e+02 9.5400e-02   2380.000    34.9293    34.9248     6.1681    1502.04 0.0000e+00
   2417.456     2.8976     2.8973   3.254432   3.254051     2.1916     0.0348     0.9291     0.1248    96.9289    34.9294 9.9770e+02 9.5400e-02   2381.000    34.9294    34.9251     6.1682    1502.05 0.0000e+00
   2418.477     2.8931     2.8929   3.254060   3.253685     2.1910     0.0452     0.9289     0.1242    96.9423    34.9292 9.9855e+02 9.5400e-02   2382.000    34.9292    34.9250     6.1677    1502.05 0.0000e+00
   2419.498     2.8901     2.8899   3.253814   3.253437     2.1910     0.0551     0.9309     0.1244    96.9380    34.9290 9.9864e+02 9.5400e-02   2383.000    34.9290    34.9247     6.1689    1502.05 0.0000e+00
   2420.519     2.8882     2.8880   3.253664   3.253280     2.1904     0.0353     0.9297     0.1246    96.9336    34.9288 9.9778e+02 9.5400e-02   2384.000    34.9288    34.9243     6.1677    1502.06 0.0000e+00
   2421.540     2.8878     2.8877   3.253659   3.253272     2.1898     0.0327     0.9324     0.1242    96.9431    34.9285 9.9603e+02 9.5400e-02   2385.000    34.9285    34.9241     6.1665    1502.08 0.0000e+00
   2422.561     2.8868     2.8867   3.253604   3.253221     2.1899     0.0349     0.9297     0.1246    96.9340    34.9286 9.9589e+02 9.5400e-02   2386.000    34.9286    34.9240     6.1678    1502.09 0.0000e+00
   2423.582     2.8869     2.8866   3.253642   3.253243     2.1899     0.0348     0.9266     0.1246    96.9339    34.9284 9.9729e+02 9.5400e-02   2387.000    34.9284    34.9239     6.1685    1502.11 0.0000e+00
   2424.603     2.8870     2.8868   3.253691   3.253294     2.1898     0.0348     0.9247     0.1248    96.9292    34.9283 9.9940e+02 9.5400e-02   2388.000    34.9283    34.9238     6.1689    1502.13 0.0000e+00
   2425.624     2.8869     2.8867   3.253712   3.253329     2.1898     0.0391     0.9201     0.1248    96.9286    34.9283 1.0004e+03 9.5400e-02   2389.000    34.9283    34.9239     6.1698    1502.14 0.0000e+00
   2426.646     2.8871     2.8870   3.253780   3.253388     2.1900     0.0425     0.9251     0.1258    96.9045    34.9284 1.0011e+03 9.5400e-02   2390.000    34.9284    34.9239     6.1713    1502.16 0.0000e+00
   2427.667     2.8875     2.8875   3.253860   3.253478     2.1901     0.0341     0.9331     0.1246    96.9332    34.9284 1.0017e+03 9.5400e-02   2391.000    34.9284    34.9239     6.1724    1502.18 0.0000e+00
   2428.688     2.8880     2.8878   3.253949   3.253551     2.1899     0.0348     0.9292     0.1260    96.9002    34.9285 1.0021e+03 9.5400e-02   2392.000    34.9285    34.9239     6.1727    1502.20 0.0000e+00
   2429.709     2.8881     2.8877   3.253996   3.253574     2.1900     0.0348     0.9270     0.1251    96.9217    34.9285 1.0022e+03 9.5400e-02   2393.000    34.9285    34.9239     6.1738    1502.22 0.0000e+00
   2430.730     2.8906     2.8898   3.254301   3.253822     2.1900     0.0348     0.9317     0.1245    96.9343    34.9291 1.0023e+03 9.5400e-02   2394.000    34.9291    34.9241     6.1740    1502.25 0.0000e+00
   2431.751     2.8906     2.8903   3.254360   3.253969     2.1899     0.0348     0.9337     0.1244    96.9375    34.9293 1.0023e+03 9.5400e-02   2395.000    34.9293    34.9249     6.1746    1502.26 0.0000e+00
   2432.772     2.8888     2.8888   3.254250   3.253875     2.1897     0.0420     0.9245     0.1242    96.9430    34.9294 1.0019e+03 9.5400e-02   2396.000    34.9294    34.9249     6.1748    1502.27 0.0000e+00
   2433.793     2.8869     2.8865   3.254159   3.253747     2.1884     0.0343     0.9251     0.1242    96.9427    34.9298 1.0023e+03 9.5400e-02   2397.000    34.9298    34.9253     6.1708    1502.28 0.0000e+00
   2434.814     2.8874     2.8871   3.254272   3.253848     2.1878     0.0348     0.9280     0.1243    96.9409    34.9301 1.0034e+03 9.5400e-02   2398.000    34.9301    34.9253     6.1694    1502.30 0.0000e+00
   2435.835     2.8869     2.8868   3.254249   3.253860     2.1874     0.0348     0.9302     0.1242    96.9436    34.9299 1.0041e+03 9.5400e-02   2399.000    34.9299    34.9254     6.1689    1502.32 0.0000e+00
   2436.857     2.8867     2.8866   3.254302   3.253903     2.1871     0.0348     0.9306     0.1242    96.9436    34.9303 1.0057e+03 9.5400e-02   2400.000    34.9303    34.9256     6.1686    1502.33 0.0000e+00
   2437.878     2.8868     2.8866   3.254324   3.253936     2.1859     0.0348     0.9258     0.1242    96.9436    34.9300 1.0060e+03 9.5400e-02   2401.000    34.9300    34.9255     6.1645    1502.35 0.0000e+00
   2438.899     2.8866     2.8864   3.254344   3.253952     2.1847     0.0302     0.9247     0.1242    96.9419    34.9300 1.0061e+03 9.5400e-02   2402.000    34.9300    34.9255     6.1609    1502.37 0.0000e+00
   2439.920     2.8857     2.8860   3.254320   3.253958     2.1835     0.0241     0.9245     0.1245    96.9360    34.9301 1.0062e+03 9.5400e-02   2403.000    34.9301    34.9255     6.1575    1502.38 0.0000e+00
   2440.941     2.8859     2.8857   3.254373   3.253976     2.1826     0.0479     0.9250     0.1242    96.9439    34.9301 1.0066e+03 9.5400e-02   2404.000    34.9301    34.9256     6.1546    1502.40 0.0000e+00
   2441.962     2.8855     2.8852   3.254380   3.253991     2.1823     0.0449     0.9215     0.1244    96.9389    34.9301 1.0052e+03 9.5400e-02   2405.000    34.9301    34.9257     6.1543    1502.42 0.0000e+00
   2442.984     2.8849     2.8847   3.254361   3.253977     2.1819     0.0371     0.9273     0.1242    96.9435    34.9301 1.0068e+03 9.5400e-02   2406.000    34.9301    34.9256     6.1536    1502.43 0.0000e+00
   2444.005     2.8845     2.8843   3.254372   3.253984     2.1817     0.0454     0.9319     0.1245    96.9355    34.9301 1.0076e+03 9.5400e-02   2407.000    34.9301    34.9257     6.1537    1502.45 0.0000e+00
   2445.026     2.8839     2.8837   3.254375   3.253961     2.1811     0.0230     0.9275     0.1242    96.9438    34.9303 1.0082e+03 9.5400e-02   2408.000    34.9303    34.9256     6.1524    1502.46 0.0000e+00
   2446.047     2.8835     2.8833   3.254355   3.253967     2.1805     0.0372     0.9270     0.1245    96.9364    34.9300 1.0096e+03 9.5400e-02   2409.000    34.9300    34.9256     6.1511    1502.48 0.0000e+00
   2447.068     2.8835     2.8832   3.254413   3.254021     2.1802     0.0471     0.9273     0.1242    96.9436    34.9302 1.0077e+03 9.5400e-02   2410.000    34.9302    34.9258     6.1508    1502.49 0.0000e+00
   2448.090     2.8829     2.8825   3.254418   3.254016     2.1802     0.0350     0.9277     0.1242    96.9436    34.9305 1.0102e+03 9.5400e-02   2411.000    34.9305    34.9260     6.1515    1502.51 0.0000e+00
   2449.111     2.8811     2.8807   3.254327   3.253916     2.1796     0.0379     0.9304     0.1242    96.9425    34.9308 1.0111e+03 9.5400e-02   2412.000    34.9308    34.9263     6.1506    1502.52 0.0000e+00
   2450.132     2.8780     2.8780   3.254046   3.253736     2.1793     0.0406     0.9301     0.1242    96.9436    34.9302 1.0112e+03 9.5400e-02   2413.000    34.9302    34.9265     6.1508    1502.52 0.0000e+00
   2451.153     2.8705     2.8704   3.253407   3.253046     2.1790     0.0346     0.9262     0.1245    96.9360    34.9301 1.0104e+03 9.5400e-02   2414.000    34.9301    34.9258     6.1518    1502.51 0.0000e+00
   2452.174     2.8686     2.8684   3.253302   3.252902     2.1790     0.0348     0.9268     0.1245    96.9353    34.9303 1.0118e+03 9.5400e-02   2415.000    34.9303    34.9257     6.1529    1502.52 0.0000e+00
   2453.196     2.8679     2.8676   3.253280   3.252881     2.1789     0.0348     0.9270     0.1242    96.9437    34.9303 1.0117e+03 9.5400e-02   2416.000    34.9303    34.9259     6.1533    1502.53 0.0000e+00
   2454.217     2.8680     2.8677   3.253336   3.252925     2.1786     0.0432     0.9269     0.1243    96.9408    34.9304 1.0115e+03 9.5400e-02   2417.000    34.9304    34.9258     6.1529    1502.55 0.0000e+00
   2455.238     2.8683     2.8681   3.253421   3.253005     2.1790     0.0470     0.9263     0.1243    96.9406    34.9306 1.0119e+03 9.5400e-02   2418.000    34.9306    34.9259     6.1552    1502.57 0.0000e+00
   2456.259     2.8687     2.8686   3.253505   3.253100     2.1788     0.0359     0.9316     0.1242    96.9424    34.9307 1.0131e+03 9.5400e-02   2419.000    34.9307    34.9260     6.1555    1502.59 0.0000e+00
   2457.281     2.8696     2.8695   3.253645   3.253255     2.1785     0.0448     0.9277     0.1242    96.9436    34.9310 1.0142e+03 9.5400e-02   2420.000    34.9310    34.9264     6.1546    1502.61 0.0000e+00
   2458.302     2.8667     2.8664   3.253434   3.253060     2.1782     0.0387     0.9266     0.1242    96.9436    34.9311 1.0148e+03 9.5400e-02   2421.000    34.9311    34.9268     6.1551    1502.61 0.0000e+00
   2459.323     2.8601     2.8598   3.252889   3.252524     2.1779     0.0348     0.9265     0.1242    96.9426    34.9310 1.0153e+03 9.5400e-02   2422.000    34.9310    34.9270     6.1556    1502.60 0.0000e+00
   2460.344     2.8511     2.8510   3.252055   3.251730     2.1777     0.0348     0.9309     0.1241    96.9454    34.9301 1.0150e+03 9.5400e-02   2423.000    34.9301    34.9263     6.1573    1502.58 0.0000e+00
   2461.365     2.8410     2.8408   3.251132   3.250765     2.1768     0.0348     0.9260     0.1243    96.9399    34.9292 1.0158e+03 9.5400e-02   2424.000    34.9292    34.9250     6.1566    1502.55 0.0000e+00
   2462.387     2.8386     2.8385   3.250944   3.250575     2.1754     0.0348     0.9220     0.1242    96.9437    34.9290 1.0170e+03 9.5400e-02   2425.000    34.9290    34.9247     6.1526    1502.56 0.0000e+00
   2463.408     2.8375     2.8371   3.250860   3.250473     2.1755     0.0348     0.9266     0.1250    96.9238    34.9287 1.0171e+03 9.5400e-02   2426.000    34.9287    34.9245     6.1541    1502.57 0.0000e+00
   2464.429     2.8302     2.8297   3.250193   3.249817     2.1757     0.0348     0.9270     0.1252    96.9189    34.9279 1.0167e+03 9.5400e-02   2427.000    34.9279    34.9240     6.1569    1502.56 0.0000e+00
   2465.451     2.8287     2.8284   3.250118   3.249718     2.1765     0.0284     0.9296     0.1256    96.9095    34.9282 1.0163e+03 9.5400e-02   2428.000    34.9282    34.9238     6.1609    1502.57 0.0000e+00
   2466.472     2.8269     2.8267   3.249999   3.249606     2.1779     0.0347     0.9290     0.1252    96.9186    34.9282 1.0168e+03 9.5400e-02   2429.000    34.9282    34.9237     6.1678    1502.58 0.0000e+00
   2467.493     2.8273     2.8269   3.250076   3.249665     2.1798     0.0472     0.9322     0.1256    96.9076    34.9283 1.0183e+03 9.5400e-02   2430.000    34.9283    34.9237     6.1759    1502.60 0.0000e+00
   2468.514     2.8284     2.8287   3.250184   3.249851     2.1830     0.0368     0.9308     0.1254    96.9134    34.9278 1.0204e+03 9.5400e-02   2431.000    34.9278    34.9235     6.1889    1502.62 0.0000e+00
   2469.536     2.8217     2.8216   3.249603   3.249216     2.1831     0.0380     0.9277     0.1251    96.9221    34.9275 1.0230e+03 9.5400e-02   2432.000    34.9275    34.9229     6.1912    1502.61 0.0000e+00
   2470.557     2.8186     2.8179   3.249312   3.248891     2.1842     0.0387     0.9309     0.1253    96.9158    34.9269 1.0309e+03 9.5400e-02   2433.000    34.9269    34.9225     6.1969    1502.61 0.0000e+00
   2471.579     2.8029     2.8079   3.247870   3.247977     2.1847     0.0325     0.9342     0.1251    96.9207    34.9257 1.0395e+03 9.5400e-02   2434.000    34.9257    34.9217     6.2024    1502.56 0.0000e+00
