Ship_data/Irminger/Irminger-3/ctd/process/dar0701007.cnv
* Sea-Bird SBE 9 Data File:
* FileName = D:\Data\ar0701007.hdr
* Software Version Seasave V 7.23.2
* Temperature SN = 4406
* Conductivity SN = 3042
* Number of Bytes Per Scan = 44
* Number of Voltage Words = 5
* Number of Scans Averaged by the Deck Unit = 1
* NMEA Latitude = 59 58.33 N
* NMEA Longitude = 039 30.33 W
* NMEA UTC (Time) = Jul 11 2016  19:24:31
** Site Irminger Hybrid profiler mooring
** G. Tupper Tupper
** Station # 007
# nquan = 19
# nvalues = 2577                        
# units = specified
# name 0 = prDM: Pressure, Digiquartz [db]
# name 1 = t090C: Temperature [ITS-90, deg C]
# name 2 = t190C: Temperature, 2 [ITS-90, deg C]
# name 3 = c0S/m: Conductivity [S/m]
# name 4 = c1S/m: Conductivity, 2 [S/m]
# name 5 = sbeox0V: Oxygen raw, SBE 43 [V]
# name 6 = flECO-AFL: Fluorescence, WET Labs ECO-AFL/FL [mg/m^3]
# name 7 = turbWETntu0: Turbidity, WET Labs ECO [NTU]
# name 8 = CStarAt0: Beam Attenuation, WET Labs C-Star [1/m]
# name 9 = CStarTr0: Beam Transmission, WET Labs C-Star [%]
# name 10 = sal00: Salinity, Practical [PSU]
# name 11 = spar: SPAR/Surface Irradiance
# name 12 = par: PAR/Irradiance, Biospherical/Licor
# name 13 = depSM: Depth [salt water, m], lat = 59.9722
# name 14 = sal00: Salinity, Practical [PSU]
# name 15 = sal11: Salinity, Practical, 2 [PSU]
# name 16 = sbeox0ML/L: Oxygen, SBE 43 [ml/l], WS = 2
# name 17 = svCM: Sound Velocity [Chen-Millero, m/s]
# name 18 = flag: flag
# span 0 =      6.057,   2622.838       
# span 1 =     1.5447,     9.2459       
# span 2 =     1.5444,     9.2662       
# span 3 =   3.141292,   3.723464       
# span 4 =   3.140923,   3.724982       
# span 5 =     2.2030,     3.4765       
# span 6 =     0.0097,     3.2682       
# span 7 =     0.8854,     1.1522       
# span 8 =     0.1279,     0.7610       
# span 9 =    82.6760,    96.8528       
# span 10 =    34.8458,    34.9333      
# span 11 = 2.2751e+02, 5.0174e+02      
# span 12 = 9.5399e-02, 9.5490e-02      
# span 13 =      6.000,   2582.000      
# span 14 =    34.8458,    34.9333      
# span 15 =    34.8428,    34.9291      
# span 16 =     6.0750,     7.0000      
# span 17 =    1468.04,    1500.29      
# span 18 = 0.0000e+00, 0.0000e+00      
# interval = meters: 1                  
# start_time = Jul 11 2016 19:29:37 [NMEA time, first data scan]
# bad_flag = -9.990e-29
*END*
[from data line 1524]
   1550.302     3.6256     3.6254   3.284292   3.283950     2.3949     0.0348     0.9338     0.1307    96.7857    34.9323 3.6074e+02 9.5400e-02   1530.000    34.9323    34.9284     6.0786    1490.58 0.0000e+00
   1551.319     3.6251     3.6251   3.284292   3.283969     2.3947     0.0348     0.9362     0.1299    96.8049    34.9322 3.6210e+02 9.5400e-02   1531.000    34.9322    34.9284     6.0787    1490.59 0.0000e+00
   1552.336     3.6236     3.6234   3.284213   3.283875     2.3942     0.0348     0.9198     0.1300    96.8030    34.9325 3.6124e+02 9.5400e-02   1532.000    34.9325    34.9286     6.0780    1490.60 0.0000e+00
   1553.353     3.6227     3.6225   3.284168   3.283823     2.3940     0.0348     0.9268     0.1305    96.7907    34.9323 3.6240e+02 9.5400e-02   1533.000    34.9323    34.9285     6.0785    1490.61 0.0000e+00
   1554.370     3.6221     3.6218   3.284161   3.283813     2.3935     0.0348     0.9263     0.1292    96.8223    34.9323 3.6243e+02 9.5400e-02   1534.000    34.9323    34.9285     6.0777    1490.63 0.0000e+00
   1555.387     3.6219     3.6217   3.284175   3.283825     2.3931     0.0370     0.9260     0.1295    96.8150    34.9322 3.6069e+02 9.5400e-02   1535.000    34.9322    34.9283     6.0772    1490.64 0.0000e+00
   1556.404     3.6216     3.6214   3.284210   3.283858     2.3927     0.0399     0.9261     0.1294    96.8160    34.9325 3.5904e+02 9.5400e-02   1536.000    34.9325    34.9285     6.0766    1490.66 0.0000e+00
   1557.421     3.6215     3.6212   3.284247   3.283889     2.3922     0.0347     0.9273     0.1301    96.7994    34.9325 3.5957e+02 9.5400e-02   1537.000    34.9325    34.9286     6.0758    1490.68 0.0000e+00
   1558.438     3.6215     3.6213   3.284290   3.283930     2.3923     0.0348     0.9313     0.1297    96.8088    34.9325 3.6015e+02 9.5400e-02   1538.000    34.9325    34.9285     6.0769    1490.69 0.0000e+00
   1559.455     3.6215     3.6213   3.284326   3.283980     2.3922     0.0380     0.9309     0.1308    96.7836    34.9325 3.6073e+02 9.5400e-02   1539.000    34.9325    34.9286     6.0773    1490.71 0.0000e+00
   1560.472     3.6214     3.6213   3.284369   3.284016     2.3921     0.0470     0.9284     0.1300    96.8011    34.9325 3.6064e+02 9.5400e-02   1540.000    34.9325    34.9285     6.0779    1490.73 0.0000e+00
   1561.489     3.6212     3.6210   3.284388   3.284036     2.3917     0.0354     0.9270     0.1300    96.8025    34.9325 3.6044e+02 9.5400e-02   1541.000    34.9325    34.9285     6.0773    1490.74 0.0000e+00
   1562.506     3.6207     3.6205   3.284376   3.284026     2.3912     0.0348     0.9304     0.1298    96.8071    34.9324 3.6131e+02 9.5400e-02   1542.000    34.9324    34.9285     6.0766    1490.76 0.0000e+00
   1563.523     3.6207     3.6205   3.284415   3.284064     2.3907     0.0453     0.9309     0.1293    96.8194    34.9323 3.6055e+02 9.5400e-02   1543.000    34.9323    34.9284     6.0757    1490.78 0.0000e+00
   1564.541     3.6187     3.6184   3.284283   3.283944     2.3901     0.0471     0.9234     0.1289    96.8280    34.9324 3.5858e+02 9.5400e-02   1544.000    34.9324    34.9287     6.0750    1490.78 0.0000e+00
   1565.557     3.6163     3.6161   3.284109   3.283764     2.3907     0.0470     0.9200     0.1304    96.7925    34.9324 3.5856e+02 9.5400e-02   1545.000    34.9324    34.9285     6.0781    1490.79 0.0000e+00
   1566.575     3.6156     3.6154   3.284079   3.283732     2.3900     0.0387     0.9244     0.1294    96.8173    34.9323 3.5866e+02 9.5400e-02   1546.000    34.9323    34.9284     6.0765    1490.81 0.0000e+00
   1567.592     3.6148     3.6146   3.284060   3.283713     2.3899     0.0266     0.9309     0.1300    96.8032    34.9323 3.5932e+02 9.5400e-02   1547.000    34.9323    34.9284     6.0771    1490.82 0.0000e+00
   1568.609     3.6143     3.6141   3.284079   3.283723     2.3898     0.0349     0.9276     0.1300    96.8031    34.9327 3.6054e+02 9.5400e-02   1548.000    34.9327    34.9287     6.0777    1490.83 0.0000e+00
   1569.626     3.6136     3.6134   3.284060   3.283713     2.3896     0.0401     0.9299     0.1322    96.7484    34.9326 3.6067e+02 9.5400e-02   1549.000    34.9326    34.9287     6.0780    1490.85 0.0000e+00
   1570.643     3.6133     3.6131   3.284082   3.283722     2.3892     0.0419     0.9301     0.1296    96.8130    34.9327 3.6035e+02 9.5400e-02   1550.000    34.9327    34.9286     6.0776    1490.86 0.0000e+00
   1571.660     3.6132     3.6130   3.284103   3.283760     2.3888     0.0409     0.9289     0.1320    96.7542    34.9326 3.6038e+02 9.5400e-02   1551.000    34.9326    34.9287     6.0769    1490.88 0.0000e+00
   1572.677     3.6117     3.6117   3.284005   3.283683     2.3884     0.0334     0.9274     0.1296    96.8121    34.9325 3.5904e+02 9.5400e-02   1552.000    34.9325    34.9287     6.0768    1490.89 0.0000e+00
   1573.694     3.6111     3.6109   3.283996   3.283652     2.3879     0.0225     0.9272     0.1299    96.8050    34.9325 3.5865e+02 9.5400e-02   1553.000    34.9325    34.9287     6.0760    1490.91 0.0000e+00
   1574.711     3.6103     3.6101   3.283972   3.283633     2.3877     0.0456     0.9274     0.1299    96.8052    34.9326 3.5875e+02 9.5400e-02   1554.000    34.9326    34.9288     6.0764    1490.92 0.0000e+00
   1575.729     3.6089     3.6086   3.283886   3.283555     2.3875     0.0370     0.9210     0.1297    96.8101    34.9325 3.5884e+02 9.5400e-02   1555.000    34.9325    34.9289     6.0765    1490.93 0.0000e+00
   1576.746     3.6083     3.6082   3.283887   3.283541     2.3873     0.0269     0.9257     0.1294    96.8162    34.9327 3.5928e+02 9.5400e-02   1556.000    34.9327    34.9287     6.0767    1490.94 0.0000e+00
   1577.763     3.6079     3.6076   3.283882   3.283542     2.3870     0.0291     0.9276     0.1297    96.8103    34.9326 3.5952e+02 9.5400e-02   1557.000    34.9326    34.9288     6.0765    1490.96 0.0000e+00
   1578.780     3.6070     3.6068   3.283851   3.283512     2.3864     0.0350     0.9273     0.1293    96.8198    34.9326 3.5924e+02 9.5400e-02   1558.000    34.9326    34.9288     6.0756    1490.97 0.0000e+00
   1579.797     3.6048     3.6046   3.283700   3.283356     2.3861     0.0348     0.9276     0.1296    96.8131    34.9327 3.5856e+02 9.5400e-02   1559.000    34.9327    34.9288     6.0760    1490.98 0.0000e+00
   1580.814     3.6032     3.6030   3.283594   3.283251     2.3858     0.0348     0.9286     0.1306    96.7875    34.9326 3.5890e+02 9.5400e-02   1560.000    34.9326    34.9288     6.0758    1490.99 0.0000e+00
   1581.831     3.6020     3.6018   3.283539   3.283200     2.3861     0.0348     0.9313     0.1296    96.8128    34.9326 3.5883e+02 9.5400e-02   1561.000    34.9326    34.9288     6.0780    1491.00 0.0000e+00
   1582.848     3.5987     3.5982   3.283264   3.282938     2.3855     0.0427     0.9285     0.1297    96.8087    34.9325 3.5893e+02 9.5400e-02   1562.000    34.9325    34.9291     6.0773    1491.01 0.0000e+00
   1583.865     3.5965     3.5963   3.283129   3.282785     2.3862     0.0372     0.9243     0.1299    96.8043    34.9327 3.5852e+02 9.5400e-02   1563.000    34.9327    34.9288     6.0809    1491.01 0.0000e+00
   1584.883     3.5955     3.5952   3.283082   3.282729     2.3860     0.0249     0.9215     0.1299    96.8044    34.9327 3.5792e+02 9.5400e-02   1564.000    34.9327    34.9288     6.0811    1491.03 0.0000e+00
   1585.900     3.5939     3.5938   3.282973   3.282637     2.3861     0.0377     0.9258     0.1301    96.7993    34.9325 3.5769e+02 9.5400e-02   1565.000    34.9325    34.9287     6.0824    1491.04 0.0000e+00
   1586.917     3.5919     3.5916   3.282827   3.282486     2.3856     0.0359     0.9242     0.1306    96.7880    34.9325 3.5812e+02 9.5400e-02   1566.000    34.9325    34.9287     6.0819    1491.05 0.0000e+00
   1587.934     3.5909     3.5907   3.282779   3.282430     2.3850     0.0403     0.9212     0.1297    96.8094    34.9324 3.5799e+02 9.5400e-02   1567.000    34.9324    34.9285     6.0807    1491.06 0.0000e+00
   1588.951     3.5904     3.5902   3.282777   3.282433     2.3845     0.0346     0.9289     0.1298    96.8081    34.9324 3.5879e+02 9.5400e-02   1568.000    34.9324    34.9285     6.0802    1491.07 0.0000e+00
   1589.969     3.5898     3.5897   3.282771   3.282437     2.3842     0.0411     0.9329     0.1297    96.8088    34.9325 3.5866e+02 9.5400e-02   1569.000    34.9325    34.9286     6.0800    1491.09 0.0000e+00
   1590.986     3.5879     3.5878   3.282650   3.282322     2.3842     0.0423     0.9250     0.1296    96.8125    34.9326 3.5856e+02 9.5400e-02   1570.000    34.9326    34.9288     6.0813    1491.10 0.0000e+00
   1592.003     3.5874     3.5873   3.282656   3.282310     2.3840     0.0347     0.9199     0.1296    96.8128    34.9326 3.5813e+02 9.5400e-02   1571.000    34.9326    34.9287     6.0814    1491.11 0.0000e+00
   1593.020     3.5873     3.5870   3.282681   3.282336     2.3838     0.0337     0.9208     0.1302    96.7982    34.9325 3.5716e+02 9.5400e-02   1572.000    34.9325    34.9287     6.0815    1491.13 0.0000e+00
   1594.037     3.5869     3.5867   3.282695   3.282347     2.3831     0.0243     0.9288     0.1301    96.8004    34.9326 3.5693e+02 9.5400e-02   1573.000    34.9326    34.9287     6.0799    1491.14 0.0000e+00
   1595.054     3.5866     3.5865   3.282712   3.282359     2.3829     0.0348     0.9240     0.1296    96.8110    34.9326 3.5693e+02 9.5400e-02   1574.000    34.9326    34.9286     6.0800    1491.16 0.0000e+00
   1596.072     3.5862     3.5860   3.282706   3.282358     2.3826     0.0411     0.9206     0.1305    96.7913    34.9325 3.5744e+02 9.5400e-02   1575.000    34.9325    34.9286     6.0799    1491.17 0.0000e+00
   1597.089     3.5857     3.5855   3.282709   3.282363     2.3818     0.0304     0.9212     0.1292    96.8206    34.9326 3.5753e+02 9.5400e-02   1576.000    34.9326    34.9287     6.0783    1491.19 0.0000e+00
   1598.106     3.5851     3.5849   3.282706   3.282358     2.3816     0.0439     0.9315     0.1292    96.8215    34.9327 3.5810e+02 9.5400e-02   1577.000    34.9327    34.9288     6.0783    1491.20 0.0000e+00
   1599.123     3.5848     3.5846   3.282726   3.282377     2.3814     0.0349     0.9477     0.1289    96.8290    34.9327 3.5739e+02 9.5400e-02   1578.000    34.9327    34.9288     6.0786    1491.22 0.0000e+00
   1600.141     3.5837     3.5838   3.282667   3.282333     2.3811     0.0348     0.9197     0.1297    96.8098    34.9327 3.5672e+02 9.5400e-02   1579.000    34.9327    34.9286     6.0785    1491.23 0.0000e+00
   1601.158     3.5836     3.5837   3.282697   3.282367     2.3806     0.0227     0.9202     0.1296    96.8112    34.9326 3.5632e+02 9.5400e-02   1580.000    34.9326    34.9286     6.0777    1491.25 0.0000e+00
   1602.175     3.5835     3.5834   3.282719   3.282383     2.3805     0.0334     0.9276     0.1291    96.8251    34.9326 3.5644e+02 9.5400e-02   1581.000    34.9326    34.9287     6.0781    1491.26 0.0000e+00
   1603.192     3.5816     3.5814   3.282597   3.282253     2.3800     0.0366     0.9280     0.1293    96.8194    34.9326 3.5697e+02 9.5400e-02   1582.000    34.9326    34.9287     6.0777    1491.27 0.0000e+00
   1604.210     3.5796     3.5794   3.282465   3.282113     2.3799     0.0406     0.9297     0.1293    96.8194    34.9326 3.5740e+02 9.5400e-02   1583.000    34.9326    34.9286     6.0785    1491.28 0.0000e+00
   1605.227     3.5793     3.5791   3.282478   3.282136     2.3800     0.0451     0.9281     0.1289    96.8289    34.9326 3.5685e+02 9.5400e-02   1584.000    34.9326    34.9287     6.0795    1491.30 0.0000e+00
   1606.244     3.5792     3.5790   3.282522   3.282161     2.3804     0.0347     0.9275     0.1312    96.7726    34.9327 3.5601e+02 9.5400e-02   1585.000    34.9327    34.9287     6.0817    1491.32 0.0000e+00
   1607.261     3.5786     3.5784   3.282502   3.282155     2.3803     0.0348     0.9277     0.1313    96.7711    34.9327 3.5491e+02 9.5400e-02   1586.000    34.9327    34.9287     6.0823    1491.33 0.0000e+00
   1608.279     3.5777     3.5774   3.282456   3.282115     2.3793     0.0348     0.9270     0.1294    96.8177    34.9326 3.5546e+02 9.5400e-02   1587.000    34.9326    34.9289     6.0801    1491.34 0.0000e+00
   1609.296     3.5759     3.5756   3.282351   3.281990     2.3792     0.0348     0.9284     0.1298    96.8078    34.9327 3.5661e+02 9.5400e-02   1588.000    34.9327    34.9287     6.0808    1491.35 0.0000e+00
   1610.313     3.5752     3.5750   3.282331   3.281988     2.3792     0.0348     0.9204     0.1295    96.8142    34.9326 3.5693e+02 9.5400e-02   1589.000    34.9326    34.9288     6.0818    1491.37 0.0000e+00
   1611.330     3.5742     3.5739   3.282271   3.281919     2.3791     0.0348     0.9322     0.1288    96.8319    34.9326 3.5701e+02 9.5400e-02   1590.000    34.9326    34.9286     6.0822    1491.38 0.0000e+00
   1612.348     3.5735     3.5730   3.282257   3.281874     2.3784     0.0348     0.9285     0.1293    96.8198    34.9326 3.5692e+02 9.5400e-02   1591.000    34.9326    34.9286     6.0807    1491.39 0.0000e+00
   1613.365     3.5724     3.5722   3.282176   3.281846     2.3781     0.0462     0.9272     0.1303    96.7955    34.9324 3.5648e+02 9.5400e-02   1592.000    34.9324    34.9286     6.0809    1491.40 0.0000e+00
   1614.382     3.5716     3.5714   3.282154   3.281806     2.3781     0.0345     0.9275     0.1342    96.6998    34.9324 3.5507e+02 9.5400e-02   1593.000    34.9324    34.9284     6.0819    1491.42 0.0000e+00
   1615.400     3.5705     3.5702   3.282098   3.281752     2.3780     0.0348     0.9305     0.1296    96.8124    34.9324 3.5513e+02 9.5400e-02   1594.000    34.9324    34.9286     6.0823    1491.43 0.0000e+00
   1616.417     3.5677     3.5675   3.281897   3.281552     2.3780     0.0348     0.9575     0.1293    96.8186    34.9324 3.5524e+02 9.5400e-02   1595.000    34.9324    34.9285     6.0838    1491.44 0.0000e+00
   1617.434     3.5676     3.5674   3.281930   3.281586     2.3778     0.0348     0.9451     0.1305    96.7911    34.9324 3.5434e+02 9.5400e-02   1596.000    34.9324    34.9286     6.0840    1491.45 0.0000e+00
   1618.452     3.5674     3.5671   3.281955   3.281601     2.3773     0.0300     0.9182     0.1300    96.8022    34.9324 3.5603e+02 9.5400e-02   1597.000    34.9324    34.9285     6.0831    1491.47 0.0000e+00
   1619.469     3.5671     3.5669   3.281969   3.281621     2.3772     0.0374     0.9235     0.1299    96.8056    34.9324 3.5613e+02 9.5400e-02   1598.000    34.9324    34.9286     6.0836    1491.48 0.0000e+00
   1620.486     3.5663     3.5659   3.281938   3.281579     2.3769     0.0524     0.9278     0.1295    96.8134    34.9324 3.5544e+02 9.5400e-02   1599.000    34.9324    34.9286     6.0833    1491.50 0.0000e+00
   1621.503     3.5657     3.5654   3.281927   3.281564     2.3765     0.0380     0.9279     0.1303    96.7942    34.9324 3.5552e+02 9.5400e-02   1600.000    34.9324    34.9284     6.0828    1491.51 0.0000e+00
   1622.521     3.5648     3.5647   3.281875   3.281541     2.3760     0.0250     0.9262     0.1321    96.7506    34.9323 3.5513e+02 9.5400e-02   1601.000    34.9323    34.9284     6.0822    1491.53 0.0000e+00
   1623.538     3.5637     3.5635   3.281822   3.281485     2.3754     0.0380     0.9199     0.1301    96.7994    34.9323 3.5493e+02 9.5400e-02   1602.000    34.9323    34.9285     6.0813    1491.54 0.0000e+00
   1624.556     3.5625     3.5623   3.281764   3.281417     2.3750     0.0448     0.9218     0.1306    96.7881    34.9324 3.5493e+02 9.5400e-02   1603.000    34.9324    34.9285     6.0809    1491.55 0.0000e+00
   1625.573     3.5618     3.5615   3.281741   3.281393     2.3745     0.0367     0.9276     0.1292    96.8224    34.9324 3.5485e+02 9.5400e-02   1604.000    34.9324    34.9285     6.0802    1491.56 0.0000e+00
   1626.590     3.5609     3.5607   3.281706   3.281359     2.3745     0.0469     0.9318     0.1288    96.8308    34.9323 3.5395e+02 9.5400e-02   1605.000    34.9323    34.9284     6.0812    1491.58 0.0000e+00
