Ship_data/Irminger/Irminger-3/ctd/process/dar0701007.cnv
* Sea-Bird SBE 9 Data File:
* FileName = D:\Data\ar0701007.hdr
* Software Version Seasave V 7.23.2
* Temperature SN = 4406
* Conductivity SN = 3042
* Number of Bytes Per Scan = 44
* Number of Voltage Words = 5
* Number of Scans Averaged by the Deck Unit = 1
* NMEA Latitude = 59 58.33 N
* NMEA Longitude = 039 30.33 W
* NMEA UTC (Time) = Jul 11 2016  19:24:31
** Site Irminger Hybrid profiler mooring
** G. Tupper Tupper
** Station # 007
# nquan = 19
# nvalues = 2577                        
# units = specified
# name 0 = prDM: Pressure, Digiquartz [db]
# name 1 = t090C: Temperature [ITS-90, deg C]
# name 2 = t190C: Temperature, 2 [ITS-90, deg C]
# name 3 = c0S/m: Conductivity [S/m]
# name 4 = c1S/m: Conductivity, 2 [S/m]
# name 5 = sbeox0V: Oxygen raw, SBE 43 [V]
# name 6 = flECO-AFL: Fluorescence, WET Labs ECO-AFL/FL [mg/m^3]
# name 7 = turbWETntu0: Turbidity, WET Labs ECO [NTU]
# name 8 = CStarAt0: Beam Attenuation, WET Labs C-Star [1/m]
# name 9 = CStarTr0: Beam Transmission, WET Labs C-Star [%]
# name 10 = sal00: Salinity, Practical [PSU]
# name 11 = spar: SPAR/Surface Irradiance
# name 12 = par: PAR/Irradiance, Biospherical/Licor
# name 13 = depSM: Depth [salt water, m], lat = 59.9722
# name 14 = sal00: Salinity, Practical [PSU]
# name 15 = sal11: Salinity, Practical, 2 [PSU]
# name 16 = sbeox0ML/L: Oxygen, SBE 43 [ml/l], WS = 2
# name 17 = svCM: Sound Velocity [Chen-Millero, m/s]
# name 18 = flag: flag
# span 0 =      6.057,   2622.838       
# span 1 =     1.5447,     9.2459       
# span 2 =     1.5444,     9.2662       
# span 3 =   3.141292,   3.723464       
# span 4 =   3.140923,   3.724982       
# span 5 =     2.2030,     3.4765       
# span 6 =     0.0097,     3.2682       
# span 7 =     0.8854,     1.1522       
# span 8 =     0.1279,     0.7610       
# span 9 =    82.6760,    96.8528       
# span 10 =    34.8458,    34.9333      
# span 11 = 2.2751e+02, 5.0174e+02      
# span 12 = 9.5399e-02, 9.5490e-02      
# span 13 =      6.000,   2582.000      
# span 14 =    34.8458,    34.9333      
# span 15 =    34.8428,    34.9291      
# span 16 =     6.0750,     7.0000      
# span 17 =    1468.04,    1500.29      
# span 18 = 0.0000e+00, 0.0000e+00      
# interval = meters: 1                  
# start_time = Jul 11 2016 19:29:37 [NMEA time, first data scan]
# bad_flag = -9.990e-29
*END*
[from data line 686]
    699.765     3.5983     3.5980   3.242179   3.241874     2.8130     0.0360     0.9071     0.1300    96.8012    34.8937 4.2839e+02 9.5400e-02    692.000    34.8937    34.8904     6.7040    1476.29 0.0000e+00
    700.778     3.5978     3.5977   3.242184   3.241910     2.8128     0.0348     0.9139     0.1302    96.7967    34.8937 4.2929e+02 9.5400e-02    693.000    34.8937    34.8905     6.7044    1476.31 0.0000e+00
    701.791     3.5973     3.5972   3.242176   3.241897     2.8128     0.0348     0.9138     0.1309    96.7807    34.8936 4.2850e+02 9.5400e-02    694.000    34.8936    34.8904     6.7054    1476.32 0.0000e+00
    702.803     3.5970     3.5967   3.242205   3.241893     2.8127     0.0348     0.9100     0.1302    96.7965    34.8937 4.2936e+02 9.5400e-02    695.000    34.8937    34.8903     6.7060    1476.34 0.0000e+00
    703.816     3.5968     3.5965   3.242213   3.241910     2.8124     0.0513     0.9058     0.1303    96.7956    34.8935 4.2875e+02 9.5400e-02    696.000    34.8935    34.8902     6.7059    1476.35 0.0000e+00
    704.829     3.5966     3.5963   3.242239   3.241938     2.8122     0.0340     0.9157     0.1309    96.7810    34.8934 4.2820e+02 9.5400e-02    697.000    34.8934    34.8902     6.7065    1476.37 0.0000e+00
    705.842     3.5963     3.5960   3.242245   3.241959     2.8118     0.0322     0.9107     0.1308    96.7833    34.8933 4.2836e+02 9.5400e-02    698.000    34.8933    34.8902     6.7061    1476.38 0.0000e+00
    706.855     3.5961     3.5957   3.242280   3.241971     2.8116     0.0225     0.9139     0.1304    96.7916    34.8935 4.2821e+02 9.5400e-02    699.000    34.8935    34.8901     6.7063    1476.40 0.0000e+00
    707.868     3.5959     3.5956   3.242307   3.241995     2.8115     0.0226     0.9138     0.1301    96.7988    34.8934 4.2791e+02 9.5400e-02    700.000    34.8934    34.8901     6.7070    1476.42 0.0000e+00
    708.881     3.5957     3.5953   3.242325   3.242018     2.8114     0.0263     0.9155     0.1299    96.8038    34.8933 4.2770e+02 9.5400e-02    701.000    34.8933    34.8901     6.7076    1476.43 0.0000e+00
    709.894     3.5954     3.5950   3.242341   3.242023     2.8111     0.0313     0.9167     0.1309    96.7808    34.8934 4.2682e+02 9.5400e-02    702.000    34.8934    34.8899     6.7078    1476.45 0.0000e+00
    710.907     3.5954     3.5950   3.242389   3.242081     2.8105     0.0248     0.9075     0.1302    96.7964    34.8933 4.2775e+02 9.5400e-02    703.000    34.8933    34.8901     6.7068    1476.46 0.0000e+00
    711.920     3.5951     3.5947   3.242398   3.242096     2.8102     0.0349     0.9084     0.1305    96.7913    34.8933 4.2860e+02 9.5400e-02    704.000    34.8933    34.8900     6.7067    1476.48 0.0000e+00
    712.933     3.5950     3.5946   3.242437   3.242125     2.8095     0.0227     0.9141     0.1302    96.7985    34.8933 4.2927e+02 9.5400e-02    705.000    34.8933    34.8900     6.7056    1476.49 0.0000e+00
    713.946     3.5950     3.5946   3.242479   3.242171     2.8098     0.0341     0.9089     0.1306    96.7887    34.8933 4.2954e+02 9.5400e-02    706.000    34.8933    34.8900     6.7073    1476.51 0.0000e+00
    714.959     3.5947     3.5943   3.242494   3.242188     2.8097     0.0321     0.9068     0.1314    96.7673    34.8933 4.2862e+02 9.5400e-02    707.000    34.8933    34.8900     6.7082    1476.53 0.0000e+00
    715.972     3.5946     3.5944   3.242525   3.242222     2.8092     0.0275     0.9056     0.1304    96.7929    34.8931 4.2595e+02 9.5400e-02    708.000    34.8931    34.8898     6.7075    1476.54 0.0000e+00
    716.985     3.5945     3.5942   3.242556   3.242261     2.8086     0.0418     0.9112     0.1302    96.7964    34.8931 4.2606e+02 9.5400e-02    709.000    34.8931    34.8899     6.7067    1476.56 0.0000e+00
    717.998     3.5945     3.5941   3.242606   3.242304     2.8088     0.0348     0.9112     0.1298    96.8075    34.8932 4.2736e+02 9.5400e-02    710.000    34.8932    34.8899     6.7079    1476.58 0.0000e+00
    719.011     3.5946     3.5942   3.242654   3.242357     2.8077     0.0348     0.9126     0.1301    96.7995    34.8932 4.2885e+02 9.5400e-02    711.000    34.8932    34.8900     6.7055    1476.59 0.0000e+00
    720.024     3.5940     3.5936   3.242647   3.242337     2.8076     0.0323     0.9093     0.1305    96.7912    34.8932 4.2843e+02 9.5400e-02    712.000    34.8932    34.8898     6.7062    1476.61 0.0000e+00
    721.037     3.5932     3.5930   3.242613   3.242315     2.8066     0.0263     0.9156     0.1300    96.8020    34.8931 4.2903e+02 9.5400e-02    713.000    34.8931    34.8897     6.7044    1476.62 0.0000e+00
    722.050     3.5928     3.5925   3.242614   3.242317     2.8057     0.0349     0.9175     0.1305    96.7911    34.8930 4.2781e+02 9.5400e-02    714.000    34.8930    34.8897     6.7026    1476.64 0.0000e+00
    723.063     3.5929     3.5927   3.242668   3.242374     2.8053     0.0400     0.9225     0.1308    96.7826    34.8929 4.2734e+02 9.5400e-02    715.000    34.8929    34.8897     6.7023    1476.65 0.0000e+00
    724.076     3.5925     3.5921   3.242673   3.242370     2.8045     0.0407     0.9229     0.1322    96.7492    34.8929 4.2648e+02 9.5400e-02    716.000    34.8929    34.8897     6.7008    1476.67 0.0000e+00
    725.089     3.5922     3.5919   3.242681   3.242383     2.8044     0.0283     0.9142     0.1306    96.7889    34.8928 4.2511e+02 9.5400e-02    717.000    34.8928    34.8895     6.7013    1476.68 0.0000e+00
    726.102     3.5921     3.5918   3.242720   3.242419     2.8044     0.0228     0.9138     0.1321    96.7507    34.8929 4.2607e+02 9.5400e-02    718.000    34.8929    34.8896     6.7024    1476.70 0.0000e+00
    727.115     3.5921     3.5918   3.242764   3.242459     2.8043     0.0325     0.9099     0.1305    96.7911    34.8928 4.2650e+02 9.5400e-02    719.000    34.8928    34.8895     6.7028    1476.72 0.0000e+00
    728.128     3.5920     3.5918   3.242799   3.242503     2.8043     0.0349     0.9087     0.1302    96.7984    34.8928 4.2749e+02 9.5400e-02    720.000    34.8928    34.8895     6.7039    1476.73 0.0000e+00
    729.141     3.5919     3.5916   3.242835   3.242535     2.8040     0.0348     0.9143     0.1299    96.8046    34.8928 4.2686e+02 9.5400e-02    721.000    34.8928    34.8896     6.7039    1476.75 0.0000e+00
    730.154     3.5920     3.5917   3.242892   3.242580     2.8032     0.0242     0.9138     0.1308    96.7833    34.8929 4.2838e+02 9.5400e-02    722.000    34.8929    34.8895     6.7022    1476.77 0.0000e+00
    731.168     3.5919     3.5917   3.242920   3.242623     2.8032     0.0324     0.9138     0.1307    96.7844    34.8928 4.2798e+02 9.5400e-02    723.000    34.8928    34.8895     6.7031    1476.78 0.0000e+00
    732.181     3.5914     3.5909   3.242919   3.242606     2.8030     0.0256     0.9138     0.1300    96.8024    34.8927 4.2741e+02 9.5400e-02    724.000    34.8927    34.8895     6.7034    1476.80 0.0000e+00
    733.194     3.5908     3.5905   3.242908   3.242606     2.8026     0.0334     0.9087     0.1305    96.7904    34.8927 4.2642e+02 9.5400e-02    725.000    34.8927    34.8894     6.7034    1476.81 0.0000e+00
    734.207     3.5905     3.5902   3.242910   3.242613     2.8023     0.0348     0.9139     0.1299    96.8035    34.8925 4.2602e+02 9.5400e-02    726.000    34.8925    34.8893     6.7034    1476.83 0.0000e+00
    735.220     3.5903     3.5900   3.242943   3.242637     2.8021     0.0357     0.9195     0.1303    96.7944    34.8926 4.2668e+02 9.5400e-02    727.000    34.8926    34.8892     6.7038    1476.84 0.0000e+00
    736.233     3.5903     3.5900   3.242982   3.242674     2.8018     0.0460     0.9136     0.1309    96.7801    34.8926 4.2655e+02 9.5400e-02    728.000    34.8926    34.8892     6.7038    1476.86 0.0000e+00
    737.246     3.5901     3.5898   3.242998   3.242692     2.8012     0.0350     0.9082     0.1306    96.7885    34.8925 4.2640e+02 9.5400e-02    729.000    34.8925    34.8891     6.7029    1476.87 0.0000e+00
    738.259     3.5899     3.5897   3.243038   3.242743     2.8008     0.0348     0.9119     0.1305    96.7900    34.8925 4.2598e+02 9.5400e-02    730.000    34.8925    34.8893     6.7024    1476.89 0.0000e+00
    739.272     3.5893     3.5889   3.243012   3.242701     2.8007     0.0261     0.9096     0.1303    96.7950    34.8924 4.2699e+02 9.5400e-02    731.000    34.8924    34.8891     6.7032    1476.90 0.0000e+00
    740.285     3.5891     3.5889   3.243057   3.242740     2.8004     0.0301     0.9118     0.1307    96.7857    34.8926 4.2747e+02 9.5400e-02    732.000    34.8926    34.8891     6.7032    1476.92 0.0000e+00
    741.299     3.5891     3.5889   3.243101   3.242788     2.8002     0.0296     0.9139     0.1306    96.7872    34.8926 4.2746e+02 9.5400e-02    733.000    34.8926    34.8891     6.7035    1476.94 0.0000e+00
    742.312     3.5889     3.5886   3.243114   3.242816     2.7998     0.0255     0.9138     0.1304    96.7929    34.8924 4.2696e+02 9.5400e-02    734.000    34.8924    34.8892     6.7032    1476.95 0.0000e+00
    743.325     3.5883     3.5880   3.243101   3.242797     2.7985     0.0285     0.9138     0.1305    96.7897    34.8923 4.2594e+02 9.5400e-02    735.000    34.8923    34.8890     6.7003    1476.97 0.0000e+00
    744.338     3.5882     3.5879   3.243133   3.242826     2.7983     0.0208     0.9163     0.1305    96.7910    34.8923 4.2558e+02 9.5400e-02    736.000    34.8923    34.8890     6.7006    1476.98 0.0000e+00
    745.351     3.5881     3.5878   3.243159   3.242847     2.7984     0.0413     0.9153     0.1303    96.7943    34.8922 4.2596e+02 9.5400e-02    737.000    34.8922    34.8888     6.7017    1477.00 0.0000e+00
    746.364     3.5875     3.5872   3.243145   3.242843     2.7979     0.0272     0.9105     0.1302    96.7963    34.8921 4.2635e+02 9.5400e-02    738.000    34.8921    34.8888     6.7011    1477.01 0.0000e+00
    747.377     3.5868     3.5864   3.243132   3.242823     2.7976     0.0323     0.9129     0.1301    96.7997    34.8922 4.2673e+02 9.5400e-02    739.000    34.8922    34.8889     6.7014    1477.03 0.0000e+00
    748.391     3.5855     3.5851   3.243037   3.242740     2.7971     0.0435     0.9102     0.1305    96.7899    34.8920 4.2572e+02 9.5400e-02    740.000    34.8920    34.8888     6.7009    1477.04 0.0000e+00
    749.404     3.5843     3.5839   3.242965   3.242650     2.7972     0.0423     0.9081     0.1329    96.7331    34.8918 4.2564e+02 9.5400e-02    741.000    34.8918    34.8885     6.7023    1477.05 0.0000e+00
    750.417     3.5830     3.5827   3.242881   3.242598     2.7964     0.0330     0.9092     0.1308    96.7834    34.8917 4.2555e+02 9.5400e-02    742.000    34.8917    34.8886     6.7009    1477.06 0.0000e+00
    751.430     3.5818     3.5815   3.242815   3.242521     2.7962     0.0227     0.9126     0.1309    96.7803    34.8916 4.2564e+02 9.5400e-02    743.000    34.8916    34.8884     6.7017    1477.07 0.0000e+00
    752.443     3.5806     3.5804   3.242733   3.242439     2.7960     0.0226     0.9078     0.1314    96.7685    34.8913 4.2611e+02 9.5400e-02    744.000    34.8913    34.8881     6.7022    1477.08 0.0000e+00
    753.456     3.5804     3.5801   3.242740   3.242448     2.7959     0.0313     0.9158     0.1312    96.7726    34.8912 4.2590e+02 9.5400e-02    745.000    34.8912    34.8880     6.7028    1477.10 0.0000e+00
    754.469     3.5795     3.5792   3.242703   3.242401     2.7951     0.0352     0.9109     0.1322    96.7479    34.8911 4.2568e+02 9.5400e-02    746.000    34.8911    34.8878     6.7012    1477.11 0.0000e+00
    755.483     3.5789     3.5787   3.242688   3.242399     2.7944     0.0450     0.9081     0.1306    96.7873    34.8911 4.2590e+02 9.5400e-02    747.000    34.8911    34.8878     6.7003    1477.13 0.0000e+00
    756.496     3.5784     3.5781   3.242703   3.242393     2.7939     0.0354     0.9197     0.1307    96.7846    34.8912 4.2535e+02 9.5400e-02    748.000    34.8912    34.8879     6.6997    1477.14 0.0000e+00
    757.509     3.5775     3.5774   3.242671   3.242370     2.7938     0.0256     0.9154     0.1308    96.7833    34.8913 4.2636e+02 9.5400e-02    749.000    34.8913    34.8877     6.7004    1477.15 0.0000e+00
    758.522     3.5771     3.5769   3.242668   3.242360     2.7935     0.0227     0.9142     0.1308    96.7833    34.8911 4.2584e+02 9.5400e-02    750.000    34.8911    34.8876     6.7005    1477.17 0.0000e+00
    759.535     3.5772     3.5769   3.242704   3.242400     2.7931     0.0278     0.9115     0.1317    96.7615    34.8909 4.2505e+02 9.5400e-02    751.000    34.8909    34.8876     6.7002    1477.19 0.0000e+00
    760.549     3.5766     3.5763   3.242690   3.242392     2.7924     0.0421     0.9117     0.1308    96.7836    34.8908 4.2423e+02 9.5400e-02    752.000    34.8908    34.8876     6.6991    1477.20 0.0000e+00
    761.562     3.5763     3.5760   3.242695   3.242398     2.7921     0.0377     0.9117     0.1342    96.7015    34.8907 4.2531e+02 9.5400e-02    753.000    34.8907    34.8875     6.6991    1477.22 0.0000e+00
    762.575     3.5762     3.5758   3.242736   3.242432     2.7918     0.0220     0.9118     0.1312    96.7734    34.8908 4.2631e+02 9.5400e-02    754.000    34.8908    34.8875     6.6991    1477.23 0.0000e+00
    763.588     3.5742     3.5738   3.242587   3.242293     2.7915     0.0226     0.9111     0.1311    96.7752    34.8906 4.2677e+02 9.5400e-02    755.000    34.8906    34.8875     6.6994    1477.24 0.0000e+00
    764.602     3.5735     3.5734   3.242570   3.242280     2.7919     0.0275     0.9070     0.1312    96.7725    34.8906 4.2525e+02 9.5400e-02    756.000    34.8906    34.8873     6.7016    1477.25 0.0000e+00
    765.615     3.5731     3.5730   3.242574   3.242280     2.7914     0.0346     0.9075     0.1308    96.7830    34.8905 4.2522e+02 9.5400e-02    757.000    34.8905    34.8872     6.7010    1477.27 0.0000e+00
    766.628     3.5729     3.5726   3.242600   3.242289     2.7912     0.0353     0.9145     0.1317    96.7618    34.8905 4.2430e+02 9.5400e-02    758.000    34.8905    34.8872     6.7013    1477.28 0.0000e+00
    767.641     3.5726     3.5723   3.242605   3.242301     2.7904     0.0348     0.9193     0.1308    96.7841    34.8904 4.2450e+02 9.5400e-02    759.000    34.8904    34.8871     6.6998    1477.30 0.0000e+00
    768.655     3.5727     3.5724   3.242656   3.242352     2.7894     0.0348     0.9071     0.1308    96.7817    34.8903 4.2514e+02 9.5400e-02    760.000    34.8903    34.8870     6.6977    1477.32 0.0000e+00
    769.668     3.5728     3.5725   3.242706   3.242403     2.7889     0.0348     0.9127     0.1304    96.7924    34.8903 4.2566e+02 9.5400e-02    761.000    34.8903    34.8870     6.6970    1477.33 0.0000e+00
    770.681     3.5725     3.5722   3.242724   3.242431     2.7889     0.0348     0.9134     0.1308    96.7828    34.8903 4.2522e+02 9.5400e-02    762.000    34.8903    34.8871     6.6981    1477.35 0.0000e+00
    771.694     3.5723     3.5720   3.242753   3.242444     2.7884     0.0348     0.9083     0.1310    96.7779    34.8904 4.2438e+02 9.5400e-02    763.000    34.8904    34.8870     6.6973    1477.37 0.0000e+00
    772.708     3.5722     3.5719   3.242795   3.242475     2.7882     0.0348     0.9083     0.1316    96.7634    34.8904 4.2454e+02 9.5400e-02    764.000    34.8904    34.8869     6.6976    1477.38 0.0000e+00
    773.721     3.5721     3.5718   3.242810   3.242507     2.7873     0.0126     0.9254     0.1309    96.7806    34.8902 4.2538e+02 9.5400e-02    765.000    34.8902    34.8869     6.6958    1477.40 0.0000e+00
    774.734     3.5716     3.5713   3.242816   3.242513     2.7863     0.0227     0.9091     0.1309    96.7813    34.8903 4.2497e+02 9.5400e-02    766.000    34.8903    34.8869     6.6938    1477.41 0.0000e+00
