Ship_data/Irminger/Irminger-3/ctd/process/dar0701009.cnv
* Sea-Bird SBE 9 Data File:
* FileName = D:\Data\ar0701009.hdr
* Software Version Seasave V 7.23.2
* Temperature SN = 4406
* Conductivity SN = 3042
* Number of Bytes Per Scan = 44
* Number of Voltage Words = 5
* Number of Scans Averaged by the Deck Unit = 1
* NMEA Latitude = 59 43.01 N
* NMEA Longitude = 039 20.16 W
* NMEA UTC (Time) = Jul 13 2016  16:20:08
** Site Irminger Flanking mooring B
** G. Tupper Tupper
** Station # 009
** Old and new
# nquan = 19
# nvalues = 2432                        
# units = specified
# name 0 = prDM: Pressure, Digiquartz [db]
# name 1 = t090C: Temperature [ITS-90, deg C]
# name 2 = t190C: Temperature, 2 [ITS-90, deg C]
# name 3 = c0S/m: Conductivity [S/m]
# name 4 = c1S/m: Conductivity, 2 [S/m]
# name 5 = sbeox0V: Oxygen raw, SBE 43 [V]
# name 6 = flECO-AFL: Fluorescence, WET Labs ECO-AFL/FL [mg/m^3]
# name 7 = turbWETntu0: Turbidity, WET Labs ECO [NTU]
# name 8 = CStarAt0: Beam Attenuation, WET Labs C-Star [1/m]
# name 9 = CStarTr0: Beam Transmission, WET Labs C-Star [%]
# name 10 = sal00: Salinity, Practical [PSU]
# name 11 = spar: SPAR/Surface Irradiance
# name 12 = par: PAR/Irradiance, Biospherical/Licor
# name 13 = depSM: Depth [salt water, m], lat = 59.7168
# name 14 = sal00: Salinity, Practical [PSU]
# name 15 = sal11: Salinity, Practical, 2 [PSU]
# name 16 = sbeox0ML/L: Oxygen, SBE 43 [ml/l], WS = 2
# name 17 = svCM: Sound Velocity [Chen-Millero, m/s]
# name 18 = flag: flag
# span 0 =      3.029,   2471.579       
# span 1 =     2.8029,     9.0328       
# span 2 =     2.8079,     9.0325       
# span 3 =   3.231968,   3.702082       
# span 4 =   3.231733,   3.701812       
# span 5 =     2.1754,     3.4688       
# span 6 =     0.0095,     2.8815       
# span 7 =     0.8803,     1.0838       
# span 8 =     0.1229,     0.6247       
# span 9 =    85.5405,    96.9734       
# span 10 =    34.8308,    34.9405      
# span 11 = 8.8367e+02, 1.5431e+03      
# span 12 = 9.5399e-02, 9.5459e-02      
# span 13 =      3.000,   2434.000      
# span 14 =    34.8308,    34.9405      
# span 15 =    34.8312,    34.9427      
# span 16 =     6.0540,     6.9845      
# span 17 =    1468.32,    1502.62      
# span 18 = 0.0000e+00, 0.0000e+00      
# interval = meters: 1                  
# start_time = Jul 13 2016 16:23:27 [NMEA time, first data scan]
# bad_flag = -9.990e-29
*END*
[from data line 1220]
   1238.287     3.5152     3.5150   3.257580   3.257223     2.5964     0.0349     0.9165     0.1248    96.9288    34.8874 9.5842e+02 9.5400e-02   1223.000    34.8874    34.8834     6.5077    1484.85 0.0000e+00
   1239.303     3.5183     3.5184   3.257936   3.257596     2.5959     0.0290     0.9170     0.1243    96.9401    34.8879 9.6065e+02 9.5400e-02   1224.000    34.8879    34.8837     6.5061    1484.88 0.0000e+00
   1240.318     3.5165     3.5162   3.257804   3.257449     2.5947     0.0282     0.9199     0.1243    96.9402    34.8877 9.7548e+02 9.5400e-02   1225.000    34.8877    34.8838     6.5035    1484.89 0.0000e+00
   1241.334     3.5215     3.5213   3.258355   3.257938     2.5936     0.0289     0.9200     0.1244    96.9376    34.8885 9.9007e+02 9.5400e-02   1226.000    34.8885    34.8837     6.5000    1484.93 0.0000e+00
   1242.349     3.5245     3.5228   3.258672   3.258198     2.5926     0.0300     0.9241     0.1242    96.9436    34.8886 9.8876e+02 9.5400e-02   1227.000    34.8886    34.8847     6.4971    1484.96 0.0000e+00
   1243.365     3.5234     3.5224   3.258615   3.258183     2.5910     0.0349     0.9279     0.1246    96.9329    34.8885 9.6714e+02 9.5400e-02   1228.000    34.8885    34.8845     6.4930    1484.97 0.0000e+00
   1244.380     3.5200     3.5205   3.258318   3.258067     2.5893     0.0348     0.9154     0.1249    96.9263    34.8881 9.5844e+02 9.5400e-02   1229.000    34.8881    34.8845     6.4890    1484.98 0.0000e+00
   1245.396     3.5195     3.5190   3.258320   3.257943     2.5881     0.0348     0.9201     0.1246    96.9324    34.8881 9.5778e+02 9.5400e-02   1230.000    34.8881    34.8842     6.4858    1484.99 0.0000e+00
   1246.412     3.5196     3.5195   3.258376   3.258050     2.5864     0.0324     0.9188     0.1245    96.9354    34.8881 9.6298e+02 9.5400e-02   1231.000    34.8881    34.8844     6.4814    1485.01 0.0000e+00
   1247.427     3.5187     3.5184   3.258342   3.257972     2.5861     0.0250     0.9127     0.1254    96.9131    34.8882 9.8656e+02 9.5400e-02   1232.000    34.8882    34.8841     6.4813    1485.02 0.0000e+00
   1248.443     3.5194     3.5190   3.258445   3.258088     2.5852     0.0396     0.9104     0.1242    96.9425    34.8881 9.8555e+02 9.5400e-02   1233.000    34.8881    34.8843     6.4793    1485.04 0.0000e+00
   1249.458     3.5188     3.5187   3.258433   3.258094     2.5847     0.0579     0.9201     0.1251    96.9201    34.8881 9.7781e+02 9.5400e-02   1234.000    34.8881    34.8842     6.4787    1485.05 0.0000e+00
   1250.474     3.5189     3.5188   3.258493   3.258143     2.5847     0.0443     0.9200     0.1253    96.9168    34.8882 9.8555e+02 9.5400e-02   1235.000    34.8882    34.8842     6.4792    1485.07 0.0000e+00
   1251.489     3.5193     3.5191   3.258561   3.258218     2.5844     0.0240     0.9200     0.1242    96.9432    34.8881 9.8780e+02 9.5400e-02   1236.000    34.8881    34.8843     6.4793    1485.09 0.0000e+00
   1252.505     3.5191     3.5191   3.258590   3.258254     2.5840     0.0351     0.9202     0.1246    96.9329    34.8882 9.8550e+02 9.5400e-02   1237.000    34.8882    34.8842     6.4788    1485.11 0.0000e+00
   1253.520     3.5193     3.5191   3.258655   3.258303     2.5841     0.0348     0.9284     0.1242    96.9419    34.8882 9.8704e+02 9.5400e-02   1238.000    34.8882    34.8842     6.4798    1485.12 0.0000e+00
   1254.536     3.5193     3.5192   3.258690   3.258346     2.5838     0.0348     0.9250     0.1246    96.9338    34.8881 9.8571e+02 9.5400e-02   1239.000    34.8881    34.8841     6.4799    1485.14 0.0000e+00
   1255.552     3.5196     3.5194   3.258753   3.258424     2.5827     0.0348     0.9200     0.1244    96.9372    34.8880 9.8104e+02 9.5400e-02   1240.000    34.8880    34.8843     6.4772    1485.16 0.0000e+00
   1256.567     3.5198     3.5196   3.258832   3.258487     2.5825     0.0463     0.9199     0.1251    96.9197    34.8882 9.8136e+02 9.5400e-02   1241.000    34.8882    34.8843     6.4771    1485.18 0.0000e+00
   1257.583     3.5201     3.5200   3.258915   3.258559     2.5825     0.0352     0.9202     0.1245    96.9356    34.8884 9.6822e+02 9.5400e-02   1242.000    34.8884    34.8843     6.4781    1485.20 0.0000e+00
   1258.598     3.5212     3.5209   3.259072   3.258709     2.5825     0.0348     0.9268     0.1242    96.9437    34.8886 9.7775e+02 9.5400e-02   1243.000    34.8886    34.8846     6.4786    1485.22 0.0000e+00
   1259.614     3.5206     3.5201   3.259045   3.258686     2.5825     0.0267     0.9461     0.1245    96.9360    34.8884 9.8616e+02 9.5400e-02   1244.000    34.8884    34.8846     6.4796    1485.23 0.0000e+00
   1260.629     3.5200     3.5202   3.259044   3.258719     2.5821     0.0303     0.9338     0.1242    96.9425    34.8885 9.6953e+02 9.5400e-02   1245.000    34.8885    34.8844     6.4794    1485.25 0.0000e+00
   1261.645     3.5217     3.5212   3.259244   3.258868     2.5822     0.0349     0.9158     0.1247    96.9304    34.8886 9.7324e+02 9.5400e-02   1246.000    34.8886    34.8846     6.4802    1485.27 0.0000e+00
   1262.661     3.5224     3.5219   3.259370   3.258993     2.5815     0.0348     0.9150     0.1243    96.9409    34.8889 9.8338e+02 9.5400e-02   1247.000    34.8889    34.8848     6.4785    1485.29 0.0000e+00
   1263.676     3.5232     3.5228   3.259498   3.259122     2.5811     0.0329     0.9284     0.1245    96.9364    34.8890 9.7017e+02 9.5400e-02   1248.000    34.8890    34.8849     6.4781    1485.31 0.0000e+00
   1264.692     3.5229     3.5228   3.259511   3.259183     2.5804     0.0251     0.9296     0.1242    96.9439    34.8889 9.8234e+02 9.5400e-02   1249.000    34.8889    34.8851     6.4768    1485.33 0.0000e+00
   1265.707     3.5230     3.5228   3.259561   3.259210     2.5795     0.0314     0.9224     0.1274    96.8656    34.8889 9.8519e+02 9.5400e-02   1250.000    34.8889    34.8850     6.4745    1485.34 0.0000e+00
   1266.723     3.5234     3.5236   3.259643   3.259337     2.5787     0.0309     0.9267     0.1252    96.9173    34.8890 9.7282e+02 9.5400e-02   1251.000    34.8890    34.8851     6.4727    1485.36 0.0000e+00
   1267.739     3.5246     3.5247   3.259826   3.259499     2.5781     0.0430     0.9270     0.1245    96.9359    34.8893 9.8151e+02 9.5400e-02   1252.000    34.8893    34.8853     6.4715    1485.38 0.0000e+00
   1268.754     3.5247     3.5254   3.259868   3.259620     2.5774     0.0346     0.9217     0.1242    96.9438    34.8892 9.9574e+02 9.5400e-02   1253.000    34.8892    34.8856     6.4699    1485.40 0.0000e+00
   1269.770     3.5256     3.5255   3.260013   3.259661     2.5765     0.0348     0.9171     0.1258    96.9040    34.8895 1.0014e+03 9.5400e-02   1254.000    34.8895    34.8854     6.4677    1485.42 0.0000e+00
   1270.786     3.5262     3.5262   3.260113   3.259785     2.5763     0.0348     0.9169     0.1246    96.9328    34.8895 1.0051e+03 9.5400e-02   1255.000    34.8895    34.8857     6.4680    1485.44 0.0000e+00
   1271.801     3.5261     3.5258   3.260157   3.259799     2.5758     0.0348     0.9139     0.1246    96.9334    34.8896 1.0050e+03 9.5400e-02   1256.000    34.8896    34.8857     6.4672    1485.46 0.0000e+00
   1272.817     3.5260     3.5257   3.260191   3.259823     2.5753     0.0330     0.9166     0.1244    96.9383    34.8896 9.9702e+02 9.5400e-02   1257.000    34.8896    34.8856     6.4663    1485.48 0.0000e+00
   1273.833     3.5265     3.5264   3.260283   3.259939     2.5741     0.0273     0.9259     0.1244    96.9380    34.8897 9.9784e+02 9.5400e-02   1258.000    34.8897    34.8857     6.4633    1485.49 0.0000e+00
   1274.848     3.5271     3.5270   3.260397   3.260054     2.5732     0.0403     0.9200     0.1249    96.9247    34.8899 1.0102e+03 9.5400e-02   1259.000    34.8899    34.8859     6.4609    1485.51 0.0000e+00
   1275.864     3.5306     3.5301   3.260785   3.260389     2.5728     0.0303     0.9200     0.1246    96.9342    34.8904 1.0118e+03 9.5400e-02   1260.000    34.8904    34.8862     6.4598    1485.55 0.0000e+00
   1276.880     3.5327     3.5324   3.261045   3.260702     2.5726     0.0313     0.9181     0.1241    96.9441    34.8907 1.0086e+03 9.5400e-02   1261.000    34.8907    34.8869     6.4596    1485.57 0.0000e+00
   1277.895     3.5339     3.5333   3.261238   3.260834     2.5719     0.0226     0.9161     0.1254    96.9143    34.8912 1.0024e+03 9.5400e-02   1262.000    34.8912    34.8870     6.4580    1485.60 0.0000e+00
   1278.911     3.5343     3.5338   3.261307   3.260943     2.5714     0.0245     0.9192     0.1244    96.9374    34.8911 9.9509e+02 9.5400e-02   1263.000    34.8911    34.8872     6.4574    1485.61 0.0000e+00
   1279.927     3.5338     3.5337   3.261319   3.260985     2.5704     0.0346     0.9140     0.1246    96.9323    34.8912 9.7879e+02 9.5400e-02   1264.000    34.8912    34.8873     6.4550    1485.63 0.0000e+00
   1280.942     3.5340     3.5336   3.261382   3.261003     2.5692     0.0135     0.9204     0.1245    96.9346    34.8912 9.7382e+02 9.5400e-02   1265.000    34.8912    34.8871     6.4520    1485.65 0.0000e+00
   1281.958     3.5341     3.5339   3.261419   3.261078     2.5682     0.0374     0.9261     0.1246    96.9340    34.8911 9.7841e+02 9.5400e-02   1266.000    34.8911    34.8872     6.4496    1485.66 0.0000e+00
   1282.974     3.5344     3.5343   3.261497   3.261165     2.5670     0.0359     0.9199     0.1244    96.9369    34.8912 9.7556e+02 9.5400e-02   1267.000    34.8912    34.8873     6.4463    1485.68 0.0000e+00
   1283.989     3.5355     3.5358   3.261671   3.261361     2.5667     0.0305     0.9159     0.1243    96.9409    34.8916 9.5857e+02 9.5400e-02   1268.000    34.8916    34.8876     6.4460    1485.70 0.0000e+00
   1285.005     3.5365     3.5354   3.261819   3.261353     2.5659     0.0443     0.9187     0.1247    96.9305    34.8917 9.5145e+02 9.5400e-02   1269.000    34.8917    34.8874     6.4441    1485.73 0.0000e+00
   1286.021     3.5380     3.5376   3.262014   3.261643     2.5655     0.0371     0.9262     0.1244    96.9386    34.8920 9.5079e+02 9.5400e-02   1270.000    34.8920    34.8880     6.4435    1485.75 0.0000e+00
   1287.036     3.5376     3.5376   3.262022   3.261686     2.5645     0.0252     0.9165     0.1242    96.9416    34.8920 9.4762e+02 9.5400e-02   1271.000    34.8920    34.8880     6.4411    1485.76 0.0000e+00
   1288.052     3.5378     3.5377   3.262074   3.261735     2.5637     0.0334     0.9195     0.1242    96.9436    34.8919 9.4582e+02 9.5400e-02   1272.000    34.8919    34.8880     6.4392    1485.78 0.0000e+00
   1289.068     3.5442     3.5424   3.262781   3.262231     2.5626     0.0461     0.9282     0.1317    96.7613    34.8930 9.4294e+02 9.5400e-02   1273.000    34.8930    34.8883     6.4353    1485.83 0.0000e+00
   1290.084     3.5432     3.5429   3.262727   3.262328     2.5617     0.0344     0.9257     0.1256    96.9090    34.8930 9.4355e+02 9.5400e-02   1274.000    34.8930    34.8885     6.4336    1485.84 0.0000e+00
   1291.099     3.5441     3.5462   3.262879   3.262720     2.5607     0.0348     0.9135     0.1248    96.9288    34.8932 9.4545e+02 9.5400e-02   1275.000    34.8932    34.8891     6.4310    1485.86 0.0000e+00
   1292.115     3.5502     3.5502   3.263526   3.263181     2.5601     0.0231     0.9197     0.1242    96.9439    34.8940 9.5041e+02 9.5400e-02   1276.000    34.8940    34.8899     6.4286    1485.90 0.0000e+00
   1293.131     3.5510     3.5509   3.263663   3.263295     2.5595     0.0319     0.9249     0.1245    96.9347    34.8942 9.5864e+02 9.5400e-02   1277.000    34.8942    34.8900     6.4274    1485.93 0.0000e+00
   1294.147     3.5511     3.5521   3.263715   3.263496     2.5589     0.0441     0.9219     0.1244    96.9385    34.8942 9.5560e+02 9.5400e-02   1278.000    34.8942    34.8906     6.4262    1485.94 0.0000e+00
   1295.162     3.5522     3.5517   3.263874   3.263482     2.5570     0.0283     0.9200     0.1250    96.9238    34.8945 9.4697e+02 9.5400e-02   1279.000    34.8945    34.8903     6.4207    1485.96 0.0000e+00
   1296.178     3.5535     3.5536   3.264064   3.263744     2.5552     0.0260     0.9200     0.1244    96.9373    34.8948 9.4545e+02 9.5400e-02   1280.000    34.8948    34.8910     6.4156    1485.99 0.0000e+00
   1297.194     3.5540     3.5544   3.264166   3.263873     2.5544     0.0330     0.9269     0.1247    96.9305    34.8951 9.4329e+02 9.5400e-02   1281.000    34.8951    34.8911     6.4136    1486.01 0.0000e+00
   1298.210     3.5523     3.5510   3.264034   3.263596     2.5533     0.0349     0.9214     0.1246    96.9336    34.8947 9.4799e+02 9.5400e-02   1282.000    34.8947    34.8909     6.4112    1486.02 0.0000e+00
   1299.225     3.5484     3.5484   3.263695   3.263384     2.5523     0.0248     0.9200     0.1244    96.9390    34.8943 9.5095e+02 9.5400e-02   1283.000    34.8943    34.8906     6.4094    1486.02 0.0000e+00
   1300.241     3.5495     3.5480   3.263845   3.263370     2.5510     0.0331     0.9265     0.1243    96.9401    34.8945 9.5431e+02 9.5400e-02   1284.000    34.8945    34.8904     6.4059    1486.04 0.0000e+00
   1301.257     3.5488     3.5491   3.263819   3.263518     2.5507     0.0445     0.9164     0.1243    96.9401    34.8944 9.5393e+02 9.5400e-02   1285.000    34.8944    34.8904     6.4060    1486.05 0.0000e+00
   1302.273     3.5508     3.5494   3.264067   3.263584     2.5503     0.0276     0.9188     0.1243    96.9415    34.8946 9.5178e+02 9.5400e-02   1286.000    34.8946    34.8904     6.4053    1486.08 0.0000e+00
   1303.289     3.5496     3.5483   3.263985   3.263528     2.5498     0.0337     0.9389     0.1251    96.9216    34.8945 9.5395e+02 9.5400e-02   1287.000    34.8945    34.8904     6.4045    1486.09 0.0000e+00
   1304.304     3.5520     3.5526   3.264279   3.263973     2.5495     0.0348     0.9233     0.1242    96.9424    34.8950 9.5770e+02 9.5400e-02   1288.000    34.8950    34.8906     6.4041    1486.12 0.0000e+00
   1305.320     3.5541     3.5539   3.264544   3.264185     2.5487     0.0348     0.9297     0.1241    96.9459    34.8953 9.5563e+02 9.5400e-02   1289.000    34.8953    34.8912     6.4020    1486.14 0.0000e+00
   1306.336     3.5589     3.5565   3.265070   3.264464     2.5478     0.0295     0.9200     0.1245    96.9362    34.8960 9.5390e+02 9.5400e-02   1290.000    34.8960    34.8913     6.3988    1486.18 0.0000e+00
   1307.352     3.5605     3.5599   3.265251   3.264904     2.5475     0.0180     0.9181     0.1245    96.9347    34.8960 9.5691e+02 9.5400e-02   1291.000    34.8960    34.8924     6.3984    1486.20 0.0000e+00
   1308.368     3.5593     3.5596   3.265213   3.264904     2.5469     0.0296     0.9139     0.1247    96.9308    34.8962 9.5446e+02 9.5400e-02   1292.000    34.8962    34.8923     6.3976    1486.22 0.0000e+00
   1309.383     3.5608     3.5596   3.265391   3.264920     2.5460     0.0227     0.9194     0.1243    96.9412    34.8963 9.5204e+02 9.5400e-02   1293.000    34.8963    34.8919     6.3953    1486.24 0.0000e+00
   1310.399     3.5607     3.5612   3.265429   3.265142     2.5452     0.0265     0.9246     0.1253    96.9170    34.8963 9.5840e+02 9.5400e-02   1294.000    34.8963    34.8924     6.3933    1486.26 0.0000e+00
   1311.415     3.5603     3.5600   3.265439   3.265073     2.5444     0.0347     0.9200     0.1242    96.9433    34.8964 9.6803e+02 9.5400e-02   1295.000    34.8964    34.8923     6.3919    1486.27 0.0000e+00
   1312.431     3.5612     3.5616   3.265572   3.265312     2.5434     0.0322     0.9200     0.1239    96.9503    34.8965 9.6449e+02 9.5400e-02   1296.000    34.8965    34.8930     6.3893    1486.29 0.0000e+00
   1313.447     3.5612     3.5608   3.265633   3.265261     2.5424     0.0224     0.9225     0.1244    96.9384    34.8967 9.5725e+02 9.5400e-02   1297.000    34.8967    34.8926     6.3869    1486.31 0.0000e+00
