Ship_data/Irminger/Irminger-3/ctd/process/dar0701009.cnv
* Sea-Bird SBE 9 Data File:
* FileName = D:\Data\ar0701009.hdr
* Software Version Seasave V 7.23.2
* Temperature SN = 4406
* Conductivity SN = 3042
* Number of Bytes Per Scan = 44
* Number of Voltage Words = 5
* Number of Scans Averaged by the Deck Unit = 1
* NMEA Latitude = 59 43.01 N
* NMEA Longitude = 039 20.16 W
* NMEA UTC (Time) = Jul 13 2016  16:20:08
** Site Irminger Flanking mooring B
** G. Tupper Tupper
** Station # 009
** Old and new
# nquan = 19
# nvalues = 2432                        
# units = specified
# name 0 = prDM: Pressure, Digiquartz [db]
# name 1 = t090C: Temperature [ITS-90, deg C]
# name 2 = t190C: Temperature, 2 [ITS-90, deg C]
# name 3 = c0S/m: Conductivity [S/m]
# name 4 = c1S/m: Conductivity, 2 [S/m]
# name 5 = sbeox0V: Oxygen raw, SBE 43 [V]
# name 6 = flECO-AFL: Fluorescence, WET Labs ECO-AFL/FL [mg/m^3]
# name 7 = turbWETntu0: Turbidity, WET Labs ECO [NTU]
# name 8 = CStarAt0: Beam Attenuation, WET Labs C-Star [1/m]
# name 9 = CStarTr0: Beam Transmission, WET Labs C-Star [%]
# name 10 = sal00: Salinity, Practical [PSU]
# name 11 = spar: SPAR/Surface Irradiance
# name 12 = par: PAR/Irradiance, Biospherical/Licor
# name 13 = depSM: Depth [salt water, m], lat = 59.7168
# name 14 = sal00: Salinity, Practical [PSU]
# name 15 = sal11: Salinity, Practical, 2 [PSU]
# name 16 = sbeox0ML/L: Oxygen, SBE 43 [ml/l], WS = 2
# name 17 = svCM: Sound Velocity [Chen-Millero, m/s]
# name 18 = flag: flag
# span 0 =      3.029,   2471.579       
# span 1 =     2.8029,     9.0328       
# span 2 =     2.8079,     9.0325       
# span 3 =   3.231968,   3.702082       
# span 4 =   3.231733,   3.701812       
# span 5 =     2.1754,     3.4688       
# span 6 =     0.0095,     2.8815       
# span 7 =     0.8803,     1.0838       
# span 8 =     0.1229,     0.6247       
# span 9 =    85.5405,    96.9734       
# span 10 =    34.8308,    34.9405      
# span 11 = 8.8367e+02, 1.5431e+03      
# span 12 = 9.5399e-02, 9.5459e-02      
# span 13 =      3.000,   2434.000      
# span 14 =    34.8308,    34.9405      
# span 15 =    34.8312,    34.9427      
# span 16 =     6.0540,     6.9845      
# span 17 =    1468.32,    1502.62      
# span 18 = 0.0000e+00, 0.0000e+00      
# interval = meters: 1                  
# start_time = Jul 13 2016 16:23:27 [NMEA time, first data scan]
# bad_flag = -9.990e-29
*END*
[from data line 2058]
   2090.962     3.2046     3.2045   3.268926   3.268544     2.2555     0.0294     0.9241     0.1232    96.9672    34.9321 9.1342e+02 9.5400e-02   2061.000    34.9321    34.9277     6.0922    1497.86 0.0000e+00
   2091.981     3.2059     3.2056   3.269117   3.268701     2.2553     0.0287     0.9230     0.1233    96.9642    34.9326 9.1389e+02 9.5400e-02   2062.000    34.9326    34.9279     6.0917    1497.88 0.0000e+00
   2093.001     3.2070     3.2069   3.269288   3.268902     2.2550     0.0353     0.9227     0.1234    96.9624    34.9330 9.1433e+02 9.5400e-02   2063.000    34.9330    34.9285     6.0914    1497.90 0.0000e+00
   2094.021     3.2049     3.2045   3.269117   3.268749     2.2550     0.0348     0.9261     0.1233    96.9645    34.9327 9.1354e+02 9.5400e-02   2064.000    34.9327    34.9287     6.0925    1497.91 0.0000e+00
   2095.040     3.1999     3.1999   3.268686   3.268339     2.2547     0.0369     0.9275     0.1232    96.9675    34.9323 9.1347e+02 9.5400e-02   2065.000    34.9323    34.9282     6.0932    1497.91 0.0000e+00
   2096.060     3.1987     3.1985   3.268621   3.268236     2.2546     0.0451     0.9300     0.1231    96.9703    34.9323 9.1450e+02 9.5400e-02   2066.000    34.9323    34.9279     6.0939    1497.92 0.0000e+00
   2097.079     3.1976     3.1974   3.268564   3.268175     2.2544     0.0380     0.9201     0.1232    96.9681    34.9324 9.1591e+02 9.5400e-02   2067.000    34.9324    34.9279     6.0939    1497.93 0.0000e+00
   2098.099     3.1965     3.1963   3.268524   3.268146     2.2541     0.0452     0.9210     0.1233    96.9657    34.9326 9.1617e+02 9.5400e-02   2068.000    34.9326    34.9282     6.0941    1497.94 0.0000e+00
   2099.118     3.1951     3.1950   3.268426   3.268066     2.2541     0.0358     0.9282     0.1234    96.9622    34.9324 9.1409e+02 9.5400e-02   2069.000    34.9324    34.9282     6.0952    1497.95 0.0000e+00
   2100.138     3.1935     3.1930   3.268312   3.267916     2.2538     0.0445     0.9324     0.1233    96.9639    34.9322 9.1600e+02 9.5400e-02   2070.000    34.9322    34.9281     6.0951    1497.96 0.0000e+00
   2101.157     3.1916     3.1915   3.268177   3.267800     2.2537     0.0257     0.9275     0.1237    96.9539    34.9321 9.1624e+02 9.5400e-02   2071.000    34.9321    34.9278     6.0959    1497.97 0.0000e+00
   2102.177     3.1911     3.1908   3.268163   3.267773     2.2535     0.0454     0.9270     0.1236    96.9570    34.9320 9.1632e+02 9.5400e-02   2072.000    34.9320    34.9277     6.0960    1497.99 0.0000e+00
   2103.197     3.1905     3.1904   3.268168   3.267788     2.2533     0.0298     0.9270     0.1238    96.9514    34.9322 9.1640e+02 9.5400e-02   2073.000    34.9322    34.9278     6.0960    1498.00 0.0000e+00
   2104.216     3.1888     3.1886   3.268055   3.267674     2.2529     0.0224     0.9222     0.1235    96.9602    34.9322 9.1262e+02 9.5400e-02   2074.000    34.9322    34.9279     6.0957    1498.01 0.0000e+00
   2105.236     3.1883     3.1882   3.268053   3.267670     2.2527     0.0447     0.9316     0.1230    96.9713    34.9322 9.1481e+02 9.5400e-02   2075.000    34.9322    34.9277     6.0960    1498.03 0.0000e+00
   2106.255     3.1884     3.1882   3.268104   3.267719     2.2526     0.0353     0.9280     0.1233    96.9642    34.9322 9.1583e+02 9.5400e-02   2076.000    34.9322    34.9278     6.0963    1498.05 0.0000e+00
   2107.275     3.1884     3.1882   3.268165   3.267780     2.2523     0.0348     0.9269     0.1241    96.9457    34.9324 9.1628e+02 9.5400e-02   2077.000    34.9324    34.9281     6.0961    1498.06 0.0000e+00
   2108.295     3.1883     3.1881   3.268207   3.267815     2.2524     0.0248     0.9211     0.1247    96.9302    34.9326 9.1556e+02 9.5400e-02   2078.000    34.9326    34.9281     6.0973    1498.08 0.0000e+00
   2109.314     3.1883     3.1881   3.268242   3.267862     2.2521     0.0314     0.9290     0.1235    96.9601    34.9325 9.1801e+02 9.5400e-02   2079.000    34.9325    34.9282     6.0969    1498.10 0.0000e+00
   2110.334     3.1869     3.1868   3.268172   3.267804     2.2518     0.0439     0.9290     0.1235    96.9604    34.9327 9.1822e+02 9.5400e-02   2080.000    34.9327    34.9284     6.0971    1498.11 0.0000e+00
   2111.354     3.1861     3.1858   3.268155   3.267766     2.2516     0.0261     0.9269     0.1233    96.9647    34.9328 9.1801e+02 9.5400e-02   2081.000    34.9328    34.9284     6.0972    1498.12 0.0000e+00
   2112.373     3.1863     3.1861   3.268222   3.267838     2.2509     0.0343     0.9277     0.1231    96.9703    34.9329 9.1742e+02 9.5400e-02   2082.000    34.9329    34.9285     6.0955    1498.14 0.0000e+00
   2113.393     3.1858     3.1855   3.268214   3.267817     2.2507     0.0348     0.9380     0.1243    96.9396    34.9329 9.1739e+02 9.5400e-02   2083.000    34.9329    34.9285     6.0955    1498.16 0.0000e+00
   2114.412     3.1842     3.1837   3.268069   3.267680     2.2503     0.0348     0.9276     0.1235    96.9595    34.9324 9.1709e+02 9.5400e-02   2084.000    34.9324    34.9282     6.0952    1498.17 0.0000e+00
   2115.432     3.1826     3.1823   3.267966   3.267582     2.2501     0.0348     0.9270     0.1231    96.9700    34.9323 9.1761e+02 9.5400e-02   2085.000    34.9323    34.9281     6.0954    1498.18 0.0000e+00
   2116.452     3.1829     3.1826   3.268052   3.267655     2.2497     0.0379     0.9270     0.1231    96.9703    34.9326 9.1801e+02 9.5400e-02   2086.000    34.9326    34.9281     6.0949    1498.19 0.0000e+00
   2117.471     3.1822     3.1814   3.268034   3.267603     2.2492     0.0406     0.9230     0.1231    96.9695    34.9326 9.1808e+02 9.5400e-02   2087.000    34.9326    34.9283     6.0938    1498.21 0.0000e+00
   2118.491     3.1779     3.1770   3.267647   3.267210     2.2489     0.0250     0.9257     0.1231    96.9703    34.9320 9.1650e+02 9.5400e-02   2088.000    34.9320    34.9278     6.0944    1498.21 0.0000e+00
   2119.511     3.1789     3.1787   3.267812   3.267421     2.2487     0.0321     0.9272     0.1233    96.9642    34.9324 9.1845e+02 9.5400e-02   2089.000    34.9324    34.9280     6.0944    1498.23 0.0000e+00
   2120.530     3.1783     3.1782   3.267801   3.267434     2.2484     0.0348     0.9278     0.1232    96.9678    34.9325 9.1945e+02 9.5400e-02   2090.000    34.9325    34.9282     6.0940    1498.24 0.0000e+00
   2121.550     3.1766     3.1765   3.267692   3.267315     2.2482     0.0354     0.9277     0.1244    96.9388    34.9325 9.1981e+02 9.5400e-02   2091.000    34.9325    34.9281     6.0944    1498.25 0.0000e+00
   2122.570     3.1768     3.1766   3.267757   3.267368     2.2480     0.0414     0.9275     0.1233    96.9640    34.9326 9.1992e+02 9.5400e-02   2092.000    34.9326    34.9282     6.0944    1498.27 0.0000e+00
   2123.589     3.1766     3.1764   3.267793   3.267401     2.2479     0.0396     0.9309     0.1231    96.9701    34.9327 9.1934e+02 9.5400e-02   2093.000    34.9327    34.9282     6.0949    1498.29 0.0000e+00
   2124.609     3.1764     3.1762   3.267810   3.267427     2.2473     0.0266     0.9237     0.1231    96.9703    34.9326 9.1855e+02 9.5400e-02   2094.000    34.9326    34.9283     6.0935    1498.30 0.0000e+00
   2125.629     3.1759     3.1758   3.267807   3.267427     2.2468     0.0226     0.9250     0.1230    96.9718    34.9326 9.1813e+02 9.5400e-02   2095.000    34.9326    34.9282     6.0927    1498.32 0.0000e+00
   2126.648     3.1749     3.1748   3.267765   3.267391     2.2467     0.0283     0.9199     0.1232    96.9674    34.9327 9.1801e+02 9.5400e-02   2096.000    34.9327    34.9284     6.0935    1498.33 0.0000e+00
   2127.668     3.1744     3.1743   3.267779   3.267393     2.2467     0.0350     0.9263     0.1237    96.9553    34.9329 9.1763e+02 9.5400e-02   2097.000    34.9329    34.9284     6.0942    1498.35 0.0000e+00
   2128.688     3.1742     3.1739   3.267781   3.267400     2.2465     0.0393     0.9322     0.1230    96.9716    34.9327 9.1747e+02 9.5400e-02   2098.000    34.9327    34.9284     6.0943    1498.36 0.0000e+00
   2129.708     3.1738     3.1735   3.267802   3.267420     2.2460     0.0471     0.9312     0.1231    96.9703    34.9329 9.1885e+02 9.5400e-02   2099.000    34.9329    34.9286     6.0933    1498.38 0.0000e+00
   2130.727     3.1727     3.1725   3.267747   3.267382     2.2459     0.0455     0.9257     0.1232    96.9658    34.9328 9.2000e+02 9.5400e-02   2100.000    34.9328    34.9287     6.0940    1498.39 0.0000e+00
   2131.747     3.1714     3.1713   3.267676   3.267309     2.2454     0.0350     0.9201     0.1231    96.9702    34.9329 9.2052e+02 9.5400e-02   2101.000    34.9329    34.9287     6.0933    1498.40 0.0000e+00
   2132.767     3.1708     3.1706   3.267667   3.267282     2.2453     0.0402     0.9232     0.1233    96.9644    34.9330 9.2042e+02 9.5400e-02   2102.000    34.9330    34.9286     6.0937    1498.42 0.0000e+00
   2133.786     3.1706     3.1704   3.267691   3.267314     2.2446     0.0387     0.9273     0.1232    96.9678    34.9330 9.1916e+02 9.5400e-02   2103.000    34.9330    34.9287     6.0921    1498.43 0.0000e+00
   2134.806     3.1701     3.1700   3.267683   3.267315     2.2445     0.0227     0.9266     0.1229    96.9734    34.9329 9.1765e+02 9.5400e-02   2104.000    34.9329    34.9287     6.0927    1498.45 0.0000e+00
   2135.826     3.1684     3.1682   3.267572   3.267191     2.2443     0.0332     0.9273     0.1231    96.9703    34.9329 9.1690e+02 9.5400e-02   2105.000    34.9329    34.9286     6.0928    1498.46 0.0000e+00
   2136.846     3.1680     3.1678   3.267572   3.267201     2.2437     0.0348     0.9210     0.1232    96.9677    34.9328 9.1598e+02 9.5400e-02   2106.000    34.9328    34.9286     6.0917    1498.47 0.0000e+00
   2137.865     3.1671     3.1669   3.267548   3.267168     2.2432     0.0443     0.9257     0.1230    96.9715    34.9330 9.1907e+02 9.5400e-02   2107.000    34.9330    34.9287     6.0909    1498.49 0.0000e+00
   2138.885     3.1661     3.1659   3.267496   3.267115     2.2431     0.0381     0.9278     0.1231    96.9703    34.9330 9.2008e+02 9.5400e-02   2108.000    34.9330    34.9286     6.0912    1498.50 0.0000e+00
   2139.905     3.1655     3.1653   3.267471   3.267094     2.2430     0.0347     0.9219     0.1231    96.9692    34.9329 9.2204e+02 9.5400e-02   2109.000    34.9329    34.9286     6.0921    1498.52 0.0000e+00
   2140.925     3.1645     3.1638   3.267422   3.267012     2.2428     0.0241     0.9312     0.1231    96.9684    34.9329 9.2190e+02 9.5400e-02   2110.000    34.9329    34.9286     6.0923    1498.53 0.0000e+00
   2141.944     3.1630     3.1623   3.267327   3.266906     2.2426     0.0350     0.9327     0.1260    96.8984    34.9328 9.2143e+02 9.5400e-02   2111.000    34.9328    34.9285     6.0925    1498.54 0.0000e+00
   2142.964     3.1627     3.1624   3.267345   3.266958     2.2424     0.0348     0.9279     0.1241    96.9440    34.9329 9.2073e+02 9.5400e-02   2112.000    34.9329    34.9285     6.0925    1498.55 0.0000e+00
   2143.984     3.1625     3.1621   3.267365   3.266971     2.2427     0.0348     0.9272     0.1233    96.9651    34.9328 9.1992e+02 9.5400e-02   2113.000    34.9328    34.9285     6.0945    1498.57 0.0000e+00
   2145.004     3.1614     3.1612   3.267311   3.266927     2.2423     0.0348     0.9206     0.1237    96.9560    34.9329 9.1850e+02 9.5400e-02   2114.000    34.9329    34.9285     6.0940    1498.58 0.0000e+00
   2146.023     3.1611     3.1609   3.267317   3.266937     2.2418     0.0348     0.9214     0.1234    96.9612    34.9328 9.1854e+02 9.5400e-02   2115.000    34.9328    34.9284     6.0932    1498.60 0.0000e+00
   2147.043     3.1580     3.1576   3.267056   3.266676     2.2413     0.0348     0.9276     0.1238    96.9522    34.9325 9.1987e+02 9.5400e-02   2116.000    34.9325    34.9283     6.0927    1498.60 0.0000e+00
   2148.063     3.1576     3.1581   3.267072   3.266748     2.2409     0.0348     0.9268     0.1240    96.9479    34.9325 9.1934e+02 9.5400e-02   2117.000    34.9325    34.9282     6.0921    1498.62 0.0000e+00
   2149.083     3.1580     3.1577   3.267150   3.266740     2.2411     0.0348     0.9263     0.1235    96.9591    34.9326 9.2159e+02 9.5400e-02   2118.000    34.9326    34.9280     6.0936    1498.64 0.0000e+00
   2150.103     3.1581     3.1580   3.267194   3.266813     2.2408     0.0348     0.9275     0.1235    96.9594    34.9325 9.2173e+02 9.5400e-02   2119.000    34.9325    34.9280     6.0933    1498.66 0.0000e+00
   2151.123     3.1566     3.1564   3.267074   3.266721     2.2408     0.0394     0.9284     0.1240    96.9479    34.9321 9.2189e+02 9.5400e-02   2120.000    34.9321    34.9281     6.0943    1498.67 0.0000e+00
   2152.142     3.1537     3.1534   3.266839   3.266448     2.2409     0.0419     0.9294     0.1232    96.9668    34.9320 9.2206e+02 9.5400e-02   2121.000    34.9320    34.9276     6.0959    1498.67 0.0000e+00
   2153.162     3.1562     3.1559   3.267168   3.266743     2.2405     0.0347     0.9272     0.1231    96.9703    34.9327 9.2251e+02 9.5400e-02   2122.000    34.9327    34.9280     6.0948    1498.70 0.0000e+00
   2154.182     3.1578     3.1576   3.267367   3.266976     2.2407     0.0397     0.9202     0.1231    96.9703    34.9329 9.2269e+02 9.5400e-02   2123.000    34.9329    34.9285     6.0960    1498.72 0.0000e+00
   2155.202     3.1566     3.1564   3.267288   3.266919     2.2404     0.0467     0.9230     0.1231    96.9703    34.9328 9.2249e+02 9.5400e-02   2124.000    34.9328    34.9286     6.0961    1498.74 0.0000e+00
   2156.222     3.1531     3.1533   3.266992   3.266677     2.2406     0.0406     0.9268     0.1230    96.9711    34.9325 9.2014e+02 9.5400e-02   2125.000    34.9325    34.9285     6.0984    1498.74 0.0000e+00
   2157.241     3.1479     3.1478   3.266532   3.266160     2.2396     0.0301     0.9270     0.1234    96.9626    34.9320 9.1998e+02 9.5400e-02   2126.000    34.9320    34.9277     6.0962    1498.73 0.0000e+00
   2158.261     3.1476     3.1474   3.266547   3.266167     2.2394     0.0426     0.9268     0.1237    96.9539    34.9320 9.2015e+02 9.5400e-02   2127.000    34.9320    34.9277     6.0966    1498.75 0.0000e+00
   2159.281     3.1478     3.1476   3.266623   3.266231     2.2390     0.0347     0.9252     0.1241    96.9447    34.9322 9.2109e+02 9.5400e-02   2128.000    34.9322    34.9278     6.0957    1498.77 0.0000e+00
   2160.301     3.1478     3.1475   3.266664   3.266273     2.2394     0.0348     0.9215     0.1242    96.9436    34.9323 9.2216e+02 9.5400e-02   2129.000    34.9323    34.9278     6.0979    1498.78 0.0000e+00
   2161.321     3.1459     3.1456   3.266517   3.266148     2.2392     0.0368     0.9277     0.1232    96.9665    34.9320 9.2370e+02 9.5400e-02   2130.000    34.9320    34.9279     6.0983    1498.79 0.0000e+00
   2162.341     3.1437     3.1436   3.266343   3.265986     2.2386     0.0503     0.9299     0.1231    96.9703    34.9318 9.2452e+02 9.5400e-02   2131.000    34.9318    34.9276     6.0974    1498.80 0.0000e+00
   2163.361     3.1422     3.1421   3.266251   3.265887     2.2386     0.0547     0.9374     0.1231    96.9683    34.9317 9.2430e+02 9.5400e-02   2132.000    34.9317    34.9276     6.0985    1498.81 0.0000e+00
   2164.380     3.1415     3.1413   3.266240   3.265839     2.2385     0.0419     0.9372     0.1232    96.9681    34.9319 9.2365e+02 9.5400e-02   2133.000    34.9319    34.9273     6.0992    1498.82 0.0000e+00
   2165.400     3.1424     3.1420   3.266369   3.265973     2.2385     0.0296     0.9248     0.1233    96.9656    34.9320 9.2054e+02 9.5400e-02   2134.000    34.9320    34.9276     6.0999    1498.85 0.0000e+00
   2166.420     3.1413     3.1406   3.266302   3.265894     2.2386     0.0289     0.9244     0.1233    96.9639    34.9318 9.2097e+02 9.5400e-02   2135.000    34.9318    34.9277     6.1011    1498.86 0.0000e+00
