Ship_data/Irminger/Irminger-3/ctd/process/dar0701007.cnv
* Sea-Bird SBE 9 Data File:
* FileName = D:\Data\ar0701007.hdr
* Software Version Seasave V 7.23.2
* Temperature SN = 4406
* Conductivity SN = 3042
* Number of Bytes Per Scan = 44
* Number of Voltage Words = 5
* Number of Scans Averaged by the Deck Unit = 1
* NMEA Latitude = 59 58.33 N
* NMEA Longitude = 039 30.33 W
* NMEA UTC (Time) = Jul 11 2016  19:24:31
** Site Irminger Hybrid profiler mooring
** G. Tupper Tupper
** Station # 007
# nquan = 19
# nvalues = 2577                        
# units = specified
# name 0 = prDM: Pressure, Digiquartz [db]
# name 1 = t090C: Temperature [ITS-90, deg C]
# name 2 = t190C: Temperature, 2 [ITS-90, deg C]
# name 3 = c0S/m: Conductivity [S/m]
# name 4 = c1S/m: Conductivity, 2 [S/m]
# name 5 = sbeox0V: Oxygen raw, SBE 43 [V]
# name 6 = flECO-AFL: Fluorescence, WET Labs ECO-AFL/FL [mg/m^3]
# name 7 = turbWETntu0: Turbidity, WET Labs ECO [NTU]
# name 8 = CStarAt0: Beam Attenuation, WET Labs C-Star [1/m]
# name 9 = CStarTr0: Beam Transmission, WET Labs C-Star [%]
# name 10 = sal00: Salinity, Practical [PSU]
# name 11 = spar: SPAR/Surface Irradiance
# name 12 = par: PAR/Irradiance, Biospherical/Licor
# name 13 = depSM: Depth [salt water, m], lat = 59.9722
# name 14 = sal00: Salinity, Practical [PSU]
# name 15 = sal11: Salinity, Practical, 2 [PSU]
# name 16 = sbeox0ML/L: Oxygen, SBE 43 [ml/l], WS = 2
# name 17 = svCM: Sound Velocity [Chen-Millero, m/s]
# name 18 = flag: flag
# span 0 =      6.057,   2622.838       
# span 1 =     1.5447,     9.2459       
# span 2 =     1.5444,     9.2662       
# span 3 =   3.141292,   3.723464       
# span 4 =   3.140923,   3.724982       
# span 5 =     2.2030,     3.4765       
# span 6 =     0.0097,     3.2682       
# span 7 =     0.8854,     1.1522       
# span 8 =     0.1279,     0.7610       
# span 9 =    82.6760,    96.8528       
# span 10 =    34.8458,    34.9333      
# span 11 = 2.2751e+02, 5.0174e+02      
# span 12 = 9.5399e-02, 9.5490e-02      
# span 13 =      6.000,   2582.000      
# span 14 =    34.8458,    34.9333      
# span 15 =    34.8428,    34.9291      
# span 16 =     6.0750,     7.0000      
# span 17 =    1468.04,    1500.29      
# span 18 = 0.0000e+00, 0.0000e+00      
# interval = meters: 1                  
# start_time = Jul 11 2016 19:29:37 [NMEA time, first data scan]
# bad_flag = -9.990e-29
*END*
[from data line 2210]
   2249.093     2.9043     2.9042   3.248435   3.248059     2.2217     0.0348     0.9311     0.1292    96.8223    34.9298 3.2080e+02 9.5400e-02   2216.000    34.9298    34.9254     6.1459    1499.24 0.0000e+00
   2250.113     2.9048     2.9049   3.248507   3.248168     2.2215     0.0348     0.9271     0.1300    96.8013    34.9296 3.2047e+02 9.5400e-02   2217.000    34.9296    34.9255     6.1460    1499.26 0.0000e+00
   2251.133     2.9064     2.9061   3.248714   3.248311     2.2222     0.0423     0.9303     0.1293    96.8187    34.9299 3.1994e+02 9.5400e-02   2218.000    34.9299    34.9255     6.1492    1499.28 0.0000e+00
   2252.154     2.9056     2.9059   3.248669   3.248351     2.2225     0.0419     0.9272     0.1294    96.8162    34.9298 3.1991e+02 9.5400e-02   2219.000    34.9298    34.9256     6.1510    1499.30 0.0000e+00
   2253.174     2.9061     2.9063   3.248782   3.248421     2.2225     0.0451     0.9280     0.1287    96.8340    34.9301 3.2052e+02 9.5400e-02   2220.000    34.9301    34.9256     6.1519    1499.32 0.0000e+00
   2254.194     2.9083     2.9081   3.249046   3.248664     2.2224     0.0349     0.9288     0.1290    96.8264    34.9304 3.1993e+02 9.5400e-02   2221.000    34.9304    34.9261     6.1520    1499.34 0.0000e+00
   2255.214     2.9076     2.9072   3.249016   3.248656     2.2224     0.0348     0.9368     0.1306    96.7885    34.9304 3.2074e+02 9.5400e-02   2222.000    34.9304    34.9265     6.1530    1499.36 0.0000e+00
   2256.235     2.9007     2.9004   3.248423   3.248089     2.2222     0.0418     0.9382     0.1300    96.8014    34.9301 3.2094e+02 9.5400e-02   2223.000    34.9301    34.9264     6.1540    1499.34 0.0000e+00
   2257.255     2.8962     2.8961   3.248035   3.247714     2.2218     0.0414     0.9356     0.1296    96.8130    34.9297 3.2067e+02 9.5400e-02   2224.000    34.9297    34.9259     6.1544    1499.34 0.0000e+00
   2258.275     2.8909     2.8907   3.247586   3.247239     2.2214     0.0427     0.9298     0.1291    96.8247    34.9295 3.1995e+02 9.5400e-02   2225.000    34.9295    34.9255     6.1544    1499.34 0.0000e+00
   2259.296     2.8883     2.8882   3.247379   3.247010     2.2208     0.0429     0.9317     0.1294    96.8172    34.9292 3.1968e+02 9.5400e-02   2226.000    34.9292    34.9249     6.1535    1499.34 0.0000e+00
   2260.316     2.8873     2.8871   3.247312   3.246942     2.2212     0.0264     0.9313     0.1298    96.8073    34.9290 3.2008e+02 9.5400e-02   2227.000    34.9290    34.9248     6.1562    1499.35 0.0000e+00
   2261.336     2.8863     2.8862   3.247280   3.246902     2.2212     0.0351     0.9288     0.1304    96.7931    34.9292 3.2030e+02 9.5400e-02   2228.000    34.9292    34.9248     6.1573    1499.37 0.0000e+00
   2262.357     2.8857     2.8855   3.247254   3.246880     2.2215     0.0355     0.9274     0.1297    96.8100    34.9290 3.1876e+02 9.5400e-02   2229.000    34.9290    34.9248     6.1591    1499.38 0.0000e+00
   2263.377     2.8840     2.8837   3.247141   3.246764     2.2219     0.0472     0.9198     0.1297    96.8100    34.9290 3.2005e+02 9.5400e-02   2230.000    34.9290    34.9248     6.1616    1499.39 0.0000e+00
   2264.397     2.8839     2.8838   3.247194   3.246805     2.2222     0.0384     0.9257     0.1297    96.8100    34.9292 3.1957e+02 9.5400e-02   2231.000    34.9292    34.9248     6.1636    1499.41 0.0000e+00
   2265.418     2.8858     2.8857   3.247434   3.247058     2.2223     0.0423     0.9231     0.1296    96.8111    34.9297 3.1970e+02 9.5400e-02   2232.000    34.9297    34.9253     6.1646    1499.43 0.0000e+00
   2266.438     2.8826     2.8826   3.247169   3.246834     2.2225     0.0376     0.9300     0.1300    96.8022    34.9294 3.1984e+02 9.5400e-02   2233.000    34.9294    34.9254     6.1668    1499.44 0.0000e+00
   2267.458     2.8819     2.8814   3.247160   3.246738     2.2221     0.0363     0.9277     0.1302    96.7984    34.9296 3.1935e+02 9.5400e-02   2234.000    34.9296    34.9250     6.1664    1499.45 0.0000e+00
   2268.479     2.8851     2.8848   3.247561   3.247141     2.2222     0.0459     0.9272     0.1312    96.7743    34.9304 3.1920e+02 9.5400e-02   2235.000    34.9304    34.9258     6.1667    1499.48 0.0000e+00
   2269.499     2.8823     2.8830   3.247349   3.247073     2.2219     0.0346     0.9271     0.1302    96.7962    34.9304 3.1931e+02 9.5400e-02   2236.000    34.9304    34.9263     6.1669    1499.49 0.0000e+00
   2270.520     2.8819     2.8818   3.247354   3.246983     2.2216     0.0348     0.9270     0.1303    96.7945    34.9304 3.1925e+02 9.5400e-02   2237.000    34.9304    34.9261     6.1667    1499.51 0.0000e+00
   2271.540     2.8803     2.8802   3.247237   3.246877     2.2214     0.0348     0.9281     0.1297    96.8097    34.9302 3.1862e+02 9.5400e-02   2238.000    34.9302    34.9260     6.1670    1499.52 0.0000e+00
   2272.561     2.8793     2.8792   3.247181   3.246828     2.2203     0.0270     0.9276     0.1294    96.8172    34.9301 3.1910e+02 9.5400e-02   2239.000    34.9301    34.9260     6.1639    1499.53 0.0000e+00
   2273.581     2.8769     2.8766   3.246993   3.246615     2.2191     0.0421     0.9305     0.1302    96.7980    34.9299 3.1898e+02 9.5400e-02   2240.000    34.9299    34.9257     6.1608    1499.53 0.0000e+00
   2274.601     2.8765     2.8763   3.247017   3.246638     2.2184     0.0363     0.9276     0.1287    96.8344    34.9301 3.1883e+02 9.5400e-02   2241.000    34.9301    34.9258     6.1588    1499.55 0.0000e+00
   2275.622     2.8757     2.8754   3.246978   3.246613     2.2179     0.0348     0.9279     0.1292    96.8219    34.9301 3.1885e+02 9.5400e-02   2242.000    34.9301    34.9260     6.1582    1499.56 0.0000e+00
   2276.642     2.8746     2.8743   3.246914   3.246539     2.2180     0.0348     0.9301     0.1297    96.8101    34.9299 3.1886e+02 9.5400e-02   2243.000    34.9299    34.9258     6.1592    1499.58 0.0000e+00
   2277.663     2.8739     2.8737   3.246897   3.246516     2.2173     0.0348     0.9329     0.1297    96.8100    34.9301 3.1906e+02 9.5400e-02   2244.000    34.9301    34.9257     6.1577    1499.59 0.0000e+00
   2278.683     2.8743     2.8741   3.247028   3.246649     2.2168     0.0348     0.9324     0.1298    96.8071    34.9307 3.1896e+02 9.5400e-02   2245.000    34.9307    34.9264     6.1567    1499.61 0.0000e+00
   2279.703     2.8749     2.8747   3.247125   3.246753     2.2164     0.0426     0.9291     0.1294    96.8176    34.9308 3.1886e+02 9.5400e-02   2246.000    34.9308    34.9265     6.1559    1499.63 0.0000e+00
   2280.724     2.8746     2.8745   3.247153   3.246788     2.2155     0.0469     0.9268     0.1291    96.8229    34.9309 3.1850e+02 9.5400e-02   2247.000    34.9309    34.9267     6.1533    1499.65 0.0000e+00
   2281.744     2.8734     2.8732   3.247092   3.246722     2.2149     0.0348     0.9270     0.1287    96.8341    34.9309 3.1818e+02 9.5400e-02   2248.000    34.9309    34.9268     6.1521    1499.66 0.0000e+00
   2282.765     2.8719     2.8716   3.246994   3.246642     2.2145     0.0448     0.9211     0.1290    96.8265    34.9308 3.1822e+02 9.5400e-02   2249.000    34.9308    34.9270     6.1517    1499.67 0.0000e+00
   2283.785     2.8684     2.8680   3.246686   3.246318     2.2142     0.0470     0.9238     0.1292    96.8227    34.9305 3.1865e+02 9.5400e-02   2250.000    34.9305    34.9265     6.1519    1499.67 0.0000e+00
   2284.806     2.8663     2.8657   3.246532   3.246128     2.2137     0.0446     0.9264     0.1289    96.8301    34.9303 3.1866e+02 9.5400e-02   2251.000    34.9303    34.9261     6.1513    1499.68 0.0000e+00
   2285.826     2.8634     2.8636   3.246279   3.245971     2.2132     0.0350     0.9281     0.1292    96.8213    34.9298 3.1898e+02 9.5400e-02   2252.000    34.9298    34.9259     6.1506    1499.68 0.0000e+00
   2286.847     2.8617     2.8616   3.246162   3.245788     2.2130     0.0348     0.9323     0.1302    96.7983    34.9298 3.1961e+02 9.5400e-02   2253.000    34.9298    34.9254     6.1510    1499.69 0.0000e+00
   2287.867     2.8599     2.8602   3.246020   3.245707     2.2128     0.0415     0.9304     0.1298    96.8076    34.9296 3.1922e+02 9.5400e-02   2254.000    34.9296    34.9255     6.1516    1499.70 0.0000e+00
   2288.887     2.8587     2.8583   3.245962   3.245539     2.2140     0.0328     0.9286     0.1292    96.8223    34.9296 3.1670e+02 9.5400e-02   2255.000    34.9296    34.9249     6.1569    1499.72 0.0000e+00
   2289.908     2.8591     2.8589   3.246117   3.245746     2.2145     0.0348     0.9301     0.1293    96.8202    34.9305 3.1748e+02 9.5400e-02   2256.000    34.9305    34.9263     6.1596    1499.74 0.0000e+00
   2290.928     2.8569     2.8566   3.245957   3.245611     2.2147     0.0348     0.9321     0.1292    96.8217    34.9305 3.1779e+02 9.5400e-02   2257.000    34.9305    34.9267     6.1617    1499.74 0.0000e+00
   2291.949     2.8547     2.8545   3.245798   3.245445     2.2151     0.0348     0.9322     0.1296    96.8131    34.9304 3.1853e+02 9.5400e-02   2258.000    34.9304    34.9264     6.1642    1499.75 0.0000e+00
   2292.969     2.8517     2.8517   3.245558   3.245237     2.2147     0.0449     0.9285     0.1292    96.8206    34.9302 3.1874e+02 9.5400e-02   2259.000    34.9302    34.9264     6.1642    1499.75 0.0000e+00
   2293.990     2.8486     2.8484   3.245299   3.244929     2.2142     0.0469     0.9275     0.1292    96.8223    34.9300 3.1868e+02 9.5400e-02   2260.000    34.9300    34.9257     6.1635    1499.76 0.0000e+00
   2295.010     2.8484     2.8482   3.245302   3.244940     2.2133     0.0360     0.9284     0.1296    96.8131    34.9297 3.1851e+02 9.5400e-02   2261.000    34.9297    34.9255     6.1609    1499.77 0.0000e+00
   2296.031     2.8483     2.8481   3.245324   3.244957     2.2130     0.0407     0.9306     0.1296    96.8130    34.9296 3.1843e+02 9.5400e-02   2262.000    34.9296    34.9254     6.1609    1499.79 0.0000e+00
   2297.052     2.8465     2.8463   3.245198   3.244839     2.2130     0.0372     0.9317     0.1296    96.8116    34.9295 3.1813e+02 9.5400e-02   2263.000    34.9295    34.9254     6.1619    1499.80 0.0000e+00
   2298.072     2.8459     2.8456   3.245220   3.244848     2.2123     0.0348     0.9292     0.1292    96.8219    34.9299 3.1675e+02 9.5400e-02   2264.000    34.9299    34.9258     6.1602    1499.82 0.0000e+00
   2299.093     2.8455     2.8453   3.245265   3.244889     2.2125     0.0348     0.9383     0.1295    96.8138    34.9304 3.1693e+02 9.5400e-02   2265.000    34.9304    34.9261     6.1618    1499.83 0.0000e+00
   2300.113     2.8440     2.8439   3.245159   3.244812     2.2128     0.0348     0.9326     0.1292    96.8213    34.9303 3.1693e+02 9.5400e-02   2266.000    34.9303    34.9262     6.1640    1499.84 0.0000e+00
   2301.134     2.8424     2.8421   3.245056   3.244672     2.2124     0.0348     0.9223     0.1292    96.8220    34.9302 3.1750e+02 9.5400e-02   2267.000    34.9302    34.9259     6.1637    1499.85 0.0000e+00
   2302.154     2.8410     2.8408   3.244978   3.244599     2.2123     0.0348     0.9288     0.1289    96.8287    34.9302 3.1843e+02 9.5400e-02   2268.000    34.9302    34.9260     6.1642    1499.86 0.0000e+00
   2303.175     2.8402     2.8400   3.244938   3.244580     2.2117     0.0348     0.9292     0.1290    96.8258    34.9302 3.1876e+02 9.5400e-02   2269.000    34.9302    34.9261     6.1630    1499.88 0.0000e+00
   2304.195     2.8397     2.8394   3.244954   3.244575     2.2109     0.0352     0.9316     0.1289    96.8298    34.9304 3.1869e+02 9.5400e-02   2270.000    34.9304    34.9261     6.1610    1499.89 0.0000e+00
   2305.216     2.8386     2.8384   3.244910   3.244550     2.2105     0.0435     0.9289     0.1294    96.8168    34.9305 3.1733e+02 9.5400e-02   2271.000    34.9305    34.9264     6.1605    1499.91 0.0000e+00
   2306.236     2.8363     2.8362   3.244748   3.244381     2.2096     0.0344     0.9270     0.1291    96.8237    34.9305 3.1671e+02 9.5400e-02   2272.000    34.9305    34.9263     6.1583    1499.91 0.0000e+00
   2307.257     2.8350     2.8348   3.244668   3.244300     2.2087     0.0348     0.9281     0.1293    96.8198    34.9305 3.1699e+02 9.5400e-02   2273.000    34.9305    34.9263     6.1560    1499.92 0.0000e+00
   2308.278     2.8352     2.8352   3.244746   3.244381     2.2084     0.0232     0.9266     0.1293    96.8185    34.9307 3.1684e+02 9.5400e-02   2274.000    34.9307    34.9264     6.1556    1499.94 0.0000e+00
   2309.298     2.8335     2.8332   3.244627   3.244255     2.2084     0.0335     0.9281     0.1289    96.8277    34.9306 3.1818e+02 9.5400e-02   2275.000    34.9306    34.9265     6.1567    1499.95 0.0000e+00
   2310.319     2.8324     2.8320   3.244564   3.244187     2.2077     0.0348     0.9273     0.1288    96.8322    34.9306 3.1796e+02 9.5400e-02   2276.000    34.9306    34.9264     6.1551    1499.97 0.0000e+00
   2311.339     2.8311     2.8310   3.244495   3.244127     2.2073     0.0348     0.9272     0.1287    96.8346    34.9306 3.1744e+02 9.5400e-02   2277.000    34.9306    34.9263     6.1546    1499.98 0.0000e+00
   2312.360     2.8291     2.8289   3.244347   3.243992     2.2069     0.0446     0.9278     0.1290    96.8260    34.9305 3.1684e+02 9.5400e-02   2278.000    34.9305    34.9265     6.1543    1499.99 0.0000e+00
   2313.380     2.8273     2.8270   3.244237   3.243855     2.2066     0.0471     0.9273     0.1287    96.8347    34.9306 3.1700e+02 9.5400e-02   2279.000    34.9306    34.9263     6.1541    1500.00 0.0000e+00
   2314.401     2.8265     2.8262   3.244201   3.243831     2.2062     0.0470     0.9275     0.1288    96.8325    34.9306 3.1700e+02 9.5400e-02   2280.000    34.9306    34.9264     6.1535    1500.01 0.0000e+00
   2315.422     2.8250     2.8248   3.244115   3.243740     2.2061     0.0470     0.9209     0.1303    96.7946    34.9306 3.1746e+02 9.5400e-02   2281.000    34.9306    34.9263     6.1542    1500.02 0.0000e+00
   2316.442     2.8245     2.8243   3.244094   3.243729     2.2058     0.0447     0.9225     0.1294    96.8176    34.9304 3.1673e+02 9.5400e-02   2282.000    34.9304    34.9262     6.1542    1500.03 0.0000e+00
   2317.463     2.8240     2.8238   3.244098   3.243719     2.2051     0.0344     0.9312     0.1295    96.8148    34.9305 3.1692e+02 9.5400e-02   2283.000    34.9305    34.9262     6.1524    1500.05 0.0000e+00
   2318.483     2.8232     2.8231   3.244056   3.243699     2.2044     0.0401     0.9293     0.1293    96.8202    34.9304 3.1659e+02 9.5400e-02   2284.000    34.9304    34.9262     6.1508    1500.06 0.0000e+00
   2319.504     2.8220     2.8219   3.243984   3.243637     2.2046     0.0439     0.9291     0.1294    96.8167    34.9303 3.1656e+02 9.5400e-02   2285.000    34.9303    34.9262     6.1526    1500.08 0.0000e+00
   2320.525     2.8182     2.8177   3.243667   3.243320     2.2038     0.0338     0.9210     0.1288    96.8314    34.9301 3.1657e+02 9.5400e-02   2286.000    34.9301    34.9264     6.1511    1500.08 0.0000e+00
   2321.545     2.8032     2.8034   3.242229   3.242104     2.2037     0.0233     0.9273     0.1290    96.8275    34.9282 3.1692e+02 9.5400e-02   2287.000    34.9282    34.9264     6.1540    1500.03 0.0000e+00
   2322.566     2.7865     2.7862   3.240676   3.240318     2.2032     0.0347     0.9216     0.1297    96.8102    34.9267 3.1728e+02 9.5400e-02   2288.000    34.9267    34.9228     6.1561    1499.97 0.0000e+00
   2323.586     2.7799     2.7806   3.240045   3.239841     2.2030     0.0348     0.9323     0.1306    96.7880    34.9257 3.1773e+02 9.5400e-02   2289.000    34.9257    34.9224     6.1573    1499.96 0.0000e+00
   2324.607     2.7725     2.7724   3.239352   3.239011     2.2042     0.0409     0.9299     0.1308    96.7817    34.9247 3.1732e+02 9.5400e-02   2290.000    34.9247    34.9207     6.1641    1499.94 0.0000e+00
