Ship_data/Irminger/Irminger-3/ctd/process/dar0701004.cnv
* Sea-Bird SBE 9 Data File:
* FileName = D:\Data\ar0701004.hdr
* Software Version Seasave V 7.23.2
* Temperature SN = 4406
* Conductivity SN = 3042
* Number of Bytes Per Scan = 44
* Number of Voltage Words = 5
* Number of Scans Averaged by the Deck Unit = 1
* NMEA Latitude = 51 58.27 N
* NMEA Longitude = 045 45.89 W
* NMEA UTC (Time) = Jul 06 2016  17:02:22
**  Release test
** Chief Scientist: George Tupper
** Station ID 004
# nquan = 19
# nvalues = 2504                        
# units = specified
# name 0 = prDM: Pressure, Digiquartz [db]
# name 1 = t090C: Temperature [ITS-90, deg C]
# name 2 = t190C: Temperature, 2 [ITS-90, deg C]
# name 3 = c0S/m: Conductivity [S/m]
# name 4 = c1S/m: Conductivity, 2 [S/m]
# name 5 = sbeox0V: Oxygen raw, SBE 43 [V]
# name 6 = flECO-AFL: Fluorescence, WET Labs ECO-AFL/FL [mg/m^3]
# name 7 = turbWETntu0: Turbidity, WET Labs ECO [NTU]
# name 8 = CStarAt0: Beam Attenuation, WET Labs C-Star [1/m]
# name 9 = CStarTr0: Beam Transmission, WET Labs C-Star [%]
# name 10 = sal00: Salinity, Practical [PSU]
# name 11 = spar: SPAR/Surface Irradiance
# name 12 = par: PAR/Irradiance, Biospherical/Licor
# name 13 = depSM: Depth [salt water, m], lat = 51.9712
# name 14 = sal00: Salinity, Practical [PSU]
# name 15 = sal11: Salinity, Practical, 2 [PSU]
# name 16 = sbeox0ML/L: Oxygen, SBE 43 [ml/l], WS = 2
# name 17 = svCM: Sound Velocity [Chen-Millero, m/s]
# name 18 = flag: flag
# span 0 =      3.027,   2543.429       
# span 1 =     2.9148,    10.9085       
# span 2 =     2.9143,    10.9081       
# span 3 =   3.253843,   3.823765       
# span 4 =   3.252867,   3.823475       
# span 5 =     2.1514,     3.3329       
# span 6 =     0.0096,     2.9677       
# span 7 =     0.8886,     1.1028       
# span 8 =     0.1251,     0.8216       
# span 9 =    81.4327,    96.9205       
# span 10 =    34.2825,    34.9363      
# span 11 = 4.1156e+02, 2.9920e+03      
# span 12 = 9.5393e-02, 9.5483e-02      
# span 13 =      3.000,   2506.000      
# span 14 =    34.2825,    34.9363      
# span 15 =    34.2800,    34.9335      
# span 16 =     5.5720,     6.5523      
# span 17 =    1471.63,    1504.25      
# span 18 = 0.0000e+00, 0.0000e+00      
# interval = meters: 1                  
# start_time = Jul 06 2016 17:03:14 [NMEA time, first data scan]
# bad_flag = -9.990e-29
*END*
[from data line 2058]
   2089.570     3.2242     3.2239   3.269812   3.269456     2.2546     0.0348     0.9197     0.1259    96.9024    34.9227 6.3513e+02 9.5400e-02   2061.000    34.9227    34.9188     6.0847    1497.90 0.0000e+00
   2090.589     3.2223     3.2220   3.269686   3.269336     2.2546     0.0353     0.9142     0.1255    96.9100    34.9227 6.3434e+02 9.5400e-02   2062.000    34.9227    34.9188     6.0859    1497.91 0.0000e+00
   2091.608     3.2206     3.2202   3.269564   3.269202     2.2544     0.0425     0.9201     0.1256    96.9085    34.9226 6.3367e+02 9.5400e-02   2063.000    34.9226    34.9187     6.0861    1497.92 0.0000e+00
   2092.627     3.2188     3.2184   3.269444   3.269090     2.2539     0.0283     0.9186     0.1256    96.9099    34.9225 6.2926e+02 9.5400e-02   2064.000    34.9225    34.9187     6.0854    1497.93 0.0000e+00
   2093.646     3.2171     3.2167   3.269329   3.268978     2.2539     0.0477     0.9137     0.1253    96.9159    34.9225 6.2459e+02 9.5400e-02   2065.000    34.9225    34.9187     6.0866    1497.94 0.0000e+00
   2094.665     3.2157     3.2154   3.269252   3.268885     2.2538     0.0436     0.9138     0.1260    96.8987    34.9226 6.2246e+02 9.5400e-02   2066.000    34.9226    34.9185     6.0874    1497.95 0.0000e+00
   2095.683     3.2154     3.2151   3.269253   3.268886     2.2541     0.0186     0.9166     0.1266    96.8838    34.9224 6.2252e+02 9.5400e-02   2067.000    34.9224    34.9184     6.0890    1497.97 0.0000e+00
   2096.702     3.2155     3.2151   3.269288   3.268917     2.2543     0.0424     0.9203     0.1262    96.8933    34.9222 6.3159e+02 9.5400e-02   2068.000    34.9222    34.9182     6.0908    1497.99 0.0000e+00
   2097.721     3.2154     3.2150   3.269324   3.268966     2.2544     0.0348     0.9138     0.1262    96.8953    34.9223 6.2747e+02 9.5400e-02   2069.000    34.9223    34.9185     6.0917    1498.00 0.0000e+00
   2098.740     3.2154     3.2150   3.269380   3.269006     2.2548     0.0462     0.9138     0.1264    96.8905    34.9224 6.2793e+02 9.5400e-02   2070.000    34.9224    34.9184     6.0943    1498.02 0.0000e+00
   2099.759     3.2152     3.2148   3.269396   3.269038     2.2549     0.0435     0.9121     0.1262    96.8940    34.9224 6.2617e+02 9.5400e-02   2071.000    34.9224    34.9185     6.0953    1498.04 0.0000e+00
   2100.778     3.2148     3.2145   3.269406   3.269035     2.2548     0.0348     0.9077     0.1264    96.8902    34.9224 6.2515e+02 9.5400e-02   2072.000    34.9224    34.9184     6.0960    1498.05 0.0000e+00
   2101.797     3.2149     3.2146   3.269445   3.269090     2.2548     0.0348     0.9132     0.1264    96.8902    34.9223 6.2435e+02 9.5400e-02   2073.000    34.9223    34.9184     6.0966    1498.07 0.0000e+00
   2102.816     3.2148     3.2143   3.269457   3.269076     2.2542     0.0413     0.9170     0.1263    96.8917    34.9221 6.2318e+02 9.5400e-02   2074.000    34.9221    34.9181     6.0953    1498.09 0.0000e+00
   2103.834     3.2134     3.2134   3.269385   3.269058     2.2538     0.0427     0.9178     0.1263    96.8908    34.9222 6.2129e+02 9.5400e-02   2075.000    34.9222    34.9183     6.0950    1498.10 0.0000e+00
   2104.854     3.2094     3.2090   3.269078   3.268711     2.2538     0.0357     0.9234     0.1271    96.8720    34.9223 6.2284e+02 9.5400e-02   2076.000    34.9223    34.9183     6.0964    1498.10 0.0000e+00
   2105.872     3.2088     3.2084   3.269067   3.268695     2.2538     0.0463     0.9253     0.1263    96.8908    34.9224 6.2066e+02 9.5400e-02   2077.000    34.9224    34.9183     6.0972    1498.11 0.0000e+00
   2106.891     3.2082     3.2076   3.269066   3.268673     2.2539     0.0346     0.9137     0.1264    96.8902    34.9224 6.2237e+02 9.5400e-02   2078.000    34.9224    34.9184     6.0986    1498.13 0.0000e+00
   2107.910     3.2078     3.2075   3.269071   3.268689     2.2539     0.0348     0.9138     0.1264    96.8886    34.9225 6.2235e+02 9.5400e-02   2079.000    34.9225    34.9183     6.0995    1498.14 0.0000e+00
   2108.929     3.2073     3.2070   3.269064   3.268688     2.2543     0.0314     0.9159     0.1264    96.8902    34.9224 6.2424e+02 9.5400e-02   2080.000    34.9224    34.9183     6.1017    1498.16 0.0000e+00
   2109.948     3.2073     3.2069   3.269109   3.268735     2.2544     0.0244     0.9199     0.1265    96.8864    34.9225 6.2639e+02 9.5400e-02   2081.000    34.9225    34.9184     6.1029    1498.17 0.0000e+00
   2110.967     3.2067     3.2064   3.269099   3.268728     2.2546     0.0387     0.9200     0.1264    96.8901    34.9225 6.2875e+02 9.5400e-02   2082.000    34.9225    34.9183     6.1045    1498.19 0.0000e+00
   2111.986     3.2065     3.2062   3.269108   3.268749     2.2543     0.0407     0.9200     0.1263    96.8920    34.9224 6.2771e+02 9.5400e-02   2083.000    34.9224    34.9183     6.1044    1498.21 0.0000e+00
   2113.005     3.2057     3.2054   3.269089   3.268724     2.2540     0.0320     0.9200     0.1262    96.8950    34.9225 6.2164e+02 9.5400e-02   2084.000    34.9225    34.9184     6.1041    1498.22 0.0000e+00
   2114.024     3.2062     3.2058   3.269160   3.268779     2.2525     0.0474     0.9162     0.1260    96.8983    34.9223 6.2590e+02 9.5400e-02   2085.000    34.9223    34.9181     6.0996    1498.24 0.0000e+00
   2115.043     3.2050     3.2046   3.269117   3.268746     2.2527     0.0472     0.9276     0.1262    96.8951    34.9226 6.3711e+02 9.5400e-02   2086.000    34.9226    34.9186     6.1012    1498.25 0.0000e+00
   2116.062     3.2036     3.2032   3.269038   3.268686     2.2527     0.0355     0.9203     0.1264    96.8901    34.9227 6.3906e+02 9.5400e-02   2087.000    34.9227    34.9188     6.1023    1498.26 0.0000e+00
   2117.081     3.2026     3.2023   3.269002   3.268640     2.2527     0.0348     0.9185     0.1264    96.8902    34.9228 6.3956e+02 9.5400e-02   2088.000    34.9228    34.9187     6.1033    1498.28 0.0000e+00
   2118.100     3.2022     3.2020   3.269015   3.268642     2.2527     0.0348     0.9139     0.1264    96.8902    34.9228 6.3916e+02 9.5400e-02   2089.000    34.9228    34.9186     6.1042    1498.29 0.0000e+00
   2119.119     3.2017     3.2014   3.269006   3.268639     2.2526     0.0348     0.9138     0.1263    96.8919    34.9228 6.3675e+02 9.5400e-02   2090.000    34.9228    34.9187     6.1046    1498.31 0.0000e+00
   2120.138     3.1997     3.1994   3.268851   3.268487     2.2518     0.0348     0.9158     0.1262    96.8950    34.9225 6.3317e+02 9.5400e-02   2091.000    34.9225    34.9185     6.1029    1498.31 0.0000e+00
   2121.157     3.2017     3.2011   3.269037   3.268633     2.2503     0.0409     0.9195     0.1263    96.8909    34.9222 6.3303e+02 9.5400e-02   2092.000    34.9222    34.9180     6.0980    1498.34 0.0000e+00
   2122.176     3.2019     3.2005   3.269130   3.268696     2.2497     0.0227     0.9275     0.1264    96.8902    34.9226 6.4129e+02 9.5400e-02   2093.000    34.9226    34.9189     6.0965    1498.36 0.0000e+00
   2123.195     3.1958     3.1952   3.268608   3.268276     2.2497     0.0502     0.9218     0.1264    96.8902    34.9223 6.4132e+02 9.5400e-02   2094.000    34.9223    34.9190     6.0984    1498.35 0.0000e+00
   2124.214     3.1932     3.1929   3.268409   3.268071     2.2493     0.0567     0.9200     0.1264    96.8887    34.9222 6.4111e+02 9.5400e-02   2095.000    34.9222    34.9185     6.0983    1498.35 0.0000e+00
   2125.233     3.1926     3.1922   3.268400   3.268020     2.2491     0.0474     0.9192     0.1262    96.8933    34.9222 6.4284e+02 9.5400e-02   2096.000    34.9222    34.9181     6.0984    1498.37 0.0000e+00
   2126.252     3.1947     3.1939   3.268599   3.268187     2.2490     0.0429     0.9163     0.1263    96.8909    34.9219 6.5000e+02 9.5400e-02   2097.000    34.9219    34.9178     6.0984    1498.40 0.0000e+00
   2127.271     3.1913     3.1900   3.268337   3.267903     2.2492     0.0414     0.9233     0.1264    96.8901    34.9219 6.5102e+02 9.5400e-02   2098.000    34.9219    34.9181     6.1007    1498.40 0.0000e+00
   2128.290     3.1905     3.1903   3.268321   3.267957     2.2492     0.0349     0.9254     0.1273    96.8679    34.9221 6.4808e+02 9.5400e-02   2099.000    34.9221    34.9179     6.1014    1498.41 0.0000e+00
   2129.309     3.1907     3.1905   3.268373   3.268014     2.2490     0.0348     0.9202     0.1264    96.8891    34.9220 6.4719e+02 9.5400e-02   2100.000    34.9220    34.9179     6.1015    1498.43 0.0000e+00
   2130.328     3.1909     3.1903   3.268421   3.268041     2.2490     0.0459     0.9200     0.1261    96.8960    34.9219 6.4657e+02 9.5400e-02   2101.000    34.9219    34.9180     6.1023    1498.45 0.0000e+00
   2131.347     3.1917     3.1913   3.268515   3.268135     2.2487     0.0330     0.9198     0.1262    96.8934    34.9217 6.5556e+02 9.5400e-02   2102.000    34.9217    34.9176     6.1021    1498.47 0.0000e+00
   2132.366     3.1914     3.1911   3.268557   3.268184     2.2492     0.0348     0.9137     0.1262    96.8937    34.9220 6.6238e+02 9.5400e-02   2103.000    34.9220    34.9179     6.1048    1498.48 0.0000e+00
   2133.385     3.1905     3.1901   3.268514   3.268140     2.2492     0.0279     0.9173     0.1263    96.8918    34.9219 6.6147e+02 9.5400e-02   2104.000    34.9219    34.9179     6.1054    1498.50 0.0000e+00
   2134.404     3.1891     3.1887   3.268419   3.268062     2.2492     0.0227     0.9199     0.1260    96.8989    34.9218 6.5893e+02 9.5400e-02   2105.000    34.9218    34.9180     6.1068    1498.51 0.0000e+00
   2135.423     3.1867     3.1864   3.268238   3.267897     2.2492     0.0347     0.9200     0.1262    96.8944    34.9217 6.5592e+02 9.5400e-02   2106.000    34.9217    34.9180     6.1078    1498.52 0.0000e+00
   2136.442     3.1850     3.1846   3.268125   3.267756     2.2485     0.0352     0.9316     0.1260    96.8982    34.9217 6.5332e+02 9.5400e-02   2107.000    34.9217    34.9177     6.1064    1498.53 0.0000e+00
   2137.461     3.1872     3.1854   3.268345   3.267862     2.2479     0.0504     0.9107     0.1274    96.8640    34.9215 6.6220e+02 9.5400e-02   2108.000    34.9215    34.9177     6.1046    1498.55 0.0000e+00
   2138.480     3.1835     3.1830   3.268076   3.267705     2.2481     0.0437     0.9138     0.1259    96.9012    34.9217 6.6568e+02 9.5400e-02   2109.000    34.9217    34.9178     6.1070    1498.55 0.0000e+00
   2139.500     3.1822     3.1818   3.268009   3.267634     2.2479     0.0346     0.9146     0.1262    96.8947    34.9218 6.6534e+02 9.5400e-02   2110.000    34.9218    34.9178     6.1072    1498.56 0.0000e+00
   2140.519     3.1807     3.1804   3.267917   3.267548     2.2481     0.0348     0.9199     0.1256    96.9084    34.9218 6.6303e+02 9.5400e-02   2111.000    34.9218    34.9177     6.1088    1498.58 0.0000e+00
   2141.538     3.1808     3.1806   3.267943   3.267577     2.2478     0.0312     0.9171     0.1259    96.9011    34.9215 6.5954e+02 9.5400e-02   2112.000    34.9215    34.9174     6.1086    1498.59 0.0000e+00
   2142.557     3.1819     3.1805   3.268082   3.267642     2.2470     0.0465     0.9133     0.1256    96.9080    34.9215 6.6346e+02 9.5400e-02   2113.000    34.9215    34.9177     6.1062    1498.61 0.0000e+00
   2143.576     3.1792     3.1790   3.267902   3.267536     2.2471     0.0376     0.9186     0.1259    96.9027    34.9218 6.6575e+02 9.5400e-02   2114.000    34.9217    34.9177     6.1080    1498.62 0.0000e+00
   2144.595     3.1791     3.1787   3.267918   3.267558     2.2475     0.0315     0.9199     0.1254    96.9133    34.9216 6.6644e+02 9.5400e-02   2115.000    34.9216    34.9177     6.1104    1498.64 0.0000e+00
   2145.614     3.1782     3.1779   3.267889   3.267527     2.2471     0.0231     0.9200     0.1255    96.9101    34.9217 6.6416e+02 9.5400e-02   2116.000    34.9217    34.9177     6.1099    1498.65 0.0000e+00
   2146.633     3.1773     3.1770   3.267836   3.267480     2.2469     0.0337     0.9129     0.1258    96.9051    34.9216 6.6299e+02 9.5400e-02   2117.000    34.9216    34.9176     6.1099    1498.66 0.0000e+00
   2147.652     3.1768     3.1763   3.267826   3.267447     2.2461     0.0278     0.9180     0.1257    96.9052    34.9215 6.6010e+02 9.5400e-02   2118.000    34.9215    34.9175     6.1078    1498.68 0.0000e+00
   2148.671     3.1753     3.1749   3.267743   3.267395     2.2462     0.0347     0.9162     0.1259    96.9017    34.9215 6.6157e+02 9.5400e-02   2119.000    34.9215    34.9178     6.1096    1498.69 0.0000e+00
   2149.690     3.1720     3.1717   3.267505   3.267157     2.2459     0.0348     0.9166     0.1259    96.9022    34.9217 6.6240e+02 9.5400e-02   2120.000    34.9217    34.9179     6.1097    1498.69 0.0000e+00
   2150.710     3.1710     3.1707   3.267456   3.267087     2.2457     0.0303     0.9229     0.1260    96.9002    34.9217 6.6286e+02 9.5400e-02   2121.000    34.9217    34.9177     6.1101    1498.71 0.0000e+00
   2151.729     3.1707     3.1703   3.267466   3.267100     2.2457     0.0255     0.9233     0.1259    96.9009    34.9217 6.6396e+02 9.5400e-02   2122.000    34.9217    34.9177     6.1109    1498.72 0.0000e+00
   2152.748     3.1707     3.1703   3.267504   3.267134     2.2456     0.0347     0.9146     0.1255    96.9114    34.9216 6.6441e+02 9.5400e-02   2123.000    34.9216    34.9176     6.1113    1498.74 0.0000e+00
   2153.767     3.1707     3.1704   3.267546   3.267180     2.2458     0.0348     0.9198     0.1260    96.8983    34.9217 6.6401e+02 9.5400e-02   2124.000    34.9217    34.9176     6.1126    1498.76 0.0000e+00
   2154.786     3.1705     3.1702   3.267573   3.267197     2.2449     0.0539     0.9154     0.1264    96.8898    34.9216 6.6169e+02 9.5400e-02   2125.000    34.9216    34.9175     6.1103    1498.77 0.0000e+00
   2155.805     3.1713     3.1707   3.267658   3.267267     2.2447     0.0440     0.9203     0.1263    96.8924    34.9214 6.5737e+02 9.5400e-02   2126.000    34.9214    34.9173     6.1102    1498.79 0.0000e+00
   2156.824     3.1714     3.1707   3.267717   3.267321     2.2448     0.0368     0.9198     0.1263    96.8914    34.9215 6.5773e+02 9.5400e-02   2127.000    34.9215    34.9175     6.1113    1498.81 0.0000e+00
   2157.844     3.1705     3.1701   3.267685   3.267327     2.2444     0.0348     0.9200     0.1262    96.8937    34.9215 6.5748e+02 9.5400e-02   2128.000    34.9215    34.9177     6.1110    1498.82 0.0000e+00
   2158.863     3.1695     3.1693   3.267636   3.267293     2.2445     0.0348     0.9200     0.1262    96.8937    34.9215 6.5635e+02 9.5400e-02   2129.000    34.9215    34.9177     6.1123    1498.84 0.0000e+00
   2159.882     3.1675     3.1671   3.267498   3.267151     2.2442     0.0453     0.9200     0.1260    96.9000    34.9216 6.5530e+02 9.5400e-02   2130.000    34.9215    34.9179     6.1124    1498.85 0.0000e+00
   2160.901     3.1667     3.1663   3.267471   3.267105     2.2437     0.0362     0.9146     0.1261    96.8972    34.9217 6.5251e+02 9.5400e-02   2131.000    34.9217    34.9177     6.1115    1498.86 0.0000e+00
   2161.920     3.1675     3.1669   3.267563   3.267167     2.2431     0.0343     0.9205     0.1261    96.8961    34.9214 6.5217e+02 9.5400e-02   2132.000    34.9214    34.9173     6.1101    1498.88 0.0000e+00
   2162.939     3.1674     3.1666   3.267606   3.267212     2.2428     0.0447     0.9199     0.1262    96.8939    34.9215 6.5233e+02 9.5400e-02   2133.000    34.9215    34.9176     6.1095    1498.90 0.0000e+00
   2163.959     3.1665     3.1662   3.267582   3.267207     2.2429     0.0346     0.9200     0.1260    96.8986    34.9217 6.4998e+02 9.5400e-02   2134.000    34.9217    34.9175     6.1109    1498.91 0.0000e+00
   2164.978     3.1666     3.1662   3.267618   3.267249     2.2431     0.0348     0.9271     0.1260    96.8996    34.9216 6.4671e+02 9.5400e-02   2135.000    34.9216    34.9176     6.1127    1498.93 0.0000e+00
