Ship_data/Irminger/Irminger-3/ctd/process/uar0701010.cnv
* Sea-Bird SBE 9 Data File:
* FileName = D:\Data\ar0701010.hdr
* Software Version Seasave V 7.23.2
* Temperature SN = 4406
* Conductivity SN = 3042
* Number of Bytes Per Scan = 44
* Number of Voltage Words = 5
* Number of Scans Averaged by the Deck Unit = 1
* NMEA Latitude = 59 55.71 N
* NMEA Longitude = 039 37.28 W
* NMEA UTC (Time) = Jul 16 2016  20:07:47
** Site Irminger Surface Mooring (old 2015)
** G. Tupper Tupper
** Station # 010
** before old mooring recovery
# nquan = 19
# nvalues = 1501                        
# units = specified
# name 0 = prDM: Pressure, Digiquartz [db]
# name 1 = t090C: Temperature [ITS-90, deg C]
# name 2 = t190C: Temperature, 2 [ITS-90, deg C]
# name 3 = c0S/m: Conductivity [S/m]
# name 4 = c1S/m: Conductivity, 2 [S/m]
# name 5 = sbeox0V: Oxygen raw, SBE 43 [V]
# name 6 = flECO-AFL: Fluorescence, WET Labs ECO-AFL/FL [mg/m^3]
# name 7 = turbWETntu0: Turbidity, WET Labs ECO [NTU]
# name 8 = CStarAt0: Beam Attenuation, WET Labs C-Star [1/m]
# name 9 = CStarTr0: Beam Transmission, WET Labs C-Star [%]
# name 10 = sal00: Salinity, Practical [PSU]
# name 11 = spar: SPAR/Surface Irradiance
# name 12 = par: PAR/Irradiance, Biospherical/Licor
# name 13 = depSM: Depth [salt water, m], lat = 59.9285
# name 14 = sal00: Salinity, Practical [PSU]
# name 15 = sal11: Salinity, Practical, 2 [PSU]
# name 16 = sbeox0ML/L: Oxygen, SBE 43 [ml/l], WS = 2
# name 17 = svCM: Sound Velocity [Chen-Millero, m/s]
# name 18 = flag: flag
# span 0 =      2.019,   1521.823       
# span 1 =     3.4645,     8.4115       
# span 2 =     3.4643,     8.4116       
# span 3 =   3.239509,   3.645225       
# span 4 =   3.239150,   3.644901       
# span 5 =     2.4197,     3.3277       
# span 6 =     0.0094,     1.8981       
# span 7 =     0.8846,     1.1029       
# span 8 =     0.1263,     0.4655       
# span 9 =    89.0142,    96.8909       
# span 10 =    34.8126,    34.9700      
# span 11 = 4.7076e+01, 1.1793e+02      
# span 12 = 9.5400e-02, 9.5400e-02      
# span 13 =      2.000,   1502.000      
# span 14 =    34.8126,    34.9700      
# span 15 =    34.7952,    34.9667      
# span 16 =     6.1320,     6.6947      
# span 17 =    1469.47,    1490.22      
# span 18 = 0.0000e+00, 0.0000e+00      
# interval = meters: 1                  
# start_time = Jul 16 2016 20:10:01 [NMEA time, first data scan]
# bad_flag = -9.990e-29
*END*
[from data line 305]
   1211.907     3.4822     3.4823   3.252698   3.252369     2.6445     0.0373     0.9444     0.1280    96.8502    34.8776 9.2434e+01 9.5400e-02   1197.000    34.8776    34.8735     6.6469    1484.26 0.0000e+00
   1210.892     3.4825     3.4823   3.252696   3.252341     2.6454     0.0369     0.9448     0.1283    96.8428    34.8777 9.1923e+01 9.5400e-02   1196.000    34.8777    34.8737     6.6486    1484.25 0.0000e+00
   1209.876     3.4828     3.4826   3.252665   3.252308     2.6463     0.0362     0.9550     0.1274    96.8656    34.8776 9.1911e+01 9.5400e-02   1195.000    34.8776    34.8735     6.6506    1484.23 0.0000e+00
   1208.861     3.4828     3.4829   3.252635   3.252292     2.6464     0.0253     0.9440     0.1275    96.8634    34.8777 9.1485e+01 9.5400e-02   1194.000    34.8777    34.8736     6.6500    1484.21 0.0000e+00
   1207.846     3.4834     3.4833   3.252634   3.252278     2.6464     0.0350     0.9444     0.1289    96.8288    34.8776 9.2012e+01 9.5400e-02   1193.000    34.8776    34.8735     6.6490    1484.20 0.0000e+00
   1206.830     3.4837     3.4837   3.252614   3.252292     2.6464     0.0348     0.9497     0.1287    96.8348    34.8776 9.2059e+01 9.5400e-02   1192.000    34.8776    34.8737     6.6481    1484.18 0.0000e+00
   1205.815     3.4839     3.4838   3.252593   3.252257     2.6468     0.0348     0.9529     0.1286    96.8367    34.8777 9.1999e+01 9.5400e-02   1191.000    34.8777    34.8737     6.6485    1484.17 0.0000e+00
   1204.800     3.4837     3.4838   3.252552   3.252215     2.6472     0.0459     0.9409     0.1275    96.8626    34.8779 9.1976e+01 9.5400e-02   1190.000    34.8779    34.8737     6.6490    1484.15 0.0000e+00
   1203.784     3.4838     3.4837   3.252517   3.252173     2.6477     0.0395     0.9422     0.1276    96.8591    34.8779 9.1702e+01 9.5400e-02   1189.000    34.8779    34.8739     6.6496    1484.13 0.0000e+00
   1202.769     3.4838     3.4837   3.252479   3.252135     2.6483     0.0275     0.9466     0.1278    96.8546    34.8779 9.1018e+01 9.5400e-02   1188.000    34.8779    34.8739     6.6509    1484.12 0.0000e+00
   1201.754     3.4840     3.4839   3.252431   3.252098     2.6494     0.0241     0.9457     0.1280    96.8518    34.8777 9.0694e+01 9.5400e-02   1187.000    34.8777    34.8738     6.6535    1484.10 0.0000e+00
   1200.738     3.4840     3.4839   3.252398   3.252050     2.6500     0.0331     0.9549     0.1279    96.8539    34.8778 9.0568e+01 9.5400e-02   1186.000    34.8778    34.8738     6.6545    1484.08 0.0000e+00
   1199.723     3.4845     3.4842   3.252396   3.252033     2.6503     0.0264     0.9552     0.1275    96.8638    34.8777 9.1281e+01 9.5400e-02   1185.000    34.8777    34.8737     6.6544    1484.07 0.0000e+00
   1198.708     3.4856     3.4852   3.252455   3.252083     2.6502     0.0359     0.9450     0.1276    96.8609    34.8778 9.1435e+01 9.5400e-02   1184.000    34.8778    34.8738     6.6529    1484.06 0.0000e+00
   1197.692     3.4855     3.4853   3.252412   3.252071     2.6502     0.0384     0.9408     0.1280    96.8505    34.8779 9.0875e+01 9.5400e-02   1183.000    34.8779    34.8740     6.6521    1484.04 0.0000e+00
   1196.677     3.4857     3.4859   3.252376   3.252065     2.6509     0.0276     0.9424     0.1275    96.8636    34.8778 9.1545e+01 9.5400e-02   1182.000    34.8778    34.8738     6.6536    1484.02 0.0000e+00
   1195.662     3.4862     3.4859   3.252387   3.252024     2.6509     0.0350     0.9385     0.1273    96.8670    34.8779 9.1449e+01 9.5400e-02   1181.000    34.8779    34.8739     6.6526    1484.01 0.0000e+00
   1194.646     3.4863     3.4861   3.252354   3.252007     2.6514     0.0348     0.9396     0.1287    96.8347    34.8779 9.0082e+01 9.5400e-02   1180.000    34.8779    34.8739     6.6531    1483.99 0.0000e+00
   1193.631     3.4863     3.4862   3.252316   3.251983     2.6515     0.0348     0.9444     0.1277    96.8570    34.8780 8.9513e+01 9.5400e-02   1179.000    34.8780    34.8741     6.6528    1483.98 0.0000e+00
   1192.616     3.4862     3.4861   3.252270   3.251928     2.6519     0.0348     0.9444     0.1277    96.8568    34.8780 8.9395e+01 9.5400e-02   1178.000    34.8780    34.8741     6.6530    1483.96 0.0000e+00
   1191.601     3.4861     3.4858   3.252220   3.251866     2.6529     0.0292     0.9419     0.1277    96.8588    34.8781 9.0508e+01 9.5400e-02   1177.000    34.8781    34.8741     6.6556    1483.94 0.0000e+00
   1190.585     3.4863     3.4860   3.252177   3.251838     2.6536     0.0350     0.9458     0.1276    96.8593    34.8778 9.1041e+01 9.5400e-02   1176.000    34.8778    34.8741     6.6568    1483.93 0.0000e+00
   1189.570     3.4863     3.4862   3.252140   3.251805     2.6539     0.0348     0.9571     0.1279    96.8534    34.8779 9.1021e+01 9.5400e-02   1175.000    34.8779    34.8740     6.6569    1483.91 0.0000e+00
   1188.555     3.4866     3.4864   3.252141   3.251778     2.6542     0.0356     0.9495     0.1275    96.8633    34.8781 8.9613e+01 9.5400e-02   1174.000    34.8781    34.8741     6.6569    1483.89 0.0000e+00
   1187.540     3.4866     3.4864   3.252092   3.251737     2.6546     0.0348     0.9462     0.1275    96.8634    34.8781 9.0042e+01 9.5400e-02   1173.000    34.8781    34.8741     6.6572    1483.88 0.0000e+00
   1186.524     3.4865     3.4863   3.252053   3.251699     2.6549     0.0348     0.9561     0.1277    96.8576    34.8782 8.9708e+01 9.5400e-02   1172.000    34.8782    34.8742     6.6573    1483.86 0.0000e+00
   1185.509     3.4865     3.4863   3.252001   3.251653     2.6550     0.0373     0.9398     0.1280    96.8516    34.8781 8.9644e+01 9.5400e-02   1171.000    34.8781    34.8742     6.6568    1483.84 0.0000e+00
   1184.494     3.4865     3.4863   3.251961   3.251612     2.6553     0.0407     0.9444     0.1279    96.8539    34.8781 8.9555e+01 9.5400e-02   1170.000    34.8781    34.8742     6.6569    1483.83 0.0000e+00
   1183.479     3.4867     3.4864   3.251938   3.251570     2.6553     0.0276     0.9418     0.1274    96.8657    34.8782 8.9714e+01 9.5400e-02   1169.000    34.8782    34.8742     6.6559    1483.81 0.0000e+00
   1182.463     3.4868     3.4865   3.251902   3.251537     2.6561     0.0205     0.9475     0.1271    96.8716    34.8782 8.9929e+01 9.5400e-02   1168.000    34.8782    34.8741     6.6576    1483.79 0.0000e+00
   1181.448     3.4869     3.4868   3.251871   3.251515     2.6563     0.0272     0.9469     0.1277    96.8589    34.8782 9.0028e+01 9.5400e-02   1167.000    34.8782    34.8741     6.6575    1483.78 0.0000e+00
   1180.433     3.4870     3.4868   3.251830   3.251483     2.6563     0.0347     0.9444     0.1279    96.8533    34.8782 8.9982e+01 9.5400e-02   1166.000    34.8782    34.8742     6.6564    1483.76 0.0000e+00
   1179.418     3.4871     3.4869   3.251801   3.251446     2.6562     0.0310     0.9424     0.1274    96.8652    34.8782 8.9947e+01 9.5400e-02   1165.000    34.8782    34.8741     6.6552    1483.74 0.0000e+00
   1178.402     3.4875     3.4873   3.251795   3.251443     2.6563     0.0226     0.9382     0.1281    96.8492    34.8783 8.9707e+01 9.5400e-02   1164.000    34.8783    34.8742     6.6548    1483.73 0.0000e+00
   1177.387     3.4877     3.4876   3.251768   3.251430     2.6563     0.0329     0.9383     0.1276    96.8613    34.8782 8.8222e+01 9.5400e-02   1163.000    34.8782    34.8743     6.6539    1483.71 0.0000e+00
   1176.372     3.4877     3.4877   3.251735   3.251399     2.6566     0.0348     0.9383     0.1275    96.8634    34.8784 8.8948e+01 9.5400e-02   1162.000    34.8784    34.8743     6.6539    1483.70 0.0000e+00
   1175.357     3.4876     3.4875   3.251704   3.251353     2.6578     0.0281     0.9460     0.1276    96.8613    34.8785 8.8670e+01 9.5400e-02   1161.000    34.8785    34.8745     6.6569    1483.68 0.0000e+00
   1174.342     3.4879     3.4878   3.251650   3.251304     2.6589     0.0269     0.9552     0.1278    96.8565    34.8781 8.9671e+01 9.5400e-02   1160.000    34.8781    34.8742     6.6593    1483.66 0.0000e+00
   1173.326     3.4881     3.4880   3.251637   3.251293     2.6588     0.0098     0.9535     0.1280    96.8499    34.8783 8.9712e+01 9.5400e-02   1159.000    34.8783    34.8742     6.6583    1483.65 0.0000e+00
   1172.311     3.4885     3.4885   3.251628   3.251289     2.6590     0.0327     0.9455     0.1280    96.8501    34.8782 8.9569e+01 9.5400e-02   1158.000    34.8782    34.8742     6.6579    1483.63 0.0000e+00
   1171.296     3.4887     3.4885   3.251606   3.251260     2.6589     0.0348     0.9452     0.1276    96.8614    34.8783 8.9707e+01 9.5400e-02   1157.000    34.8783    34.8744     6.6567    1483.62 0.0000e+00
   1170.281     3.4888     3.4886   3.251572   3.251225     2.6598     0.0348     0.9537     0.1276    96.8594    34.8783 8.9418e+01 9.5400e-02   1156.000    34.8783    34.8743     6.6585    1483.60 0.0000e+00
   1169.266     3.4887     3.4885   3.251529   3.251177     2.6601     0.0348     0.9494     0.1277    96.8572    34.8784 8.9707e+01 9.5400e-02   1155.000    34.8784    34.8745     6.6588    1483.58 0.0000e+00
   1168.250     3.4885     3.4883   3.251484   3.251133     2.6610     0.0348     0.9514     0.1280    96.8510    34.8786 8.9339e+01 9.5400e-02   1154.000    34.8786    34.8746     6.6607    1483.56 0.0000e+00
   1167.235     3.4887     3.4884   3.251433   3.251077     2.6622     0.0260     0.9553     0.1276    96.8614    34.8783 8.7401e+01 9.5400e-02   1153.000    34.8783    34.8744     6.6636    1483.55 0.0000e+00
   1166.220     3.4888     3.4887   3.251399   3.251062     2.6620     0.0154     0.9475     0.1275    96.8635    34.8783 8.8412e+01 9.5400e-02   1152.000    34.8783    34.8744     6.6620    1483.53 0.0000e+00
   1165.205     3.4897     3.4896   3.251443   3.251084     2.6620     0.0133     0.9447     0.1278    96.8556    34.8784 8.8925e+01 9.5400e-02   1151.000    34.8784    34.8743     6.6612    1483.52 0.0000e+00
   1164.190     3.4899     3.4900   3.251423   3.251104     2.6621     0.0229     0.9444     0.1281    96.8472    34.8784 8.9534e+01 9.5400e-02   1150.000    34.8784    34.8745     6.6606    1483.50 0.0000e+00
   1163.175     3.4899     3.4901   3.251391   3.251074     2.6623     0.0226     0.9385     0.1275    96.8635    34.8786 8.9788e+01 9.5400e-02   1149.000    34.8786    34.8746     6.6602    1483.49 0.0000e+00
   1162.160     3.4902     3.4900   3.251369   3.251024     2.6623     0.0163     0.9443     0.1281    96.8489    34.8786 8.9709e+01 9.5400e-02   1148.000    34.8786    34.8747     6.6593    1483.47 0.0000e+00
   1161.144     3.4905     3.4900   3.251345   3.250982     2.6626     0.0439     0.9424     0.1276    96.8610    34.8785 8.9169e+01 9.5400e-02   1147.000    34.8785    34.8746     6.6592    1483.45 0.0000e+00
   1160.129     3.4906     3.4900   3.251308   3.250941     2.6627     0.0298     0.9381     0.1272    96.8693    34.8785 8.8168e+01 9.5400e-02   1146.000    34.8785    34.8747     6.6587    1483.44 0.0000e+00
   1159.114     3.4905     3.4903   3.251276   3.250919     2.6632     0.0281     0.9398     0.1276    96.8607    34.8786 8.7891e+01 9.5400e-02   1145.000    34.8786    34.8746     6.6595    1483.42 0.0000e+00
   1158.099     3.4906     3.4904   3.251235   3.250890     2.6633     0.0470     0.9444     0.1275    96.8620    34.8786 8.7399e+01 9.5400e-02   1144.000    34.8786    34.8747     6.6589    1483.40 0.0000e+00
   1157.084     3.4906     3.4904   3.251204   3.250849     2.6636     0.0358     0.9388     0.1275    96.8621    34.8787 8.7695e+01 9.5400e-02   1143.000    34.8787    34.8747     6.6588    1483.39 0.0000e+00
   1156.069     3.4905     3.4903   3.251150   3.250797     2.6646     0.0254     0.9430     0.1277    96.8586    34.8787 8.7800e+01 9.5400e-02   1142.000    34.8787    34.8747     6.6613    1483.37 0.0000e+00
   1155.054     3.4906     3.4904   3.251116   3.250762     2.6650     0.0415     0.9444     0.1278    96.8555    34.8787 8.7872e+01 9.5400e-02   1141.000    34.8787    34.8747     6.6616    1483.35 0.0000e+00
   1154.039     3.4907     3.4903   3.251072   3.250717     2.6651     0.0367     0.9524     0.1279    96.8538    34.8786 8.7642e+01 9.5400e-02   1140.000    34.8786    34.8748     6.6611    1483.34 0.0000e+00
   1153.023     3.4907     3.4904   3.251040   3.250679     2.6658     0.0322     0.9522     0.1277    96.8573    34.8788 8.7676e+01 9.5400e-02   1139.000    34.8788    34.8748     6.6625    1483.32 0.0000e+00
   1152.008     3.4906     3.4903   3.250983   3.250634     2.6664     0.0279     0.9503     0.1278    96.8552    34.8787 8.7604e+01 9.5400e-02   1138.000    34.8787    34.8749     6.6637    1483.30 0.0000e+00
   1150.993     3.4911     3.4906   3.250979   3.250592     2.6672     0.0287     0.9476     0.1276    96.8601    34.8786 8.6436e+01 9.5400e-02   1137.000    34.8786    34.8746     6.6652    1483.29 0.0000e+00
   1149.978     3.4912     3.4909   3.250946   3.250592     2.6673     0.0294     0.9442     0.1274    96.8652    34.8787 8.6417e+01 9.5400e-02   1136.000    34.8787    34.8747     6.6644    1483.27 0.0000e+00
   1148.963     3.4912     3.4911   3.250905   3.250567     2.6675     0.0370     0.9444     0.1276    96.8603    34.8787 8.5890e+01 9.5400e-02   1135.000    34.8787    34.8747     6.6642    1483.26 0.0000e+00
   1147.948     3.4912     3.4912   3.250880   3.250538     2.6675     0.0469     0.9444     0.1280    96.8511    34.8789 8.5891e+01 9.5400e-02   1134.000    34.8789    34.8748     6.6635    1483.24 0.0000e+00
   1146.933     3.4913     3.4911   3.250838   3.250492     2.6675     0.0314     0.9522     0.1278    96.8549    34.8788 8.4916e+01 9.5400e-02   1133.000    34.8788    34.8748     6.6626    1483.22 0.0000e+00
   1145.918     3.4914     3.4910   3.250804   3.250441     2.6673     0.0273     0.9503     0.1275    96.8631    34.8788 8.5750e+01 9.5400e-02   1132.000    34.8788    34.8749     6.6612    1483.21 0.0000e+00
   1144.903     3.4913     3.4909   3.250755   3.250403     2.6676     0.0346     0.9410     0.1282    96.8450    34.8788 8.5096e+01 9.5400e-02   1131.000    34.8788    34.8750     6.6611    1483.19 0.0000e+00
   1143.888     3.4916     3.4912   3.250748   3.250385     2.6684     0.0259     0.9517     0.1277    96.8568    34.8790 8.5669e+01 9.5400e-02   1130.000    34.8790    34.8751     6.6627    1483.17 0.0000e+00
   1142.873     3.4920     3.4916   3.250728   3.250345     2.6693     0.0338     0.9462     0.1280    96.8513    34.8788 8.4574e+01 9.5400e-02   1129.000    34.8788    34.8747     6.6646    1483.16 0.0000e+00
   1141.858     3.4923     3.4917   3.250713   3.250319     2.6695     0.0471     0.9444     0.1298    96.8070    34.8789 8.5256e+01 9.5400e-02   1128.000    34.8789    34.8748     6.6642    1483.14 0.0000e+00
   1140.843     3.4926     3.4924   3.250684   3.250339     2.6697     0.0387     0.9444     0.1278    96.8557    34.8787 8.4994e+01 9.5400e-02   1127.000    34.8787    34.8748     6.6640    1483.13 0.0000e+00
   1139.828     3.4928     3.4927   3.250685   3.250336     2.6698     0.0348     0.9444     0.1283    96.8424    34.8790 8.4111e+01 9.5400e-02   1126.000    34.8790    34.8750     6.6636    1483.11 0.0000e+00
   1138.813     3.4930     3.4929   3.250654   3.250317     2.6700     0.0348     0.9383     0.1276    96.8613    34.8790 8.3983e+01 9.5400e-02   1125.000    34.8790    34.8750     6.6632    1483.10 0.0000e+00
   1137.798     3.4929     3.4929   3.250605   3.250274     2.6699     0.0322     0.9396     0.1279    96.8540    34.8789 8.3848e+01 9.5400e-02   1124.000    34.8789    34.8750     6.6621    1483.08 0.0000e+00
   1136.783     3.4931     3.4928   3.250585   3.250235     2.6701     0.0227     0.9443     0.1275    96.8633    34.8791 8.3510e+01 9.5400e-02   1123.000    34.8791    34.8752     6.6617    1483.06 0.0000e+00
