Ship_data/Irminger/Irminger-3/ctd/process/uar0701004.cnv
* Sea-Bird SBE 9 Data File:
* FileName = D:\Data\ar0701004.hdr
* Software Version Seasave V 7.23.2
* Temperature SN = 4406
* Conductivity SN = 3042
* Number of Bytes Per Scan = 44
* Number of Voltage Words = 5
* Number of Scans Averaged by the Deck Unit = 1
* NMEA Latitude = 51 58.27 N
* NMEA Longitude = 045 45.89 W
* NMEA UTC (Time) = Jul 06 2016  17:02:22
**  Release test
** Chief Scientist: George Tupper
** Station ID 004
# nquan = 19
# nvalues = 2504                        
# units = specified
# name 0 = prDM: Pressure, Digiquartz [db]
# name 1 = t090C: Temperature [ITS-90, deg C]
# name 2 = t190C: Temperature, 2 [ITS-90, deg C]
# name 3 = c0S/m: Conductivity [S/m]
# name 4 = c1S/m: Conductivity, 2 [S/m]
# name 5 = sbeox0V: Oxygen raw, SBE 43 [V]
# name 6 = flECO-AFL: Fluorescence, WET Labs ECO-AFL/FL [mg/m^3]
# name 7 = turbWETntu0: Turbidity, WET Labs ECO [NTU]
# name 8 = CStarAt0: Beam Attenuation, WET Labs C-Star [1/m]
# name 9 = CStarTr0: Beam Transmission, WET Labs C-Star [%]
# name 10 = sal00: Salinity, Practical [PSU]
# name 11 = spar: SPAR/Surface Irradiance
# name 12 = par: PAR/Irradiance, Biospherical/Licor
# name 13 = depSM: Depth [salt water, m], lat = 51.9712
# name 14 = sal00: Salinity, Practical [PSU]
# name 15 = sal11: Salinity, Practical, 2 [PSU]
# name 16 = sbeox0ML/L: Oxygen, SBE 43 [ml/l], WS = 2
# name 17 = svCM: Sound Velocity [Chen-Millero, m/s]
# name 18 = flag: flag
# span 0 =      2.018,   2542.408       
# span 1 =     2.9147,    10.9471       
# span 2 =     2.9130,    10.9410       
# span 3 =   3.249806,   3.828701       
# span 4 =   3.249432,   3.827899       
# span 5 =     2.1542,     3.3406       
# span 6 =     0.0106,     2.6857       
# span 7 =     0.9094,     1.1106       
# span 8 =     0.1251,     0.7906       
# span 9 =    82.0650,    96.9219       
# span 10 =    34.2698,    34.9287      
# span 11 = 2.9247e+02, 6.3674e+02      
# span 12 = 9.5400e-02, 9.5400e-02      
# span 13 =      2.000,   2505.000      
# span 14 =    34.2698,    34.9287      
# span 15 =    34.2675,    34.9254      
# span 16 =     5.5907,     6.4358      
# span 17 =    1471.42,    1504.24      
# span 18 = 0.0000e+00, 0.0000e+00      
# interval = meters: 1                  
# start_time = Jul 06 2016 17:03:14 [NMEA time, first data scan]
# bad_flag = -9.990e-29
*END*
[from data line 610]
   1920.508     3.3710     3.3708   3.276084   3.275719     2.2994     0.0348     0.9322     0.1264    96.8902    34.9233 3.5387e+02 9.5400e-02   1895.000    34.9233    34.9191     6.0863    1495.69 0.0000e+00
   1919.490     3.3719     3.3717   3.276100   3.275748     2.2996     0.0348     0.9326     0.1264    96.8902    34.9230 3.5146e+02 9.5400e-02   1894.000    34.9230    34.9191     6.0860    1495.67 0.0000e+00
   1918.472     3.3725     3.3726   3.276130   3.275789     2.2994     0.0348     0.9322     0.1264    96.8902    34.9232 3.5295e+02 9.5400e-02   1893.000    34.9232    34.9191     6.0844    1495.66 0.0000e+00
   1917.454     3.3742     3.3730   3.276227   3.275802     2.3002     0.0400     0.9348     0.1264    96.8902    34.9231 3.5379e+02 9.5400e-02   1892.000    34.9231    34.9193     6.0861    1495.65 0.0000e+00
   1916.436     3.3764     3.3745   3.276395   3.275898     2.3007     0.0468     0.9386     0.1264    96.8902    34.9232 3.5366e+02 9.5400e-02   1891.000    34.9232    34.9194     6.0867    1495.64 0.0000e+00
   1915.418     3.3781     3.3768   3.276499   3.276009     2.3010     0.0470     0.9347     0.1264    96.8902    34.9232 3.5480e+02 9.5400e-02   1890.000    34.9232    34.9188     6.0867    1495.63 0.0000e+00
   1914.400     3.3784     3.3770   3.276473   3.276022     2.3011     0.0470     0.9323     0.1264    96.8902    34.9230 3.5501e+02 9.5400e-02   1889.000    34.9230    34.9191     6.0860    1495.61 0.0000e+00
   1913.382     3.3784     3.3792   3.276459   3.276183     2.3018     0.0247     0.9379     0.1264    96.8902    34.9234 3.5523e+02 9.5400e-02   1888.000    34.9234    34.9192     6.0877    1495.60 0.0000e+00
   1912.364     3.3793     3.3784   3.276501   3.276112     2.3026     0.0379     0.9354     0.1264    96.8902    34.9234 3.5616e+02 9.5400e-02   1887.000    34.9234    34.9197     6.0897    1495.58 0.0000e+00
   1911.346     3.3796     3.3790   3.276471   3.276060     2.3034     0.0363     0.9383     0.1264    96.8902    34.9233 3.5693e+02 9.5400e-02   1886.000    34.9233    34.9190     6.0917    1495.57 0.0000e+00
   1910.328     3.3803     3.3803   3.276503   3.276167     2.3034     0.0348     0.9383     0.1264    96.8902    34.9233 3.5766e+02 9.5400e-02   1885.000    34.9233    34.9193     6.0908    1495.55 0.0000e+00
   1909.310     3.3808     3.3807   3.276502   3.276171     2.3036     0.0348     0.9383     0.1264    96.8902    34.9233 3.5722e+02 9.5400e-02   1884.000    34.9233    34.9195     6.0906    1495.54 0.0000e+00
   1908.292     3.3812     3.3809   3.276482   3.276146     2.3041     0.0297     0.9337     0.1264    96.8902    34.9232 3.5406e+02 9.5400e-02   1883.000    34.9232    34.9194     6.0913    1495.52 0.0000e+00
   1907.274     3.3814     3.3807   3.276449   3.276064     2.3043     0.0222     0.9261     0.1266    96.8845    34.9231 3.5265e+02 9.5400e-02   1882.000    34.9231    34.9192     6.0911    1495.51 0.0000e+00
   1906.256     3.3817     3.3814   3.276428   3.276067     2.3042     0.0353     0.9324     0.1264    96.8904    34.9229 3.5098e+02 9.5400e-02   1881.000    34.9229    34.9190     6.0901    1495.49 0.0000e+00
   1905.238     3.3823     3.3819   3.276418   3.276051     2.3043     0.0348     0.9322     0.1264    96.8902    34.9227 3.4975e+02 9.5400e-02   1880.000    34.9227    34.9187     6.0896    1495.48 0.0000e+00
   1904.220     3.3826     3.3821   3.276395   3.276024     2.3050     0.0348     0.9322     0.1271    96.8714    34.9226 3.4928e+02 9.5400e-02   1879.000    34.9226    34.9187     6.0911    1495.46 0.0000e+00
   1903.202     3.3833     3.3830   3.276426   3.276048     2.3050     0.0348     0.9327     0.1265    96.8879    34.9227 3.4982e+02 9.5400e-02   1878.000    34.9227    34.9185     6.0902    1495.45 0.0000e+00
   1902.184     3.3839     3.3831   3.276417   3.276040     2.3056     0.0348     0.9322     0.1264    96.8901    34.9225 3.5164e+02 9.5400e-02   1877.000    34.9225    34.9188     6.0915    1495.43 0.0000e+00
   1901.166     3.3832     3.3826   3.276348   3.275979     2.3085     0.0339     0.9340     0.1267    96.8825    34.9229 3.5614e+02 9.5400e-02   1876.000    34.9229    34.9191     6.1011    1495.41 0.0000e+00
   1900.148     3.3831     3.3820   3.276274   3.275855     2.3118     0.0285     0.9384     0.1266    96.8855    34.9225 3.5131e+02 9.5400e-02   1875.000    34.9225    34.9188     6.1118    1495.40 0.0000e+00
   1899.130     3.3837     3.3827   3.276295   3.275856     2.3121     0.0373     0.9383     0.1267    96.8812    34.9227 3.5171e+02 9.5400e-02   1874.000    34.9227    34.9186     6.1118    1495.38 0.0000e+00
   1898.112     3.3842     3.3840   3.276285   3.275934     2.3126     0.0471     0.9383     0.1268    96.8806    34.9226 3.5270e+02 9.5400e-02   1873.000    34.9226    34.9186     6.1129    1495.37 0.0000e+00
   1897.094     3.3849     3.3846   3.276317   3.275960     2.3125     0.0470     0.9367     0.1265    96.8879    34.9227 3.5326e+02 9.5400e-02   1872.000    34.9227    34.9187     6.1117    1495.35 0.0000e+00
   1896.076     3.3857     3.3855   3.276342   3.275981     2.3128     0.0470     0.9322     0.1267    96.8814    34.9227 3.5374e+02 9.5400e-02   1871.000    34.9227    34.9185     6.1119    1495.34 0.0000e+00
   1895.058     3.3872     3.3869   3.276443   3.276070     2.3132     0.0449     0.9327     0.1272    96.8691    34.9227 3.5445e+02 9.5400e-02   1870.000    34.9227    34.9186     6.1119    1495.33 0.0000e+00
   1894.040     3.3884     3.3887   3.276486   3.276183     2.3138     0.0351     0.9322     0.1268    96.8792    34.9225 3.5463e+02 9.5400e-02   1869.000    34.9225    34.9185     6.1131    1495.31 0.0000e+00
   1893.022     3.3902     3.3897   3.276622   3.276241     2.3137     0.0348     0.9322     0.1275    96.8630    34.9227 3.5503e+02 9.5400e-02   1868.000    34.9227    34.9186     6.1118    1495.31 0.0000e+00
   1892.004     3.3907     3.3900   3.276617   3.276255     2.3141     0.0348     0.9378     0.1268    96.8787    34.9226 3.5461e+02 9.5400e-02   1867.000    34.9226    34.9190     6.1122    1495.29 0.0000e+00
   1890.986     3.3916     3.3923   3.276704   3.276379     2.3144     0.0394     0.9383     0.1270    96.8754    34.9231 3.5470e+02 9.5400e-02   1866.000    34.9231    34.9185     6.1122    1495.28 0.0000e+00
   1889.969     3.3914     3.3903   3.276630   3.276226     2.3163     0.0407     0.9336     0.1265    96.8881    34.9230 3.5587e+02 9.5400e-02   1865.000    34.9230    34.9193     6.1183    1495.26 0.0000e+00
   1888.951     3.3916     3.3917   3.276595   3.276240     2.3162     0.0420     0.9357     0.1265    96.8880    34.9228 3.5615e+02 9.5400e-02   1864.000    34.9228    34.9185     6.1171    1495.24 0.0000e+00
   1887.933     3.3927     3.3928   3.276660   3.276337     2.3164     0.0470     0.9383     0.1265    96.8864    34.9230 3.5665e+02 9.5400e-02   1863.000    34.9230    34.9190     6.1166    1495.23 0.0000e+00
   1886.915     3.3942     3.3943   3.276755   3.276400     2.3165     0.0560     0.9383     0.1265    96.8880    34.9230 3.5677e+02 9.5400e-02   1862.000    34.9230    34.9186     6.1161    1495.22 0.0000e+00
   1885.897     3.3948     3.3938   3.276761   3.276358     2.3165     0.0562     0.9383     0.1266    96.8837    34.9229 3.5692e+02 9.5400e-02   1861.000    34.9229    34.9192     6.1150    1495.21 0.0000e+00
   1884.879     3.3971     3.3961   3.276974   3.276512     2.3165     0.0241     0.9383     0.1264    96.8886    34.9235 3.5675e+02 9.5400e-02   1860.000    34.9235    34.9191     6.1138    1495.20 0.0000e+00
   1883.861     3.4028     3.4023   3.277456   3.277080     2.3172     0.0411     0.9383     0.1264    96.8885    34.9237 3.5602e+02 9.5400e-02   1859.000    34.9237    34.9198     6.1144    1495.21 0.0000e+00
   1882.843     3.4037     3.4026   3.277463   3.277043     2.3171     0.0475     0.9320     0.1263    96.8930    34.9233 3.5377e+02 9.5400e-02   1858.000    34.9233    34.9194     6.1131    1495.19 0.0000e+00
   1881.825     3.4028     3.4027   3.277358   3.277037     2.3166     0.0375     0.9282     0.1264    96.8901    34.9235 3.5357e+02 9.5400e-02   1857.000    34.9235    34.9198     6.1107    1495.17 0.0000e+00
   1880.807     3.4071     3.4069   3.277675   3.277288     2.3165     0.0347     0.9293     0.1264    96.8902    34.9233 3.5375e+02 9.5400e-02   1856.000    34.9233    34.9189     6.1089    1495.17 0.0000e+00
   1879.790     3.4082     3.4081   3.277722   3.277399     2.3163     0.0348     0.9384     0.1264    96.8902    34.9232 3.5543e+02 9.5400e-02   1855.000    34.9232    34.9194     6.1071    1495.16 0.0000e+00
   1878.772     3.4080     3.4080   3.277690   3.277369     2.3155     0.0430     0.9383     0.1263    96.8917    34.9235 3.5587e+02 9.5400e-02   1854.000    34.9235    34.9197     6.1035    1495.14 0.0000e+00
   1877.754     3.4087     3.4082   3.277732   3.277363     2.3149     0.0428     0.9337     0.1263    96.8908    34.9237 3.5983e+02 9.5400e-02   1853.000    34.9237    34.9198     6.1007    1495.13 0.0000e+00
   1876.736     3.4091     3.4084   3.277706   3.277325     2.3135     0.0477     0.9402     0.1263    96.8923    34.9234 3.5733e+02 9.5400e-02   1852.000    34.9234    34.9196     6.0948    1495.11 0.0000e+00
   1875.718     3.4093     3.4092   3.277682   3.277337     2.3136     0.0470     0.9489     0.1264    96.8902    34.9235 3.5552e+02 9.5400e-02   1851.000    34.9235    34.9194     6.0942    1495.10 0.0000e+00
   1874.700     3.4100     3.4096   3.277694   3.277337     2.3134     0.0470     0.9325     0.1264    96.8902    34.9234 3.5543e+02 9.5400e-02   1850.000    34.9234    34.9195     6.0925    1495.08 0.0000e+00
   1873.683     3.4115     3.4112   3.277782   3.277412     2.3132     0.0470     0.9354     0.1275    96.8638    34.9233 3.5640e+02 9.5400e-02   1849.000    34.9233    34.9193     6.0908    1495.07 0.0000e+00
   1872.665     3.4115     3.4117   3.277746   3.277449     2.3131     0.0470     0.9381     0.1285    96.8394    34.9233 3.5841e+02 9.5400e-02   1848.000    34.9233    34.9196     6.0898    1495.06 0.0000e+00
   1871.647     3.4122     3.4124   3.277789   3.277465     2.3132     0.0465     0.9385     0.1348    96.6858    34.9236 3.6031e+02 9.5400e-02   1847.000    34.9236    34.9196     6.0891    1495.04 0.0000e+00
   1870.629     3.4145     3.4135   3.277944   3.277529     2.3134     0.0265     0.9401     0.1634    95.9986    34.9235 3.6148e+02 9.5400e-02   1846.000    34.9235    34.9197     6.0886    1495.03 0.0000e+00
   1869.611     3.4152     3.4142   3.277927   3.277517     2.3136     0.0349     0.9392     0.1745    95.7330    34.9231 3.5929e+02 9.5400e-02   1845.000    34.9231    34.9193     6.0885    1495.02 0.0000e+00
   1868.594     3.4156     3.4144   3.277936   3.277483     2.3136     0.0348     0.9426     0.1377    96.6150    34.9233 3.5517e+02 9.5400e-02   1844.000    34.9233    34.9192     6.0877    1495.00 0.0000e+00
   1867.576     3.4175     3.4175   3.278085   3.277718     2.3137     0.0348     0.9385     0.1327    96.7380    34.9235 3.5662e+02 9.5400e-02   1843.000    34.9235    34.9192     6.0867    1495.00 0.0000e+00
   1866.558     3.4170     3.4182   3.278007   3.277779     2.3140     0.0348     0.9383     0.1302    96.7969    34.9236 3.5779e+02 9.5400e-02   1842.000    34.9236    34.9196     6.0870    1494.98 0.0000e+00
   1865.540     3.4182     3.4185   3.278087   3.277778     2.3146     0.0500     0.9427     0.1289    96.8284    34.9238 3.6152e+02 9.5400e-02   1841.000    34.9238    34.9198     6.0880    1494.96 0.0000e+00
   1864.522     3.4194     3.4191   3.278142   3.277785     2.3148     0.0283     0.9401     0.1290    96.8256    34.9237 3.6562e+02 9.5400e-02   1840.000    34.9237    34.9197     6.0878    1494.95 0.0000e+00
   1863.505     3.4193     3.4191   3.278088   3.277748     2.3148     0.0224     0.9382     0.1274    96.8642    34.9236 3.6446e+02 9.5400e-02   1839.000    34.9236    34.9198     6.0870    1494.93 0.0000e+00
   1862.487     3.4196     3.4195   3.278076   3.277718     2.3151     0.0323     0.9334     0.1269    96.8771    34.9237 3.6218e+02 9.5400e-02   1838.000    34.9237    34.9195     6.0871    1494.92 0.0000e+00
   1861.469     3.4201     3.4205   3.278084   3.277785     2.3153     0.0421     0.9358     0.1266    96.8853    34.9237 3.6021e+02 9.5400e-02   1837.000    34.9237    34.9197     6.0871    1494.90 0.0000e+00
   1860.451     3.4220     3.4219   3.278205   3.277881     2.3155     0.0393     0.9344     0.1264    96.8890    34.9236 3.5896e+02 9.5400e-02   1836.000    34.9236    34.9198     6.0867    1494.89 0.0000e+00
   1859.433     3.4229     3.4222   3.278260   3.277860     2.3156     0.0348     0.9321     0.1265    96.8871    34.9238 3.6025e+02 9.5400e-02   1835.000    34.9238    34.9199     6.0860    1494.88 0.0000e+00
   1858.416     3.4230     3.4231   3.278223   3.277861     2.3155     0.0441     0.9368     0.1264    96.8901    34.9238 3.5996e+02 9.5400e-02   1834.000    34.9238    34.9194     6.0847    1494.87 0.0000e+00
   1857.398     3.4254     3.4254   3.278402   3.278062     2.3163     0.0453     0.9383     0.1264    96.8902    34.9238 3.6251e+02 9.5400e-02   1833.000    34.9238    34.9198     6.0864    1494.86 0.0000e+00
   1856.380     3.4263     3.4259   3.278427   3.278073     2.3159     0.0347     0.9383     0.1264    96.8902    34.9237 3.6339e+02 9.5400e-02   1832.000    34.9237    34.9199     6.0841    1494.84 0.0000e+00
   1855.362     3.4264     3.4263   3.278407   3.278073     2.3164     0.0348     0.9367     0.1264    96.8902    34.9238 3.6395e+02 9.5400e-02   1831.000    34.9238    34.9199     6.0850    1494.83 0.0000e+00
   1854.345     3.4263     3.4261   3.278362   3.278036     2.3165     0.0348     0.9320     0.1264    96.8902    34.9239 3.6523e+02 9.5400e-02   1830.000    34.9239    34.9203     6.0845    1494.81 0.0000e+00
   1853.327     3.4262     3.4259   3.278312   3.277964     2.3164     0.0518     0.9363     0.1264    96.8902    34.9239 3.6642e+02 9.5400e-02   1829.000    34.9239    34.9200     6.0834    1494.79 0.0000e+00
   1852.309     3.4265     3.4260   3.278328   3.277961     2.3173     0.0487     0.9390     0.1266    96.8844    34.9242 3.6576e+02 9.5400e-02   1828.000    34.9242    34.9205     6.0856    1494.78 0.0000e+00
   1851.292     3.4267     3.4265   3.278272   3.277930     2.3179     0.0469     0.9383     0.1266    96.8853    34.9239 3.6255e+02 9.5400e-02   1827.000    34.9239    34.9201     6.0871    1494.76 0.0000e+00
   1850.274     3.4267     3.4265   3.278236   3.277887     2.3177     0.0460     0.9378     0.1275    96.8638    34.9239 3.6359e+02 9.5400e-02   1826.000    34.9239    34.9200     6.0854    1494.74 0.0000e+00
   1849.256     3.4266     3.4264   3.278204   3.277854     2.3180     0.0353     0.9324     0.1277    96.8584    34.9241 3.6452e+02 9.5400e-02   1825.000    34.9241    34.9202     6.0858    1494.73 0.0000e+00
   1848.238     3.4267     3.4264   3.278162   3.277804     2.3185     0.0348     0.9322     0.1273    96.8681    34.9241 3.6473e+02 9.5400e-02   1824.000    34.9241    34.9201     6.0865    1494.71 0.0000e+00
   1847.221     3.4267     3.4264   3.278111   3.277759     2.3186     0.0447     0.9322     0.1267    96.8827    34.9239 3.6370e+02 9.5400e-02   1823.000    34.9239    34.9201     6.0861    1494.69 0.0000e+00
   1846.203     3.4267     3.4265   3.278071   3.277716     2.3185     0.0470     0.9322     0.1266    96.8857    34.9240 3.6630e+02 9.5400e-02   1822.000    34.9240    34.9200     6.0850    1494.68 0.0000e+00
   1845.185     3.4268     3.4267   3.278036   3.277699     2.3189     0.0470     0.9283     0.1264    96.8901    34.9239 3.6833e+02 9.5400e-02   1821.000    34.9239    34.9200     6.0856    1494.66 0.0000e+00
