Ship_data/Irminger/Irminger-3/ctd/process/uar0701005.cnv
* Sea-Bird SBE 9 Data File:
* FileName = D:\Data\ar0701005.hdr
* Software Version Seasave V 7.23.2
* Temperature SN = 4406
* Conductivity SN = 3042
* Number of Bytes Per Scan = 44
* Number of Voltage Words = 5
* Number of Scans Averaged by the Deck Unit = 1
* NMEA Latitude = 59 51.82 N
* NMEA Longitude = 039 07.47 W
* NMEA UTC (Time) = Jul 09 2016  12:14:52
**  Gliders
** Chief Scientist: Tupper
** Station ID 005
# nquan = 19
# nvalues = 1002                        
# units = specified
# name 0 = prDM: Pressure, Digiquartz [db]
# name 1 = t090C: Temperature [ITS-90, deg C]
# name 2 = t190C: Temperature, 2 [ITS-90, deg C]
# name 3 = c0S/m: Conductivity [S/m]
# name 4 = c1S/m: Conductivity, 2 [S/m]
# name 5 = sbeox0V: Oxygen raw, SBE 43 [V]
# name 6 = flECO-AFL: Fluorescence, WET Labs ECO-AFL/FL [mg/m^3]
# name 7 = turbWETntu0: Turbidity, WET Labs ECO [NTU]
# name 8 = CStarAt0: Beam Attenuation, WET Labs C-Star [1/m]
# name 9 = CStarTr0: Beam Transmission, WET Labs C-Star [%]
# name 10 = sal00: Salinity, Practical [PSU]
# name 11 = spar: SPAR/Surface Irradiance
# name 12 = par: PAR/Irradiance, Biospherical/Licor
# name 13 = depSM: Depth [salt water, m], lat = 59.8637
# name 14 = sal00: Salinity, Practical [PSU]
# name 15 = sal11: Salinity, Practical, 2 [PSU]
# name 16 = sbeox0ML/L: Oxygen, SBE 43 [ml/l], WS = 2
# name 17 = svCM: Sound Velocity [Chen-Millero, m/s]
# name 18 = flag: flag
# span 0 =      2.019,   1015.010       
# span 1 =     3.4310,     7.4054       
# span 2 =     3.4307,     7.4057       
# span 3 =   3.227380,   3.550018       
# span 4 =   3.227075,   3.549784       
# span 5 =     2.7090,     3.3413       
# span 6 =     0.0091,     2.7669       
# span 7 =     0.9126,     1.2156       
# span 8 =     0.1214,     0.4425       
# span 9 =    89.5287,    97.0105       
# span 10 =    34.8122,    34.9136      
# span 11 = 3.1176e+02, 4.2348e+02      
# span 12 = 9.5696e-02, 3.1535e+02      
# span 13 =      2.000,   1003.000      
# span 14 =    34.8122,    34.9136      
# span 15 =    34.8035,    34.9112      
# span 16 =     6.6827,     6.8743      
# span 17 =    1467.64,    1480.78      
# span 18 = 0.0000e+00, 0.0000e+00      
# interval = meters: 1                  
# start_time = Jul 09 2016 12:15:52 [NMEA time, first data scan]
# bad_flag = -9.990e-29
*END*
[from data line 991]
     12.114     7.3887     7.3868   3.548794   3.548360     3.3370     2.2108     1.0965     0.4285    89.8414    34.8237 3.2903e+02 5.3828e+01     12.000    34.8237    34.8209     6.8703    1480.13 0.0000e+00
     11.105     7.3888     7.3841   3.548795   3.548107     3.3370     2.2858     1.0934     0.4343    89.7121    34.8241 3.2838e+02 6.1565e+01     11.000    34.8241    34.8213     6.8693    1480.12 0.0000e+00
     10.095     7.3951     7.3931   3.549249   3.548778     3.3376     1.9660     1.0689     0.4397    89.5895    34.8231 3.2866e+02 6.9776e+01     10.000    34.8231    34.8200     6.8689    1480.12 0.0000e+00
      9.086     7.3971     7.3988   3.549489   3.549391     3.3378     2.2231     1.1049     0.4261    89.8955    34.8242 3.2963e+02 8.2105e+01      9.000    34.8242    34.8215     6.8681    1480.12 0.0000e+00
      8.076     7.3996     7.3991   3.549683   3.549388     3.3387     2.2590     1.0992     0.4286    89.8394    34.8244 3.2909e+02 9.7605e+01      8.000    34.8244    34.8217     6.8692    1480.11 0.0000e+00
      7.067     7.4007     7.4005   3.549739   3.549446     3.3400     2.0024     1.0738     0.4340    89.7176    34.8244 3.3000e+02 1.1178e+02      7.000    34.8244    34.8214     6.8712    1480.10 0.0000e+00
      6.057     7.4028     7.4008   3.549906   3.549479     3.3403     2.0414     1.1009     0.4308    89.7898    34.8247 3.2887e+02 1.2663e+02      6.000    34.8247    34.8219     6.8709    1480.09 0.0000e+00
      5.048     7.4029     7.4024   3.549878   3.549569     3.3386     1.9168     1.0932     0.4306    89.7949    34.8247 3.2833e+02 1.5504e+02      5.000    34.8247    34.8218     6.8657    1480.07 0.0000e+00
      4.038     7.4021     7.4036   3.549772   3.549642     3.3400     1.9152     1.1102     0.4181    90.0759    34.8249 3.2972e+02 1.8309e+02      4.000    34.8249    34.8220     6.8683    1480.05 0.0000e+00
      3.029     7.4035     7.4033   3.549853   3.549580     3.3398     1.6717     1.0911     0.4292    89.8255    34.8249 3.2883e+02 2.2241e+02      3.000    34.8249    34.8221     6.8667    1480.04 0.0000e+00
      2.019     7.4054     7.4057   3.550018   3.549784     3.3413     1.3760     1.1013     0.4351    89.6930    34.8252 3.2707e+02 3.1535e+02      2.000    34.8252    34.8224     6.8692    1480.03 0.0000e+00
