Ship_data/Irminger/Irminger-3/ctd/process/uar0701010.cnv
* Sea-Bird SBE 9 Data File:
* FileName = D:\Data\ar0701010.hdr
* Software Version Seasave V 7.23.2
* Temperature SN = 4406
* Conductivity SN = 3042
* Number of Bytes Per Scan = 44
* Number of Voltage Words = 5
* Number of Scans Averaged by the Deck Unit = 1
* NMEA Latitude = 59 55.71 N
* NMEA Longitude = 039 37.28 W
* NMEA UTC (Time) = Jul 16 2016  20:07:47
** Site Irminger Surface Mooring (old 2015)
** G. Tupper Tupper
** Station # 010
** before old mooring recovery
# nquan = 19
# nvalues = 1501                        
# units = specified
# name 0 = prDM: Pressure, Digiquartz [db]
# name 1 = t090C: Temperature [ITS-90, deg C]
# name 2 = t190C: Temperature, 2 [ITS-90, deg C]
# name 3 = c0S/m: Conductivity [S/m]
# name 4 = c1S/m: Conductivity, 2 [S/m]
# name 5 = sbeox0V: Oxygen raw, SBE 43 [V]
# name 6 = flECO-AFL: Fluorescence, WET Labs ECO-AFL/FL [mg/m^3]
# name 7 = turbWETntu0: Turbidity, WET Labs ECO [NTU]
# name 8 = CStarAt0: Beam Attenuation, WET Labs C-Star [1/m]
# name 9 = CStarTr0: Beam Transmission, WET Labs C-Star [%]
# name 10 = sal00: Salinity, Practical [PSU]
# name 11 = spar: SPAR/Surface Irradiance
# name 12 = par: PAR/Irradiance, Biospherical/Licor
# name 13 = depSM: Depth [salt water, m], lat = 59.9285
# name 14 = sal00: Salinity, Practical [PSU]
# name 15 = sal11: Salinity, Practical, 2 [PSU]
# name 16 = sbeox0ML/L: Oxygen, SBE 43 [ml/l], WS = 2
# name 17 = svCM: Sound Velocity [Chen-Millero, m/s]
# name 18 = flag: flag
# span 0 =      2.019,   1521.823       
# span 1 =     3.4645,     8.4115       
# span 2 =     3.4643,     8.4116       
# span 3 =   3.239509,   3.645225       
# span 4 =   3.239150,   3.644901       
# span 5 =     2.4197,     3.3277       
# span 6 =     0.0094,     1.8981       
# span 7 =     0.8846,     1.1029       
# span 8 =     0.1263,     0.4655       
# span 9 =    89.0142,    96.8909       
# span 10 =    34.8126,    34.9700      
# span 11 = 4.7076e+01, 1.1793e+02      
# span 12 = 9.5400e-02, 9.5400e-02      
# span 13 =      2.000,   1502.000      
# span 14 =    34.8126,    34.9700      
# span 15 =    34.7952,    34.9667      
# span 16 =     6.1320,     6.6947      
# span 17 =    1469.47,    1490.22      
# span 18 = 0.0000e+00, 0.0000e+00      
# interval = meters: 1                  
# start_time = Jul 16 2016 20:10:01 [NMEA time, first data scan]
# bad_flag = -9.990e-29
*END*
[from data line 229]
   1289.090     3.4722     3.4721   3.254988   3.254643     2.6144     0.0232     0.9391     0.1278    96.8564    34.8765 9.9469e+01 9.5400e-02   1273.000    34.8765    34.8724     6.6177    1485.50 0.0000e+00
   1288.074     3.4720     3.4718   3.254936   3.254578     2.6156     0.0313     0.9430     0.1278    96.8552    34.8765 9.8686e+01 9.5400e-02   1272.000    34.8765    34.8725     6.6207    1485.48 0.0000e+00
   1287.058     3.4723     3.4721   3.254885   3.254536     2.6161     0.0355     0.9434     0.1277    96.8580    34.8762 9.8530e+01 9.5400e-02   1271.000    34.8762    34.8721     6.6214    1485.47 0.0000e+00
   1286.043     3.4724     3.4722   3.254865   3.254515     2.6164     0.0254     0.9394     0.1275    96.8634    34.8763 9.9244e+01 9.5400e-02   1270.000    34.8763    34.8723     6.6217    1485.45 0.0000e+00
   1285.027     3.4726     3.4726   3.254853   3.254489     2.6166     0.0400     0.9428     0.1275    96.8634    34.8764 9.9353e+01 9.5400e-02   1269.000    34.8764    34.8721     6.6212    1485.44 0.0000e+00
   1284.011     3.4728     3.4727   3.254843   3.254467     2.6173     0.0471     0.9392     0.1275    96.8619    34.8766 9.9250e+01 9.5400e-02   1268.000    34.8766    34.8722     6.6228    1485.42 0.0000e+00
   1282.995     3.4731     3.4730   3.254816   3.254452     2.6177     0.0470     0.9325     0.1274    96.8650    34.8765 9.9028e+01 9.5400e-02   1267.000    34.8765    34.8723     6.6230    1485.40 0.0000e+00
   1281.980     3.4731     3.4731   3.254783   3.254422     2.6175     0.0345     0.9447     0.1275    96.8634    34.8766 9.8523e+01 9.5400e-02   1266.000    34.8766    34.8723     6.6216    1485.39 0.0000e+00
   1280.964     3.4732     3.4730   3.254727   3.254362     2.6177     0.0279     0.9444     0.1274    96.8648    34.8764 9.7412e+01 9.5400e-02   1265.000    34.8764    34.8722     6.6212    1485.37 0.0000e+00
   1279.948     3.4733     3.4730   3.254681   3.254324     2.6181     0.0228     0.9416     0.1276    96.8598    34.8762 9.7434e+01 9.5400e-02   1264.000    34.8762    34.8723     6.6218    1485.35 0.0000e+00
   1278.933     3.4731     3.4731   3.254632   3.254303     2.6188     0.0226     0.9410     0.1273    96.8676    34.8764 9.7344e+01 9.5400e-02   1263.000    34.8764    34.8724     6.6232    1485.34 0.0000e+00
   1277.917     3.4732     3.4732   3.254606   3.254254     2.6196     0.0226     0.9537     0.1274    96.8663    34.8765 9.7004e+01 9.5400e-02   1262.000    34.8765    34.8722     6.6248    1485.32 0.0000e+00
   1276.901     3.4732     3.4731   3.254562   3.254214     2.6213     0.0396     0.9549     0.1277    96.8581    34.8765 9.8033e+01 9.5400e-02   1261.000    34.8765    34.8724     6.6295    1485.30 0.0000e+00
   1275.886     3.4734     3.4734   3.254539   3.254189     2.6224     0.0348     0.9383     0.1273    96.8676    34.8764 9.7624e+01 9.5400e-02   1260.000    34.8764    34.8723     6.6322    1485.29 0.0000e+00
   1274.870     3.4737     3.4738   3.254528   3.254179     2.6226     0.0435     0.9383     0.1275    96.8636    34.8765 9.7475e+01 9.5400e-02   1259.000    34.8765    34.8722     6.6320    1485.27 0.0000e+00
   1273.854     3.4740     3.4740   3.254502   3.254147     2.6228     0.0470     0.9383     0.1275    96.8634    34.8764 9.7490e+01 9.5400e-02   1258.000    34.8764    34.8722     6.6317    1485.26 0.0000e+00
   1272.839     3.4741     3.4739   3.254452   3.254105     2.6234     0.0232     0.9383     0.1277    96.8581    34.8762 9.7213e+01 9.5400e-02   1257.000    34.8762    34.8723     6.6327    1485.24 0.0000e+00
   1271.823     3.4741     3.4738   3.254424   3.254056     2.6241     0.0286     0.9383     0.1277    96.8568    34.8764 9.7224e+01 9.5400e-02   1256.000    34.8764    34.8723     6.6341    1485.22 0.0000e+00
   1270.807     3.4741     3.4739   3.254394   3.254026     2.6247     0.0356     0.9396     0.1275    96.8636    34.8766 9.6831e+01 9.5400e-02   1255.000    34.8766    34.8723     6.6351    1485.21 0.0000e+00
   1269.792     3.4739     3.4740   3.254337   3.254004     2.6253     0.0349     0.9459     0.1276    96.8609    34.8766 9.6948e+01 9.5400e-02   1254.000    34.8766    34.8726     6.6362    1485.19 0.0000e+00
   1268.776     3.4741     3.4738   3.254284   3.253934     2.6263     0.0438     0.9416     0.1280    96.8513    34.8763 9.7018e+01 9.5400e-02   1253.000    34.8763    34.8724     6.6387    1485.17 0.0000e+00
   1267.760     3.4744     3.4747   3.254277   3.253956     2.6264     0.0348     0.9444     0.1278    96.8550    34.8764 9.7344e+01 9.5400e-02   1252.000    34.8764    34.8722     6.6379    1485.16 0.0000e+00
   1266.745     3.4750     3.4749   3.254295   3.253932     2.6261     0.0452     0.9444     0.1278    96.8563    34.8765 9.7594e+01 9.5400e-02   1251.000    34.8765    34.8723     6.6361    1485.14 0.0000e+00
   1265.729     3.4750     3.4750   3.254225   3.253894     2.6264     0.0470     0.9444     0.1275    96.8633    34.8762 9.7347e+01 9.5400e-02   1250.000    34.8762    34.8723     6.6361    1485.12 0.0000e+00
   1264.713     3.4750     3.4750   3.254214   3.253873     2.6264     0.0470     0.9444     0.1283    96.8425    34.8765 9.7343e+01 9.5400e-02   1249.000    34.8765    34.8724     6.6352    1485.11 0.0000e+00
   1263.698     3.4752     3.4751   3.254194   3.253842     2.6272     0.0336     0.9734     0.1279    96.8523    34.8766 9.7343e+01 9.5400e-02   1248.000    34.8766    34.8725     6.6368    1485.09 0.0000e+00
   1262.682     3.4750     3.4751   3.254113   3.253804     2.6276     0.0251     0.9852     0.1279    96.8524    34.8764 9.7018e+01 9.5400e-02   1247.000    34.8764    34.8726     6.6374    1485.07 0.0000e+00
   1261.667     3.4750     3.4749   3.254103   3.253741     2.6278     0.0347     0.9449     0.1277    96.8578    34.8768 9.6545e+01 9.5400e-02   1246.000    34.8768    34.8725     6.6372    1485.06 0.0000e+00
   1260.651     3.4751     3.4749   3.254056   3.253711     2.6285     0.0348     0.9396     0.1276    96.8591    34.8766 9.6058e+01 9.5400e-02   1245.000    34.8766    34.8727     6.6384    1485.04 0.0000e+00
   1259.635     3.4750     3.4748   3.254014   3.253663     2.6287     0.0235     0.9450     0.1280    96.8513    34.8768 9.6225e+01 9.5400e-02   1244.000    34.8768    34.8728     6.6383    1485.02 0.0000e+00
   1258.620     3.4753     3.4752   3.253958   3.253618     2.6291     0.0355     0.9383     0.1284    96.8409    34.8763 9.7529e+01 9.5400e-02   1243.000    34.8763    34.8723     6.6388    1485.01 0.0000e+00
   1257.604     3.4752     3.4750   3.253927   3.253578     2.6292     0.0238     0.9383     0.1274    96.8640    34.8765 9.7340e+01 9.5400e-02   1242.000    34.8765    34.8726     6.6381    1484.99 0.0000e+00
   1256.589     3.4749     3.4748   3.253872   3.253505     2.6294     0.0254     0.9396     0.1275    96.8634    34.8767 9.7343e+01 9.5400e-02   1241.000    34.8767    34.8724     6.6378    1484.97 0.0000e+00
   1255.573     3.4749     3.4750   3.253820   3.253494     2.6296     0.0349     0.9444     0.1276    96.8614    34.8766 9.7045e+01 9.5400e-02   1240.000    34.8766    34.8726     6.6376    1484.96 0.0000e+00
   1254.557     3.4753     3.4751   3.253818   3.253463     2.6298     0.0348     0.9444     0.1280    96.8499    34.8767 9.6514e+01 9.5400e-02   1239.000    34.8767    34.8726     6.6374    1484.94 0.0000e+00
   1253.542     3.4753     3.4750   3.253774   3.253407     2.6301     0.0348     0.9444     0.1275    96.8640    34.8767 9.5657e+01 9.5400e-02   1238.000    34.8767    34.8726     6.6374    1484.92 0.0000e+00
   1252.526     3.4752     3.4750   3.253727   3.253376     2.6301     0.0348     0.9444     0.1275    96.8634    34.8767 9.5526e+01 9.5400e-02   1237.000    34.8767    34.8727     6.6368    1484.91 0.0000e+00
   1251.511     3.4752     3.4751   3.253697   3.253351     2.6311     0.0336     0.9391     0.1278    96.8558    34.8769 9.5470e+01 9.5400e-02   1236.000    34.8769    34.8729     6.6390    1484.89 0.0000e+00
   1250.495     3.4754     3.4752   3.253654   3.253295     2.6320     0.0223     0.9412     0.1288    96.8317    34.8767 9.5825e+01 9.5400e-02   1235.000    34.8767    34.8726     6.6408    1484.87 0.0000e+00
   1249.479     3.4754     3.4753   3.253616   3.253250     2.6326     0.0322     0.9444     0.1272    96.8697    34.8767 9.5324e+01 9.5400e-02   1234.000    34.8767    34.8725     6.6422    1484.86 0.0000e+00
   1248.464     3.4757     3.4755   3.253580   3.253242     2.6327     0.0468     0.9440     0.1277    96.8575    34.8765 9.5748e+01 9.5400e-02   1233.000    34.8765    34.8726     6.6415    1484.84 0.0000e+00
   1247.448     3.4764     3.4765   3.253626   3.253280     2.6330     0.0348     0.9383     0.1276    96.8596    34.8768 9.6070e+01 9.5400e-02   1232.000    34.8768    34.8726     6.6414    1484.83 0.0000e+00
   1246.433     3.4761     3.4769   3.253564   3.253292     2.6333     0.0353     0.9441     0.1274    96.8653    34.8769 9.5723e+01 9.5400e-02   1231.000    34.8769    34.8728     6.6416    1484.81 0.0000e+00
   1245.417     3.4772     3.4771   3.253603   3.253264     2.6337     0.0476     0.9444     0.1275    96.8620    34.8767 9.5324e+01 9.5400e-02   1230.000    34.8767    34.8728     6.6417    1484.80 0.0000e+00
   1244.402     3.4775     3.4775   3.253601   3.253250     2.6339     0.0360     0.9389     0.1275    96.8635    34.8769 9.5010e+01 9.5400e-02   1229.000    34.8769    34.8727     6.6415    1484.78 0.0000e+00
   1243.386     3.4783     3.4782   3.253636   3.253288     2.6341     0.0348     0.9383     0.1275    96.8634    34.8770 9.4688e+01 9.5400e-02   1228.000    34.8770    34.8729     6.6411    1484.77 0.0000e+00
   1242.371     3.4786     3.4786   3.253616   3.253280     2.6345     0.0286     0.9401     0.1275    96.8634    34.8769 9.4633e+01 9.5400e-02   1227.000    34.8769    34.8729     6.6413    1484.75 0.0000e+00
   1241.355     3.4787     3.4787   3.253578   3.253244     2.6343     0.0125     0.9442     0.1286    96.8356    34.8769 9.4488e+01 9.5400e-02   1226.000    34.8769    34.8729     6.6401    1484.74 0.0000e+00
   1240.340     3.4785     3.4788   3.253523   3.253210     2.6344     0.0343     0.9410     0.1278    96.8559    34.8769 9.4807e+01 9.5400e-02   1225.000    34.8769    34.8729     6.6395    1484.72 0.0000e+00
   1239.324     3.4787     3.4787   3.253521   3.253185     2.6352     0.0351     0.9463     0.1275    96.8628    34.8772 9.4957e+01 9.5400e-02   1224.000    34.8772    34.8732     6.6412    1484.70 0.0000e+00
   1238.309     3.4789     3.4788   3.253483   3.253144     2.6364     0.0441     0.9380     0.1275    96.8635    34.8771 9.4696e+01 9.5400e-02   1223.000    34.8771    34.8731     6.6440    1484.69 0.0000e+00
   1237.293     3.4789     3.4788   3.253441   3.253098     2.6366     0.0342     0.9404     0.1284    96.8414    34.8771 9.5255e+01 9.5400e-02   1222.000    34.8771    34.8731     6.6439    1484.67 0.0000e+00
   1236.278     3.4789     3.4787   3.253405   3.253049     2.6371     0.0323     0.9449     0.1312    96.7740    34.8772 9.4450e+01 9.5400e-02   1221.000    34.8772    34.8731     6.6445    1484.65 0.0000e+00
   1235.262     3.4791     3.4791   3.253369   3.253044     2.6376     0.0224     0.9444     0.1291    96.8234    34.8770 9.3737e+01 9.5400e-02   1220.000    34.8770    34.8732     6.6454    1484.64 0.0000e+00
   1234.247     3.4793     3.4791   3.253339   3.253001     2.6376     0.0323     0.9444     0.1278    96.8560    34.8770 9.3764e+01 9.5400e-02   1219.000    34.8770    34.8731     6.6444    1484.62 0.0000e+00
   1233.231     3.4792     3.4791   3.253315   3.252961     2.6379     0.0348     0.9512     0.1275    96.8633    34.8773 9.3529e+01 9.5400e-02   1218.000    34.8773    34.8732     6.6444    1484.60 0.0000e+00
   1232.216     3.4792     3.4791   3.253272   3.252921     2.6380     0.0348     0.9770     0.1281    96.8493    34.8773 9.3638e+01 9.5400e-02   1217.000    34.8773    34.8733     6.6439    1484.59 0.0000e+00
   1231.200     3.4791     3.4791   3.253211   3.252868     2.6382     0.0444     0.9522     0.1279    96.8524    34.8772 9.3864e+01 9.5400e-02   1216.000    34.8772    34.8732     6.6438    1484.57 0.0000e+00
   1230.185     3.4790     3.4789   3.253170   3.252821     2.6389     0.0324     0.9464     0.1283    96.8442    34.8773 9.4031e+01 9.5400e-02   1215.000    34.8773    34.8733     6.6451    1484.55 0.0000e+00
   1229.169     3.4791     3.4790   3.253130   3.252765     2.6392     0.0351     0.9468     0.1277    96.8578    34.8772 9.3679e+01 9.5400e-02   1214.000    34.8772    34.8730     6.6452    1484.54 0.0000e+00
   1228.154     3.4793     3.4793   3.253080   3.252751     2.6393     0.0348     0.9384     0.1278    96.8558    34.8770 9.3430e+01 9.5400e-02   1213.000    34.8770    34.8731     6.6446    1484.52 0.0000e+00
   1227.138     3.4794     3.4792   3.253064   3.252711     2.6400     0.0371     0.9398     0.1275    96.8618    34.8772 9.3765e+01 9.5400e-02   1212.000    34.8772    34.8732     6.6458    1484.50 0.0000e+00
   1226.123     3.4793     3.4791   3.253015   3.252662     2.6401     0.0477     0.9447     0.1276    96.8595    34.8772 9.3656e+01 9.5400e-02   1211.000    34.8772    34.8732     6.6452    1484.49 0.0000e+00
   1225.108     3.4795     3.4794   3.252983   3.252648     2.6400     0.0401     0.9409     0.1276    96.8615    34.8771 9.3662e+01 9.5400e-02   1210.000    34.8771    34.8732     6.6443    1484.47 0.0000e+00
   1224.092     3.4796     3.4795   3.252961   3.252615     2.6402     0.0348     0.9390     0.1280    96.8517    34.8773 9.3645e+01 9.5400e-02   1209.000    34.8773    34.8732     6.6439    1484.45 0.0000e+00
   1223.077     3.4796     3.4795   3.252905   3.252574     2.6409     0.0348     0.9444     0.1283    96.8427    34.8772 9.3632e+01 9.5400e-02   1208.000    34.8772    34.8734     6.6453    1484.44 0.0000e+00
   1222.061     3.4795     3.4792   3.252868   3.252503     2.6411     0.0348     0.9444     0.1287    96.8347    34.8773 9.3451e+01 9.5400e-02   1207.000    34.8773    34.8733     6.6452    1484.42 0.0000e+00
   1221.046     3.4797     3.4793   3.252847   3.252479     2.6415     0.0418     0.9491     0.1278    96.8550    34.8774 9.3526e+01 9.5400e-02   1206.000    34.8774    34.8734     6.6453    1484.40 0.0000e+00
   1220.030     3.4798     3.4796   3.252799   3.252447     2.6415     0.0248     0.9441     0.1277    96.8569    34.8773 9.3275e+01 9.5400e-02   1205.000    34.8773    34.8733     6.6446    1484.39 0.0000e+00
   1219.015     3.4801     3.4801   3.252789   3.252443     2.6424     0.0458     0.9437     0.1286    96.8366    34.8773 9.2498e+01 9.5400e-02   1204.000    34.8773    34.8732     6.6464    1484.37 0.0000e+00
   1218.000     3.4809     3.4810   3.252820   3.252486     2.6424     0.0343     0.9383     0.1274    96.8645    34.8773 9.2830e+01 9.5400e-02   1203.000    34.8773    34.8733     6.6453    1484.36 0.0000e+00
   1216.984     3.4819     3.4817   3.252867   3.252516     2.6426     0.0225     0.9383     0.1279    96.8521    34.8774 9.3327e+01 9.5400e-02   1202.000    34.8774    34.8733     6.6452    1484.34 0.0000e+00
   1215.969     3.4821     3.4820   3.252845   3.252508     2.6431     0.0132     0.9383     0.1279    96.8522    34.8774 9.3521e+01 9.5400e-02   1201.000    34.8774    34.8735     6.6459    1484.33 0.0000e+00
   1214.953     3.4822     3.4820   3.252812   3.252469     2.6436     0.0160     0.9383     0.1277    96.8584    34.8774 9.3526e+01 9.5400e-02   1200.000    34.8774    34.8735     6.6466    1484.31 0.0000e+00
   1213.938     3.4821     3.4821   3.252777   3.252432     2.6441     0.0232     0.9386     0.1275    96.8634    34.8776 9.3416e+01 9.5400e-02   1199.000    34.8776    34.8735     6.6472    1484.30 0.0000e+00
