Ship_data/Irminger/Irminger-3/ctd/process/uar0701005.cnv
* Sea-Bird SBE 9 Data File:
* FileName = D:\Data\ar0701005.hdr
* Software Version Seasave V 7.23.2
* Temperature SN = 4406
* Conductivity SN = 3042
* Number of Bytes Per Scan = 44
* Number of Voltage Words = 5
* Number of Scans Averaged by the Deck Unit = 1
* NMEA Latitude = 59 51.82 N
* NMEA Longitude = 039 07.47 W
* NMEA UTC (Time) = Jul 09 2016  12:14:52
**  Gliders
** Chief Scientist: Tupper
** Station ID 005
# nquan = 19
# nvalues = 1002                        
# units = specified
# name 0 = prDM: Pressure, Digiquartz [db]
# name 1 = t090C: Temperature [ITS-90, deg C]
# name 2 = t190C: Temperature, 2 [ITS-90, deg C]
# name 3 = c0S/m: Conductivity [S/m]
# name 4 = c1S/m: Conductivity, 2 [S/m]
# name 5 = sbeox0V: Oxygen raw, SBE 43 [V]
# name 6 = flECO-AFL: Fluorescence, WET Labs ECO-AFL/FL [mg/m^3]
# name 7 = turbWETntu0: Turbidity, WET Labs ECO [NTU]
# name 8 = CStarAt0: Beam Attenuation, WET Labs C-Star [1/m]
# name 9 = CStarTr0: Beam Transmission, WET Labs C-Star [%]
# name 10 = sal00: Salinity, Practical [PSU]
# name 11 = spar: SPAR/Surface Irradiance
# name 12 = par: PAR/Irradiance, Biospherical/Licor
# name 13 = depSM: Depth [salt water, m], lat = 59.8637
# name 14 = sal00: Salinity, Practical [PSU]
# name 15 = sal11: Salinity, Practical, 2 [PSU]
# name 16 = sbeox0ML/L: Oxygen, SBE 43 [ml/l], WS = 2
# name 17 = svCM: Sound Velocity [Chen-Millero, m/s]
# name 18 = flag: flag
# span 0 =      2.019,   1015.010       
# span 1 =     3.4310,     7.4054       
# span 2 =     3.4307,     7.4057       
# span 3 =   3.227380,   3.550018       
# span 4 =   3.227075,   3.549784       
# span 5 =     2.7090,     3.3413       
# span 6 =     0.0091,     2.7669       
# span 7 =     0.9126,     1.2156       
# span 8 =     0.1214,     0.4425       
# span 9 =    89.5287,    97.0105       
# span 10 =    34.8122,    34.9136      
# span 11 = 3.1176e+02, 4.2348e+02      
# span 12 = 9.5696e-02, 3.1535e+02      
# span 13 =      2.000,   1003.000      
# span 14 =    34.8122,    34.9136      
# span 15 =    34.8035,    34.9112      
# span 16 =     6.6827,     6.8743      
# span 17 =    1467.64,    1480.78      
# span 18 = 0.0000e+00, 0.0000e+00      
# interval = meters: 1                  
# start_time = Jul 09 2016 12:15:52 [NMEA time, first data scan]
# bad_flag = -9.990e-29
*END*
[from data line 686]
    320.262     3.6533     3.6531   3.230273   3.230024     2.9408     0.0385     0.9303     0.1254    96.9127    34.8955 4.1348e+02 9.5814e-02    317.000    34.8955    34.8927     6.7366    1470.28 0.0000e+00
    319.251     3.6535     3.6532   3.230235   3.229966     2.9411     0.0472     0.9203     0.1228    96.9760    34.8954 4.1250e+02 9.5826e-02    316.000    34.8954    34.8924     6.7364    1470.27 0.0000e+00
    318.240     3.6548     3.6542   3.230316   3.229999     2.9410     0.0343     0.9329     0.1230    96.9716    34.8955 4.1237e+02 9.5824e-02    315.000    34.8955    34.8924     6.7350    1470.25 0.0000e+00
    317.229     3.6558     3.6552   3.230349   3.230057     2.9415     0.0439     0.9303     0.1254    96.9142    34.8954 4.1251e+02 9.5777e-02    314.000    34.8954    34.8925     6.7353    1470.24 0.0000e+00
    316.218     3.6559     3.6557   3.230332   3.230063     2.9413     0.0405     0.9267     0.1244    96.9380    34.8956 4.1158e+02 9.5796e-02    313.000    34.8956    34.8926     6.7339    1470.23 0.0000e+00
    315.206     3.6562     3.6564   3.230298   3.230074     2.9413     0.0206     0.9296     0.1231    96.9695    34.8954 4.1268e+02 9.5793e-02    312.000    34.8954    34.8926     6.7329    1470.21 0.0000e+00
    314.195     3.6573     3.6567   3.230375   3.230076     2.9413     0.0316     0.9295     0.1233    96.9643    34.8957 4.1227e+02 9.5803e-02    311.000    34.8957    34.8928     6.7320    1470.20 0.0000e+00
    313.184     3.6588     3.6570   3.230478   3.230061     2.9413     0.0348     0.9257     0.1234    96.9629    34.8959 4.1206e+02 9.5773e-02    310.000    34.8959    34.8929     6.7308    1470.19 0.0000e+00
    312.173     3.6580     3.6577   3.230359   3.230103     2.9417     0.0348     0.9241     0.1236    96.9570    34.8959 4.1162e+02 9.5797e-02    309.000    34.8959    34.8931     6.7312    1470.17 0.0000e+00
    311.162     3.6603     3.6615   3.230543   3.230422     2.9431     0.0176     0.9242     0.1249    96.9266    34.8962 4.1068e+02 9.5801e-02    308.000    34.8962    34.8934     6.7337    1470.16 0.0000e+00
    310.151     3.6613     3.6628   3.230564   3.230458     2.9437     0.0357     0.9326     0.1224    96.9872    34.8959 4.1009e+02 9.5785e-02    307.000    34.8959    34.8930     6.7344    1470.15 0.0000e+00
    309.140     3.6655     3.6659   3.230911   3.230647     2.9444     0.0469     0.9204     0.1235    96.9596    34.8961 4.0979e+02 9.5813e-02    306.000    34.8961    34.8925     6.7348    1470.15 0.0000e+00
    308.129     3.6728     3.6736   3.231575   3.231403     2.9440     0.0470     0.9239     0.1231    96.9705    34.8969 4.0864e+02 9.5767e-02    305.000    34.8969    34.8939     6.7315    1470.17 0.0000e+00
    307.118     3.6765     3.6751   3.231910   3.231519     2.9437     0.0449     0.9271     0.1246    96.9320    34.8974 4.0868e+02 9.5764e-02    304.000    34.8974    34.8943     6.7290    1470.17 0.0000e+00
    306.107     3.6764     3.6766   3.231843   3.231620     2.9436     0.0348     0.9264     0.1243    96.9406    34.8973 4.0751e+02 9.5743e-02    303.000    34.8973    34.8944     6.7279    1470.15 0.0000e+00
    305.096     3.6755     3.6771   3.231735   3.231614     2.9431     0.0454     0.9317     0.1233    96.9655    34.8975 4.0819e+02 9.5805e-02    302.000    34.8975    34.8943     6.7256    1470.13 0.0000e+00
    304.085     3.6782     3.6783   3.231948   3.231741     2.9431     0.0289     0.9321     0.1311    96.7771    34.8977 4.0776e+02 9.5779e-02    301.000    34.8977    34.8951     6.7242    1470.12 0.0000e+00
    303.074     3.6805     3.6791   3.232148   3.231771     2.9432     0.0304     0.9280     0.1250    96.9233    34.8982 4.0750e+02 9.5797e-02    300.000    34.8982    34.8952     6.7233    1470.12 0.0000e+00
    302.063     3.6822     3.6802   3.232238   3.231817     2.9435     0.0221     0.9238     0.1226    96.9806    34.8981 4.0794e+02 9.5824e-02    299.000    34.8981    34.8951     6.7230    1470.11 0.0000e+00
    301.052     3.6831     3.6822   3.232284   3.231927     2.9433     0.0226     0.9301     0.1249    96.9247    34.8981 4.0773e+02 9.5797e-02    298.000    34.8981    34.8949     6.7213    1470.10 0.0000e+00
    300.041     3.6855     3.6852   3.232485   3.232187     2.9433     0.0260     1.0168     0.1237    96.9540    34.8985 4.0676e+02 9.5818e-02    297.000    34.8985    34.8953     6.7198    1470.09 0.0000e+00
    299.030     3.6877     3.6870   3.232624   3.232312     2.9431     0.0349     1.2156     0.1234    96.9610    34.8985 4.0678e+02 9.5827e-02    296.000    34.8985    34.8954     6.7181    1470.08 0.0000e+00
    298.019     3.6886     3.6879   3.232677   3.232382     2.9435     0.0238     0.9642     0.1233    96.9647    34.8986 4.0685e+02 9.5810e-02    295.000    34.8986    34.8958     6.7182    1470.07 0.0000e+00
    297.008     3.6880     3.6884   3.232576   3.232391     2.9443     0.0302     0.9329     0.1236    96.9583    34.8987 4.0571e+02 9.5815e-02    294.000    34.8987    34.8959     6.7197    1470.05 0.0000e+00
    295.997     3.6900     3.6883   3.232732   3.232342     2.9447     0.0346     0.9322     0.1270    96.8752    34.8989 4.0657e+02 9.5782e-02    293.000    34.8989    34.8960     6.7197    1470.04 0.0000e+00
    294.987     3.6911     3.6895   3.232806   3.232420     2.9452     0.0291     0.9280     0.1232    96.9678    34.8991 4.0629e+02 9.5825e-02    292.000    34.8991    34.8962     6.7200    1470.03 0.0000e+00
    293.976     3.6910     3.6899   3.232729   3.232406     2.9453     0.0472     0.9274     0.1233    96.9655    34.8989 4.0635e+02 9.5764e-02    291.000    34.8989    34.8962     6.7193    1470.01 0.0000e+00
    292.965     3.6928     3.6918   3.232861   3.232500     2.9449     0.0363     0.9268     0.1257    96.9065    34.8990 4.0655e+02 9.5792e-02    290.000    34.8990    34.8958     6.7169    1470.00 0.0000e+00
    291.954     3.6950     3.6944   3.233019   3.232721     2.9450     0.0270     0.9276     0.1235    96.9604    34.8991 4.0627e+02 9.5790e-02    289.000    34.8991    34.8962     6.7159    1470.00 0.0000e+00
    290.943     3.6958     3.6954   3.233066   3.232795     2.9454     0.0350     0.9271     0.1256    96.9085    34.8995 4.0634e+02 9.5758e-02    288.000    34.8995    34.8967     6.7159    1469.98 0.0000e+00
    289.932     3.6959     3.6957   3.233021   3.232781     2.9455     0.0348     0.9278     0.1239    96.9508    34.8994 4.0574e+02 9.5835e-02    287.000    34.8994    34.8966     6.7155    1469.97 0.0000e+00
    288.921     3.6959     3.6957   3.232976   3.232740     2.9455     0.0348     0.9315     0.1249    96.9268    34.8994 4.0504e+02 9.5817e-02    286.000    34.8994    34.8968     6.7147    1469.95 0.0000e+00
    287.910     3.6954     3.6950   3.232904   3.232639     2.9455     0.0260     0.9303     0.1236    96.9565    34.8996 4.0523e+02 9.5793e-02    285.000    34.8996    34.8968     6.7139    1469.93 0.0000e+00
    286.899     3.6979     3.6961   3.233074   3.232668     2.9455     0.0226     0.9288     0.1235    96.9606    34.8995 4.0488e+02 9.5830e-02    284.000    34.8995    34.8966     6.7125    1469.93 0.0000e+00
    285.888     3.6984     3.6974   3.233084   3.232734     2.9457     0.0329     0.9285     0.1237    96.9543    34.8996 4.0573e+02 9.5838e-02    283.000    34.8996    34.8965     6.7119    1469.91 0.0000e+00
    284.877     3.6987     3.6979   3.233075   3.232774     2.9463     0.0349     0.9368     0.1230    96.9706    34.8997 4.0520e+02 9.5784e-02    282.000    34.8997    34.8970     6.7128    1469.90 0.0000e+00
    283.866     3.7027     3.7026   3.233382   3.233113     2.9467     0.0318     0.9314     0.1231    96.9703    34.8997 4.0502e+02 9.5798e-02    281.000    34.8997    34.8966     6.7122    1469.90 0.0000e+00
    282.856     3.7040     3.7042   3.233441   3.233227     2.9478     0.0250     0.9376     0.1233    96.9652    34.8995 4.0455e+02 9.5822e-02    280.000    34.8995    34.8968     6.7143    1469.89 0.0000e+00
    281.845     3.7070     3.7070   3.233682   3.233435     2.9485     0.0350     0.9321     0.1246    96.9327    34.8998 4.0464e+02 9.5773e-02    279.000    34.8998    34.8968     6.7149    1469.88 0.0000e+00
    280.834     3.7075     3.7082   3.233730   3.233535     2.9489     0.0458     0.9324     0.1241    96.9460    34.9003 4.0473e+02 9.5809e-02    278.000    34.9003    34.8973     6.7150    1469.87 0.0000e+00
    279.823     3.7093     3.7089   3.233844   3.233560     2.9488     0.0375     0.9324     0.1237    96.9546    34.9004 4.0472e+02 9.5814e-02    277.000    34.9004    34.8974     6.7136    1469.86 0.0000e+00
    278.812     3.7102     3.7087   3.233868   3.233524     2.9492     0.0252     0.9282     0.1235    96.9588    34.9003 4.0503e+02 9.5766e-02    276.000    34.9003    34.8977     6.7137    1469.85 0.0000e+00
    277.801     3.7105     3.7096   3.233880   3.233531     2.9503     0.0471     0.9288     0.1259    96.9015    34.9006 4.0463e+02 9.5821e-02    275.000    34.9006    34.8974     6.7158    1469.83 0.0000e+00
    276.790     3.7119     3.7114   3.233954   3.233667     2.9504     0.0354     0.9322     0.1244    96.9383    34.9005 4.0369e+02 9.5803e-02    274.000    34.9005    34.8976     6.7149    1469.82 0.0000e+00
    275.779     3.7124     3.7121   3.233967   3.233705     2.9503     0.0246     0.9322     0.1240    96.9474    34.9007 4.0312e+02 9.5750e-02    273.000    34.9007    34.8979     6.7137    1469.81 0.0000e+00
    274.769     3.7125     3.7124   3.233945   3.233680     2.9504     0.0305     0.9295     0.1238    96.9534    34.9009 4.0305e+02 9.5802e-02    272.000    34.9009    34.8978     6.7130    1469.79 0.0000e+00
    273.758     3.7127     3.7125   3.233917   3.233656     2.9504     0.0349     0.9282     0.1257    96.9073    34.9009 4.0319e+02 9.5779e-02    271.000    34.9009    34.8980     6.7122    1469.78 0.0000e+00
    272.747     3.7133     3.7129   3.233916   3.233642     2.9503     0.0310     0.9283     0.1239    96.9492    34.9009 4.0371e+02 9.5805e-02    270.000    34.9009    34.8979     6.7107    1469.76 0.0000e+00
    271.736     3.7134     3.7129   3.233876   3.233587     2.9502     0.0256     0.9276     0.1261    96.8975    34.9008 4.0330e+02 9.5790e-02    269.000    34.9008    34.8978     6.7096    1469.74 0.0000e+00
    270.725     3.7140     3.7138   3.233890   3.233623     2.9505     0.0347     0.9275     0.1257    96.9073    34.9009 4.0285e+02 9.5780e-02    268.000    34.9009    34.8979     6.7094    1469.73 0.0000e+00
    269.714     3.7143     3.7140   3.233870   3.233616     2.9507     0.0348     0.9212     0.1243    96.9409    34.9009 4.0285e+02 9.5810e-02    267.000    34.9009    34.8981     6.7090    1469.72 0.0000e+00
    268.704     3.7149     3.7143   3.233881   3.233593     2.9515     0.0348     0.9200     0.1248    96.9281    34.9009 4.0347e+02 9.5791e-02    266.000    34.9009    34.8980     6.7103    1469.70 0.0000e+00
    267.693     3.7157     3.7148   3.233926   3.233603     2.9523     0.0348     0.9245     0.1247    96.9312    34.9011 4.0294e+02 9.5823e-02    265.000    34.9011    34.8982     6.7116    1469.69 0.0000e+00
    266.682     3.7157     3.7157   3.233865   3.233641     2.9528     0.0348     0.9227     0.1231    96.9694    34.9009 4.0139e+02 9.5812e-02    264.000    34.9009    34.8982     6.7122    1469.67 0.0000e+00
    265.671     3.7160     3.7153   3.233858   3.233548     2.9539     0.0244     0.9199     0.1238    96.9530    34.9011 3.9864e+02 9.5765e-02    263.000    34.9011    34.8982     6.7144    1469.66 0.0000e+00
    264.660     3.7178     3.7170   3.233966   3.233629     2.9539     0.0226     0.9311     0.1237    96.9557    34.9010 3.9874e+02 9.5828e-02    262.000    34.9010    34.8978     6.7132    1469.65 0.0000e+00
    263.650     3.7193     3.7190   3.234054   3.233793     2.9544     0.0315     0.9294     0.1237    96.9545    34.9010 3.9753e+02 9.5815e-02    261.000    34.9010    34.8982     6.7133    1469.64 0.0000e+00
    262.639     3.7197     3.7194   3.234052   3.233797     2.9549     0.0272     0.9275     0.1277    96.8576    34.9011 3.9645e+02 9.5732e-02    260.000    34.9011    34.8984     6.7137    1469.62 0.0000e+00
    261.628     3.7202     3.7192   3.234062   3.233748     2.9553     0.0226     0.9275     0.1237    96.9547    34.9013 3.9463e+02 9.5785e-02    259.000    34.9013    34.8986     6.7141    1469.61 0.0000e+00
    260.617     3.7212     3.7203   3.234102   3.233766     2.9555     0.0303     0.9287     0.1244    96.9369    34.9012 3.9279e+02 9.5771e-02    258.000    34.9012    34.8981     6.7135    1469.60 0.0000e+00
    259.606     3.7228     3.7226   3.234224   3.233963     2.9561     0.0420     0.9319     0.1253    96.9154    34.9015 3.9048e+02 9.5829e-02    257.000    34.9015    34.8986     6.7140    1469.59 0.0000e+00
    258.596     3.7239     3.7232   3.234281   3.233990     2.9570     0.0380     0.9323     0.1240    96.9477    34.9016 3.8654e+02 9.5780e-02    256.000    34.9016    34.8988     6.7153    1469.57 0.0000e+00
    257.585     3.7247     3.7244   3.234296   3.234024     2.9566     0.0331     0.9306     0.1237    96.9549    34.9014 3.8356e+02 9.5781e-02    255.000    34.9014    34.8985     6.7133    1469.56 0.0000e+00
    256.574     3.7263     3.7247   3.234400   3.233976     2.9572     0.0256     0.9288     0.1236    96.9580    34.9015 3.8034e+02 9.5814e-02    254.000    34.9015    34.8982     6.7139    1469.55 0.0000e+00
    255.563     3.7274     3.7271   3.234460   3.234182     2.9577     0.0352     0.9196     0.1259    96.9005    34.9016 3.8007e+02 9.5756e-02    253.000    34.9016    34.8986     6.7142    1469.54 0.0000e+00
    254.553     3.7277     3.7275   3.234448   3.234179     2.9578     0.0348     0.9246     0.1247    96.9296    34.9017 3.7904e+02 9.5840e-02    252.000    34.9017    34.8987     6.7134    1469.52 0.0000e+00
    253.542     3.7282     3.7278   3.234444   3.234158     2.9582     0.0348     0.9277     0.1258    96.9047    34.9017 3.7797e+02 9.5750e-02    251.000    34.9017    34.8987     6.7136    1469.51 0.0000e+00
    252.531     3.7284     3.7285   3.234422   3.234191     2.9588     0.0348     0.9278     0.1260    96.8982    34.9018 3.7781e+02 9.5824e-02    250.000    34.9018    34.8989     6.7143    1469.49 0.0000e+00
    251.520     3.7293     3.7297   3.234465   3.234260     2.9594     0.0348     0.9289     0.1247    96.9297    34.9019 3.7770e+02 9.5824e-02    249.000    34.9019    34.8989     6.7151    1469.48 0.0000e+00
    250.510     3.7307     3.7305   3.234548   3.234293     2.9600     0.0348     0.9221     0.1265    96.8861    34.9019 3.7799e+02 9.5807e-02    248.000    34.9019    34.8991     6.7156    1469.47 0.0000e+00
    249.499     3.7311     3.7304   3.234548   3.234242     2.9611     0.0348     0.9343     0.1289    96.8289    34.9020 3.7835e+02 9.5812e-02    247.000    34.9020    34.8991     6.7179    1469.46 0.0000e+00
    248.488     3.7312     3.7303   3.234494   3.234175     2.9621     0.0348     0.9362     0.1243    96.9401    34.9018 3.7813e+02 9.5814e-02    246.000    34.9018    34.8990     6.7196    1469.44 0.0000e+00
    247.477     3.7330     3.7298   3.234589   3.234094     2.9623     0.0348     0.9258     0.1273    96.8681    34.9016 3.7799e+02 9.5779e-02    245.000    34.9016    34.8990     6.7191    1469.43 0.0000e+00
    246.467     3.7342     3.7331   3.234685   3.234312     2.9631     0.0415     0.9268     0.1254    96.9128    34.9020 3.7752e+02 9.5826e-02    244.000    34.9020    34.8987     6.7201    1469.42 0.0000e+00
    245.456     3.7349     3.7346   3.234708   3.234440     2.9638     0.0409     0.9304     0.1239    96.9497    34.9020 3.7607e+02 9.5757e-02    243.000    34.9020    34.8991     6.7211    1469.41 0.0000e+00
