Ship_data/Irminger/Irminger-3/ctd/process/uar0701010.cnv
* Sea-Bird SBE 9 Data File:
* FileName = D:\Data\ar0701010.hdr
* Software Version Seasave V 7.23.2
* Temperature SN = 4406
* Conductivity SN = 3042
* Number of Bytes Per Scan = 44
* Number of Voltage Words = 5
* Number of Scans Averaged by the Deck Unit = 1
* NMEA Latitude = 59 55.71 N
* NMEA Longitude = 039 37.28 W
* NMEA UTC (Time) = Jul 16 2016  20:07:47
** Site Irminger Surface Mooring (old 2015)
** G. Tupper Tupper
** Station # 010
** before old mooring recovery
# nquan = 19
# nvalues = 1501                        
# units = specified
# name 0 = prDM: Pressure, Digiquartz [db]
# name 1 = t090C: Temperature [ITS-90, deg C]
# name 2 = t190C: Temperature, 2 [ITS-90, deg C]
# name 3 = c0S/m: Conductivity [S/m]
# name 4 = c1S/m: Conductivity, 2 [S/m]
# name 5 = sbeox0V: Oxygen raw, SBE 43 [V]
# name 6 = flECO-AFL: Fluorescence, WET Labs ECO-AFL/FL [mg/m^3]
# name 7 = turbWETntu0: Turbidity, WET Labs ECO [NTU]
# name 8 = CStarAt0: Beam Attenuation, WET Labs C-Star [1/m]
# name 9 = CStarTr0: Beam Transmission, WET Labs C-Star [%]
# name 10 = sal00: Salinity, Practical [PSU]
# name 11 = spar: SPAR/Surface Irradiance
# name 12 = par: PAR/Irradiance, Biospherical/Licor
# name 13 = depSM: Depth [salt water, m], lat = 59.9285
# name 14 = sal00: Salinity, Practical [PSU]
# name 15 = sal11: Salinity, Practical, 2 [PSU]
# name 16 = sbeox0ML/L: Oxygen, SBE 43 [ml/l], WS = 2
# name 17 = svCM: Sound Velocity [Chen-Millero, m/s]
# name 18 = flag: flag
# span 0 =      2.019,   1521.823       
# span 1 =     3.4645,     8.4115       
# span 2 =     3.4643,     8.4116       
# span 3 =   3.239509,   3.645225       
# span 4 =   3.239150,   3.644901       
# span 5 =     2.4197,     3.3277       
# span 6 =     0.0094,     1.8981       
# span 7 =     0.8846,     1.1029       
# span 8 =     0.1263,     0.4655       
# span 9 =    89.0142,    96.8909       
# span 10 =    34.8126,    34.9700      
# span 11 = 4.7076e+01, 1.1793e+02      
# span 12 = 9.5400e-02, 9.5400e-02      
# span 13 =      2.000,   1502.000      
# span 14 =    34.8126,    34.9700      
# span 15 =    34.7952,    34.9667      
# span 16 =     6.1320,     6.6947      
# span 17 =    1469.47,    1490.22      
# span 18 = 0.0000e+00, 0.0000e+00      
# interval = meters: 1                  
# start_time = Jul 16 2016 20:10:01 [NMEA time, first data scan]
# bad_flag = -9.990e-29
*END*
[from data line 1372]
    131.278     4.2390     4.2388   3.278000   3.277690     2.9739     0.0307     0.9349     0.1371    96.6314    34.9422 5.4231e+01 9.5400e-02    130.000    34.9422    34.9387     6.5586    1469.69 0.0000e+00
    130.268     4.2381     4.2382   3.277812   3.277542     2.9760     0.0386     0.9323     0.1368    96.6380    34.9414 5.3353e+01 9.5400e-02    129.000    34.9414    34.9382     6.5639    1469.67 0.0000e+00
    129.258     4.2373     4.2377   3.277631   3.277439     2.9767     0.0478     0.9322     0.1376    96.6195    34.9408 5.2611e+01 9.5400e-02    128.000    34.9408    34.9380     6.5650    1469.65 0.0000e+00
    128.248     4.2354     4.2349   3.277403   3.277126     2.9770     0.0464     0.9322     0.1394    96.5742    34.9407 5.3255e+01 9.5400e-02    127.000    34.9407    34.9379     6.5653    1469.62 0.0000e+00
    127.238     4.2308     4.2309   3.276847   3.276596     2.9772     0.0349     0.9322     0.1370    96.6328    34.9394 5.3324e+01 9.5400e-02    126.000    34.9394    34.9364     6.5660    1469.58 0.0000e+00
    126.228     4.2300     4.2290   3.276708   3.276412     2.9776     0.0417     0.9295     0.1372    96.6280    34.9392 5.3324e+01 9.5400e-02    125.000    34.9392    34.9368     6.5663    1469.56 0.0000e+00
    125.218     4.2272     4.2256   3.276375   3.275921     2.9784     0.0472     0.9275     0.1376    96.6195    34.9388 5.3446e+01 9.5400e-02    124.000    34.9388    34.9351     6.5681    1469.54 0.0000e+00
    124.207     4.2254     4.2267   3.276097   3.275966     2.9791     0.0345     0.9323     0.1380    96.6087    34.9380 5.3443e+01 9.5400e-02    123.000    34.9380    34.9351     6.5695    1469.51 0.0000e+00
    123.197     4.2259     4.2259   3.276104   3.275869     2.9800     0.0348     0.9322     0.1382    96.6028    34.9381 5.3355e+01 9.5400e-02    122.000    34.9381    34.9353     6.5711    1469.50 0.0000e+00
    122.187     4.2270     4.2258   3.276124   3.275760     2.9804     0.0348     0.9324     0.1385    96.5975    34.9377 5.3205e+01 9.5400e-02    121.000    34.9377    34.9347     6.5712    1469.48 0.0000e+00
    121.177     4.2271     4.2273   3.276082   3.275830     2.9821     0.0348     0.9348     0.1372    96.6290    34.9376 5.3145e+01 9.5400e-02    120.000    34.9376    34.9344     6.5748    1469.47 0.0000e+00
    120.167     4.2329     4.2285   3.276541   3.275836     2.9832     0.0404     0.9335     0.1367    96.6407    34.9374 5.2597e+01 9.5400e-02    119.000    34.9374    34.9338     6.5760    1469.48 0.0000e+00
    119.157     4.2439     4.2351   3.277509   3.276371     2.9839     0.0409     0.9297     0.1378    96.6139    34.9378 5.3344e+01 9.5400e-02    118.000    34.9378    34.9336     6.5753    1469.50 0.0000e+00
    118.147     4.2895     4.2764   3.281829   3.279480     2.9846     0.0347     0.9322     0.1373    96.6249    34.9409 5.3202e+01 9.5400e-02    117.000    34.9409    34.9271     6.5680    1469.68 0.0000e+00
    117.137     4.3084     4.3062   3.283621   3.283024     2.9857     0.0348     0.9259     0.1363    96.6506    34.9426 5.3148e+01 9.5400e-02    116.000    34.9426    34.9379     6.5668    1469.74 0.0000e+00
    116.127     4.3153     4.3140   3.284294   3.283682     2.9869     0.0348     0.9291     0.1369    96.6346    34.9438 5.3306e+01 9.5400e-02    115.000    34.9438    34.9379     6.5680    1469.76 0.0000e+00
    115.117     4.3215     4.3229   3.284842   3.284650     2.9872     0.0348     0.9321     0.1375    96.6213    34.9442 5.2498e+01 9.5400e-02    114.000    34.9442    34.9405     6.5669    1469.77 0.0000e+00
    114.106     4.3257     4.3263   3.285175   3.285000     2.9872     0.0432     0.9364     0.1391    96.5832    34.9443 5.2653e+01 9.5400e-02    113.000    34.9443    34.9415     6.5654    1469.77 0.0000e+00
    113.096     4.3260     4.3274   3.285294   3.285079     2.9869     0.0367     0.9409     0.1381    96.6063    34.9459 5.2495e+01 9.5400e-02    112.000    34.9459    34.9419     6.5635    1469.76 0.0000e+00
    112.086     4.3366     4.3360   3.286266   3.285949     2.9861     0.0359     0.9395     0.1380    96.6096    34.9467 5.2695e+01 9.5400e-02    111.000    34.9467    34.9435     6.5584    1469.78 0.0000e+00
    111.076     4.3367     4.3341   3.286207   3.285670     2.9848     0.0282     0.9383     0.1377    96.6169    34.9464 5.2663e+01 9.5400e-02    110.000    34.9464    34.9428     6.5542    1469.77 0.0000e+00
    110.066     4.3421     4.3405   3.286705   3.286180     2.9848     0.0294     0.9416     0.1382    96.6051    34.9470 5.2149e+01 9.5400e-02    109.000    34.9470    34.9426     6.5522    1469.77 0.0000e+00
    109.056     4.3530     4.3506   3.287678   3.287055     2.9848     0.0355     0.9443     0.1379    96.6113    34.9476 5.1950e+01 9.5400e-02    108.000    34.9476    34.9428     6.5494    1469.80 0.0000e+00
    108.046     4.3609     4.3569   3.288356   3.287754     2.9846     0.0349     0.9338     0.1388    96.5891    34.9477 5.2577e+01 9.5400e-02    107.000    34.9477    34.9449     6.5467    1469.82 0.0000e+00
    107.036     4.3618     4.3605   3.288439   3.287951     2.9849     0.0392     0.9348     0.1383    96.6009    34.9483 5.2723e+01 9.5400e-02    106.000    34.9483    34.9439     6.5464    1469.81 0.0000e+00
    106.026     4.3644     4.3631   3.288657   3.288283     2.9857     0.0435     0.9417     0.1379    96.6110    34.9486 5.2681e+01 9.5400e-02    105.000    34.9486    34.9456     6.5473    1469.80 0.0000e+00
    105.016     4.3654     4.3633   3.288762   3.288315     2.9875     0.0368     0.9401     0.1389    96.5865    34.9494 5.2375e+01 9.5400e-02    104.000    34.9494    34.9463     6.5513    1469.79 0.0000e+00
    104.006     4.3646     4.3621   3.288648   3.288063     2.9881     0.0472     0.9522     0.1385    96.5965    34.9494 5.1402e+01 9.5400e-02    103.000    34.9494    34.9452     6.5520    1469.77 0.0000e+00
    102.996     4.3662     4.3640   3.288766   3.288265     2.9878     0.0470     0.9353     0.1390    96.5845    34.9497 5.2449e+01 9.5400e-02    102.000    34.9497    34.9461     6.5502    1469.76 0.0000e+00
    101.986     4.3837     4.3793   3.290430   3.289737     2.9865     0.0391     0.9304     0.1394    96.5759    34.9513 5.1286e+01 9.5400e-02    101.000    34.9513    34.9478     6.5426    1469.82 0.0000e+00
    100.976     4.4070     4.4039   3.292655   3.292078     2.9857     0.0409     0.9351     0.1389    96.5875    34.9534 4.8825e+01 9.5400e-02    100.000    34.9534    34.9499     6.5354    1469.90 0.0000e+00
     99.966     4.4113     4.4125   3.293021   3.292854     2.9866     0.0303     0.9308     0.1384    96.5981    34.9536 4.7361e+01 9.5400e-02     99.000    34.9536    34.9505     6.5363    1469.90 0.0000e+00
     98.956     4.4134     4.4130   3.293173   3.292865     2.9872     0.0337     0.9297     0.1391    96.5825    34.9537 4.7443e+01 9.5400e-02     98.000    34.9537    34.9505     6.5367    1469.89 0.0000e+00
     97.946     4.4191     4.4168   3.293709   3.293168     2.9863     0.0414     0.9316     0.1383    96.6013    34.9545 4.7893e+01 9.5400e-02     97.000    34.9545    34.9507     6.5324    1469.90 0.0000e+00
     96.936     4.4234     4.4221   3.294047   3.293600     2.9847     0.0471     0.9383     0.1395    96.5723    34.9545 4.7818e+01 9.5400e-02     96.000    34.9545    34.9507     6.5264    1469.90 0.0000e+00
     95.926     4.4262     4.4254   3.294280   3.293917     2.9850     0.0437     0.9267     0.1398    96.5648    34.9549 4.7727e+01 9.5400e-02     95.000    34.9549    34.9515     6.5260    1469.90 0.0000e+00
     94.916     4.4362     4.4317   3.295217   3.294517     2.9840     0.0322     0.9282     0.1415    96.5248    34.9558 4.7642e+01 9.5400e-02     94.000    34.9558    34.9524     6.5204    1469.93 0.0000e+00
     93.906     4.4364     4.4338   3.295183   3.294668     2.9839     0.0457     0.9375     0.1406    96.5463    34.9558 4.7546e+01 9.5400e-02     93.000    34.9558    34.9525     6.5194    1469.91 0.0000e+00
     92.896     4.4403     4.4378   3.295539   3.295037     2.9833     0.0444     0.9379     0.1406    96.5454    34.9564 4.7565e+01 9.5400e-02     92.000    34.9564    34.9531     6.5162    1469.91 0.0000e+00
     91.886     4.4422     4.4402   3.295647   3.295170     2.9826     0.0351     0.9360     0.1412    96.5319    34.9562 4.7721e+01 9.5400e-02     91.000    34.9562    34.9527     6.5130    1469.90 0.0000e+00
     90.876     4.4441     4.4445   3.295784   3.295531     2.9830     0.0433     0.9324     0.1397    96.5674    34.9564 4.7551e+01 9.5400e-02     90.000    34.9564    34.9529     6.5129    1469.89 0.0000e+00
     89.866     4.4444     4.4419   3.295731   3.295205     2.9838     0.0412     0.9367     0.1419    96.5144    34.9560 4.7692e+01 9.5400e-02     89.000    34.9560    34.9524     6.5143    1469.88 0.0000e+00
     88.856     4.4420     4.4408   3.295413   3.295010     2.9852     0.0406     0.9381     0.1415    96.5242    34.9552 4.7496e+01 9.5400e-02     88.000    34.9552    34.9518     6.5176    1469.85 0.0000e+00
     87.846     4.4382     4.4371   3.294875   3.294492     2.9885     0.0520     0.9341     0.1413    96.5284    34.9536 4.7393e+01 9.5400e-02     87.000    34.9536    34.9502     6.5264    1469.81 0.0000e+00
     86.836     4.4390     4.4383   3.294927   3.294577     2.9909     0.0531     0.9288     0.1428    96.4936    34.9538 4.7593e+01 9.5400e-02     86.000    34.9538    34.9504     6.5319    1469.80 0.0000e+00
     85.826     4.4390     4.4389   3.294872   3.294585     2.9916     0.0402     0.9341     0.1416    96.5228    34.9537 4.7431e+01 9.5400e-02     85.000    34.9537    34.9504     6.5330    1469.79 0.0000e+00
     84.816     4.4409     4.4410   3.294963   3.294691     2.9918     0.0435     0.9371     0.1405    96.5475    34.9533 4.7492e+01 9.5400e-02     84.000    34.9533    34.9501     6.5325    1469.78 0.0000e+00
     83.807     4.4413     4.4401   3.294946   3.294587     2.9924     0.0530     0.9286     0.1424    96.5026    34.9533 4.7076e+01 9.5400e-02     83.000    34.9533    34.9503     6.5332    1469.76 0.0000e+00
     82.797     4.4484     4.4491   3.295538   3.295318     2.9936     0.0461     0.9349     0.1414    96.5262    34.9532 4.7391e+01 9.5400e-02     82.000    34.9532    34.9500     6.5342    1469.77 0.0000e+00
     81.787     4.4553     4.4563   3.296101   3.295868     2.9948     0.0470     0.9370     0.1430    96.4886    34.9531 4.7795e+01 9.5400e-02     81.000    34.9531    34.9493     6.5354    1469.79 0.0000e+00
     80.777     4.4749     4.4714   3.297967   3.297377     2.9976     0.0477     0.9322     0.1423    96.5052    34.9548 4.7981e+01 9.5400e-02     80.000    34.9548    34.9516     6.5387    1469.85 0.0000e+00
     79.767     4.4830     4.4809   3.298682   3.298212     2.9997     0.0469     0.9367     0.1431    96.4863    34.9552 4.9309e+01 9.5400e-02     79.000    34.9552    34.9520     6.5421    1469.87 0.0000e+00
     78.757     4.4812     4.4793   3.298436   3.298007     2.9991     0.0470     0.9339     0.1423    96.5043    34.9548 4.9546e+01 9.5400e-02     78.000    34.9548    34.9517     6.5401    1469.84 0.0000e+00
     77.747     4.4806     4.4794   3.298351   3.297976     3.0002     0.0411     0.9336     0.1419    96.5154    34.9550 4.9352e+01 9.5400e-02     77.000    34.9550    34.9518     6.5422    1469.83 0.0000e+00
     76.737     4.4815     4.4802   3.298372   3.297992     3.0002     0.0428     0.9344     0.1411    96.5338    34.9548 4.9330e+01 9.5400e-02     76.000    34.9548    34.9517     6.5413    1469.81 0.0000e+00
     75.727     4.4811     4.4798   3.298301   3.297915     3.0009     0.0517     0.9350     0.1418    96.5166    34.9550 4.9410e+01 9.5400e-02     75.000    34.9550    34.9518     6.5422    1469.79 0.0000e+00
     74.717     4.4825     4.4814   3.298377   3.298001     3.0016     0.0384     0.9298     0.1413    96.5286    34.9549 4.9489e+01 9.5400e-02     74.000    34.9549    34.9517     6.5430    1469.78 0.0000e+00
     73.708     4.4846     4.4836   3.298489   3.298102     3.0014     0.0478     0.9328     0.1418    96.5172    34.9545 4.9715e+01 9.5400e-02     73.000    34.9545    34.9510     6.5413    1469.78 0.0000e+00
     72.698     4.5180     4.5143   3.301484   3.300555     3.0012     0.0442     0.9321     0.1415    96.5234    34.9550 4.9536e+01 9.5400e-02     72.000    34.9550    34.9480     6.5342    1469.90 0.0000e+00
     71.688     4.5340     4.5331   3.303215   3.302803     3.0027     0.0473     0.9362     0.1424    96.5027    34.9589 4.9542e+01 9.5400e-02     71.000    34.9589    34.9550     6.5346    1469.95 0.0000e+00
     70.678     4.5400     4.5350   3.303730   3.302966     3.0027     0.0480     0.9194     0.1436    96.4747    34.9591 4.9633e+01 9.5400e-02     70.000    34.9591    34.9554     6.5326    1469.96 0.0000e+00
     69.668     4.5550     4.5534   3.305133   3.304465     3.0036     0.0593     0.9386     0.1453    96.4334    34.9603 4.8841e+01 9.5400e-02     69.000    34.9603    34.9541     6.5316    1470.01 0.0000e+00
     68.658     4.5799     4.5721   3.307279   3.306481     3.0044     0.0485     1.0386     0.1442    96.4586    34.9596 4.9134e+01 9.5400e-02     68.000    34.9596    34.9585     6.5284    1470.09 0.0000e+00
     67.648     4.5889     4.5944   3.308523   3.308596     3.0041     0.0534     0.8846     0.1443    96.4570    34.9653 4.9723e+01 9.5400e-02     67.000    34.9653    34.9603     6.5251    1470.12 0.0000e+00
     66.639     4.6036     4.5996   3.309676   3.308932     3.0035     0.0572     0.9273     0.1437    96.4716    34.9638 4.9499e+01 9.5400e-02     66.000    34.9638    34.9594     6.5201    1470.16 0.0000e+00
     65.629     4.6079     4.6150   3.310074   3.310272     3.0051     0.0714     0.9354     0.1443    96.4577    34.9645 4.9423e+01 9.5400e-02     65.000    34.9645    34.9593     6.5228    1470.16 0.0000e+00
     64.619     4.6438     4.6355   3.313243   3.312398     3.0053     0.0592     0.9305     0.1473    96.3854    34.9642 4.9357e+01 9.5400e-02     64.000    34.9642    34.9630     6.5163    1470.29 0.0000e+00
     63.609     4.6508     4.6399   3.314000   3.312763     3.0069     0.0595     0.9314     0.1450    96.4411    34.9662 4.9708e+01 9.5400e-02     63.000    34.9662    34.9632     6.5185    1470.31 0.0000e+00
     62.599     4.6629     4.6505   3.315144   3.313771     3.0082     0.0570     0.9366     0.1468    96.3977    34.9673 4.9562e+01 9.5400e-02     62.000    34.9673    34.9644     6.5190    1470.34 0.0000e+00
     61.589     4.6778     4.6655   3.316542   3.315218     3.0094     0.0594     0.9472     0.1482    96.3638    34.9686 4.9281e+01 9.5400e-02     61.000    34.9686    34.9660     6.5188    1470.39 0.0000e+00
     60.580     4.6854     4.6744   3.317180   3.315528     3.0092     0.0592     0.9379     0.1458    96.4203    34.9685 4.9771e+01 9.5400e-02     60.000    34.9685    34.9608     6.5161    1470.40 0.0000e+00
     59.570     4.6912     4.6880   3.317731   3.317101     3.0092     0.0592     0.9383     0.1462    96.4108    34.9693 4.9623e+01 9.5400e-02     59.000    34.9693    34.9654     6.5140    1470.41 0.0000e+00
     58.560     4.6938     4.6901   3.317935   3.317297     3.0096     0.0503     0.9338     0.1471    96.3890    34.9696 4.8998e+01 9.5400e-02     58.000    34.9696    34.9661     6.5138    1470.41 0.0000e+00
     57.550     4.6963     4.6946   3.318146   3.317670     3.0115     0.0617     0.9323     0.1470    96.3914    34.9700 4.9366e+01 9.5400e-02     57.000    34.9700    34.9661     6.5176    1470.40 0.0000e+00
     56.540     4.6978     4.6953   3.318214   3.317684     3.0133     0.0599     0.9325     0.1462    96.4103    34.9697 4.9644e+01 9.5400e-02     56.000    34.9697    34.9662     6.5214    1470.39 0.0000e+00
