Ship_data/Irminger/Irminger-3/ctd/process/uar0701005.cnv
* Sea-Bird SBE 9 Data File:
* FileName = D:\Data\ar0701005.hdr
* Software Version Seasave V 7.23.2
* Temperature SN = 4406
* Conductivity SN = 3042
* Number of Bytes Per Scan = 44
* Number of Voltage Words = 5
* Number of Scans Averaged by the Deck Unit = 1
* NMEA Latitude = 59 51.82 N
* NMEA Longitude = 039 07.47 W
* NMEA UTC (Time) = Jul 09 2016  12:14:52
**  Gliders
** Chief Scientist: Tupper
** Station ID 005
# nquan = 19
# nvalues = 1002                        
# units = specified
# name 0 = prDM: Pressure, Digiquartz [db]
# name 1 = t090C: Temperature [ITS-90, deg C]
# name 2 = t190C: Temperature, 2 [ITS-90, deg C]
# name 3 = c0S/m: Conductivity [S/m]
# name 4 = c1S/m: Conductivity, 2 [S/m]
# name 5 = sbeox0V: Oxygen raw, SBE 43 [V]
# name 6 = flECO-AFL: Fluorescence, WET Labs ECO-AFL/FL [mg/m^3]
# name 7 = turbWETntu0: Turbidity, WET Labs ECO [NTU]
# name 8 = CStarAt0: Beam Attenuation, WET Labs C-Star [1/m]
# name 9 = CStarTr0: Beam Transmission, WET Labs C-Star [%]
# name 10 = sal00: Salinity, Practical [PSU]
# name 11 = spar: SPAR/Surface Irradiance
# name 12 = par: PAR/Irradiance, Biospherical/Licor
# name 13 = depSM: Depth [salt water, m], lat = 59.8637
# name 14 = sal00: Salinity, Practical [PSU]
# name 15 = sal11: Salinity, Practical, 2 [PSU]
# name 16 = sbeox0ML/L: Oxygen, SBE 43 [ml/l], WS = 2
# name 17 = svCM: Sound Velocity [Chen-Millero, m/s]
# name 18 = flag: flag
# span 0 =      2.019,   1015.010       
# span 1 =     3.4310,     7.4054       
# span 2 =     3.4307,     7.4057       
# span 3 =   3.227380,   3.550018       
# span 4 =   3.227075,   3.549784       
# span 5 =     2.7090,     3.3413       
# span 6 =     0.0091,     2.7669       
# span 7 =     0.9126,     1.2156       
# span 8 =     0.1214,     0.4425       
# span 9 =    89.5287,    97.0105       
# span 10 =    34.8122,    34.9136      
# span 11 = 3.1176e+02, 4.2348e+02      
# span 12 = 9.5696e-02, 3.1535e+02      
# span 13 =      2.000,   1003.000      
# span 14 =    34.8122,    34.9136      
# span 15 =    34.8035,    34.9112      
# span 16 =     6.6827,     6.8743      
# span 17 =    1467.64,    1480.78      
# span 18 = 0.0000e+00, 0.0000e+00      
# interval = meters: 1                  
# start_time = Jul 09 2016 12:15:52 [NMEA time, first data scan]
# bad_flag = -9.990e-29
*END*
[from data line 77]
    936.914     3.4347     3.4344   3.236297   3.235996     2.7417     0.0347     0.9227     0.1236    96.9583    34.8733 3.8667e+02 9.5804e-02    926.000    34.8733    34.8699     6.7244    1479.49 0.0000e+00
    935.899     3.4347     3.4342   3.236254   3.235943     2.7417     0.0290     0.9237     0.1234    96.9618    34.8732 3.8742e+02 9.5744e-02    925.000    34.8732    34.8700     6.7236    1479.48 0.0000e+00
    934.885     3.4348     3.4347   3.236214   3.235926     2.7418     0.0281     0.9251     0.1234    96.9623    34.8732 3.8680e+02 9.5816e-02    924.000    34.8732    34.8699     6.7230    1479.46 0.0000e+00
    933.871     3.4353     3.4350   3.236206   3.235916     2.7418     0.0349     0.9322     0.1222    96.9919    34.8731 3.8670e+02 9.5722e-02    923.000    34.8731    34.8699     6.7220    1479.45 0.0000e+00
    932.857     3.4357     3.4356   3.236222   3.235932     2.7417     0.0465     0.9325     0.1233    96.9655    34.8734 3.8608e+02 9.5774e-02    922.000    34.8734    34.8700     6.7206    1479.43 0.0000e+00
    931.843     3.4358     3.4358   3.236188   3.235907     2.7421     0.0326     0.9322     0.1239    96.9511    34.8734 3.8655e+02 9.5768e-02    921.000    34.8734    34.8700     6.7211    1479.41 0.0000e+00
    930.829     3.4358     3.4358   3.236153   3.235878     2.7427     0.0299     0.9306     0.1254    96.9140    34.8736 3.8698e+02 9.5788e-02    920.000    34.8736    34.8702     6.7221    1479.40 0.0000e+00
    929.815     3.4362     3.4359   3.236152   3.235850     2.7430     0.0350     0.9266     0.1227    96.9788    34.8736 3.8730e+02 9.5748e-02    919.000    34.8736    34.8703     6.7221    1479.38 0.0000e+00
    928.801     3.4364     3.4360   3.236113   3.235798     2.7430     0.0343     0.9268     0.1238    96.9520    34.8734 3.8722e+02 9.5804e-02    918.000    34.8734    34.8701     6.7211    1479.37 0.0000e+00
    927.787     3.4367     3.4365   3.236093   3.235795     2.7431     0.0255     0.9209     0.1235    96.9600    34.8734 3.8661e+02 9.5717e-02    917.000    34.8734    34.8701     6.7203    1479.35 0.0000e+00
    926.773     3.4371     3.4369   3.236094   3.235803     2.7436     0.0403     0.9258     0.1228    96.9759    34.8736 3.8536e+02 9.5785e-02    916.000    34.8736    34.8703     6.7209    1479.34 0.0000e+00
    925.759     3.4370     3.4367   3.236035   3.235738     2.7440     0.0180     0.9230     0.1222    96.9900    34.8735 3.8623e+02 9.5751e-02    915.000    34.8735    34.8702     6.7215    1479.32 0.0000e+00
    924.745     3.4373     3.4375   3.236014   3.235754     2.7447     0.0174     0.9563     0.1224    96.9871    34.8734 3.8616e+02 9.5754e-02    914.000    34.8734    34.8701     6.7227    1479.30 0.0000e+00
    923.731     3.4380     3.4379   3.236042   3.235766     2.7451     0.0483     1.0713     0.1230    96.9712    34.8735 3.8694e+02 9.5781e-02    913.000    34.8735    34.8703     6.7230    1479.29 0.0000e+00
    922.717     3.4385     3.4383   3.236042   3.235754     2.7451     0.0374     0.9545     0.1244    96.9381    34.8736 3.8706e+02 9.5754e-02    912.000    34.8736    34.8703     6.7219    1479.28 0.0000e+00
    921.703     3.4385     3.4382   3.236015   3.235714     2.7452     0.0280     0.9352     0.1226    96.9817    34.8738 3.8662e+02 9.5743e-02    911.000    34.8738    34.8704     6.7214    1479.26 0.0000e+00
    920.689     3.4384     3.4384   3.235963   3.235685     2.7458     0.0227     0.9382     0.1237    96.9548    34.8738 3.8565e+02 9.5830e-02    910.000    34.8738    34.8704     6.7222    1479.24 0.0000e+00
    919.675     3.4384     3.4382   3.235929   3.235641     2.7466     0.0239     0.9294     0.1232    96.9669    34.8739 3.8556e+02 9.5804e-02    909.000    34.8739    34.8706     6.7239    1479.22 0.0000e+00
    918.661     3.4385     3.4382   3.235889   3.235592     2.7467     0.0353     0.9196     0.1230    96.9722    34.8738 3.8580e+02 9.5751e-02    908.000    34.8738    34.8706     6.7233    1479.21 0.0000e+00
    917.647     3.4386     3.4384   3.235855   3.235544     2.7468     0.0397     0.9200     0.1234    96.9610    34.8738 3.8489e+02 9.5749e-02    907.000    34.8738    34.8703     6.7226    1479.19 0.0000e+00
    916.633     3.4387     3.4385   3.235819   3.235525     2.7468     0.0468     0.9200     0.1228    96.9770    34.8738 3.8591e+02 9.5776e-02    906.000    34.8738    34.8705     6.7216    1479.18 0.0000e+00
    915.620     3.4387     3.4384   3.235780   3.235477     2.7468     0.0364     0.9289     0.1232    96.9668    34.8739 3.8606e+02 9.5830e-02    905.000    34.8739    34.8705     6.7210    1479.16 0.0000e+00
    914.606     3.4386     3.4384   3.235733   3.235431     2.7470     0.0349     0.9302     0.1243    96.9401    34.8740 3.8596e+02 9.5756e-02    904.000    34.8740    34.8706     6.7205    1479.14 0.0000e+00
    913.592     3.4385     3.4384   3.235681   3.235397     2.7477     0.0288     0.9352     0.1245    96.9345    34.8739 3.8600e+02 9.5814e-02    903.000    34.8739    34.8706     6.7219    1479.12 0.0000e+00
    912.578     3.4385     3.4385   3.235638   3.235345     2.7482     0.0329     0.9226     0.1234    96.9632    34.8740 3.8587e+02 9.5803e-02    902.000    34.8740    34.8704     6.7227    1479.11 0.0000e+00
    911.564     3.4386     3.4384   3.235598   3.235296     2.7482     0.0224     0.9288     0.1231    96.9692    34.8739 3.8573e+02 9.5810e-02    901.000    34.8739    34.8705     6.7217    1479.09 0.0000e+00
    910.550     3.4388     3.4386   3.235561   3.235263     2.7485     0.0340     0.9325     0.1231    96.9703    34.8738 3.8555e+02 9.5803e-02    900.000    34.8738    34.8704     6.7217    1479.08 0.0000e+00
    909.536     3.4390     3.4389   3.235552   3.235250     2.7490     0.0251     0.9230     0.1234    96.9628    34.8740 3.8582e+02 9.5797e-02    899.000    34.8740    34.8705     6.7222    1479.06 0.0000e+00
    908.522     3.4390     3.4389   3.235501   3.235222     2.7492     0.0228     0.9251     0.1235    96.9600    34.8740 3.8627e+02 9.5808e-02    898.000    34.8740    34.8707     6.7221    1479.04 0.0000e+00
    907.508     3.4389     3.4387   3.235455   3.235162     2.7493     0.0226     0.9284     0.1229    96.9734    34.8740 3.8509e+02 9.5803e-02    897.000    34.8740    34.8707     6.7216    1479.03 0.0000e+00
    906.494     3.4390     3.4387   3.235430   3.235116     2.7494     0.0226     0.9278     0.1243    96.9395    34.8741 3.8528e+02 9.5774e-02    896.000    34.8741    34.8707     6.7209    1479.01 0.0000e+00
    905.480     3.4391     3.4390   3.235385   3.235050     2.7495     0.0236     0.9281     0.1221    96.9937    34.8740 3.8548e+02 9.5792e-02    895.000    34.8740    34.8701     6.7203    1478.99 0.0000e+00
    904.466     3.4395     3.4394   3.235376   3.235090     2.7497     0.0351     0.9323     0.1236    96.9584    34.8740 3.8618e+02 9.5741e-02    894.000    34.8740    34.8707     6.7200    1478.98 0.0000e+00
    903.452     3.4395     3.4393   3.235336   3.235032     2.7504     0.0471     0.9202     0.1232    96.9658    34.8740 3.8708e+02 9.5807e-02    893.000    34.8740    34.8706     6.7211    1478.96 0.0000e+00
    902.439     3.4396     3.4393   3.235297   3.234996     2.7507     0.0361     0.9311     0.1232    96.9680    34.8740 3.8739e+02 9.5791e-02    892.000    34.8740    34.8707     6.7214    1478.94 0.0000e+00
    901.425     3.4398     3.4397   3.235281   3.234990     2.7515     0.0348     0.9322     0.1227    96.9789    34.8741 3.8662e+02 9.5755e-02    891.000    34.8741    34.8707     6.7228    1478.93 0.0000e+00
    900.411     3.4402     3.4399   3.235276   3.234972     2.7524     0.0348     0.9297     0.1230    96.9723    34.8741 3.8551e+02 9.5770e-02    890.000    34.8741    34.8708     6.7246    1478.91 0.0000e+00
    899.397     3.4409     3.4405   3.235284   3.234973     2.7529     0.0348     0.9383     0.1227    96.9792    34.8741 3.8508e+02 9.5803e-02    889.000    34.8741    34.8708     6.7253    1478.90 0.0000e+00
    898.383     3.4419     3.4417   3.235342   3.235019     2.7528     0.0348     0.9327     0.1233    96.9652    34.8742 3.8557e+02 9.5811e-02    888.000    34.8742    34.8705     6.7238    1478.89 0.0000e+00
    897.369     3.4427     3.4425   3.235367   3.235084     2.7536     0.0355     0.9256     0.1224    96.9863    34.8742 3.8590e+02 9.5779e-02    887.000    34.8742    34.8710     6.7253    1478.87 0.0000e+00
    896.355     3.4431     3.4431   3.235383   3.235104     2.7543     0.0341     0.9216     0.1227    96.9788    34.8744 3.8720e+02 9.5803e-02    886.000    34.8744    34.8711     6.7264    1478.86 0.0000e+00
    895.341     3.4436     3.4433   3.235387   3.235090     2.7549     0.0230     0.9318     0.1233    96.9635    34.8745 3.8754e+02 9.5768e-02    885.000    34.8745    34.8713     6.7272    1478.84 0.0000e+00
    894.328     3.4438     3.4434   3.235383   3.235075     2.7553     0.0321     0.9280     0.1230    96.9722    34.8748 3.8687e+02 9.5763e-02    884.000    34.8748    34.8715     6.7277    1478.83 0.0000e+00
    893.314     3.4442     3.4438   3.235352   3.235035     2.7554     0.0450     0.9326     0.1237    96.9545    34.8746 3.8627e+02 9.5799e-02    883.000    34.8746    34.8711     6.7270    1478.81 0.0000e+00
    892.300     3.4444     3.4442   3.235325   3.235023     2.7552     0.0346     0.9325     0.1223    96.9879    34.8745 3.8636e+02 9.5753e-02    882.000    34.8745    34.8711     6.7254    1478.80 0.0000e+00
    891.286     3.4448     3.4449   3.235346   3.235064     2.7555     0.0348     0.9202     0.1242    96.9418    34.8748 3.8697e+02 9.5811e-02    881.000    34.8748    34.8714     6.7254    1478.78 0.0000e+00
    890.272     3.4450     3.4448   3.235310   3.235029     2.7560     0.0260     0.9337     0.1236    96.9580    34.8747 3.8737e+02 9.5779e-02    880.000    34.8747    34.8716     6.7259    1478.77 0.0000e+00
    889.258     3.4451     3.4452   3.235280   3.235004     2.7564     0.0144     0.9314     0.1230    96.9715    34.8748 3.8738e+02 9.5770e-02    879.000    34.8748    34.8714     6.7264    1478.75 0.0000e+00
    888.245     3.4453     3.4451   3.235243   3.234959     2.7571     0.0256     0.9228     0.1229    96.9741    34.8746 3.8756e+02 9.5836e-02    878.000    34.8746    34.8715     6.7275    1478.74 0.0000e+00
    887.231     3.4454     3.4453   3.235216   3.234930     2.7574     0.0346     0.9246     0.1226    96.9811    34.8748 3.8789e+02 9.5804e-02    877.000    34.8748    34.8715     6.7277    1478.72 0.0000e+00
    886.217     3.4453     3.4452   3.235183   3.234888     2.7577     0.0348     0.9309     0.1233    96.9653    34.8750 3.8783e+02 9.5818e-02    876.000    34.8750    34.8717     6.7276    1478.70 0.0000e+00
    885.203     3.4455     3.4450   3.235137   3.234825     2.7579     0.0242     0.9284     0.1231    96.9705    34.8748 3.8714e+02 9.5777e-02    875.000    34.8748    34.8716     6.7273    1478.69 0.0000e+00
    884.189     3.4457     3.4459   3.235105   3.234842     2.7579     0.0226     0.9284     0.1220    96.9960    34.8747 3.8801e+02 9.5819e-02    874.000    34.8747    34.8714     6.7266    1478.67 0.0000e+00
    883.176     3.4466     3.4471   3.235162   3.234916     2.7578     0.0429     0.9319     0.1234    96.9613    34.8750 3.8797e+02 9.5825e-02    873.000    34.8750    34.8715     6.7251    1478.66 0.0000e+00
    882.162     3.4475     3.4476   3.235208   3.234935     2.7578     0.0409     0.9261     0.1237    96.9540    34.8751 3.8778e+02 9.5803e-02    872.000    34.8751    34.8717     6.7240    1478.64 0.0000e+00
    881.148     3.4480     3.4485   3.235226   3.234957     2.7582     0.0347     0.9237     0.1243    96.9408    34.8753 3.8801e+02 9.5771e-02    871.000    34.8753    34.8716     6.7241    1478.63 0.0000e+00
    880.134     3.4493     3.4488   3.235298   3.234975     2.7584     0.0348     0.9341     0.1233    96.9642    34.8753 3.8845e+02 9.5877e-02    870.000    34.8753    34.8720     6.7238    1478.62 0.0000e+00
    879.120     3.4490     3.4490   3.235234   3.234960     2.7587     0.0348     0.9352     0.1226    96.9808    34.8754 3.8889e+02 9.5755e-02    869.000    34.8754    34.8721     6.7239    1478.60 0.0000e+00
    878.107     3.4497     3.4493   3.235247   3.234931     2.7591     0.0348     0.9291     0.1230    96.9711    34.8754 3.8896e+02 9.5787e-02    868.000    34.8754    34.8720     6.7241    1478.59 0.0000e+00
    877.093     3.4517     3.4514   3.235350   3.235067     2.7593     0.0353     0.9324     0.1229    96.9738    34.8750 3.8912e+02 9.5774e-02    867.000    34.8750    34.8719     6.7234    1478.58 0.0000e+00
    876.079     3.4537     3.4537   3.235543   3.235248     2.7592     0.0354     0.9211     0.1223    96.9893    34.8757 3.8828e+02 9.5733e-02    866.000    34.8757    34.8721     6.7217    1478.57 0.0000e+00
    875.065     3.4545     3.4543   3.235585   3.235294     2.7592     0.0355     0.9294     0.1237    96.9558    34.8758 3.8959e+02 9.5840e-02    865.000    34.8758    34.8726     6.7208    1478.56 0.0000e+00
    874.052     3.4551     3.4545   3.235600   3.235268     2.7591     0.0348     0.9322     0.1229    96.9745    34.8759 3.8995e+02 9.5844e-02    864.000    34.8759    34.8726     6.7195    1478.54 0.0000e+00
    873.038     3.4560     3.4556   3.235652   3.235319     2.7594     0.0327     0.9301     0.1224    96.9853    34.8761 3.8980e+02 9.5803e-02    863.000    34.8761    34.8726     6.7192    1478.53 0.0000e+00
    872.024     3.4576     3.4571   3.235760   3.235420     2.7596     0.0215     0.9188     0.1226    96.9809    34.8762 3.9007e+02 9.5847e-02    862.000    34.8762    34.8727     6.7188    1478.52 0.0000e+00
    871.010     3.4574     3.4564   3.235720   3.235345     2.7597     0.0450     0.9269     0.1231    96.9694    34.8765 3.9057e+02 9.5739e-02    861.000    34.8765    34.8731     6.7180    1478.50 0.0000e+00
    869.997     3.4581     3.4579   3.235755   3.235457     2.7601     0.0411     0.9275     0.1226    96.9805    34.8767 3.9150e+02 9.5767e-02    860.000    34.8767    34.8734     6.7182    1478.49 0.0000e+00
    868.983     3.4588     3.4583   3.235756   3.235430     2.7605     0.0346     0.9323     0.1227    96.9795    34.8765 3.9165e+02 9.5783e-02    859.000    34.8765    34.8731     6.7186    1478.48 0.0000e+00
    867.969     3.4590     3.4582   3.235731   3.235395     2.7606     0.0348     0.9325     0.1222    96.9922    34.8765 3.9146e+02 9.5758e-02    858.000    34.8765    34.8734     6.7181    1478.46 0.0000e+00
    866.955     3.4613     3.4611   3.235897   3.235592     2.7607     0.0348     0.9273     0.1228    96.9756    34.8766 3.9012e+02 9.5784e-02    857.000    34.8766    34.8732     6.7170    1478.45 0.0000e+00
    865.942     3.4619     3.4619   3.235927   3.235659     2.7606     0.0257     0.9277     0.1233    96.9633    34.8768 3.9144e+02 9.5817e-02    856.000    34.8768    34.8737     6.7158    1478.44 0.0000e+00
    864.928     3.4620     3.4618   3.235893   3.235613     2.7610     0.0224     0.9288     0.1234    96.9619    34.8769 3.9190e+02 9.5856e-02    855.000    34.8769    34.8737     6.7159    1478.42 0.0000e+00
    863.914     3.4618     3.4619   3.235851   3.235579     2.7617     0.0251     0.9316     0.1246    96.9320    34.8771 3.9244e+02 9.5760e-02    854.000    34.8771    34.8737     6.7173    1478.41 0.0000e+00
    862.901     3.4617     3.4615   3.235806   3.235515     2.7617     0.0347     0.9271     0.1236    96.9566    34.8772 3.9303e+02 9.5731e-02    853.000    34.8772    34.8739     6.7164    1478.39 0.0000e+00
    861.887     3.4619     3.4615   3.235778   3.235462     2.7616     0.0296     0.9294     0.1231    96.9705    34.8772 3.9319e+02 9.5774e-02    852.000    34.8772    34.8739     6.7152    1478.37 0.0000e+00
