Ship_data/Irminger/Irminger-3/ctd/process/uar0701004.cnv
* Sea-Bird SBE 9 Data File:
* FileName = D:\Data\ar0701004.hdr
* Software Version Seasave V 7.23.2
* Temperature SN = 4406
* Conductivity SN = 3042
* Number of Bytes Per Scan = 44
* Number of Voltage Words = 5
* Number of Scans Averaged by the Deck Unit = 1
* NMEA Latitude = 51 58.27 N
* NMEA Longitude = 045 45.89 W
* NMEA UTC (Time) = Jul 06 2016  17:02:22
**  Release test
** Chief Scientist: George Tupper
** Station ID 004
# nquan = 19
# nvalues = 2504                        
# units = specified
# name 0 = prDM: Pressure, Digiquartz [db]
# name 1 = t090C: Temperature [ITS-90, deg C]
# name 2 = t190C: Temperature, 2 [ITS-90, deg C]
# name 3 = c0S/m: Conductivity [S/m]
# name 4 = c1S/m: Conductivity, 2 [S/m]
# name 5 = sbeox0V: Oxygen raw, SBE 43 [V]
# name 6 = flECO-AFL: Fluorescence, WET Labs ECO-AFL/FL [mg/m^3]
# name 7 = turbWETntu0: Turbidity, WET Labs ECO [NTU]
# name 8 = CStarAt0: Beam Attenuation, WET Labs C-Star [1/m]
# name 9 = CStarTr0: Beam Transmission, WET Labs C-Star [%]
# name 10 = sal00: Salinity, Practical [PSU]
# name 11 = spar: SPAR/Surface Irradiance
# name 12 = par: PAR/Irradiance, Biospherical/Licor
# name 13 = depSM: Depth [salt water, m], lat = 51.9712
# name 14 = sal00: Salinity, Practical [PSU]
# name 15 = sal11: Salinity, Practical, 2 [PSU]
# name 16 = sbeox0ML/L: Oxygen, SBE 43 [ml/l], WS = 2
# name 17 = svCM: Sound Velocity [Chen-Millero, m/s]
# name 18 = flag: flag
# span 0 =      2.018,   2542.408       
# span 1 =     2.9147,    10.9471       
# span 2 =     2.9130,    10.9410       
# span 3 =   3.249806,   3.828701       
# span 4 =   3.249432,   3.827899       
# span 5 =     2.1542,     3.3406       
# span 6 =     0.0106,     2.6857       
# span 7 =     0.9094,     1.1106       
# span 8 =     0.1251,     0.7906       
# span 9 =    82.0650,    96.9219       
# span 10 =    34.2698,    34.9287      
# span 11 = 2.9247e+02, 6.3674e+02      
# span 12 = 9.5400e-02, 9.5400e-02      
# span 13 =      2.000,   2505.000      
# span 14 =    34.2698,    34.9287      
# span 15 =    34.2675,    34.9254      
# span 16 =     5.5907,     6.4358      
# span 17 =    1471.42,    1504.24      
# span 18 = 0.0000e+00, 0.0000e+00      
# interval = meters: 1                  
# start_time = Jul 06 2016 17:03:14 [NMEA time, first data scan]
# bad_flag = -9.990e-29
*END*
[from data line 2362]
    144.313     5.0818     5.0853   3.328791   3.330043     2.7151     0.0348     0.9197     0.1418    96.5162    34.6439 3.5993e+02 9.5400e-02    143.000    34.6439    34.6548     5.7413    1472.97 0.0000e+00
    143.303     5.0309     5.0396   3.323258   3.324303     2.7138     0.0348     0.9183     0.1424    96.5016    34.6334 3.5883e+02 9.5400e-02    142.000    34.6334    34.6364     5.7452    1472.74 0.0000e+00
    142.294     5.0412     5.0378   3.323796   3.323231     2.7126     0.0348     0.9138     0.1427    96.4942    34.6294 3.5672e+02 9.5400e-02    141.000    34.6294    34.6264     5.7397    1472.76 0.0000e+00
    141.284     5.0499     5.0509   3.324394   3.324063     2.7121     0.0348     0.9145     0.1430    96.4893    34.6278 3.5535e+02 9.5400e-02    140.000    34.6278    34.6229     5.7364    1472.78 0.0000e+00
    140.275     5.0556     5.0539   3.324858   3.324547     2.7123     0.0469     0.9199     0.1434    96.4793    34.6278 3.5706e+02 9.5400e-02    139.000    34.6278    34.6260     5.7354    1472.78 0.0000e+00
    139.265     5.0527     5.0507   3.324412   3.324112     2.7145     0.0470     0.9216     0.1448    96.4450    34.6261 3.5706e+02 9.5400e-02    138.000    34.6261    34.6248     5.7411    1472.75 0.0000e+00
    138.256     5.0565     5.0511   3.324314   3.323765     2.7196     0.0470     0.9260     0.1435    96.4754    34.6216 3.5653e+02 9.5400e-02    137.000    34.6216    34.6209     5.7538    1472.74 0.0000e+00
    137.246     5.0581     5.0563   3.324871   3.324440     2.7289     0.0470     0.9156     0.1431    96.4852    34.6269 3.5345e+02 9.5400e-02    136.000    34.6269    34.6238     5.7776    1472.74 0.0000e+00
    136.237     5.0542     5.0494   3.324343   3.323812     2.7312     0.0427     0.9138     0.1430    96.4879    34.6254 3.5451e+02 9.5400e-02    135.000    34.6254    34.6243     5.7836    1472.71 0.0000e+00
    135.227     5.0562     5.0521   3.324351   3.323863     2.7335     0.0428     0.9138     0.1432    96.4826    34.6240 3.5522e+02 9.5400e-02    134.000    34.6240    34.6226     5.7887    1472.70 0.0000e+00
    134.218     5.0743     5.0639   3.325149   3.324229     2.7347     0.0471     0.9138     0.1438    96.4681    34.6149 3.5471e+02 9.5400e-02    133.000    34.6149    34.6151     5.7889    1472.74 0.0000e+00
    133.208     5.0535     5.0525   3.322499   3.322741     2.7358     0.0417     0.9138     0.1442    96.4587    34.6064 3.5321e+02 9.5400e-02    132.000    34.6064    34.6102     5.7946    1472.63 0.0000e+00
    132.199     5.0457     5.0401   3.321181   3.320412     2.7358     0.0348     0.9138     0.1441    96.4628    34.5998 3.5119e+02 9.5400e-02    131.000    34.5998    34.5967     5.7952    1472.57 0.0000e+00
    131.189     5.0535     5.0553   3.321499   3.321134     2.7358     0.0426     0.9177     0.1443    96.4564    34.5959 3.5044e+02 9.5400e-02    130.000    34.5959    34.5898     5.7934    1472.58 0.0000e+00
    130.180     5.0583     5.0613   3.321775   3.321597     2.7358     0.0469     0.9199     0.1441    96.4625    34.5946 3.4950e+02 9.5400e-02    129.000    34.5946    34.5895     5.7919    1472.58 0.0000e+00
    129.170     5.0622     5.0616   3.322001   3.321653     2.7365     0.0470     0.9200     0.1441    96.4607    34.5937 3.4662e+02 9.5400e-02    128.000    34.5937    34.5904     5.7926    1472.58 0.0000e+00
    128.161     5.0655     5.0659   3.322226   3.321892     2.7390     0.0470     0.9200     0.1446    96.4503    34.5935 3.4860e+02 9.5400e-02    127.000    34.5935    34.5892     5.7979    1472.58 0.0000e+00
    127.151     5.0765     5.0773   3.323160   3.322932     2.7429     0.0470     0.9266     0.1455    96.4279    34.5934 3.4888e+02 9.5400e-02    126.000    34.5934    34.5899     5.8061    1472.61 0.0000e+00
    126.142     5.0836     5.0834   3.323770   3.323479     2.7512     0.0399     0.9224     0.1449    96.4415    34.5936 3.4926e+02 9.5400e-02    125.000    34.5936    34.5904     5.8267    1472.62 0.0000e+00
    125.132     5.1357     5.1550   3.328596   3.330352     2.7605     0.0453     0.9094     0.1443    96.4572    34.5958 3.5069e+02 9.5400e-02    124.000    34.5958    34.5961     5.8427    1472.82 0.0000e+00
    124.123     5.0948     5.0755   3.324710   3.322538     2.7607     0.0471     0.9140     0.1442    96.4600    34.5939 3.5034e+02 9.5400e-02    123.000    34.5939    34.5888     5.8488    1472.63 0.0000e+00
    123.114     5.1544     5.1445   3.330062   3.328410     2.7602     0.0470     0.9203     0.1442    96.4589    34.5944 3.5009e+02 9.5400e-02    122.000    34.5944    34.5856     5.8378    1472.86 0.0000e+00
    122.104     5.1540     5.1596   3.329919   3.329709     2.7617     0.0470     0.9183     0.1465    96.4032    34.5937 3.4902e+02 9.5400e-02    121.000    34.5937    34.5855     5.8409    1472.84 0.0000e+00
    121.095     5.1636     5.1646   3.330147   3.329885     2.7626     0.0470     0.9140     0.1452    96.4350    34.5870 3.4829e+02 9.5400e-02    120.000    34.5870    34.5829     5.8414    1472.85 0.0000e+00
    120.085     5.1628     5.1641   3.329629   3.329515     2.7632     0.0413     0.9138     0.1458    96.4215    34.5823 3.4350e+02 9.5400e-02    119.000    34.5823    34.5797     5.8425    1472.83 0.0000e+00
    119.076     5.1618     5.1603   3.329442   3.329348     2.7640     0.0347     0.9138     0.1452    96.4346    34.5817 3.4489e+02 9.5400e-02    118.000    34.5817    34.5822     5.8443    1472.81 0.0000e+00
    118.066     5.1635     5.1625   3.329161   3.329010     2.7656     0.0453     0.9191     0.1461    96.4130    34.5773 3.4381e+02 9.5400e-02    117.000    34.5773    34.5766     5.8475    1472.79 0.0000e+00
    117.057     5.1666     5.1784   3.329358   3.329939     2.7686     0.0400     0.9199     0.1456    96.4261    34.5769 3.4436e+02 9.5400e-02    116.000    34.5769    34.5713     5.8543    1472.79 0.0000e+00
    116.048     5.1832     5.1763   3.330714   3.329811     2.7729     0.0348     0.9200     0.1457    96.4233    34.5759 3.4615e+02 9.5400e-02    115.000    34.5759    34.5726     5.8627    1472.84 0.0000e+00
    115.038     5.2326     5.2081   3.334804   3.332422     2.7805     0.0466     0.9187     0.1457    96.4227    34.5724 3.4747e+02 9.5400e-02    114.000    34.5724    34.5702     5.8747    1473.01 0.0000e+00
    114.029     5.2542     5.2534   3.336699   3.336370     2.7936     0.0498     0.9154     0.1449    96.4420    34.5723 3.4723e+02 9.5400e-02    113.000    34.5723    34.5695     5.9056    1473.09 0.0000e+00
    113.020     5.2512     5.2448   3.336416   3.335740     2.7975     0.0470     0.9199     0.1456    96.4255    34.5728 3.4493e+02 9.5400e-02    112.000    34.5728    34.5716     5.9158    1473.06 0.0000e+00
    112.010     5.2531     5.2441   3.336465   3.335333     2.7998     0.0470     0.9200     0.1457    96.4219    34.5719 3.4484e+02 9.5400e-02    111.000    34.5719    34.5681     5.9210    1473.05 0.0000e+00
    111.001     5.2371     5.2381   3.334790   3.334984     2.8010     0.0470     0.9200     0.1471    96.3890    34.5697 3.4476e+02 9.5400e-02    110.000    34.5697    34.5708     5.9259    1472.96 0.0000e+00
    109.991     5.1826     5.1699   3.328989   3.328129     2.8021     0.0470     0.9258     0.1477    96.3744    34.5597 3.4382e+02 9.5400e-02    109.000    34.5597    34.5630     5.9367    1472.71 0.0000e+00
    108.982     5.1573     5.1626   3.326135   3.326523     2.8027     0.0416     0.9236     0.1484    96.3570    34.5536 3.4377e+02 9.5400e-02    108.000    34.5536    34.5525     5.9419    1472.59 0.0000e+00
    107.973     5.1431     5.1359   3.324313   3.323990     2.8048     0.0450     0.9181     0.1489    96.3451    34.5478 3.4435e+02 9.5400e-02    107.000    34.5478    34.5515     5.9492    1472.51 0.0000e+00
    106.963     5.1212     5.1222   3.321905   3.321873     2.8100     0.0589     0.9177     0.1493    96.3353    34.5431 3.4519e+02 9.5400e-02    106.000    34.5431    34.5417     5.9659    1472.39 0.0000e+00
    105.954     5.1222     5.1271   3.321757   3.322008     2.8254     0.0509     0.9243     0.1488    96.3482    34.5410 3.4424e+02 9.5400e-02    105.000    34.5410    34.5387     6.0062    1472.38 0.0000e+00
    104.945     5.1408     5.1347   3.322166   3.321665     2.8392     0.0510     0.9212     0.1489    96.3460    34.5269 3.4140e+02 9.5400e-02    104.000    34.5269    34.5275     6.0402    1472.42 0.0000e+00
    103.935     5.1390     5.1383   3.322394   3.322277     2.8403     0.0463     0.9238     0.1492    96.3399    34.5320 3.4169e+02 9.5400e-02    103.000    34.5320    34.5314     6.0424    1472.40 0.0000e+00
    102.926     5.1941     5.1871   3.327265   3.326478     2.8496     0.0498     0.9190     0.1498    96.3236    34.5317 3.3160e+02 9.5400e-02    102.000    34.5317    34.5298     6.0578    1472.61 0.0000e+00
    101.917     5.2417     5.2308   3.331633   3.330393     2.8503     0.0465     0.9191     0.1500    96.3188    34.5333 3.2835e+02 9.5400e-02    101.000    34.5333    34.5303     6.0511    1472.79 0.0000e+00
    100.907     5.2564     5.2449   3.332905   3.331512     2.8486     0.0399     0.9199     0.1504    96.3099    34.5333 3.2967e+02 9.5400e-02    100.000    34.5333    34.5292     6.0435    1472.83 0.0000e+00
     99.898     5.2784     5.2689   3.335031   3.333889     2.8484     0.0510     0.9226     0.1503    96.3111    34.5355 3.2866e+02 9.5400e-02     99.000    34.5355    34.5322     6.0388    1472.91 0.0000e+00
     98.889     5.2902     5.2669   3.336023   3.333635     2.8469     0.0466     0.9197     0.1506    96.3047    34.5354 3.3033e+02 9.5400e-02     98.000    34.5354    34.5319     6.0322    1472.94 0.0000e+00
     97.879     5.3327     5.2971   3.339822   3.336144     2.8477     0.0478     0.9200     0.1506    96.3042    34.5356 3.3008e+02 9.5400e-02     97.000    34.5356    34.5301     6.0268    1473.09 0.0000e+00
     96.870     5.3930     5.3376   3.345076   3.339339     2.8491     0.0594     0.9137     0.1508    96.2991    34.5343 3.3021e+02 9.5400e-02     96.000    34.5343    34.5256     6.0204    1473.32 0.0000e+00
     95.861     5.4507     5.4445   3.350379   3.349298     2.8522     0.0415     0.9202     0.1514    96.2859    34.5362 3.3027e+02 9.5400e-02     95.000    34.5362    34.5301     6.0189    1473.53 0.0000e+00
     94.851     5.4585     5.4265   3.351107   3.347612     2.8530     0.0593     0.9199     0.1517    96.2777    34.5370 3.2828e+02 9.5400e-02     94.000    34.5370    34.5299     6.0188    1473.55 0.0000e+00
     93.842     5.4817     5.4813   3.353094   3.352107     2.8536     0.0592     0.9200     0.1522    96.2662    34.5364 3.3059e+02 9.5400e-02     93.000    34.5364    34.5255     6.0162    1473.63 0.0000e+00
     92.833     5.5256     5.4999   3.357101   3.354629     2.8587     0.0455     0.9171     0.1518    96.2755    34.5375 3.3098e+02 9.5400e-02     92.000    34.5375    34.5357     6.0220    1473.79 0.0000e+00
     91.824     5.5376     5.5250   3.358203   3.356424     2.8637     0.0497     0.9186     0.1522    96.2670    34.5383 3.3063e+02 9.5400e-02     91.000    34.5383    34.5309     6.0324    1473.82 0.0000e+00
     90.814     5.5537     5.5500   3.359704   3.358817     2.8648     0.0589     0.9148     0.1528    96.2531    34.5394 3.3054e+02 9.5400e-02     90.000    34.5394    34.5331     6.0320    1473.87 0.0000e+00
     89.805     5.5758     5.5661   3.361589   3.360508     2.8669     0.0479     0.9196     0.1524    96.2626    34.5387 3.3019e+02 9.5400e-02     89.000    34.5387    34.5363     6.0335    1473.94 0.0000e+00
     88.796     5.5815     5.5695   3.362150   3.360889     2.8708     0.0503     0.9193     0.1528    96.2509    34.5398 3.3210e+02 9.5400e-02     88.000    34.5398    34.5377     6.0421    1473.95 0.0000e+00
     87.787     5.5696     5.5821   3.361043   3.361648     2.8735     0.0499     0.9151     0.1533    96.2405    34.5399 3.3267e+02 9.5400e-02     87.000    34.5399    34.5340     6.0502    1473.88 0.0000e+00
     86.777     5.7203     5.6267   3.374186   3.365506     2.8745     0.0499     0.9324     0.1555    96.1882    34.5355 3.3287e+02 9.5400e-02     86.000    34.5355    34.5327     6.0291    1474.47 0.0000e+00
     85.768     6.1165     6.0502   3.411074   3.401897     2.8854     0.0502     0.9175     0.1546    96.2083    34.5484 3.3006e+02 9.5400e-02     85.000    34.5484    34.5125     5.9955    1476.04 0.0000e+00
     84.759     6.1339     6.1227   3.414602   3.414033     2.8948     0.0595     0.9164     0.1551    96.1965    34.5709 3.2995e+02 9.5400e-02     84.000    34.5709    34.5759     6.0156    1476.12 0.0000e+00
     83.750     6.2845     6.2523   3.428866   3.424117     2.9005     0.0557     0.9200     0.1564    96.1649    34.5783 3.3057e+02 9.5400e-02     83.000    34.5783    34.5577     6.0065    1476.71 0.0000e+00
     82.740     6.2917     6.2766   3.430019   3.428160     2.9102     0.0479     0.9200     0.1568    96.1552    34.5844 3.3421e+02 9.5400e-02     82.000    34.5844    34.5789     6.0295    1476.73 0.0000e+00
     81.731     6.2944     6.2821   3.430705   3.429086     2.9335     0.0530     0.9228     0.1571    96.1495    34.5898 3.3220e+02 9.5400e-02     81.000    34.5898    34.5842     6.0884    1476.73 0.0000e+00
     80.722     6.2839     6.2801   3.429637   3.429239     2.9363     0.0470     0.9185     0.1574    96.1415    34.5890 3.3330e+02 9.5400e-02     80.000    34.5890    34.5885     6.0966    1476.67 0.0000e+00
     79.713     6.2516     6.2491   3.425899   3.425625     2.9375     0.0470     0.9138     0.1581    96.1246    34.5805 3.3509e+02 9.5400e-02     79.000    34.5805    34.5800     6.1043    1476.52 0.0000e+00
     78.703     6.2371     6.2352   3.423762   3.423172     2.9383     0.0557     0.9183     0.1575    96.1385    34.5718 3.3541e+02 9.5400e-02     78.000    34.5718    34.5671     6.1082    1476.43 0.0000e+00
     77.694     6.2398     6.2477   3.423664   3.423762     2.9408     0.0522     0.9199     0.1584    96.1173    34.5684 3.3237e+02 9.5400e-02     77.000    34.5684    34.5615     6.1135    1476.42 0.0000e+00
     76.685     6.2516     6.2627   3.424381   3.424904     2.9447     0.0532     0.9200     0.1594    96.0927    34.5650 3.3240e+02 9.5400e-02     76.000    34.5650    34.5596     6.1212    1476.45 0.0000e+00
     75.676     6.2713     6.2751   3.426264   3.426286     2.9488     0.0588     0.9200     0.1602    96.0730    34.5666 3.3555e+02 9.5400e-02     75.000    34.5666    34.5630     6.1277    1476.51 0.0000e+00
     74.667     6.3439     6.3423   3.433046   3.432551     2.9572     0.0592     0.9217     0.1594    96.0927    34.5693 3.3591e+02 9.5400e-02     74.000    34.5693    34.5654     6.1375    1476.78 0.0000e+00
     73.657     6.3546     6.3534   3.434067   3.433300     2.9623     0.0592     0.9199     0.1594    96.0925    34.5704 3.3599e+02 9.5400e-02     73.000    34.5704    34.5630     6.1481    1476.81 0.0000e+00
     72.648     6.4432     6.4400   3.442339   3.441300     2.9649     0.0592     0.9200     0.1604    96.0691    34.5735 3.3397e+02 9.5400e-02     72.000    34.5735    34.5650     6.1403    1477.15 0.0000e+00
     71.639     6.4474     6.4456   3.442353   3.441942     2.9672     0.0592     0.9146     0.1620    96.0316    34.5699 3.3402e+02 9.5400e-02     71.000    34.5699    34.5671     6.1449    1477.14 0.0000e+00
     70.630     6.4483     6.4536   3.442214   3.442238     2.9685     0.0592     0.9139     0.1623    96.0231    34.5679 3.3465e+02 9.5400e-02     70.000    34.5679    34.5628     6.1475    1477.13 0.0000e+00
     69.621     6.4588     6.4612   3.443145   3.443021     2.9704     0.0592     0.9138     0.1622    96.0258    34.5681 3.3618e+02 9.5400e-02     69.000    34.5681    34.5644     6.1499    1477.15 0.0000e+00
     68.612     6.4545     6.4497   3.442590   3.441720     2.9780     0.0592     0.9220     0.1620    96.0303    34.5669 3.3970e+02 9.5400e-02     68.000    34.5669    34.5619     6.1693    1477.11 0.0000e+00
