Ship_data/Irminger/Irminger-3/ctd/process/uar0701010.cnv
* Sea-Bird SBE 9 Data File:
* FileName = D:\Data\ar0701010.hdr
* Software Version Seasave V 7.23.2
* Temperature SN = 4406
* Conductivity SN = 3042
* Number of Bytes Per Scan = 44
* Number of Voltage Words = 5
* Number of Scans Averaged by the Deck Unit = 1
* NMEA Latitude = 59 55.71 N
* NMEA Longitude = 039 37.28 W
* NMEA UTC (Time) = Jul 16 2016  20:07:47
** Site Irminger Surface Mooring (old 2015)
** G. Tupper Tupper
** Station # 010
** before old mooring recovery
# nquan = 19
# nvalues = 1501                        
# units = specified
# name 0 = prDM: Pressure, Digiquartz [db]
# name 1 = t090C: Temperature [ITS-90, deg C]
# name 2 = t190C: Temperature, 2 [ITS-90, deg C]
# name 3 = c0S/m: Conductivity [S/m]
# name 4 = c1S/m: Conductivity, 2 [S/m]
# name 5 = sbeox0V: Oxygen raw, SBE 43 [V]
# name 6 = flECO-AFL: Fluorescence, WET Labs ECO-AFL/FL [mg/m^3]
# name 7 = turbWETntu0: Turbidity, WET Labs ECO [NTU]
# name 8 = CStarAt0: Beam Attenuation, WET Labs C-Star [1/m]
# name 9 = CStarTr0: Beam Transmission, WET Labs C-Star [%]
# name 10 = sal00: Salinity, Practical [PSU]
# name 11 = spar: SPAR/Surface Irradiance
# name 12 = par: PAR/Irradiance, Biospherical/Licor
# name 13 = depSM: Depth [salt water, m], lat = 59.9285
# name 14 = sal00: Salinity, Practical [PSU]
# name 15 = sal11: Salinity, Practical, 2 [PSU]
# name 16 = sbeox0ML/L: Oxygen, SBE 43 [ml/l], WS = 2
# name 17 = svCM: Sound Velocity [Chen-Millero, m/s]
# name 18 = flag: flag
# span 0 =      2.019,   1521.823       
# span 1 =     3.4645,     8.4115       
# span 2 =     3.4643,     8.4116       
# span 3 =   3.239509,   3.645225       
# span 4 =   3.239150,   3.644901       
# span 5 =     2.4197,     3.3277       
# span 6 =     0.0094,     1.8981       
# span 7 =     0.8846,     1.1029       
# span 8 =     0.1263,     0.4655       
# span 9 =    89.0142,    96.8909       
# span 10 =    34.8126,    34.9700      
# span 11 = 4.7076e+01, 1.1793e+02      
# span 12 = 9.5400e-02, 9.5400e-02      
# span 13 =      2.000,   1502.000      
# span 14 =    34.8126,    34.9700      
# span 15 =    34.7952,    34.9667      
# span 16 =     6.1320,     6.6947      
# span 17 =    1469.47,    1490.22      
# span 18 = 0.0000e+00, 0.0000e+00      
# interval = meters: 1                  
# start_time = Jul 16 2016 20:10:01 [NMEA time, first data scan]
# bad_flag = -9.990e-29
*END*
[from data line 1067]
    439.605     3.7155     3.7150   3.241772   3.241425     2.8875     0.0348     0.9444     0.1289    96.8294    34.9023 5.3268e+01 9.5400e-02    435.000    34.9023    34.8987     6.6756    1472.51 0.0000e+00
    438.593     3.7158     3.7155   3.241746   3.241427     2.8875     0.0281     0.9405     0.1294    96.8176    34.9022 5.2585e+01 9.5400e-02    434.000    34.9022    34.8988     6.6748    1472.50 0.0000e+00
    437.581     3.7159     3.7155   3.241711   3.241388     2.8876     0.0357     0.9443     0.1294    96.8171    34.9022 5.2787e+01 9.5400e-02    433.000    34.9022    34.8988     6.6740    1472.48 0.0000e+00
    436.570     3.7161     3.7156   3.241676   3.241345     2.8879     0.0314     0.9633     0.1292    96.8204    34.9021 5.3162e+01 9.5400e-02    432.000    34.9021    34.8987     6.6740    1472.46 0.0000e+00
    435.558     3.7163     3.7158   3.241642   3.241306     2.8880     0.0254     0.9458     0.1312    96.7735    34.9021 5.3264e+01 9.5400e-02    431.000    34.9021    34.8986     6.6736    1472.45 0.0000e+00
    434.546     3.7165     3.7161   3.241623   3.241298     2.8882     0.0290     0.9508     0.1293    96.8190    34.9022 5.2886e+01 9.5400e-02    430.000    34.9022    34.8987     6.6731    1472.43 0.0000e+00
    433.535     3.7164     3.7163   3.241572   3.241267     2.8885     0.0348     0.9627     0.1293    96.8189    34.9022 5.3189e+01 9.5400e-02    429.000    34.9022    34.8987     6.6732    1472.42 0.0000e+00
    432.523     3.7160     3.7159   3.241473   3.241181     2.8889     0.0348     0.9547     0.1290    96.8267    34.9020 5.2368e+01 9.5400e-02    428.000    34.9020    34.8986     6.6734    1472.40 0.0000e+00
    431.512     3.7160     3.7155   3.241434   3.241105     2.8895     0.0225     0.9522     0.1295    96.8134    34.9021 5.1954e+01 9.5400e-02    427.000    34.9021    34.8987     6.6744    1472.38 0.0000e+00
    430.500     3.7158     3.7156   3.241386   3.241074     2.8901     0.0185     0.9551     0.1290    96.8275    34.9022 5.2438e+01 9.5400e-02    426.000    34.9022    34.8987     6.6751    1472.36 0.0000e+00
    429.488     3.7164     3.7155   3.241373   3.241021     2.8908     0.0312     0.9589     0.1291    96.8231    34.9020 5.3048e+01 9.5400e-02    425.000    34.9020    34.8987     6.6761    1472.35 0.0000e+00
    428.477     3.7166     3.7158   3.241341   3.240979     2.8909     0.0328     0.9541     0.1293    96.8194    34.9019 5.3199e+01 9.5400e-02    424.000    34.9019    34.8984     6.6756    1472.33 0.0000e+00
    427.465     3.7179     3.7169   3.241421   3.241009     2.8912     0.0264     0.9478     0.1291    96.8251    34.9021 5.3123e+01 9.5400e-02    423.000    34.9021    34.8982     6.6752    1472.32 0.0000e+00
    426.454     3.7193     3.7193   3.241512   3.241212     2.8913     0.0310     0.9476     0.1305    96.7899    34.9022 5.3244e+01 9.5400e-02    422.000    34.9022    34.8986     6.6744    1472.31 0.0000e+00
    425.442     3.7200     3.7191   3.241523   3.241168     2.8916     0.0472     0.9534     0.1300    96.8012    34.9021 5.2986e+01 9.5400e-02    421.000    34.9021    34.8988     6.6743    1472.30 0.0000e+00
    424.430     3.7197     3.7190   3.241462   3.241101     2.8924     0.0470     0.9534     0.1288    96.8314    34.9023 5.2895e+01 9.5400e-02    420.000    34.9023    34.8987     6.6759    1472.28 0.0000e+00
    423.419     3.7212     3.7205   3.241541   3.241192     2.8924     0.0230     0.9444     0.1295    96.8146    34.9022 5.3086e+01 9.5400e-02    419.000    34.9022    34.8987     6.6748    1472.27 0.0000e+00
    422.407     3.7215     3.7207   3.241540   3.241187     2.8929     0.0226     0.9524     0.1293    96.8181    34.9023 5.2674e+01 9.5400e-02    418.000    34.9023    34.8989     6.6753    1472.25 0.0000e+00
    421.396     3.7220     3.7208   3.241532   3.241159     2.8933     0.0138     0.9420     0.1298    96.8074    34.9023 5.2654e+01 9.5400e-02    417.000    34.9023    34.8991     6.6754    1472.24 0.0000e+00
    420.384     3.7226     3.7217   3.241571   3.241196     2.8936     0.0335     0.9560     0.1301    96.7994    34.9026 5.3393e+01 9.5400e-02    416.000    34.9026    34.8991     6.6754    1472.23 0.0000e+00
    419.372     3.7235     3.7222   3.241589   3.241196     2.8937     0.0379     0.9553     0.1291    96.8236    34.9025 5.3283e+01 9.5400e-02    415.000    34.9025    34.8991     6.6745    1472.21 0.0000e+00
    418.361     3.7249     3.7240   3.241678   3.241273     2.8937     0.0459     0.9532     0.1299    96.8045    34.9025 5.3156e+01 9.5400e-02    414.000    34.9025    34.8987     6.6733    1472.20 0.0000e+00
    417.349     3.7263     3.7257   3.241773   3.241413     2.8938     0.0348     0.9444     0.1302    96.7986    34.9028 5.2808e+01 9.5400e-02    413.000    34.9028    34.8990     6.6727    1472.19 0.0000e+00
    416.338     3.7272     3.7266   3.241805   3.241476     2.8944     0.0465     0.9525     0.1295    96.8155    34.9027 5.3124e+01 9.5400e-02    412.000    34.9027    34.8994     6.6733    1472.18 0.0000e+00
    415.326     3.7271     3.7262   3.241763   3.241396     2.8945     0.0343     0.9458     0.1300    96.8017    34.9029 5.3180e+01 9.5400e-02    411.000    34.9029    34.8994     6.6726    1472.16 0.0000e+00
    414.315     3.7325     3.7293   3.242202   3.241628     2.8947     0.0223     0.9520     0.1298    96.8077    34.9029 5.3094e+01 9.5400e-02    410.000    34.9029    34.8995     6.6714    1472.17 0.0000e+00
    413.303     3.7325     3.7314   3.242150   3.241753     2.8955     0.0226     0.9445     0.1290    96.8258    34.9028 5.3156e+01 9.5400e-02    409.000    34.9028    34.8992     6.6729    1472.15 0.0000e+00
    412.292     3.7354     3.7346   3.242410   3.242003     2.8959     0.0226     0.9521     0.1292    96.8208    34.9034 5.2877e+01 9.5400e-02    408.000    34.9034    34.8993     6.6726    1472.15 0.0000e+00
    411.280     3.7360     3.7349   3.242419   3.242034     2.8960     0.0321     0.9465     0.1292    96.8212    34.9034 5.2259e+01 9.5400e-02    407.000    34.9034    34.9000     6.6719    1472.13 0.0000e+00
    410.269     3.7363     3.7344   3.242382   3.241944     2.8960     0.0258     0.9443     0.1296    96.8120    34.9032 5.2715e+01 9.5400e-02    406.000    34.9032    34.9000     6.6710    1472.12 0.0000e+00
    409.257     3.7374     3.7347   3.242483   3.241930     2.8957     0.0323     0.9444     0.1297    96.8089    34.9037 5.3127e+01 9.5400e-02    405.000    34.9037    34.9001     6.6690    1472.11 0.0000e+00
    408.246     3.7393     3.7371   3.242575   3.242076     2.8957     0.0349     0.9539     0.1296    96.8114    34.9034 5.3359e+01 9.5400e-02    404.000    34.9034    34.8997     6.6678    1472.10 0.0000e+00
    407.234     3.7401     3.7396   3.242636   3.242298     2.8960     0.0358     0.9479     0.1293    96.8181    34.9038 5.3283e+01 9.5400e-02    403.000    34.9038    34.9002     6.6676    1472.08 0.0000e+00
    406.223     3.7412     3.7417   3.242697   3.242455     2.8960     0.0344     0.9487     0.1293    96.8180    34.9039 5.3200e+01 9.5400e-02    402.000    34.9039    34.9005     6.6665    1472.07 0.0000e+00
    405.211     3.7424     3.7401   3.242734   3.242268     2.8961     0.0122     0.9443     0.1294    96.8167    34.9036 5.2960e+01 9.5400e-02    401.000    34.9036    34.9004     6.6656    1472.06 0.0000e+00
    404.200     3.7431     3.7423   3.242775   3.242369     2.8960     0.0210     0.9444     0.1301    96.7991    34.9038 5.3004e+01 9.5400e-02    400.000    34.9038    34.8998     6.6644    1472.05 0.0000e+00
    403.188     3.7441     3.7437   3.242820   3.242481     2.8962     0.0354     0.9444     0.1300    96.8019    34.9039 5.3003e+01 9.5400e-02    399.000    34.9039    34.9002     6.6639    1472.04 0.0000e+00
    402.177     3.7441     3.7440   3.242790   3.242492     2.8965     0.0410     0.9444     0.1296    96.8125    34.9040 5.2317e+01 9.5400e-02    398.000    34.9040    34.9007     6.6639    1472.02 0.0000e+00
    401.165     3.7445     3.7444   3.242778   3.242471     2.8964     0.0471     0.9444     0.1297    96.8100    34.9041 5.2268e+01 9.5400e-02    397.000    34.9041    34.9005     6.6626    1472.00 0.0000e+00
    400.154     3.7447     3.7443   3.242763   3.242429     2.8971     0.0386     0.9406     0.1305    96.7900    34.9041 5.2967e+01 9.5400e-02    396.000    34.9041    34.9007     6.6636    1471.99 0.0000e+00
    399.142     3.7448     3.7443   3.242726   3.242402     2.8974     0.0351     0.9420     0.1307    96.7845    34.9042 5.3015e+01 9.5400e-02    395.000    34.9042    34.9008     6.6636    1471.97 0.0000e+00
    398.131     3.7446     3.7440   3.242682   3.242342     2.8986     0.0201     0.9450     0.1296    96.8119    34.9044 5.3326e+01 9.5400e-02    394.000    34.9044    34.9010     6.6664    1471.96 0.0000e+00
    397.119     3.7451     3.7445   3.242655   3.242300     2.8989     0.0408     0.9444     0.1301    96.8010    34.9041 5.3285e+01 9.5400e-02    393.000    34.9041    34.9005     6.6663    1471.94 0.0000e+00
    396.108     3.7462     3.7453   3.242701   3.242326     2.8989     0.0472     0.9407     0.1306    96.7877    34.9041 5.2872e+01 9.5400e-02    392.000    34.9041    34.9005     6.6652    1471.93 0.0000e+00
    395.097     3.7478     3.7474   3.242817   3.242478     2.8993     0.0455     0.9390     0.1299    96.8053    34.9042 5.2968e+01 9.5400e-02    391.000    34.9042    34.9007     6.6650    1471.92 0.0000e+00
    394.085     3.7490     3.7487   3.242887   3.242543     2.8988     0.0347     0.9444     0.1293    96.8197    34.9044 5.3035e+01 9.5400e-02    390.000    34.9044    34.9006     6.6627    1471.91 0.0000e+00
    393.074     3.7498     3.7499   3.242910   3.242621     2.8996     0.0348     0.9422     0.1298    96.8060    34.9043 5.2758e+01 9.5400e-02    389.000    34.9043    34.9008     6.6640    1471.89 0.0000e+00
    392.062     3.7503     3.7501   3.242928   3.242622     2.8999     0.0348     0.9381     0.1298    96.8062    34.9045 5.2762e+01 9.5400e-02    388.000    34.9045    34.9011     6.6637    1471.88 0.0000e+00
    391.051     3.7514     3.7502   3.242970   3.242581     2.9002     0.0251     0.9431     0.1296    96.8129    34.9044 5.3045e+01 9.5400e-02    387.000    34.9044    34.9010     6.6636    1471.87 0.0000e+00
    390.039     3.7516     3.7511   3.242974   3.242646     2.9008     0.0306     0.9506     0.1299    96.8056    34.9048 5.2696e+01 9.5400e-02    386.000    34.9048    34.9014     6.6643    1471.85 0.0000e+00
    389.028     3.7527     3.7521   3.243030   3.242688     2.9011     0.0351     0.9415     0.1301    96.7986    34.9048 5.3195e+01 9.5400e-02    385.000    34.9048    34.9014     6.6641    1471.84 0.0000e+00
    388.017     3.7531     3.7522   3.242993   3.242632     2.9009     0.0293     0.9479     0.1303    96.7939    34.9045 5.3138e+01 9.5400e-02    384.000    34.9045    34.9012     6.6625    1471.82 0.0000e+00
    387.005     3.7551     3.7529   3.243145   3.242589     2.9010     0.0254     0.9509     0.1303    96.7943    34.9047 5.3450e+01 9.5400e-02    383.000    34.9047    34.9005     6.6615    1471.82 0.0000e+00
    385.994     3.7578     3.7574   3.243371   3.243002     2.9013     0.0351     0.9442     0.1299    96.8040    34.9051 5.3212e+01 9.5400e-02    382.000    34.9051    34.9011     6.6610    1471.81 0.0000e+00
    384.982     3.7578     3.7578   3.243327   3.243024     2.9013     0.0253     0.9507     0.1299    96.8051    34.9051 5.2834e+01 9.5400e-02    381.000    34.9051    34.9015     6.6602    1471.80 0.0000e+00
    383.971     3.7584     3.7580   3.243319   3.243006     2.9019     0.0277     0.9492     0.1297    96.8100    34.9050 5.2841e+01 9.5400e-02    380.000    34.9050    34.9016     6.6610    1471.78 0.0000e+00
    382.960     3.7585     3.7572   3.243293   3.242892     2.9020     0.0349     0.9524     0.1297    96.8100    34.9051 5.3011e+01 9.5400e-02    379.000    34.9051    34.9016     6.6605    1471.77 0.0000e+00
    381.948     3.7585     3.7581   3.243242   3.242939     2.9025     0.0383     0.9673     0.1297    96.8090    34.9050 5.2428e+01 9.5400e-02    378.000    34.9050    34.9018     6.6610    1471.75 0.0000e+00
    380.937     3.7588     3.7582   3.243239   3.242900     2.9030     0.0438     0.9450     0.1302    96.7981    34.9051 5.3185e+01 9.5400e-02    377.000    34.9051    34.9018     6.6615    1471.73 0.0000e+00
    379.925     3.7598     3.7583   3.243295   3.242876     2.9035     0.0303     0.9476     0.1302    96.7980    34.9053 5.3197e+01 9.5400e-02    376.000    34.9053    34.9019     6.6619    1471.72 0.0000e+00
    378.914     3.7604     3.7587   3.243306   3.242862     2.9043     0.0224     0.9525     0.1305    96.7892    34.9053 5.3170e+01 9.5400e-02    375.000    34.9053    34.9019     6.6630    1471.71 0.0000e+00
    377.903     3.7606     3.7591   3.243265   3.242840     2.9048     0.0353     0.9443     0.1300    96.8021    34.9052 5.2912e+01 9.5400e-02    374.000    34.9052    34.9017     6.6637    1471.69 0.0000e+00
    376.891     3.7615     3.7606   3.243308   3.242917     2.9053     0.0252     0.9444     0.1298    96.8070    34.9053 5.3111e+01 9.5400e-02    373.000    34.9053    34.9016     6.6641    1471.68 0.0000e+00
    375.880     3.7633     3.7626   3.243419   3.243060     2.9046     0.0268     0.9444     0.1297    96.8102    34.9053 5.3195e+01 9.5400e-02    372.000    34.9053    34.9017     6.6607    1471.67 0.0000e+00
    374.869     3.7635     3.7632   3.243409   3.243097     2.9053     0.0346     0.9444     0.1304    96.7919    34.9055 5.3518e+01 9.5400e-02    371.000    34.9055    34.9021     6.6618    1471.65 0.0000e+00
    373.857     3.7638     3.7634   3.243388   3.243077     2.9060     0.0308     0.9444     0.1306    96.7870    34.9055 5.3445e+01 9.5400e-02    370.000    34.9055    34.9022     6.6629    1471.64 0.0000e+00
    372.846     3.7645     3.7636   3.243412   3.243069     2.9065     0.0225     0.9444     0.1305    96.7913    34.9056 5.3300e+01 9.5400e-02    369.000    34.9056    34.9024     6.6634    1471.62 0.0000e+00
    371.835     3.7643     3.7637   3.243358   3.243003     2.9069     0.0156     0.9446     0.1302    96.7985    34.9056 5.3361e+01 9.5400e-02    368.000    34.9056    34.9021     6.6637    1471.61 0.0000e+00
    370.823     3.7660     3.7644   3.243466   3.243028     2.9070     0.0225     0.9444     0.1300    96.8030    34.9057 5.2454e+01 9.5400e-02    367.000    34.9057    34.9021     6.6629    1471.60 0.0000e+00
    369.812     3.7680     3.7662   3.243589   3.243138     2.9075     0.0347     0.9417     0.1299    96.8042    34.9056 5.3022e+01 9.5400e-02    366.000    34.9056    34.9020     6.6630    1471.59 0.0000e+00
    368.801     3.7682     3.7664   3.243583   3.243090     2.9080     0.0299     0.9444     0.1308    96.7828    34.9058 5.3283e+01 9.5400e-02    365.000    34.9058    34.9018     6.6635    1471.57 0.0000e+00
    367.789     3.7683     3.7684   3.243533   3.243253     2.9075     0.0225     0.9515     0.1311    96.7751    34.9056 5.3447e+01 9.5400e-02    364.000    34.9056    34.9022     6.6611    1471.56 0.0000e+00
    366.778     3.7699     3.7695   3.243673   3.243327     2.9077     0.0226     0.9444     0.1313    96.7706    34.9062 5.3262e+01 9.5400e-02    363.000    34.9062    34.9025     6.6605    1471.55 0.0000e+00
    365.767     3.7701     3.7687   3.243632   3.243234     2.9080     0.0226     0.9444     0.1319    96.7551    34.9060 5.3363e+01 9.5400e-02    362.000    34.9060    34.9027     6.6604    1471.53 0.0000e+00
    364.756     3.7713     3.7704   3.243711   3.243344     2.9090     0.0290     0.9444     0.1307    96.7862    34.9062 5.3284e+01 9.5400e-02    361.000    34.9062    34.9028     6.6623    1471.52 0.0000e+00
