Ship_data/Irminger/Irminger-3/ctd/process/uar0701004.cnv
* Sea-Bird SBE 9 Data File:
* FileName = D:\Data\ar0701004.hdr
* Software Version Seasave V 7.23.2
* Temperature SN = 4406
* Conductivity SN = 3042
* Number of Bytes Per Scan = 44
* Number of Voltage Words = 5
* Number of Scans Averaged by the Deck Unit = 1
* NMEA Latitude = 51 58.27 N
* NMEA Longitude = 045 45.89 W
* NMEA UTC (Time) = Jul 06 2016  17:02:22
**  Release test
** Chief Scientist: George Tupper
** Station ID 004
# nquan = 19
# nvalues = 2504                        
# units = specified
# name 0 = prDM: Pressure, Digiquartz [db]
# name 1 = t090C: Temperature [ITS-90, deg C]
# name 2 = t190C: Temperature, 2 [ITS-90, deg C]
# name 3 = c0S/m: Conductivity [S/m]
# name 4 = c1S/m: Conductivity, 2 [S/m]
# name 5 = sbeox0V: Oxygen raw, SBE 43 [V]
# name 6 = flECO-AFL: Fluorescence, WET Labs ECO-AFL/FL [mg/m^3]
# name 7 = turbWETntu0: Turbidity, WET Labs ECO [NTU]
# name 8 = CStarAt0: Beam Attenuation, WET Labs C-Star [1/m]
# name 9 = CStarTr0: Beam Transmission, WET Labs C-Star [%]
# name 10 = sal00: Salinity, Practical [PSU]
# name 11 = spar: SPAR/Surface Irradiance
# name 12 = par: PAR/Irradiance, Biospherical/Licor
# name 13 = depSM: Depth [salt water, m], lat = 51.9712
# name 14 = sal00: Salinity, Practical [PSU]
# name 15 = sal11: Salinity, Practical, 2 [PSU]
# name 16 = sbeox0ML/L: Oxygen, SBE 43 [ml/l], WS = 2
# name 17 = svCM: Sound Velocity [Chen-Millero, m/s]
# name 18 = flag: flag
# span 0 =      2.018,   2542.408       
# span 1 =     2.9147,    10.9471       
# span 2 =     2.9130,    10.9410       
# span 3 =   3.249806,   3.828701       
# span 4 =   3.249432,   3.827899       
# span 5 =     2.1542,     3.3406       
# span 6 =     0.0106,     2.6857       
# span 7 =     0.9094,     1.1106       
# span 8 =     0.1251,     0.7906       
# span 9 =    82.0650,    96.9219       
# span 10 =    34.2698,    34.9287      
# span 11 = 2.9247e+02, 6.3674e+02      
# span 12 = 9.5400e-02, 9.5400e-02      
# span 13 =      2.000,   2505.000      
# span 14 =    34.2698,    34.9287      
# span 15 =    34.2675,    34.9254      
# span 16 =     5.5907,     6.4358      
# span 17 =    1471.42,    1504.24      
# span 18 = 0.0000e+00, 0.0000e+00      
# interval = meters: 1                  
# start_time = Jul 06 2016 17:03:14 [NMEA time, first data scan]
# bad_flag = -9.990e-29
*END*
[from data line 1524]
    992.023     3.6296     3.6296   3.256599   3.256340     2.6346     0.0349     0.9486     0.1286    96.8367    34.8802 4.0096e+02 9.5400e-02    981.000    34.8802    34.8771     6.4021    1481.24 0.0000e+00
    991.009     3.6292     3.6291   3.256530   3.256250     2.6357     0.0348     0.9442     0.1286    96.8367    34.8803 4.0017e+02 9.5400e-02    980.000    34.8803    34.8771     6.4046    1481.22 0.0000e+00
    989.996     3.6291     3.6287   3.256455   3.256140     2.6369     0.0270     0.9499     0.1285    96.8376    34.8800 3.9867e+02 9.5400e-02    979.000    34.8800    34.8768     6.4074    1481.20 0.0000e+00
    988.982     3.6294     3.6288   3.256447   3.256126     2.6383     0.0407     0.9483     0.1284    96.8399    34.8801 4.0145e+02 9.5400e-02    978.000    34.8801    34.8770     6.4111    1481.19 0.0000e+00
    987.968     3.6305     3.6290   3.256492   3.256077     2.6393     0.0417     0.9440     0.1283    96.8437    34.8801 4.0478e+02 9.5400e-02    977.000    34.8801    34.8767     6.4132    1481.17 0.0000e+00
    986.955     3.6321     3.6306   3.256597   3.256144     2.6400     0.0347     0.9444     0.1284    96.8412    34.8801 4.0411e+02 9.5400e-02    976.000    34.8801    34.8764     6.4141    1481.17 0.0000e+00
    985.941     3.6344     3.6334   3.256781   3.256356     2.6404     0.0348     0.9444     0.1286    96.8366    34.8804 4.0225e+02 9.5400e-02    975.000    34.8804    34.8764     6.4142    1481.16 0.0000e+00
    984.928     3.6383     3.6380   3.257123   3.256737     2.6404     0.0442     0.9397     0.1286    96.8367    34.8809 3.9994e+02 9.5400e-02    974.000    34.8809    34.8766     6.4126    1481.16 0.0000e+00
    983.914     3.6413     3.6408   3.257365   3.257031     2.6406     0.0471     0.9382     0.1286    96.8367    34.8811 3.9812e+02 9.5400e-02    973.000    34.8811    34.8776     6.4117    1481.15 0.0000e+00
    982.900     3.6422     3.6422   3.257427   3.257125     2.6410     0.0397     0.9424     0.1286    96.8367    34.8813 3.9666e+02 9.5400e-02    972.000    34.8813    34.8778     6.4121    1481.14 0.0000e+00
    981.887     3.6423     3.6428   3.257405   3.257157     2.6413     0.0349     0.9444     0.1286    96.8367    34.8816 3.9597e+02 9.5400e-02    971.000    34.8816    34.8781     6.4121    1481.13 0.0000e+00
    980.873     3.6436     3.6431   3.257471   3.257159     2.6420     0.0424     0.9486     0.1286    96.8367    34.8815 3.9731e+02 9.5400e-02    970.000    34.8815    34.8783     6.4132    1481.11 0.0000e+00
    979.860     3.6434     3.6426   3.257431   3.257071     2.6417     0.0456     0.9529     0.1284    96.8408    34.8817 3.9982e+02 9.5400e-02    969.000    34.8817    34.8783     6.4115    1481.10 0.0000e+00
    978.846     3.6438     3.6432   3.257431   3.257102     2.6419     0.0324     0.9440     0.1286    96.8360    34.8818 4.0719e+02 9.5400e-02    968.000    34.8818    34.8786     6.4113    1481.08 0.0000e+00
    977.833     3.6437     3.6432   3.257361   3.257030     2.6411     0.0222     0.9443     0.1286    96.8367    34.8816 4.0265e+02 9.5400e-02    967.000    34.8816    34.8782     6.4079    1481.06 0.0000e+00
    976.819     3.6441     3.6438   3.257354   3.257049     2.6411     0.0288     0.9444     0.1286    96.8367    34.8817 4.0273e+02 9.5400e-02    966.000    34.8817    34.8783     6.4071    1481.05 0.0000e+00
    975.805     3.6443     3.6441   3.257339   3.257024     2.6414     0.0347     0.9444     0.1286    96.8367    34.8817 4.0273e+02 9.5400e-02    965.000    34.8817    34.8783     6.4071    1481.03 0.0000e+00
    974.792     3.6452     3.6449   3.257365   3.257019     2.6409     0.0402     0.9450     0.1286    96.8367    34.8816 4.0273e+02 9.5400e-02    964.000    34.8816    34.8778     6.4044    1481.02 0.0000e+00
    973.778     3.6461     3.6463   3.257372   3.257096     2.6411     0.0589     0.9516     0.1286    96.8367    34.8812 4.0255e+02 9.5400e-02    963.000    34.8812    34.8778     6.4039    1481.01 0.0000e+00
    972.765     3.6470     3.6469   3.257388   3.257100     2.6413     0.0592     0.9525     0.1290    96.8254    34.8810 4.0272e+02 9.5400e-02    962.000    34.8810    34.8777     6.4036    1480.99 0.0000e+00
    971.751     3.6469     3.6466   3.257322   3.257058     2.6413     0.0461     0.9458     0.1286    96.8364    34.8809 4.0292e+02 9.5400e-02    961.000    34.8809    34.8780     6.4029    1480.98 0.0000e+00
    970.738     3.6476     3.6466   3.257379   3.256990     2.6419     0.0346     0.9381     0.1286    96.8367    34.8813 4.0379e+02 9.5400e-02    960.000    34.8813    34.8778     6.4037    1480.96 0.0000e+00
    969.724     3.6476     3.6467   3.257337   3.256983     2.6434     0.0266     0.9410     0.1286    96.8367    34.8814 4.0908e+02 9.5400e-02    959.000    34.8814    34.8781     6.4076    1480.95 0.0000e+00
    968.711     3.6474     3.6461   3.257262   3.256877     2.6438     0.0342     0.9382     0.1286    96.8367    34.8812 4.0811e+02 9.5400e-02    958.000    34.8812    34.8780     6.4079    1480.93 0.0000e+00
    967.697     3.6476     3.6473   3.257232   3.256912     2.6435     0.0304     0.9383     0.1286    96.8367    34.8812 4.1039e+02 9.5400e-02    957.000    34.8812    34.8777     6.4061    1480.91 0.0000e+00
    966.684     3.6479     3.6479   3.257215   3.256916     2.6437     0.0225     0.9383     0.1286    96.8367    34.8812 4.1078e+02 9.5400e-02    956.000    34.8812    34.8776     6.4060    1480.90 0.0000e+00
    965.670     3.6483     3.6480   3.257190   3.256891     2.6438     0.0295     0.9422     0.1286    96.8367    34.8810 4.1112e+02 9.5400e-02    955.000    34.8810    34.8777     6.4053    1480.88 0.0000e+00
    964.657     3.6472     3.6475   3.257032   3.256825     2.6440     0.0347     0.9443     0.1286    96.8367    34.8808 4.1092e+02 9.5400e-02    954.000    34.8808    34.8780     6.4052    1480.86 0.0000e+00
    963.643     3.6462     3.6461   3.256886   3.256639     2.6442     0.0348     0.9392     0.1286    96.8367    34.8807 4.0979e+02 9.5400e-02    953.000    34.8807    34.8777     6.4051    1480.84 0.0000e+00
    962.630     3.6458     3.6459   3.256813   3.256574     2.6446     0.0371     0.9383     0.1286    96.8367    34.8807 4.0796e+02 9.5400e-02    952.000    34.8807    34.8777     6.4058    1480.82 0.0000e+00
    961.616     3.6457     3.6449   3.256761   3.256412     2.6449     0.0467     0.9383     0.1286    96.8367    34.8807 4.0590e+02 9.5400e-02    951.000    34.8807    34.8774     6.4059    1480.80 0.0000e+00
    960.603     3.6447     3.6441   3.256611   3.256289     2.6452     0.0278     0.9440     0.1284    96.8412    34.8805 4.0677e+02 9.5400e-02    950.000    34.8805    34.8773     6.4061    1480.78 0.0000e+00
    959.589     3.6446     3.6444   3.256536   3.256249     2.6461     0.0421     0.9371     0.1285    96.8382    34.8803 4.1213e+02 9.5400e-02    949.000    34.8803    34.8771     6.4082    1480.76 0.0000e+00
    958.576     3.6448     3.6446   3.256517   3.256232     2.6464     0.0355     0.9414     0.1284    96.8400    34.8803 4.1352e+02 9.5400e-02    948.000    34.8803    34.8771     6.4082    1480.75 0.0000e+00
    957.562     3.6455     3.6442   3.256509   3.256122     2.6463     0.0371     0.9445     0.1289    96.8279    34.8800 4.0903e+02 9.5400e-02    947.000    34.8800    34.8767     6.4068    1480.73 0.0000e+00
    956.549     3.6466     3.6457   3.256554   3.256177     2.6463     0.0470     0.9444     0.1286    96.8367    34.8799 4.0948e+02 9.5400e-02    946.000    34.8799    34.8763     6.4059    1480.72 0.0000e+00
    955.535     3.6482     3.6477   3.256635   3.256280     2.6465     0.0395     0.9444     0.1286    96.8367    34.8797 4.0890e+02 9.5400e-02    945.000    34.8797    34.8760     6.4054    1480.71 0.0000e+00
    954.522     3.6487     3.6488   3.256634   3.256335     2.6470     0.0347     0.9444     0.1286    96.8367    34.8796 4.0894e+02 9.5400e-02    944.000    34.8796    34.8760     6.4059    1480.70 0.0000e+00
    953.508     3.6486     3.6492   3.256595   3.256362     2.6467     0.0348     0.9444     0.1286    96.8367    34.8798 4.0859e+02 9.5400e-02    943.000    34.8798    34.8764     6.4041    1480.68 0.0000e+00
    952.495     3.6495     3.6499   3.256620   3.256374     2.6468     0.0348     0.9444     0.1285    96.8384    34.8797 4.0858e+02 9.5400e-02    942.000    34.8797    34.8763     6.4036    1480.67 0.0000e+00
    951.482     3.6501     3.6499   3.256643   3.256358     2.6468     0.0348     0.9444     0.1286    96.8368    34.8799 4.0855e+02 9.5400e-02    941.000    34.8799    34.8767     6.4026    1480.65 0.0000e+00
    950.468     3.6503     3.6498   3.256627   3.256321     2.6473     0.0387     0.9406     0.1285    96.8381    34.8800 4.0994e+02 9.5400e-02    940.000    34.8800    34.8769     6.4032    1480.64 0.0000e+00
    949.455     3.6503     3.6497   3.256568   3.256249     2.6476     0.0322     0.9393     0.1288    96.8321    34.8798 4.1048e+02 9.5400e-02    939.000    34.8798    34.8766     6.4032    1480.62 0.0000e+00
    948.441     3.6506     3.6503   3.256557   3.256243     2.6481     0.0223     0.9445     0.1283    96.8423    34.8799 4.0880e+02 9.5400e-02    938.000    34.8799    34.8764     6.4038    1480.60 0.0000e+00
    947.428     3.6509     3.6506   3.256547   3.256238     2.6478     0.0312     0.9406     0.1285    96.8388    34.8799 4.0786e+02 9.5400e-02    937.000    34.8799    34.8766     6.4020    1480.59 0.0000e+00
    946.414     3.6506     3.6503   3.256474   3.256164     2.6481     0.0347     0.9383     0.1285    96.8388    34.8799 4.0383e+02 9.5400e-02    936.000    34.8799    34.8766     6.4024    1480.57 0.0000e+00
    945.401     3.6496     3.6485   3.256329   3.255956     2.6483     0.0448     0.9433     0.1286    96.8368    34.8798 4.0476e+02 9.5400e-02    935.000    34.8798    34.8766     6.4023    1480.55 0.0000e+00
    944.388     3.6484     3.6480   3.256139   3.255842     2.6485     0.0449     0.9457     0.1284    96.8398    34.8793 4.0324e+02 9.5400e-02    934.000    34.8793    34.8762     6.4022    1480.53 0.0000e+00
    943.374     3.6486     3.6491   3.256119   3.255879     2.6485     0.0356     0.9527     0.1286    96.8361    34.8794 4.0315e+02 9.5400e-02    933.000    34.8794    34.8761     6.4014    1480.51 0.0000e+00
    942.361     3.6487     3.6485   3.256069   3.255795     2.6495     0.0289     0.9452     0.1286    96.8356    34.8792 4.0528e+02 9.5400e-02    932.000    34.8792    34.8761     6.4036    1480.49 0.0000e+00
    941.347     3.6494     3.6497   3.256097   3.255836     2.6498     0.0272     0.9443     0.1286    96.8355    34.8794 4.0677e+02 9.5400e-02    931.000    34.8794    34.8759     6.4035    1480.48 0.0000e+00
    940.334     3.6506     3.6501   3.256160   3.255853     2.6503     0.0405     0.9480     0.1286    96.8366    34.8793 4.0699e+02 9.5400e-02    930.000    34.8793    34.8762     6.4040    1480.47 0.0000e+00
    939.321     3.6498     3.6494   3.256059   3.255729     2.6511     0.0273     0.9402     0.1287    96.8337    34.8795 4.0371e+02 9.5400e-02    929.000    34.8795    34.8760     6.4056    1480.45 0.0000e+00
    938.307     3.6525     3.6516   3.256226   3.255841     2.6511     0.0353     0.9446     0.1287    96.8331    34.8791 4.0214e+02 9.5400e-02    928.000    34.8791    34.8755     6.4044    1480.44 0.0000e+00
    937.294     3.6552     3.6553   3.256443   3.256119     2.6513     0.0460     0.9388     0.1286    96.8350    34.8794 3.9935e+02 9.5400e-02    927.000    34.8794    34.8754     6.4039    1480.44 0.0000e+00
    936.280     3.6571     3.6570   3.256549   3.256275     2.6518     0.0459     0.9399     0.1286    96.8367    34.8792 3.9791e+02 9.5400e-02    926.000    34.8792    34.8760     6.4040    1480.43 0.0000e+00
    935.267     3.6574     3.6572   3.256554   3.256255     2.6517     0.0346     0.9521     0.1286    96.8367    34.8794 3.9714e+02 9.5400e-02    925.000    34.8794    34.8761     6.4030    1480.41 0.0000e+00
    934.254     3.6574     3.6569   3.256506   3.256192     2.6522     0.0348     0.9515     0.1286    96.8367    34.8794 3.9701e+02 9.5400e-02    924.000    34.8794    34.8762     6.4036    1480.40 0.0000e+00
    933.240     3.6576     3.6573   3.256497   3.256177     2.6521     0.0348     0.9444     0.1286    96.8367    34.8796 3.9788e+02 9.5400e-02    923.000    34.8796    34.8761     6.4024    1480.38 0.0000e+00
    932.227     3.6575     3.6572   3.256428   3.256130     2.6525     0.0393     0.9444     0.1286    96.8367    34.8794 4.0007e+02 9.5400e-02    922.000    34.8794    34.8761     6.4030    1480.36 0.0000e+00
    931.214     3.6573     3.6569   3.256389   3.256081     2.6532     0.0348     0.9430     0.1286    96.8367    34.8796 4.0185e+02 9.5400e-02    921.000    34.8796    34.8764     6.4042    1480.35 0.0000e+00
    930.200     3.6576     3.6573   3.256359   3.256047     2.6536     0.0348     0.9444     0.1286    96.8367    34.8795 3.9617e+02 9.5400e-02    920.000    34.8795    34.8761     6.4047    1480.33 0.0000e+00
    929.187     3.6576     3.6574   3.256309   3.256004     2.6537     0.0356     0.9444     0.1286    96.8367    34.8794 3.9524e+02 9.5400e-02    919.000    34.8794    34.8761     6.4042    1480.31 0.0000e+00
    928.174     3.6577     3.6576   3.256255   3.255960     2.6541     0.0340     0.9444     0.1291    96.8243    34.8792 3.9523e+02 9.5400e-02    918.000    34.8792    34.8758     6.4043    1480.30 0.0000e+00
    927.160     3.6582     3.6578   3.256250   3.255937     2.6539     0.0228     0.9444     0.1286    96.8366    34.8791 3.9698e+02 9.5400e-02    917.000    34.8791    34.8759     6.4028    1480.28 0.0000e+00
    926.147     3.6583     3.6577   3.256205   3.255895     2.6544     0.0401     0.9401     0.1286    96.8367    34.8790 3.9710e+02 9.5400e-02    916.000    34.8790    34.8759     6.4035    1480.27 0.0000e+00
    925.134     3.6585     3.6583   3.256181   3.255891     2.6547     0.0398     0.9422     0.1286    96.8367    34.8791 3.9898e+02 9.5400e-02    915.000    34.8791    34.8758     6.4036    1480.25 0.0000e+00
    924.120     3.6588     3.6581   3.256142   3.255813     2.6555     0.0347     0.9444     0.1291    96.8237    34.8788 3.9742e+02 9.5400e-02    914.000    34.8788    34.8757     6.4052    1480.24 0.0000e+00
    923.107     3.6595     3.6589   3.256157   3.255842     2.6554     0.0396     0.9444     0.1286    96.8368    34.8788 3.9519e+02 9.5400e-02    913.000    34.8788    34.8756     6.4039    1480.22 0.0000e+00
    922.094     3.6600     3.6602   3.256170   3.255898     2.6558     0.0451     0.9424     0.1289    96.8281    34.8789 3.9405e+02 9.5400e-02    912.000    34.8789    34.8755     6.4041    1480.21 0.0000e+00
    921.080     3.6609     3.6606   3.256216   3.255918     2.6566     0.0419     0.9394     0.1287    96.8326    34.8790 3.9420e+02 9.5400e-02    911.000    34.8790    34.8758     6.4056    1480.19 0.0000e+00
    920.067     3.6615     3.6610   3.256211   3.255909     2.6574     0.0323     0.9448     0.1290    96.8263    34.8789 3.9587e+02 9.5400e-02    910.000    34.8789    34.8757     6.4072    1480.18 0.0000e+00
    919.054     3.6612     3.6613   3.256130   3.255871     2.6577     0.0222     0.9444     0.1286    96.8372    34.8788 3.9529e+02 9.5400e-02    909.000    34.8788    34.8756     6.4072    1480.16 0.0000e+00
    918.041     3.6630     3.6632   3.256262   3.255996     2.6578     0.0341     0.9390     0.1286    96.8367    34.8789 3.9450e+02 9.5400e-02    908.000    34.8789    34.8755     6.4063    1480.15 0.0000e+00
    917.027     3.6642     3.6640   3.256363   3.256066     2.6581     0.0348     0.9416     0.1286    96.8367    34.8793 3.9352e+02 9.5400e-02    907.000    34.8793    34.8760     6.4064    1480.14 0.0000e+00
    916.014     3.6644     3.6638   3.256324   3.256015     2.6585     0.0387     0.9467     0.1287    96.8343    34.8793 3.9121e+02 9.5400e-02    906.000    34.8793    34.8761     6.4067    1480.12 0.0000e+00
