Ship_data/Irminger/Irminger-3/ctd/process/uar0701005.cnv
* Sea-Bird SBE 9 Data File:
* FileName = D:\Data\ar0701005.hdr
* Software Version Seasave V 7.23.2
* Temperature SN = 4406
* Conductivity SN = 3042
* Number of Bytes Per Scan = 44
* Number of Voltage Words = 5
* Number of Scans Averaged by the Deck Unit = 1
* NMEA Latitude = 59 51.82 N
* NMEA Longitude = 039 07.47 W
* NMEA UTC (Time) = Jul 09 2016  12:14:52
**  Gliders
** Chief Scientist: Tupper
** Station ID 005
# nquan = 19
# nvalues = 1002                        
# units = specified
# name 0 = prDM: Pressure, Digiquartz [db]
# name 1 = t090C: Temperature [ITS-90, deg C]
# name 2 = t190C: Temperature, 2 [ITS-90, deg C]
# name 3 = c0S/m: Conductivity [S/m]
# name 4 = c1S/m: Conductivity, 2 [S/m]
# name 5 = sbeox0V: Oxygen raw, SBE 43 [V]
# name 6 = flECO-AFL: Fluorescence, WET Labs ECO-AFL/FL [mg/m^3]
# name 7 = turbWETntu0: Turbidity, WET Labs ECO [NTU]
# name 8 = CStarAt0: Beam Attenuation, WET Labs C-Star [1/m]
# name 9 = CStarTr0: Beam Transmission, WET Labs C-Star [%]
# name 10 = sal00: Salinity, Practical [PSU]
# name 11 = spar: SPAR/Surface Irradiance
# name 12 = par: PAR/Irradiance, Biospherical/Licor
# name 13 = depSM: Depth [salt water, m], lat = 59.8637
# name 14 = sal00: Salinity, Practical [PSU]
# name 15 = sal11: Salinity, Practical, 2 [PSU]
# name 16 = sbeox0ML/L: Oxygen, SBE 43 [ml/l], WS = 2
# name 17 = svCM: Sound Velocity [Chen-Millero, m/s]
# name 18 = flag: flag
# span 0 =      2.019,   1015.010       
# span 1 =     3.4310,     7.4054       
# span 2 =     3.4307,     7.4057       
# span 3 =   3.227380,   3.550018       
# span 4 =   3.227075,   3.549784       
# span 5 =     2.7090,     3.3413       
# span 6 =     0.0091,     2.7669       
# span 7 =     0.9126,     1.2156       
# span 8 =     0.1214,     0.4425       
# span 9 =    89.5287,    97.0105       
# span 10 =    34.8122,    34.9136      
# span 11 = 3.1176e+02, 4.2348e+02      
# span 12 = 9.5696e-02, 3.1535e+02      
# span 13 =      2.000,   1003.000      
# span 14 =    34.8122,    34.9136      
# span 15 =    34.8035,    34.9112      
# span 16 =     6.6827,     6.8743      
# span 17 =    1467.64,    1480.78      
# span 18 = 0.0000e+00, 0.0000e+00      
# interval = meters: 1                  
# start_time = Jul 09 2016 12:15:52 [NMEA time, first data scan]
# bad_flag = -9.990e-29
*END*
[from data line 762]
    243.435     3.7362     3.7352   3.234722   3.234411     2.9647     0.0348     0.9285     0.1246    96.9341    34.9020 3.7581e+02 9.5842e-02    241.000    34.9020    34.8993     6.7218    1469.38 0.0000e+00
    242.424     3.7359     3.7357   3.234667   3.234394     2.9650     0.0348     0.9285     0.1240    96.9473    34.9021 3.7594e+02 9.5763e-02    240.000    34.9021    34.8991     6.7217    1469.36 0.0000e+00
    241.413     3.7380     3.7372   3.234791   3.234493     2.9654     0.0233     0.9271     0.1244    96.9375    34.9019 3.7541e+02 9.5786e-02    239.000    34.9019    34.8992     6.7217    1469.35 0.0000e+00
    240.403     3.7398     3.7394   3.234923   3.234633     2.9660     0.0434     0.9212     0.1245    96.9346    34.9022 3.7473e+02 9.5773e-02    238.000    34.9022    34.8991     6.7221    1469.34 0.0000e+00
    239.392     3.7404     3.7402   3.234926   3.234679     2.9662     0.0416     0.9200     0.1254    96.9126    34.9021 3.7411e+02 9.5818e-02    237.000    34.9021    34.8993     6.7217    1469.33 0.0000e+00
    238.381     3.7413     3.7404   3.234966   3.234662     2.9665     0.0356     0.9200     0.1251    96.9205    34.9022 3.7359e+02 9.5740e-02    236.000    34.9022    34.8995     6.7213    1469.32 0.0000e+00
    237.371     3.7425     3.7404   3.235035   3.234631     2.9679     0.0348     0.9200     0.1289    96.8298    34.9023 3.7382e+02 9.5830e-02    235.000    34.9023    34.8996     6.7242    1469.31 0.0000e+00
    236.360     3.7422     3.7429   3.234971   3.234768     2.9686     0.0348     0.9264     0.1259    96.9026    34.9024 3.7320e+02 9.5770e-02    234.000    34.9024    34.8992     6.7254    1469.29 0.0000e+00
    235.349     3.7426     3.7431   3.234972   3.234788     2.9693     0.0323     0.9217     0.1257    96.9076    34.9025 3.7396e+02 9.5865e-02    233.000    34.9025    34.8998     6.7263    1469.27 0.0000e+00
    234.339     3.7447     3.7439   3.235103   3.234782     2.9698     0.0222     0.9279     0.1245    96.9354    34.9024 3.7402e+02 9.5795e-02    232.000    34.9024    34.8994     6.7267    1469.27 0.0000e+00
    233.328     3.7469     3.7466   3.235291   3.234975     2.9699     0.0226     0.9266     0.1250    96.9233    34.9028 3.7356e+02 9.5759e-02    231.000    34.9028    34.8994     6.7254    1469.26 0.0000e+00
    232.317     3.7512     3.7500   3.235611   3.235265     2.9699     0.0232     0.9202     0.1253    96.9171    34.9027 3.7279e+02 9.5815e-02    230.000    34.9027    34.8998     6.7239    1469.26 0.0000e+00
    231.307     3.7522     3.7513   3.235683   3.235365     2.9705     0.0444     0.9272     0.1250    96.9222    34.9030 3.7238e+02 9.5834e-02    229.000    34.9030    34.9002     6.7243    1469.25 0.0000e+00
    230.296     3.7541     3.7515   3.235829   3.235371     2.9709     0.0392     0.9343     0.1281    96.8475    34.9032 3.7142e+02 9.5793e-02    228.000    34.9032    34.9006     6.7243    1469.24 0.0000e+00
    229.285     3.7542     3.7530   3.235761   3.235427     2.9700     0.0091     0.9272     0.1248    96.9273    34.9029 3.7068e+02 9.5765e-02    227.000    34.9029    34.9002     6.7209    1469.22 0.0000e+00
    228.275     3.7570     3.7547   3.236005   3.235502     2.9699     0.0344     0.9284     0.1250    96.9228    34.9034 3.7050e+02 9.5849e-02    226.000    34.9034    34.8998     6.7193    1469.22 0.0000e+00
    227.264     3.7613     3.7601   3.236355   3.235966     2.9702     0.0348     0.9281     0.1250    96.9240    34.9035 3.7054e+02 9.5794e-02    225.000    34.9035    34.9001     6.7184    1469.22 0.0000e+00
    226.253     3.7619     3.7621   3.236367   3.236146     2.9704     0.0348     0.9311     0.1249    96.9253    34.9035 3.6940e+02 9.5796e-02    224.000    34.9035    34.9007     6.7180    1469.21 0.0000e+00
    225.243     3.7640     3.7616   3.236526   3.236096     2.9701     0.0371     0.9347     0.1246    96.9336    34.9038 3.7017e+02 9.5829e-02    223.000    34.9038    34.9012     6.7159    1469.20 0.0000e+00
    224.232     3.7629     3.7638   3.236396   3.236216     2.9701     0.0449     0.9204     0.1246    96.9325    34.9039 3.6958e+02 9.5737e-02    222.000    34.9039    34.9008     6.7150    1469.18 0.0000e+00
    223.222     3.7648     3.7637   3.236512   3.236192     2.9704     0.0346     0.9213     0.1276    96.8607    34.9039 3.6903e+02 9.5811e-02    221.000    34.9039    34.9012     6.7149    1469.17 0.0000e+00
    222.211     3.7642     3.7640   3.236422   3.236133     2.9704     0.0348     0.9281     0.1269    96.8762    34.9039 3.6892e+02 9.5810e-02    220.000    34.9039    34.9007     6.7139    1469.15 0.0000e+00
    221.200     3.7642     3.7637   3.236363   3.236108     2.9710     0.0223     0.9281     0.1249    96.9255    34.9038 3.6892e+02 9.5783e-02    219.000    34.9038    34.9012     6.7147    1469.13 0.0000e+00
    220.190     3.7642     3.7637   3.236319   3.236056     2.9711     0.0334     0.9282     0.1260    96.8989    34.9039 3.6960e+02 9.5794e-02    218.000    34.9039    34.9012     6.7142    1469.12 0.0000e+00
    219.179     3.7643     3.7638   3.236297   3.236013     2.9711     0.0313     0.9455     0.1256    96.9087    34.9040 3.6978e+02 9.5795e-02    217.000    34.9040    34.9011     6.7133    1469.10 0.0000e+00
    218.169     3.7644     3.7638   3.236246   3.235966     2.9709     0.0294     0.9193     0.1259    96.9008    34.9038 3.6840e+02 9.5812e-02    216.000    34.9038    34.9011     6.7119    1469.08 0.0000e+00
    217.158     3.7648     3.7639   3.236228   3.235920     2.9708     0.0349     0.9156     0.1254    96.9126    34.9037 3.6805e+02 9.5803e-02    215.000    34.9037    34.9010     6.7106    1469.07 0.0000e+00
    216.148     3.7670     3.7661   3.236359   3.236030     2.9713     0.0348     0.9183     0.1248    96.9279    34.9035 3.6759e+02 9.5816e-02    214.000    34.9035    34.9006     6.7108    1469.06 0.0000e+00
    215.137     3.7682     3.7682   3.236449   3.236206     2.9721     0.0273     0.9253     0.1255    96.9111    34.9039 3.6813e+02 9.5819e-02    213.000    34.9039    34.9010     6.7119    1469.05 0.0000e+00
    214.126     3.7696     3.7692   3.236524   3.236258     2.9720     0.0227     0.9303     0.1257    96.9053    34.9038 3.6815e+02 9.5882e-02    212.000    34.9038    34.9010     6.7105    1469.04 0.0000e+00
    213.116     3.7699     3.7692   3.236524   3.236209     2.9721     0.0310     0.9203     0.1266    96.8845    34.9040 3.6782e+02 9.5781e-02    211.000    34.9040    34.9010     6.7098    1469.03 0.0000e+00
    212.105     3.7713     3.7709   3.236591   3.236320     2.9723     0.0349     0.9199     0.1265    96.8870    34.9039 3.6713e+02 9.5796e-02    210.000    34.9039    34.9011     6.7093    1469.01 0.0000e+00
    211.095     3.7718     3.7715   3.236588   3.236327     2.9733     0.0348     0.9301     0.1262    96.8937    34.9039 3.6710e+02 9.5848e-02    209.000    34.9039    34.9011     6.7111    1469.00 0.0000e+00
    210.084     3.7722     3.7717   3.236575   3.236302     2.9741     0.0348     0.9220     0.1275    96.8619    34.9039 3.6685e+02 9.5830e-02    208.000    34.9039    34.9011     6.7124    1468.98 0.0000e+00
    209.074     3.7721     3.7718   3.236533   3.236263     2.9742     0.0348     0.9228     0.1267    96.8819    34.9040 3.6703e+02 9.5827e-02    207.000    34.9040    34.9011     6.7117    1468.97 0.0000e+00
    208.063     3.7728     3.7717   3.236542   3.236229     2.9743     0.0348     0.9285     0.1268    96.8791    34.9039 3.6664e+02 9.5826e-02    206.000    34.9039    34.9013     6.7111    1468.95 0.0000e+00
    207.053     3.7731     3.7725   3.236544   3.236255     2.9748     0.0348     0.9286     0.1273    96.8683    34.9042 3.6643e+02 9.5795e-02    205.000    34.9042    34.9014     6.7115    1468.94 0.0000e+00
    206.042     3.7731     3.7727   3.236487   3.236227     2.9758     0.0287     0.9342     0.1267    96.8811    34.9041 3.6627e+02 9.5849e-02    204.000    34.9041    34.9013     6.7134    1468.92 0.0000e+00
    205.032     3.7744     3.7732   3.236524   3.236197     2.9760     0.0354     0.9270     0.1250    96.9237    34.9036 3.6662e+02 9.5787e-02    203.000    34.9036    34.9010     6.7130    1468.91 0.0000e+00
    204.021     3.7787     3.7753   3.236895   3.236303     2.9769     0.0348     0.9199     0.1256    96.9098    34.9040 3.6667e+02 9.5796e-02    202.000    34.9040    34.9005     6.7138    1468.91 0.0000e+00
    203.011     3.7819     3.7811   3.237172   3.236823     2.9773     0.0348     0.9281     0.1267    96.8810    34.9045 3.6692e+02 9.5827e-02    201.000    34.9045    34.9011     6.7133    1468.91 0.0000e+00
    202.000     3.7833     3.7830   3.237263   3.236964     2.9776     0.0348     0.9282     0.1289    96.8291    34.9047 3.6673e+02 9.5802e-02    200.000    34.9047    34.9014     6.7130    1468.90 0.0000e+00
    200.990     3.7837     3.7836   3.237252   3.237016     2.9773     0.0356     0.9297     0.1259    96.9003    34.9046 3.6646e+02 9.5844e-02    199.000    34.9046    34.9019     6.7111    1468.89 0.0000e+00
    199.979     3.7832     3.7845   3.237184   3.237056     2.9774     0.0458     0.9211     0.1254    96.9144    34.9049 3.6625e+02 9.5804e-02    198.000    34.9049    34.9020     6.7107    1468.87 0.0000e+00
    198.969     3.7844     3.7857   3.237246   3.237134     2.9777     0.0329     0.9352     0.1257    96.9059    34.9049 3.6597e+02 9.5778e-02    197.000    34.9049    34.9022     6.7105    1468.86 0.0000e+00
    197.958     3.7866     3.7855   3.237381   3.237079     2.9784     0.0241     0.9634     0.1259    96.9010    34.9047 3.6595e+02 9.5754e-02    196.000    34.9047    34.9023     6.7112    1468.85 0.0000e+00
    196.948     3.7886     3.7877   3.237518   3.237174     2.9780     0.0357     0.9284     0.1266    96.8854    34.9047 3.6626e+02 9.5820e-02    195.000    34.9047    34.9017     6.7089    1468.84 0.0000e+00
    195.937     3.7912     3.7905   3.237718   3.237401     2.9780     0.0246     0.9293     0.1259    96.9013    34.9049 3.6602e+02 9.5811e-02    194.000    34.9049    34.9019     6.7075    1468.83 0.0000e+00
    194.927     3.7920     3.7919   3.237765   3.237523     2.9782     0.0291     0.9234     0.1269    96.8762    34.9052 3.6502e+02 9.5792e-02    193.000    34.9052    34.9025     6.7068    1468.82 0.0000e+00
    193.916     3.7917     3.7913   3.237688   3.237416     2.9788     0.0277     0.9201     0.1281    96.8489    34.9051 3.6498e+02 9.5798e-02    192.000    34.9051    34.9023     6.7079    1468.80 0.0000e+00
    192.906     3.7919     3.7913   3.237654   3.237381     2.9794     0.0224     0.9206     0.1266    96.8837    34.9051 3.6483e+02 9.5793e-02    191.000    34.9051    34.9024     6.7087    1468.79 0.0000e+00
    191.896     3.7916     3.7915   3.237563   3.237350     2.9796     0.0329     0.9202     0.1264    96.8904    34.9049 3.6462e+02 9.5823e-02    190.000    34.9049    34.9024     6.7083    1468.77 0.0000e+00
    190.885     3.7910     3.7909   3.237471   3.237251     2.9809     0.0408     0.9200     0.1260    96.8984    34.9050 3.6456e+02 9.5803e-02    189.000    34.9050    34.9024     6.7113    1468.75 0.0000e+00
    189.875     3.7909     3.7906   3.237409   3.237160     2.9819     0.0284     0.9488     0.1373    96.6253    34.9048 3.6450e+02 9.5820e-02    188.000    34.9048    34.9022     6.7131    1468.73 0.0000e+00
    188.864     3.7900     3.7899   3.237269   3.237036     2.9826     0.0349     0.9419     0.1288    96.8323    34.9047 3.6426e+02 9.5803e-02    187.000    34.9047    34.9021     6.7145    1468.71 0.0000e+00
    187.854     3.7896     3.7893   3.237174   3.236930     2.9837     0.0266     0.9188     0.1265    96.8869    34.9045 3.6421e+02 9.5778e-02    186.000    34.9045    34.9020     6.7166    1468.69 0.0000e+00
    186.843     3.7888     3.7885   3.237043   3.236816     2.9841     0.0361     0.9200     0.1286    96.8360    34.9044 3.6401e+02 9.5771e-02    185.000    34.9044    34.9020     6.7169    1468.67 0.0000e+00
    185.833     3.7879     3.7872   3.236887   3.236615     2.9848     0.0470     0.9227     0.1271    96.8722    34.9041 3.6403e+02 9.5758e-02    184.000    34.9041    34.9016     6.7183    1468.65 0.0000e+00
    184.823     3.7876     3.7867   3.236831   3.236518     2.9863     0.0458     0.9288     0.1268    96.8801    34.9043 3.6364e+02 9.5811e-02    183.000    34.9043    34.9014     6.7216    1468.64 0.0000e+00
    183.812     3.7876     3.7869   3.236762   3.236492     2.9879     0.0349     0.9362     0.1298    96.8083    34.9040 3.6455e+02 9.5803e-02    182.000    34.9040    34.9015     6.7253    1468.62 0.0000e+00
    182.802     3.7876     3.7874   3.236726   3.236467     2.9888     0.0348     0.9138     0.1267    96.8827    34.9040 3.6438e+02 9.5803e-02    181.000    34.9040    34.9012     6.7269    1468.60 0.0000e+00
    181.791     3.7893     3.7885   3.236825   3.236508     2.9894     0.0472     0.9293     0.1269    96.8781    34.9040 3.6408e+02 9.5749e-02    180.000    34.9040    34.9010     6.7274    1468.59 0.0000e+00
    180.781     3.7952     3.7932   3.237291   3.236844     2.9900     0.0375     0.9485     0.1277    96.8589    34.9039 3.6360e+02 9.5773e-02    179.000    34.9039    34.9006     6.7272    1468.60 0.0000e+00
    179.771     3.7980     3.7986   3.237541   3.237317     2.9912     0.0348     0.9393     0.1272    96.8703    34.9044 3.6375e+02 9.5782e-02    178.000    34.9044    34.9011     6.7290    1468.60 0.0000e+00
    178.760     3.8024     3.8004   3.237910   3.237516     2.9918     0.0312     0.9233     0.1277    96.8570    34.9047 3.6333e+02 9.5786e-02    177.000    34.9047    34.9021     6.7289    1468.60 0.0000e+00
    177.750     3.8028     3.8006   3.237935   3.237493     2.9927     0.0277     0.9247     0.1278    96.8552    34.9050 3.6292e+02 9.5762e-02    176.000    34.9050    34.9021     6.7306    1468.59 0.0000e+00
    176.739     3.8025     3.8034   3.237886   3.237719     2.9931     0.0316     0.9201     0.1271    96.8716    34.9053 3.6246e+02 9.5827e-02    175.000    34.9053    34.9025     6.7309    1468.57 0.0000e+00
    175.729     3.8047     3.8044   3.238011   3.237762     2.9933     0.0218     0.9200     0.1268    96.8793    34.9050 3.6273e+02 9.5814e-02    174.000    34.9050    34.9024     6.7300    1468.56 0.0000e+00
    174.719     3.8063     3.8036   3.238089   3.237641     2.9929     0.0344     0.9144     0.1276    96.8592    34.9049 3.6149e+02 9.5817e-02    173.000    34.9049    34.9023     6.7279    1468.55 0.0000e+00
    173.708     3.8088     3.8078   3.238268   3.237888     2.9940     0.0349     0.9179     0.1303    96.7955    34.9049 3.6066e+02 9.5721e-02    172.000    34.9049    34.9014     6.7295    1468.54 0.0000e+00
    172.698     3.8092     3.8086   3.238245   3.237979     2.9941     0.0348     0.9221     0.1306    96.7890    34.9047 3.6063e+02 9.5820e-02    171.000    34.9047    34.9021     6.7290    1468.53 0.0000e+00
    171.688     3.8087     3.8081   3.238186   3.237918     2.9940     0.0348     0.9285     0.1304    96.7917    34.9051 3.6064e+02 9.5824e-02    170.000    34.9051    34.9025     6.7278    1468.51 0.0000e+00
    170.677     3.8061     3.8057   3.237857   3.237628     2.9941     0.0348     0.9207     0.1273    96.8675    34.9045 3.6082e+02 9.5793e-02    169.000    34.9045    34.9022     6.7278    1468.48 0.0000e+00
    169.667     3.8047     3.8046   3.237658   3.237417     2.9943     0.0348     0.9200     0.1318    96.7588    34.9041 3.6103e+02 9.5854e-02    168.000    34.9041    34.9014     6.7275    1468.46 0.0000e+00
    168.657     3.8049     3.8055   3.237602   3.237456     2.9947     0.0471     0.9200     0.1281    96.8470    34.9039 3.6114e+02 9.5758e-02    167.000    34.9039    34.9015     6.7280    1468.44 0.0000e+00
    167.646     3.8032     3.8032   3.237406   3.237260     2.9957     0.0355     0.9283     0.1272    96.8691    34.9038 3.6054e+02 9.5768e-02    166.000    34.9038    34.9021     6.7300    1468.42 0.0000e+00
