Ship_data/Irminger/Irminger-3/ctd/process/uar0701004.cnv
* Sea-Bird SBE 9 Data File:
* FileName = D:\Data\ar0701004.hdr
* Software Version Seasave V 7.23.2
* Temperature SN = 4406
* Conductivity SN = 3042
* Number of Bytes Per Scan = 44
* Number of Voltage Words = 5
* Number of Scans Averaged by the Deck Unit = 1
* NMEA Latitude = 51 58.27 N
* NMEA Longitude = 045 45.89 W
* NMEA UTC (Time) = Jul 06 2016  17:02:22
**  Release test
** Chief Scientist: George Tupper
** Station ID 004
# nquan = 19
# nvalues = 2504                        
# units = specified
# name 0 = prDM: Pressure, Digiquartz [db]
# name 1 = t090C: Temperature [ITS-90, deg C]
# name 2 = t190C: Temperature, 2 [ITS-90, deg C]
# name 3 = c0S/m: Conductivity [S/m]
# name 4 = c1S/m: Conductivity, 2 [S/m]
# name 5 = sbeox0V: Oxygen raw, SBE 43 [V]
# name 6 = flECO-AFL: Fluorescence, WET Labs ECO-AFL/FL [mg/m^3]
# name 7 = turbWETntu0: Turbidity, WET Labs ECO [NTU]
# name 8 = CStarAt0: Beam Attenuation, WET Labs C-Star [1/m]
# name 9 = CStarTr0: Beam Transmission, WET Labs C-Star [%]
# name 10 = sal00: Salinity, Practical [PSU]
# name 11 = spar: SPAR/Surface Irradiance
# name 12 = par: PAR/Irradiance, Biospherical/Licor
# name 13 = depSM: Depth [salt water, m], lat = 51.9712
# name 14 = sal00: Salinity, Practical [PSU]
# name 15 = sal11: Salinity, Practical, 2 [PSU]
# name 16 = sbeox0ML/L: Oxygen, SBE 43 [ml/l], WS = 2
# name 17 = svCM: Sound Velocity [Chen-Millero, m/s]
# name 18 = flag: flag
# span 0 =      2.018,   2542.408       
# span 1 =     2.9147,    10.9471       
# span 2 =     2.9130,    10.9410       
# span 3 =   3.249806,   3.828701       
# span 4 =   3.249432,   3.827899       
# span 5 =     2.1542,     3.3406       
# span 6 =     0.0106,     2.6857       
# span 7 =     0.9094,     1.1106       
# span 8 =     0.1251,     0.7906       
# span 9 =    82.0650,    96.9219       
# span 10 =    34.2698,    34.9287      
# span 11 = 2.9247e+02, 6.3674e+02      
# span 12 = 9.5400e-02, 9.5400e-02      
# span 13 =      2.000,   2505.000      
# span 14 =    34.2698,    34.9287      
# span 15 =    34.2675,    34.9254      
# span 16 =     5.5907,     6.4358      
# span 17 =    1471.42,    1504.24      
# span 18 = 0.0000e+00, 0.0000e+00      
# interval = meters: 1                  
# start_time = Jul 06 2016 17:03:14 [NMEA time, first data scan]
# bad_flag = -9.990e-29
*END*
   2542.408     2.9167     2.9166   3.260710   3.260350     2.1546     0.0470     0.9200     0.1262    96.8942    34.9261 6.1738e+02 9.5400e-02   2505.000    34.9261    34.9219     6.1223    1504.24 0.0000e+00
   2541.387     2.9170     2.9172   3.260710   3.260353     2.1546     0.0358     0.9200     0.1264    96.8901    34.9262 6.1844e+02 9.5400e-02   2504.000    34.9262    34.9218     6.1214    1504.23 0.0000e+00
   2540.366     2.9173     2.9177   3.260703   3.260378     2.1546     0.0348     0.9200     0.1264    96.8902    34.9263 6.1993e+02 9.5400e-02   2503.000    34.9263    34.9220     6.1206    1504.21 0.0000e+00
   2539.345     2.9177     2.9176   3.260709   3.260336     2.1542     0.0394     0.9200     0.1264    96.8902    34.9265 6.2151e+02 9.5400e-02   2502.000    34.9265    34.9221     6.1179    1504.19 0.0000e+00
   2538.324     2.9178     2.9181   3.260681   3.260324     2.1544     0.0475     0.9200     0.1264    96.8902    34.9265 6.2452e+02 9.5400e-02   2501.000    34.9265    34.9219     6.1178    1504.18 0.0000e+00
   2537.303     2.9178     2.9178   3.260629   3.260286     2.1544     0.0470     0.9200     0.1264    96.8902    34.9264 6.2778e+02 9.5400e-02   2500.000    34.9264    34.9222     6.1171    1504.16 0.0000e+00
   2536.283     2.9179     2.9179   3.260615   3.260244     2.1545     0.0470     0.9257     0.1264    96.8902    34.9266 6.3104e+02 9.5400e-02   2499.000    34.9266    34.9221     6.1168    1504.14 0.0000e+00
   2535.262     2.9178     2.9176   3.260571   3.260179     2.1546     0.0470     0.9265     0.1264    96.8902    34.9266 6.3674e+02 9.5400e-02   2498.000    34.9266    34.9222     6.1164    1504.13 0.0000e+00
   2534.241     2.9159     2.9153   3.260345   3.259934     2.1561     0.0347     0.9248     0.1261    96.8969    34.9264 4.7820e+02 9.5400e-02   2497.000    34.9264    34.9222     6.1215    1504.10 0.0000e+00
   2533.220     2.9147     2.9130   3.260164   3.259641     2.1573     0.0334     0.9321     0.1253    96.9168    34.9259 3.6348e+02 9.5400e-02   2496.000    34.9259    34.9215     6.1257    1504.08 0.0000e+00
   2532.199     2.9150     2.9135   3.260164   3.259659     2.1576     0.0465     0.9303     0.1253    96.9160    34.9261 3.6522e+02 9.5400e-02   2495.000    34.9261    34.9217     6.1259    1504.06 0.0000e+00
   2531.178     2.9151     2.9145   3.260155   3.259764     2.1579     0.0330     0.9292     0.1255    96.9111    34.9263 3.6965e+02 9.5400e-02   2494.000    34.9263    34.9223     6.1263    1504.05 0.0000e+00
   2530.157     2.9162     2.9151   3.260204   3.259719     2.1576     0.0348     0.9300     0.1257    96.9073    34.9263 3.6653e+02 9.5400e-02   2493.000    34.9263    34.9217     6.1241    1504.03 0.0000e+00
   2529.136     2.9173     2.9167   3.260277   3.259837     2.1576     0.0348     0.9264     0.1254    96.9134    34.9264 3.6749e+02 9.5400e-02   2492.000    34.9264    34.9218     6.1232    1504.02 0.0000e+00
   2528.115     2.9193     2.9192   3.260408   3.260010     2.1575     0.0214     0.9266     0.1262    96.8932    34.9264 3.6675e+02 9.5400e-02   2491.000    34.9264    34.9217     6.1215    1504.01 0.0000e+00
   2527.094     2.9211     2.9205   3.260531   3.260107     2.1579     0.0259     0.9298     0.1262    96.8937    34.9265 3.6685e+02 9.5400e-02   2490.000    34.9265    34.9220     6.1220    1504.00 0.0000e+00
   2526.073     2.9205     2.9207   3.260438   3.260098     2.1582     0.0347     0.9382     0.1257    96.9067    34.9265 3.6706e+02 9.5400e-02   2489.000    34.9265    34.9221     6.1226    1503.98 0.0000e+00
   2525.053     2.9208     2.9207   3.260417   3.260075     2.1585     0.0450     0.9341     0.1253    96.9166    34.9263 3.6676e+02 9.5400e-02   2488.000    34.9263    34.9224     6.1228    1503.97 0.0000e+00
   2524.032     2.9213     2.9209   3.260420   3.260041     2.1588     0.0426     0.9279     0.1254    96.9138    34.9263 3.6628e+02 9.5400e-02   2487.000    34.9263    34.9222     6.1231    1503.95 0.0000e+00
   2523.011     2.9215     2.9210   3.260374   3.260001     2.1593     0.0466     0.9202     0.1254    96.9142    34.9260 3.6693e+02 9.5400e-02   2486.000    34.9260    34.9221     6.1240    1503.93 0.0000e+00
   2521.990     2.9221     2.9213   3.260381   3.259968     2.1597     0.0470     0.9260     0.1253    96.9169    34.9259 3.6957e+02 9.5400e-02   2485.000    34.9259    34.9218     6.1247    1503.92 0.0000e+00
   2520.969     2.9228     2.9224   3.260391   3.259987     2.1597     0.0252     0.9206     0.1253    96.9153    34.9258 3.7347e+02 9.5400e-02   2484.000    34.9258    34.9214     6.1240    1503.90 0.0000e+00
   2519.948     2.9224     2.9222   3.260299   3.259953     2.1600     0.0376     0.9274     0.1255    96.9122    34.9256 3.7595e+02 9.5400e-02   2483.000    34.9256    34.9216     6.1243    1503.89 0.0000e+00
   2518.927     2.9224     2.9216   3.260263   3.259853     2.1600     0.0388     0.9322     0.1253    96.9169    34.9256 3.7387e+02 9.5400e-02   2482.000    34.9256    34.9216     6.1236    1503.87 0.0000e+00
   2517.906     2.9220     2.9215   3.260165   3.259782     2.1605     0.0472     0.9264     0.1260    96.8986    34.9253 3.6996e+02 9.5400e-02   2481.000    34.9253    34.9213     6.1248    1503.85 0.0000e+00
   2516.886     2.9218     2.9214   3.260094   3.259720     2.1605     0.0253     0.9268     0.1253    96.9165    34.9252 3.6721e+02 9.5400e-02   2480.000    34.9252    34.9211     6.1238    1503.83 0.0000e+00
   2515.865     2.9228     2.9224   3.260152   3.259715     2.1607     0.0330     0.9269     0.1253    96.9169    34.9253 3.6661e+02 9.5400e-02   2479.000    34.9253    34.9205     6.1237    1503.82 0.0000e+00
   2514.844     2.9257     2.9264   3.260365   3.260048     2.1609     0.0470     0.9261     0.1253    96.9169    34.9252 3.6742e+02 9.5400e-02   2478.000    34.9252    34.9208     6.1231    1503.81 0.0000e+00
   2513.823     2.9300     2.9266   3.260781   3.260034     2.1611     0.0470     0.9261     0.1253    96.9169    34.9262 3.7042e+02 9.5400e-02   2477.000    34.9262    34.9209     6.1225    1503.82 0.0000e+00
   2512.802     2.9338     2.9310   3.261122   3.260478     2.1616     0.0285     0.9269     0.1253    96.9162    34.9268 3.7453e+02 9.5400e-02   2476.000    34.9268    34.9220     6.1228    1503.81 0.0000e+00
   2511.781     2.9358     2.9342   3.261274   3.260766     2.1626     0.0299     0.9264     0.1255    96.9101    34.9269 3.7804e+02 9.5400e-02   2475.000    34.9269    34.9225     6.1253    1503.81 0.0000e+00
   2510.761     2.9385     2.9361   3.261450   3.260891     2.1625     0.0356     0.9260     0.1254    96.9147    34.9266 3.7680e+02 9.5400e-02   2474.000    34.9266    34.9225     6.1238    1503.80 0.0000e+00
   2509.740     2.9387     2.9371   3.261465   3.260946     2.1628     0.0471     0.9264     0.1253    96.9169    34.9270 3.7562e+02 9.5400e-02   2473.000    34.9270    34.9225     6.1239    1503.78 0.0000e+00
   2508.719     2.9411     2.9399   3.261672   3.261166     2.1626     0.0255     0.9316     0.1253    96.9169    34.9274 3.7365e+02 9.5400e-02   2472.000    34.9274    34.9227     6.1219    1503.78 0.0000e+00
   2507.698     2.9407     2.9399   3.261599   3.261172     2.1627     0.0324     0.9275     0.1253    96.9169    34.9275 3.7526e+02 9.5400e-02   2471.000    34.9275    34.9232     6.1218    1503.76 0.0000e+00
   2506.677     2.9410     2.9405   3.261590   3.261158     2.1633     0.0348     0.9210     0.1260    96.8996    34.9275 3.7576e+02 9.5400e-02   2470.000    34.9275    34.9229     6.1229    1503.74 0.0000e+00
   2505.657     2.9427     2.9419   3.261699   3.261248     2.1630     0.0430     0.9244     0.1253    96.9170    34.9275 3.7601e+02 9.5400e-02   2469.000    34.9275    34.9229     6.1209    1503.73 0.0000e+00
   2504.636     2.9455     2.9437   3.261940   3.261369     2.1629     0.0461     0.9260     0.1257    96.9075    34.9279 3.7601e+02 9.5400e-02   2468.000    34.9279    34.9230     6.1193    1503.73 0.0000e+00
   2503.615     2.9472     2.9469   3.262064   3.261660     2.1636     0.0356     0.9275     0.1253    96.9170    34.9281 3.7616e+02 9.5400e-02   2467.000    34.9281    34.9236     6.1206    1503.72 0.0000e+00
   2502.594     2.9471     2.9469   3.262056   3.261658     2.1637     0.0348     0.9242     0.1266    96.8855    34.9285 3.7601e+02 9.5400e-02   2466.000    34.9285    34.9240     6.1201    1503.70 0.0000e+00
   2501.574     2.9478     2.9478   3.262067   3.261702     2.1636     0.0348     0.9202     0.1259    96.9019    34.9284 3.7751e+02 9.5400e-02   2465.000    34.9284    34.9241     6.1189    1503.69 0.0000e+00
   2500.553     2.9481     2.9475   3.262084   3.261671     2.1636     0.0378     0.9249     0.1254    96.9136    34.9287 3.8309e+02 9.5400e-02   2464.000    34.9287    34.9245     6.1182    1503.67 0.0000e+00
   2499.532     2.9483     2.9476   3.262038   3.261609     2.1636     0.0353     0.9261     0.1253    96.9170    34.9285 3.8114e+02 9.5400e-02   2463.000    34.9285    34.9241     6.1172    1503.65 0.0000e+00
   2498.511     2.9487     2.9483   3.262043   3.261633     2.1635     0.0275     0.9264     0.1255    96.9105    34.9286 3.7980e+02 9.5400e-02   2462.000    34.9286    34.9242     6.1160    1503.64 0.0000e+00
   2497.490     2.9488     2.9485   3.262004   3.261622     2.1637     0.0242     0.9265     0.1253    96.9170    34.9285 3.7815e+02 9.5400e-02   2461.000    34.9285    34.9243     6.1158    1503.62 0.0000e+00
   2496.470     2.9487     2.9485   3.261963   3.261597     2.1637     0.0360     0.9265     0.1256    96.9095    34.9286 3.7778e+02 9.5400e-02   2460.000    34.9286    34.9244     6.1150    1503.60 0.0000e+00
   2495.449     2.9485     2.9482   3.261886   3.261520     2.1637     0.0287     0.9261     0.1255    96.9102    34.9283 3.7852e+02 9.5400e-02   2459.000    34.9283    34.9243     6.1142    1503.59 0.0000e+00
   2494.428     2.9476     2.9473   3.261750   3.261371     2.1638     0.0227     0.9261     0.1253    96.9150    34.9282 3.8030e+02 9.5400e-02   2458.000    34.9282    34.9240     6.1142    1503.56 0.0000e+00
   2493.408     2.9466     2.9466   3.261599   3.261265     2.1640     0.0453     0.9204     0.1259    96.9013    34.9279 3.8205e+02 9.5400e-02   2457.000    34.9279    34.9240     6.1143    1503.54 0.0000e+00
   2492.387     2.9456     2.9469   3.261445   3.261252     2.1647     0.0470     0.9237     0.1255    96.9103    34.9276 3.8326e+02 9.5400e-02   2456.000    34.9276    34.9239     6.1162    1503.52 0.0000e+00
   2491.366     2.9454     2.9459   3.261373   3.261117     2.1647     0.0470     0.9261     0.1253    96.9169    34.9274 3.8365e+02 9.5400e-02   2455.000    34.9274    34.9238     6.1155    1503.50 0.0000e+00
   2490.345     2.9450     2.9446   3.261283   3.260906     2.1654     0.0470     0.9263     0.1253    96.9159    34.9272 3.8365e+02 9.5400e-02   2454.000    34.9272    34.9232     6.1176    1503.48 0.0000e+00
   2489.325     2.9448     2.9448   3.261202   3.260878     2.1659     0.0358     0.9261     0.1253    96.9169    34.9269 3.8508e+02 9.5400e-02   2453.000    34.9269    34.9231     6.1185    1503.46 0.0000e+00
   2488.304     2.9453     2.9445   3.261182   3.260768     2.1662     0.0246     0.9209     0.1254    96.9148    34.9266 3.8605e+02 9.5400e-02   2452.000    34.9266    34.9226     6.1189    1503.45 0.0000e+00
   2487.283     2.9453     2.9445   3.261131   3.260725     2.1664     0.0317     0.9222     0.1255    96.9123    34.9265 3.8717e+02 9.5400e-02   2451.000    34.9265    34.9225     6.1187    1503.43 0.0000e+00
   2486.262     2.9455     2.9447   3.261095   3.260679     2.1669     0.0282     0.9258     0.1255    96.9115    34.9263 3.8346e+02 9.5400e-02   2450.000    34.9263    34.9222     6.1200    1503.42 0.0000e+00
   2485.242     2.9464     2.9454   3.261118   3.260674     2.1666     0.0352     0.9317     0.1253    96.9172    34.9261 3.8201e+02 9.5400e-02   2449.000    34.9261    34.9218     6.1177    1503.40 0.0000e+00
   2484.221     2.9494     2.9488   3.261368   3.260921     2.1672     0.0348     0.9266     0.1253    96.9169    34.9265 3.8159e+02 9.5400e-02   2448.000    34.9265    34.9217     6.1189    1503.40 0.0000e+00
   2483.200     2.9518     2.9515   3.261555   3.261159     2.1674     0.0348     0.9260     0.1257    96.9067    34.9266 3.8138e+02 9.5400e-02   2447.000    34.9266    34.9222     6.1181    1503.39 0.0000e+00
   2482.180     2.9522     2.9531   3.261564   3.261265     2.1674     0.0371     0.9257     0.1255    96.9102    34.9268 3.8221e+02 9.5400e-02   2446.000    34.9268    34.9222     6.1175    1503.38 0.0000e+00
   2481.159     2.9528     2.9541   3.261561   3.261333     2.1675     0.0472     0.9199     0.1256    96.9085    34.9266 3.8342e+02 9.5400e-02   2445.000    34.9266    34.9225     6.1170    1503.36 0.0000e+00
   2480.138     2.9561     2.9562   3.261824   3.261502     2.1679     0.0470     0.9285     0.1256    96.9085    34.9267 3.8366e+02 9.5400e-02   2444.000    34.9267    34.9228     6.1172    1503.36 0.0000e+00
   2479.118     2.9546     2.9554   3.261684   3.261406     2.1681     0.0436     0.9308     0.1255    96.9124    34.9271 3.8365e+02 9.5400e-02   2443.000    34.9271    34.9229     6.1171    1503.33 0.0000e+00
   2478.097     2.9579     2.9579   3.261958   3.261568     2.1685     0.0352     0.9262     0.1298    96.8070    34.9273 3.8375e+02 9.5400e-02   2442.000    34.9273    34.9227     6.1172    1503.33 0.0000e+00
   2477.076     2.9584     2.9591   3.261975   3.261639     2.1686     0.0458     0.9206     0.1260    96.8986    34.9275 3.8373e+02 9.5400e-02   2441.000    34.9275    34.9228     6.1169    1503.32 0.0000e+00
   2476.056     2.9591     2.9590   3.262022   3.261671     2.1696     0.0388     0.9279     0.1253    96.9161    34.9278 3.8640e+02 9.5400e-02   2440.000    34.9278    34.9237     6.1198    1503.30 0.0000e+00
   2475.035     2.9599     2.9600   3.262025   3.261661     2.1699     0.0471     0.9264     0.1253    96.9152    34.9274 3.8471e+02 9.5400e-02   2439.000    34.9274    34.9230     6.1198    1503.29 0.0000e+00
   2474.014     2.9605     2.9602   3.262037   3.261655     2.1698     0.0470     0.9269     0.1253    96.9169    34.9275 3.8001e+02 9.5400e-02   2438.000    34.9275    34.9232     6.1189    1503.27 0.0000e+00
   2472.994     2.9608     2.9607   3.262010   3.261639     2.1698     0.0470     0.9269     0.1253    96.9169    34.9273 3.8271e+02 9.5400e-02   2437.000    34.9273    34.9229     6.1180    1503.26 0.0000e+00
   2471.973     2.9611     2.9610   3.262012   3.261620     2.1699     0.0386     0.9307     0.1254    96.9128    34.9275 3.8335e+02 9.5400e-02   2436.000    34.9275    34.9229     6.1175    1503.24 0.0000e+00
   2470.953     2.9614     2.9612   3.261982   3.261616     2.1699     0.0348     0.9322     0.1257    96.9066    34.9273 3.8394e+02 9.5400e-02   2435.000    34.9273    34.9231     6.1166    1503.23 0.0000e+00
   2469.932     2.9613     2.9612   3.261929   3.261579     2.1699     0.0348     0.9270     0.1258    96.9045    34.9273 3.8497e+02 9.5400e-02   2434.000    34.9273    34.9232     6.1158    1503.21 0.0000e+00
   2468.911     2.9621     2.9613   3.261981   3.261559     2.1700     0.0372     0.9253     0.1253    96.9167    34.9275 3.8479e+02 9.5400e-02   2433.000    34.9275    34.9232     6.1152    1503.19 0.0000e+00
   2467.891     2.9632     2.9620   3.262042   3.261582     2.1706     0.0466     0.9202     0.1258    96.9034    34.9275 3.8370e+02 9.5400e-02   2432.000    34.9275    34.9232     6.1165    1503.18 0.0000e+00
   2466.870     2.9635     2.9631   3.262062   3.261675     2.1715     0.0466     0.9228     0.1257    96.9072    34.9279 3.8202e+02 9.5400e-02   2431.000    34.9279    34.9237     6.1192    1503.17 0.0000e+00
   2465.850     2.9624     2.9634   3.261893   3.261635     2.1721     0.0337     0.9263     0.1256    96.9085    34.9275 3.8713e+02 9.5400e-02   2430.000    34.9275    34.9234     6.1206    1503.14 0.0000e+00
