Ship_data/Irminger/Irminger-2/ctd/process/at30_012.cnv
* Sea-Bird SBE 9 Data File:
* FileName = C:\data\ctd\at30_012.hdr
* Software Version Seasave V 7.21f
* Temperature SN = 2265
* Conductivity SN = 3021
* Number of Bytes Per Scan = 40
* Number of Voltage Words = 5
* Number of Scans Averaged by the Deck Unit = 1
* NMEA Latitude = 59 59.98 N
* NMEA Longitude = 039 28.96 W
* NMEA UTC (Time) = Aug 23 2015  16:50:38
** Cal/Val for HYPM-2
# nquan = 36
# nvalues = 5296                        
# units = specified
# name 0 = timeS: Time, Elapsed [seconds]
# name 1 = longitude: Longitude [deg]
# name 2 = latitude: Latitude [deg]
# name 3 = depSM: Depth [salt water, m]
# name 4 = prDM: Pressure, Digiquartz [db]
# name 5 = t090C: Temperature [ITS-90, deg C]
# name 6 = t190C: Temperature, 2 [ITS-90, deg C]
# name 7 = c0S/m: Conductivity [S/m]
# name 8 = c1S/m: Conductivity, 2 [S/m]
# name 9 = CStarTr0: Beam Transmission, WET Labs C-Star [%]
# name 10 = flECO-AFL: Fluorescence, WET Labs ECO-AFL/FL [mg/m^3]
# name 11 = sbeox0V: Oxygen raw, SBE 43 [V]
# name 12 = altM: Altimeter [m]
# name 13 = nbf: Bottles Fired
# name 14 = density00: Density [density, Kg/m^3]
# name 15 = density11: Density, 2 [density, Kg/m^3]
# name 16 = sal00: Salinity, Practical [PSU]
# name 17 = sal11: Salinity, Practical, 2 [PSU]
# name 18 = svCM: Sound Velocity [Chen-Millero, m/s]
# name 19 = svCM1: Sound Velocity, 2 [Chen-Millero, m/s]
# name 20 = timeS: Time, Elapsed [seconds]
# name 21 = sbeox0ML/L: Oxygen, SBE 43 [ml/l]
# name 22 = sbeox0PS: Oxygen, SBE 43 [% saturation]
# name 23 = dz/dtM: Descent Rate [m/s]
# name 24 = T2-T190C: Temperature Difference, 2 - 1 [ITS-90, deg C]
# name 25 = depSM: Depth [salt water, m], lat = 59.9997
# name 26 = density00: Density [density, Kg/m^3]
# name 27 = density11: Density, 2 [density, Kg/m^3]
# name 28 = sal00: Salinity, Practical [PSU]
# name 29 = sal11: Salinity, Practical, 2 [PSU]
# name 30 = svCM: Sound Velocity [Chen-Millero, m/s]
# name 31 = svCM1: Sound Velocity, 2 [Chen-Millero, m/s]
# name 32 = sbeox0ML/L: Oxygen, SBE 43 [ml/l], WS = 2
# name 33 = dz/dtM: Descent Rate [m/s], WS = 2
# name 34 = T2-T190C: Temperature Difference, 2 - 1 [ITS-90, deg C]
# name 35 = flag: flag
# span 0 =     44.566,   7396.684       
# span 1 =  -39.48705,  -39.48252       
# span 2 =   59.99962,   60.00150       
# span 3 =      2.000,   2652.000       
# span 4 =      2.019,   2694.399       
# span 5 =     1.3170,     8.4998       
# span 6 =     1.3177,     8.5001       
# span 7 =   3.123007,   3.658136       
# span 8 =   3.123089,   3.658109       
# span 9 =    92.4950,    97.7939       
# span 10 =    -0.0830,     1.8353      
# span 11 =     1.6948,     2.5159      
# span 12 =       8.44,     103.21      
# span 13 =          0,         12      
# span 14 =  1027.1191,  1040.3141      
# span 15 =  1027.1185,  1040.3136      
# span 16 =    34.8269,    34.9553      
# span 17 =    34.8222,    34.9566      
# span 18 =    1470.04,    1501.03      
# span 19 =    1470.04,    1501.03      
# span 20 =     44.566,   7396.684      
# span 21 =    6.00224,    6.85173      
# span 22 =   81.34754,  101.05976      
# span 23 =     -1.897,      1.742      
# span 24 =    -0.2324,     0.1179      
# span 25 =      2.000,   2652.000      
# span 26 =  1027.1192,  1040.3141      
# span 27 =  1027.1185,  1040.3137      
# span 28 =    34.8274,    34.9557      
# span 29 =    34.8265,    34.9565      
# span 30 =    1470.04,    1501.03      
# span 31 =    1470.04,    1501.03      
# span 32 =    6.00000,    6.85558      
# span 33 =     -1.912,      1.744      
# span 34 =    -0.2324,     0.1179      
# span 35 = 0.0000e+00, 0.0000e+00      
# interval = meters: 1                  
# start_time = Aug 23 2015 16:50:38 [NMEA time, header]
# bad_flag = -9.990e-29
*END*
[from data line 4273]
   5594.508  -39.48630   60.00118   1024.000   1036.326     3.5541     3.5538   3.251426   3.251384    97.7262    -0.0598     2.0531      98.73          6  1032.5173  1032.5173    34.8756    34.8755    1481.65    1481.65   5594.508    6.51518   88.88680     -0.601    -0.0003   1024.000  1032.5175  1032.5175    34.8758    34.8756    1481.65    1481.65    6.52006     -0.629    -0.0003 0.0000e+00
   5595.953  -39.48630   60.00118   1023.000   1035.311     3.5539     3.5542   3.251363   3.251354    97.7316    -0.0610     2.0539      98.73          6  1032.5128  1032.5125    34.8757    34.8753    1481.63    1481.63   5595.953    6.51788   88.92325     -0.676     0.0003   1023.000  1032.5129  1032.5126    34.8758    34.8754    1481.63    1481.63    6.52259     -0.768     0.0003 0.0000e+00
   5597.194  -39.48632   60.00118   1022.000   1034.296     3.5540     3.5545   3.251327   3.251342    97.7324    -0.0611     2.0543      98.73          6  1032.5081  1032.5078    34.8756    34.8753    1481.61    1481.62   5597.194    6.52047   88.95874     -0.790     0.0005   1022.000  1032.5082  1032.5079    34.8758    34.8755    1481.61    1481.62    6.52362     -0.885     0.0005 0.0000e+00
   5598.242  -39.48632   60.00118   1021.000   1033.282     3.5548     3.5549   3.251356   3.251337    97.7245    -0.0598     2.0550      98.73          6  1032.5034  1032.5032    34.8757    34.8754    1481.60    1481.60   5598.242    6.52107   88.96867     -0.894     0.0001   1021.000  1032.5035  1032.5033    34.8758    34.8755    1481.60    1481.60    6.52541     -1.082     0.0001 0.0000e+00
   5599.099  -39.48632   60.00118   1020.000   1032.267     3.5548     3.5553   3.251317   3.251321    97.7161    -0.0600     2.0554      98.73          6  1032.4989  1032.4985    34.8758    34.8754    1481.58    1481.59   5599.099    6.52199   88.98126     -1.056     0.0005   1020.000  1032.4989  1032.4985    34.8759    34.8754    1481.58    1481.59    6.52620     -1.257     0.0005 0.0000e+00
   5599.865  -39.48632   60.00118   1019.000   1031.253     3.5550     3.5555   3.251296   3.251318    97.7219    -0.0625     2.0561      98.73          6  1032.4943  1032.4939    34.8758    34.8755    1481.57    1481.57   5599.865    6.52294   88.99484     -1.220     0.0005   1019.000  1032.4943  1032.4940    34.8759    34.8756    1481.57    1481.57    6.52823     -1.291     0.0005 0.0000e+00
   5600.678  -39.48632   60.00118   1018.000   1030.238     3.5552     3.5556   3.251267   3.251284    97.7284    -0.0617     2.0563      98.73          6  1032.4896  1032.4894    34.8758    34.8756    1481.55    1481.55   5600.678    6.52291   88.99477     -1.295     0.0004   1018.000  1032.4896  1032.4894    34.8759    34.8756    1481.55    1481.55    6.52820     -1.107     0.0004 0.0000e+00
   5603.471  -39.48632   60.00118   1017.000   1029.224     3.5551     3.5553   3.251221   3.251233    97.7249    -0.0608     2.0563      98.73          6  1032.4851  1032.4850    34.8760    34.8758    1481.54    1481.54   5603.471    6.52765   89.05917     -0.391     0.0003   1017.000  1032.4851  1032.4850    34.8760    34.8759    1481.54    1481.54    6.52753     -0.259     0.0003 0.0000e+00
   5606.714  -39.48632   60.00118   1016.000   1028.209     3.5552     3.5557   3.251167   3.251180    97.7261    -0.0597     2.0562      98.73          6  1032.4803  1032.4800    34.8758    34.8754    1481.52    1481.52   5606.714    6.52531   89.02737     -0.524     0.0005   1016.000  1032.4803  1032.4800    34.8758    34.8754    1481.52    1481.52    6.52604     -0.848     0.0005 0.0000e+00
   5607.744  -39.48632   60.00118   1015.000   1027.195     3.5552     3.5556   3.251120   3.251137    97.7181    -0.0603     2.0564      98.73          6  1032.4756  1032.4753    34.8757    34.8754    1481.50    1481.50   5607.744    6.52520   89.02590     -0.864     0.0004   1015.000  1032.4756  1032.4753    34.8757    34.8755    1481.50    1481.50    6.52632     -0.942     0.0004 0.0000e+00
   5608.856  -39.48632   60.00118   1014.000   1026.180     3.5552     3.5556   3.251083   3.251101    97.7327    -0.0621     2.0565      98.73          6  1032.4711  1032.4708    34.8758    34.8756    1481.49    1481.49   5608.856    6.52448   89.01616     -0.936     0.0004   1014.000  1032.4709  1032.4708    34.8758    34.8756    1481.49    1481.49    6.52554     -0.886     0.0004 0.0000e+00
   5610.017  -39.48632   60.00118   1013.000   1025.166     3.5554     3.5558   3.251059   3.251075    97.7268    -0.0596     2.0565      98.73          6  1032.4663  1032.4662    34.8758    34.8756    1481.47    1481.47   5610.017    6.52449   89.01674     -0.880     0.0004   1013.000  1032.4664  1032.4662    34.8758    34.8756    1481.47    1481.47    6.52485     -0.883     0.0004 0.0000e+00
   5611.160  -39.48632   60.00118   1012.000   1024.151     3.5556     3.5560   3.251042   3.251048    97.7295    -0.0610     2.0571      98.73          6  1032.4618  1032.4614    34.8758    34.8755    1481.45    1481.45   5611.160    6.52423   89.01356     -0.886     0.0004   1012.000  1032.4618  1032.4614    34.8759    34.8755    1481.45    1481.45    6.52647     -0.844     0.0004 0.0000e+00
   5613.784  -39.48632   60.00118   1011.000   1023.137     3.5571     3.5575   3.251166   3.251183    97.7329    -0.0615     2.0588      98.73          6  1032.4573  1032.4570    34.8762    34.8760    1481.44    1481.44   5613.784    6.52746   89.06127     -0.419     0.0004   1011.000  1032.4573  1032.4572    34.8763    34.8761    1481.44    1481.44    6.53240     -0.295     0.0004 0.0000e+00
   5619.621  -39.48634   60.00118   1010.000   1022.122     3.5579     3.5582   3.251195   3.251205    97.7293    -0.0601     2.0613      98.73          6  1032.4525  1032.4524    34.8763    34.8761    1481.43    1481.43   5619.621    6.54057   89.24196     -0.174     0.0003   1010.000  1032.4525  1032.4524    34.8763    34.8761    1481.43    1481.43    6.54194     -0.255     0.0003 0.0000e+00
   5622.439  -39.48632   60.00118   1009.000   1021.108     3.5581     3.5583   3.251161   3.251163    97.7296    -0.0606     2.0611      98.73          6  1032.4479  1032.4478    34.8763    34.8761    1481.41    1481.41   5622.439    6.54055   89.24190     -0.345     0.0002   1009.000  1032.4479  1032.4478    34.8763    34.8761    1481.41    1481.41    6.54028     -0.369     0.0002 0.0000e+00
   5624.601  -39.48633   60.00118   1008.000   1020.093     3.5581     3.5582   3.251110   3.251074    97.7133    -0.0607     2.0615      98.73          6  1032.4431  1032.4427    34.8761    34.8757    1481.40    1481.40   5624.601    6.53943   89.22668     -0.480     0.0000   1008.000  1032.4431  1032.4427    34.8761    34.8756    1481.40    1481.40    6.54130     -0.659     0.0000 0.0000e+00
   5625.949  -39.48634   60.00118   1007.000   1019.079     3.5578     3.5580   3.251038   3.251050    97.7327    -0.0607     2.0615      98.73          6  1032.4386  1032.4385    34.8762    34.8761    1481.38    1481.38   5625.949    6.54028   89.23760     -0.708     0.0002   1007.000  1032.4386  1032.4385    34.8761    34.8761    1481.38    1481.38    6.54042     -0.694     0.0002 0.0000e+00
   5630.551  -39.48633   60.00118   1006.000   1018.065     3.5575     3.5578   3.250967   3.250991    97.7228    -0.0600     2.0620      98.73          6  1032.4340  1032.4340    34.8761    34.8761    1481.36    1481.36   5630.551    6.53820   89.20853     -0.471     0.0003   1006.000  1032.4340  1032.4340    34.8761    34.8761    1481.36    1481.36    6.54160     -0.246     0.0003 0.0000e+00
   5633.971  -39.48632   60.00118   1005.000   1017.050     3.5572     3.5574   3.250871   3.250900    97.7296    -0.0617     2.0624      98.73          6  1032.4292  1032.4292    34.8759    34.8760    1481.34    1481.34   5633.971    6.53770   89.20085     -0.861     0.0003   1005.000  1032.4291  1032.4292    34.8758    34.8759    1481.34    1481.34    6.54277     -0.747     0.0003 0.0000e+00
   5638.596  -39.48632   60.00118   1004.000   1016.036     3.5558     3.5564   3.250712   3.250758    97.6893    -0.0604     2.0623      98.73          6  1032.4248  1032.4246    34.8760    34.8759    1481.32    1481.32   5638.596    6.54193   89.25562     -0.119     0.0006   1004.000  1032.4247  1032.4246    34.8759    34.8758    1481.32    1481.32    6.54155     -0.097     0.0006 0.0000e+00
   5642.298  -39.48634   60.00118   1003.000   1015.021     3.5571     3.5572   3.250761   3.250763    97.6786    -0.0607     2.0638      98.73          6  1032.4198  1032.4197    34.8757    34.8756    1481.31    1481.31   5642.298    6.54017   89.23424     -0.579     0.0001   1003.000  1032.4198  1032.4197    34.8757    34.8756    1481.31    1481.31    6.54687     -0.714     0.0001 0.0000e+00
   5643.715  -39.48634   60.00120   1002.000   1014.007     3.5572     3.5571   3.250734   3.250722    97.7177    -0.0605     2.0643      98.73          6  1032.4152  1032.4152    34.8757    34.8757    1481.29    1481.29   5643.715    6.54426   89.29037     -0.721    -0.0001   1002.000  1032.4152  1032.4152    34.8757    34.8757    1481.29    1481.29    6.54809     -0.635    -0.0001 0.0000e+00
   5650.813  -39.48632   60.00120   1001.000   1012.992     3.5585     3.5582   3.250845   3.250806    97.7144    -0.0614     2.0645      98.73          6  1032.4108  1032.4106    34.8762    34.8760    1481.28    1481.28   5650.813    6.54978   89.36866     -0.097    -0.0002   1001.000  1032.4108  1032.4106    34.8763    34.8760    1481.28    1481.28    6.54789     -0.026    -0.0002 0.0000e+00
   5669.592  -39.48633   60.00120   1000.000   1011.978     3.5599     3.5600   3.250934   3.250928    97.7265    -0.0607     2.0661      98.73          6  1032.4060  1032.4059    34.8763    34.8762    1481.27    1481.27   5669.592    6.55251   89.40905     -0.155     0.0001   1000.000  1032.4060  1032.4059    34.8763    34.8762    1481.27    1481.27    6.55366     -0.055     0.0001 0.0000e+00
   5687.828  -39.48634   60.00120    999.000   1010.964     3.5598     3.5600   3.250864   3.250873    97.7237    -0.0612     2.0667      98.73          7  1032.4012  1032.4011    34.8761    34.8760    1481.25    1481.25   5687.828    6.55332   89.41982     -0.880     0.0002    999.000  1032.4012  1032.4011    34.8761    34.8760    1481.25    1481.25    6.55540     -0.803     0.0002 0.0000e+00
   5691.450  -39.48634   60.00122    998.000   1009.949     3.5598     3.5599   3.250837   3.250841    97.7262    -0.0606     2.0667      98.73          7  1032.3967  1032.3967    34.8764    34.8762    1481.24    1481.24   5691.450    6.55456   89.43691     -0.320     0.0001    998.000  1032.3967  1032.3966    34.8764    34.8762    1481.24    1481.24    6.55448     -0.242     0.0001 0.0000e+00
   5693.903  -39.48634   60.00120    997.000   1008.935     3.5609     3.5608   3.250882   3.250851    97.7258    -0.0603     2.0667      98.73          7  1032.3918  1032.3917    34.8761    34.8759    1481.22    1481.22   5693.903    6.55368   89.42719     -0.541    -0.0001    997.000  1032.3918  1032.3917    34.8762    34.8760    1481.22    1481.22    6.55347     -0.716    -0.0001 0.0000e+00
   5695.181  -39.48634   60.00120    996.000   1007.920     3.5621     3.5614   3.250948   3.250869    97.7306    -0.0613     2.0675      98.73          7  1032.3871  1032.3870    34.8762    34.8760    1481.21    1481.21   5695.181    6.55239   89.41213     -0.755    -0.0007    996.000  1032.3872  1032.3871    34.8763    34.8761    1481.21    1481.21    6.55546     -0.824    -0.0007 0.0000e+00
   5696.437  -39.48634   60.00122    995.000   1006.906     3.5630     3.5624   3.251009   3.250930    97.7324    -0.0606     2.0681      98.73          7  1032.3824  1032.3824    34.8764    34.8762    1481.20    1481.20   5696.437    6.55199   89.40882     -0.819    -0.0007    995.000  1032.3826  1032.3824    34.8765    34.8763    1481.20    1481.20    6.55733     -0.758    -0.0007 0.0000e+00
   5697.895  -39.48634   60.00122    994.000   1005.891     3.5639     3.5633   3.251039   3.250981    97.7248    -0.0606     2.0691      98.73          7  1032.3778  1032.3778    34.8764    34.8763    1481.19    1481.18   5697.895    6.55525   89.45522     -0.719    -0.0006    994.000  1032.3778  1032.3779    34.8765    34.8764    1481.19    1481.18    6.56027     -0.645    -0.0006 0.0000e+00
   5699.679  -39.48634   60.00121    993.000   1004.877     3.5641     3.5638   3.251022   3.250981    97.7335    -0.0618     2.0692      98.73          7  1032.3732  1032.3732    34.8765    34.8764    1481.17    1481.17   5699.679    6.55923   89.51015     -0.579    -0.0003    993.000  1032.3733  1032.3732    34.8766    34.8765    1481.17    1481.17    6.55973     -0.534    -0.0003 0.0000e+00
   5701.384  -39.48634   60.00121    992.000   1003.863     3.5650     3.5647   3.251058   3.250998    97.7255    -0.0612     2.0689      98.73          7  1032.3684  1032.3682    34.8765    34.8762    1481.16    1481.16   5701.384    6.55890   89.50752     -0.561    -0.0003    992.000  1032.3685  1032.3683    34.8766    34.8762    1481.16    1481.16    6.55747     -0.815    -0.0003 0.0000e+00
   5702.397  -39.48634   60.00122    991.000   1002.848     3.5653     3.5650   3.251047   3.250988    97.7279    -0.0611     2.0692      98.73          7  1032.3638  1032.3635    34.8765    34.8761    1481.14    1481.14   5702.397    6.55792   89.49488     -0.826    -0.0003    991.000  1032.3639  1032.3636    34.8766    34.8762    1481.14    1481.14    6.55778     -1.209    -0.0003 0.0000e+00
   5703.131  -39.48634   60.00122    990.000   1001.834     3.5660     3.5663   3.251087   3.251071    97.7265    -0.0614     2.0693      98.73          7  1032.3593  1032.3588    34.8767    34.8763    1481.13    1481.13   5703.131    6.55570   89.46621     -1.115     0.0003    990.000  1032.3594  1032.3590    34.8769    34.8764    1481.13    1481.13    6.55730     -1.414     0.0003 0.0000e+00
   5703.820  -39.48634   60.00122    989.000   1000.820     3.5662     3.5666   3.251051   3.251063    97.7253    -0.0630     2.0697      98.73          7  1032.3546  1032.3542    34.8767    34.8764    1481.11    1481.11   5703.820    6.55494   89.45636     -1.351     0.0004    989.000  1032.3546  1032.3542    34.8767    34.8765    1481.11    1481.11    6.55829     -1.446     0.0004 0.0000e+00
   5704.541  -39.48634   60.00122    988.000    999.805     3.5669     3.5672   3.251081   3.251064    97.6786    -0.0600     2.0703      98.73          7  1032.3499  1032.3495    34.8768    34.8763    1481.10    1481.10   5704.541    6.55494   89.45795     -1.443     0.0002    988.000  1032.3500  1032.3496    34.8769    34.8765    1481.10    1481.10    6.55991     -1.274     0.0002 0.0000e+00
   5705.582  -39.48634   60.00122    987.000    998.791     3.5688     3.5679   3.251248   3.251122    97.7032    -0.0596     2.0705      98.73          7  1032.3452  1032.3451    34.8771    34.8767    1481.09    1481.09   5705.582    6.55600   89.47671     -1.208    -0.0009    987.000  1032.3455  1032.3452    34.8774    34.8769    1481.09    1481.09    6.55948     -0.755    -0.0009 0.0000e+00
   5708.082  -39.48634   60.00122    986.000    997.776     3.5688     3.5698   3.251192   3.251281    97.7282    -0.0604     2.0707      98.73          7  1032.3407  1032.3405    34.8772    34.8771    1481.07    1481.08   5708.082    6.55936   89.52254     -0.223     0.0010    986.000  1032.3407  1032.3406    34.8773    34.8772    1481.07    1481.08    6.55926     -0.412     0.0010 0.0000e+00
