Ship_data/Irminger/Irminger-2/ctd/process/at30_009.ros
* Sea-Bird SBE 9 Data File:
* FileName = C:\data\ctd\at30_009.hdr
* Software Version Seasave V 7.21f
* Temperature SN = 2265
* Conductivity SN = 3021
* Number of Bytes Per Scan = 40
* Number of Voltage Words = 5
* Number of Scans Averaged by the Deck Unit = 1
* NMEA Latitude = 59 42.40 N
* NMEA Longitude = 039 19.92 W
* NMEA UTC (Time) = Aug 19 2015  15:06:00
** FLMB 1 for cal
# nquan = 27
# nvalues = 588                                   
# units = specified
# name 0 = timeS: Time, Elapsed [seconds]
# name 1 = longitude: Longitude [deg]
# name 2 = latitude: Latitude [deg]
# name 3 = depSM: Depth [salt water, m]
# name 4 = prDM: Pressure, Digiquartz [db]
# name 5 = t090C: Temperature [ITS-90, deg C]
# name 6 = t190C: Temperature, 2 [ITS-90, deg C]
# name 7 = c0S/m: Conductivity [S/m]
# name 8 = c1S/m: Conductivity, 2 [S/m]
# name 9 = CStarTr0: Beam Transmission, WET Labs C-Star [%]
# name 10 = flECO-AFL: Fluorescence, WET Labs ECO-AFL/FL [mg/m^3]
# name 11 = sbeox0V: Oxygen raw, SBE 43 [V]
# name 12 = altM: Altimeter [m]
# name 13 = nbf: Bottles Fired
# name 14 = density00: Density [density, Kg/m^3]
# name 15 = density11: Density, 2 [density, Kg/m^3]
# name 16 = sal00: Salinity, Practical [PSU]
# name 17 = sal11: Salinity, Practical, 2 [PSU]
# name 18 = svCM: Sound Velocity [Chen-Millero, m/s]
# name 19 = svCM1: Sound Velocity, 2 [Chen-Millero, m/s]
# name 20 = timeS: Time, Elapsed [seconds]
# name 21 = sbeox0ML/L: Oxygen, SBE 43 [ml/l]
# name 22 = sbeox0PS: Oxygen, SBE 43 [% saturation]
# name 23 = dz/dtM: Descent Rate [m/s]
# name 24 = T2-T190C: Temperature Difference, 2 - 1 [ITS-90, deg C]
# name 25 = scan: Scan Count
# name 26 = flag:  0.000e+00
# interval = seconds: 0.0416667
# start_time = Aug 19 2015 15:06:00 [NMEA time, header]
# bad_flag = -9.990e-29
*END*
   3382.875  -39.33204   59.70668   2808.186   2854.069     1.5468     1.5470   3.150277   3.150233    96.6337    -0.0219     1.6801      16.78          1  1040.9934  1040.9928    34.8995    34.8988    1503.57    1503.57   3382.875    6.62572   86.00993     -0.006     0.0002      81190  0.000e+00
   3382.917  -39.33204   59.70668   2808.203   2854.086     1.5468     1.5470   3.150230   3.150216    96.6337    -0.0219     1.6788      16.80          1  1040.9930  1040.9927    34.8989    34.8986    1503.57    1503.57   3382.917    6.61858   85.91694     -0.008     0.0002      81191  0.000e+00
   3382.958  -39.33204   59.70668   2808.187   2854.069     1.5464     1.5471   3.150224   3.150233    96.6337    -0.0145     1.6788      16.80          1  1040.9932  1040.9926    34.8992    34.8986    1503.57    1503.57   3382.958    6.61862   85.91693     -0.007     0.0007      81192  0.000e+00
   3383.000  -39.33204   59.70668   2808.137   2854.018     1.5460     1.5471   3.150200   3.150244    96.6337    -0.0219     1.6801      16.80          1  1040.9932  1040.9925    34.8994    34.8988    1503.56    1503.57   3383.000    6.62584   86.00978     -0.013     0.0011      81193  0.000e+00
   3383.042  -39.33204   59.70668   2808.187   2854.069     1.5458     1.5470   3.150164   3.150233    96.6337    -0.0219     1.6788      16.80          1  1040.9933  1040.9928    34.8992    34.8988    1503.56    1503.57   3383.042    6.61876   85.91728     -0.012     0.0012      81194  0.000e+00
   3383.083  -39.33204   59.70668   2808.203   2854.086     1.5458     1.5471   3.150170   3.150244    96.6337    -0.0145     1.6801      16.78          1  1040.9934  1040.9928    34.8992    34.8987    1503.56    1503.57   3383.083    6.62595   86.01071     -0.013     0.0013      81195  0.000e+00
   3383.125  -39.33204   59.70668   2808.129   2854.010     1.5460     1.5471   3.150164   3.150205    96.6337    -0.0219     1.6801      16.80          1  1040.9928  1040.9921    34.8990    34.8983    1503.56    1503.57   3383.125    6.62586   86.00980     -0.016     0.0011      81196  0.000e+00
   3383.167  -39.33204   59.70668   2808.203   2854.086     1.5460     1.5474   3.150152   3.150216    96.6337    -0.0219     1.6801      16.80          1  1040.9930  1040.9922    34.8988    34.8980    1503.56    1503.57   3383.167    6.62594   86.01069     -0.017     0.0015      81197  0.000e+00
   3383.208  -39.33204   59.70668   2808.129   2854.010     1.5453     1.5473   3.150152   3.150290    96.6075    -0.0219     1.6788      16.83          1  1040.9934  1040.9928    34.8995    34.8991    1503.56    1503.57   3383.208    6.61879   85.91694     -0.019     0.0020      81198  0.000e+00
   3383.250  -39.33204   59.70668   2808.137   2854.018     1.5458     1.5474   3.150170   3.150273    96.6075    -0.0219     1.6788      16.83          1  1040.9931  1040.9925    34.8993    34.8987    1503.56    1503.57   3383.250    6.61872   85.91685     -0.024     0.0017      81199  0.000e+00
   3383.292  -39.33204   59.70668   2808.129   2854.010     1.5458     1.5476   3.150164   3.150233    96.5813    -0.0219     1.6801      16.83          1  1040.9930  1040.9919    34.8992    34.8981    1503.56    1503.57   3383.292    6.62590   86.01000     -0.030     0.0018      81200  0.000e+00
   3383.333  -39.33204   59.70668   2808.137   2854.018     1.5460     1.5474   3.150170   3.150273    96.6075    -0.0219     1.6813      16.83          1  1040.9929  1040.9925    34.8991    34.8987    1503.56    1503.57   3383.333    6.63306   86.10325     -0.034     0.0015      81201  0.000e+00
   3383.375  -39.33204   59.70668   2808.187   2854.069     1.5468     1.5477   3.150241   3.150290    96.6075    -0.0219     1.6801      16.83          1  1040.9930  1040.9926    34.8991    34.8986    1503.57    1503.57   3383.375    6.62576   86.01028     -0.036     0.0009      81202  0.000e+00
   3383.417  -39.33204   59.70668   2808.071   2853.951     1.5475     1.5479   3.150265   3.150273    96.6075    -0.0145     1.6813      16.85          1  1040.9920  1040.9918    34.8986    34.8983    1503.57    1503.57   3383.417    6.63271   86.10184     -0.040     0.0004      81203  0.000e+00
   3383.458  -39.33204   59.70668   2808.071   2853.951     1.5479     1.5480   3.150283   3.150261    96.6075    -0.0219     1.6801      16.85          1  1040.9919  1040.9915    34.8984    34.8980    1503.57    1503.57   3383.458    6.62547   86.00851     -0.049     0.0002      81204  0.000e+00
   3383.500  -39.33204   59.70668   2808.129   2854.010     1.5479     1.5485   3.150295   3.150335    96.6075    -0.0145     1.6788      16.85          1  1040.9922  1040.9919    34.8986    34.8983    1503.57    1503.57   3383.500    6.61834   85.91601     -0.053     0.0007      81205  0.000e+00
   3383.542  -39.33204   59.70668   2808.071   2853.951     1.5472     1.5490   3.150253   3.150391    96.6075    -0.0219     1.6801      16.85          1  1040.9922  1040.9918    34.8988    34.8985    1503.57    1503.57   3383.542    6.62559   86.00886     -0.057     0.0018      81206  0.000e+00
   3383.583  -39.33204   59.70668   2808.063   2853.942     1.5471     1.5474   3.150253   3.150408    96.6075    -0.0219     1.6801      16.87          1  1040.9923  1040.9935    34.8990    34.9005    1503.57    1503.57   3383.583    6.62561   86.00887     -0.064     0.0004      81207  0.000e+00
   3383.625  -39.33204   59.70668   2808.071   2853.951     1.5474     1.5471   3.150247   3.150391    96.5813    -0.0219     1.6813      16.90          1  1040.9920  1040.9937    34.8985    34.9006    1503.57    1503.57   3383.625    6.63275   86.10205     -0.071    -0.0003      81208  0.000e+00
   3383.667  -39.33204   59.70668   2808.063   2853.942     1.5472     1.5471   3.150235   3.150261    96.5813    -0.0219     1.6801      16.90          1  1040.9920  1040.9924    34.8985    34.8990    1503.57    1503.57   3383.667    6.62560   86.00885     -0.074    -0.0001      81209  0.000e+00
   3383.708  -39.33204   59.70668   2808.013   2853.891     1.5474     1.5477   3.150235   3.150244    96.5813    -0.0219     1.6788      16.90          1  1040.9916  1040.9914    34.8984    34.8982    1503.57    1503.57   3383.708    6.61835   85.91503     -0.084     0.0003      81210  0.000e+00
   3383.750  -39.33204   59.70668   2808.063   2853.942     1.5471     1.5485   3.150218   3.150261    96.6075    -0.0219     1.6788      16.90          1  1040.9920  1040.9910    34.8985    34.8975    1503.57    1503.57   3383.750    6.61846   85.91579     -0.086     0.0015      81211  0.000e+00
   3383.792  -39.33204   59.70668   2808.013   2853.892     1.5471     1.5497   3.150212   3.150335    96.6075    -0.0219     1.6801      16.90          1  1040.9917  1040.9903    34.8985    34.8972    1503.56    1503.57   3383.792    6.62560   86.00845     -0.099     0.0026      81212  0.000e+00
   3383.833  -39.33204   59.70668   2807.996   2853.875     1.5472     1.5493   3.150194   3.150436    96.6075    -0.0145     1.6788      16.92          1  1040.9913  1040.9916    34.8981    34.8988    1503.56    1503.57   3383.833    6.61839   85.91500     -0.104     0.0021      81213  0.000e+00
   3383.875  -39.33204   59.70668   2808.013   2853.892     1.5472     1.5489   3.150200   3.150476    96.5813    -0.0219     1.6788      16.92          1  1040.9914  1040.9925    34.8981    34.8998    1503.57    1503.57   3383.875    6.61841   85.91522     -0.111     0.0016      81214  0.000e+00
   3383.917  -39.33204   59.70668   2808.063   2853.943     1.5468     1.5485   3.150146   3.150408    96.6075    -0.0219     1.6801      16.90          1  1040.9916  1040.9924    34.8979    34.8993    1503.56    1503.57   3383.917    6.62573   86.00924     -0.112     0.0018      81215  0.000e+00
   3383.958  -39.33204   59.70668   2807.947   2853.824     1.5464     1.5487   3.150140   3.150419    96.6075    -0.0145     1.6801      16.92          1  1040.9914  1040.9918    34.8983    34.8993    1503.56    1503.57   3383.958    6.62569   86.00808     -0.122     0.0023      81216  0.000e+00
   3384.000  -39.33204   59.70668   2807.938   2853.815     1.5460     1.5487   3.150134   3.150352    96.6075    -0.0219     1.6801      16.95          1  1040.9918  1040.9912    34.8987    34.8985    1503.56    1503.57   3384.000    6.62576   86.00823     -0.129     0.0027      81217  0.000e+00
   3384.042  -39.33204   59.70668   2807.947   2853.824     1.5464     1.5485   3.150105   3.150363    96.6075    -0.0219     1.6801      16.92          1  1040.9910  1040.9915    34.8979    34.8988    1503.56    1503.57   3384.042    6.62571   86.00814     -0.138     0.0021      81218  0.000e+00
   3384.083  -39.33204   59.70668   2807.997   2853.875     1.5463     1.5490   3.150051   3.150380    96.6075    -0.0219     1.6814      16.92          1  1040.9909  1040.9913    34.8973    34.8984    1503.56    1503.57   3384.083    6.63299   86.10201     -0.140     0.0027      81219  0.000e+00
   3384.125  -39.33204   59.70668   2807.880   2853.756     1.5464     1.5491   3.150099   3.150363    96.6337    -0.0219     1.6788      16.95          1  1040.9907  1040.9906    34.8978    34.8982    1503.56    1503.57   3384.125    6.61848   85.91424     -0.147     0.0027      81220  0.000e+00
   3384.167  -39.33204   59.70668   2807.939   2853.815     1.5469     1.5493   3.150164   3.150380    96.6075    -0.0219     1.6788      16.97          1  1040.9911  1040.9908    34.8981    34.8982    1503.56    1503.57   3384.167    6.61843   85.91473     -0.155     0.0024      81221  0.000e+00
   3384.208  -39.33204   59.70668   2807.947   2853.824     1.5477     1.5491   3.150241   3.150363    96.6075    -0.0145     1.6801      17.00          1  1040.9911  1040.9909    34.8982    34.8981    1503.57    1503.57   3384.208    6.62545   86.00770     -0.161     0.0014      81222  0.000e+00
   3384.250  -39.33204   59.70668   2807.872   2853.748     1.5485     1.5489   3.150330   3.150408    96.5813    -0.0219     1.6801      17.00          1  1040.9909  1040.9913    34.8984    34.8990    1503.57    1503.57   3384.250    6.62521   86.00650     -0.168     0.0004      81223  0.000e+00
   3384.292  -39.33204   59.70668   2807.881   2853.756     1.5483     1.5493   3.150354   3.150391    96.5813    -0.0219     1.6801      17.00          1  1040.9913  1040.9907    34.8989    34.8983    1503.57    1503.57   3384.292    6.62523   86.00671     -0.176     0.0010      81224  0.000e+00
   3384.333  -39.33204   59.70668   2807.872   2853.748     1.5480     1.5492   3.150336   3.150408    96.6075    -0.0219     1.6788      17.00          1  1040.9914  1040.9909    34.8991    34.8987    1503.57    1503.57   3384.333    6.61811   85.91359     -0.181     0.0012      81225  0.000e+00
   3384.375  -39.33204   59.70668   2807.823   2853.697     1.5480     1.5495   3.150307   3.150363    96.6337    -0.0145     1.6788      17.00          1  1040.9909  1040.9900    34.8987    34.8978    1503.57    1503.57   3384.375    6.61808   85.91305     -0.191     0.0015      81226  0.000e+00
   3384.417  -39.33204   59.70668   2807.872   2853.748     1.5477     1.5489   3.150313   3.150408    96.6075    -0.0219     1.6801      17.02          1  1040.9915  1040.9913    34.8991    34.8990    1503.57    1503.57   3384.417    6.62535   86.00698     -0.198     0.0012      81227  0.000e+00
   3384.458  -39.33204   59.70668   2807.823   2853.697     1.5474     1.5489   3.150283   3.150363    96.6075    -0.0145     1.6801      17.02          1  1040.9913  1040.9906    34.8991    34.8985    1503.56    1503.57   3384.458    6.62537   86.00657     -0.203     0.0015      81228  0.000e+00
   3384.500  -39.33204   59.70668   2807.806   2853.680     1.5474     1.5485   3.150265   3.150352    96.6075    -0.0219     1.6788      17.02          1  1040.9910  1040.9908    34.8988    34.8987    1503.56    1503.57   3384.500    6.61819   85.91321     -0.212     0.0011      81229  0.000e+00
   3384.542  -39.33204   59.70668   2807.823   2853.697     1.5471     1.5485   3.150247   3.150363    96.6075    -0.0145     1.6801      17.02          1  1040.9913  1040.9909    34.8990    34.8988    1503.56    1503.57   3384.542    6.62545   86.00679     -0.214     0.0015      81230  0.000e+00
   3384.583  -39.33204   59.70668   2807.806   2853.680     1.5471     1.5484   3.150235   3.150352    96.6075    -0.0219     1.6814      17.05          1  1040.9911  1040.9909    34.8989    34.8989    1503.56    1503.57   3384.583    6.63262   86.09983     -0.221     0.0013      81231  0.000e+00
   3384.625  -39.33204   59.70668   2807.823   2853.697     1.5469     1.5483   3.150253   3.150363    96.5813    -0.0219     1.6801      17.07          1  1040.9915  1040.9912    34.8993    34.8991    1503.56    1503.57   3384.625    6.62548   86.00692     -0.226     0.0014      81232  0.000e+00
   3384.667  -39.33204   59.70668   2807.748   2853.621     1.5474     1.5484   3.150307   3.150318    96.6075    -0.0145     1.6801      17.07          1  1040.9912  1040.9904    34.8994    34.8985    1503.56    1503.57   3384.667    6.62530   86.00586     -0.230     0.0010      81233  0.000e+00
   3384.708  -39.33204   59.70668   2807.756   2853.629     1.5471     1.5485   3.150259   3.150306    96.6075    -0.0219     1.6789      17.07          1  1040.9911  1040.9901    34.8992    34.8982    1503.56    1503.57   3384.708    6.61821   85.91294     -0.236     0.0015      81234  0.000e+00
   3384.750  -39.33204   59.70668   2807.748   2853.621     1.5469     1.5484   3.150235   3.150306    96.5813    -0.0219     1.6801      17.07          1  1040.9910  1040.9902    34.8991    34.8984    1503.56    1503.57   3384.750    6.62542   86.00615     -0.242     0.0015      81235  0.000e+00
   3384.792  -39.33204   59.70668   2807.757   2853.629     1.5469     1.5482   3.150235   3.150318    96.5552    -0.0145     1.6801      17.09          1  1040.9911  1040.9906    34.8991    34.8987    1503.56    1503.57   3384.792    6.62543   86.00628     -0.246     0.0013      81236  0.000e+00
   3384.833  -39.33204   59.70668   2807.682   2853.553     1.5468     1.5482   3.150253   3.150335    96.5552    -0.0219     1.6801      17.12          1  1040.9910  1040.9904    34.8994    34.8989    1503.56    1503.56   3384.833    6.62538   86.00550     -0.250     0.0014      81237  0.000e+00
   3384.875  -39.33204   59.70668   2807.690   2853.561     1.5464     1.5483   3.150229   3.150289    96.5552    -0.0219     1.6801      17.12          1  1040.9912  1040.9899    34.8995    34.8983    1503.56    1503.56   3384.875    6.62545   86.00578     -0.259     0.0018      81238  0.000e+00
   3987.667  -39.33202   59.70672   2401.282   2438.164     2.6999     2.7007   3.237130   3.237113    97.5493    -0.0219     1.6963      98.78          2  1038.9905  1038.9896    34.9214    34.9204    1501.55    1501.55   3987.667    6.14666   82.14202      0.587     0.0008      95705  0.000e+00
   3987.708  -39.33202   59.70672   2401.199   2438.079     2.6999     2.7005   3.237124   3.237085    97.5493    -0.0219     1.6963      98.78          2  1038.9901  1038.9891    34.9214    34.9203    1501.54    1501.55   3987.708    6.14659   82.14112      0.577     0.0006      95706  0.000e+00
   3987.750  -39.33202   59.70672   2401.340   2438.223     2.6999     2.7003   3.237118   3.237170    97.5754    -0.0219     1.6963      98.78          2  1038.9907  1038.9908    34.9213    34.9215    1501.55    1501.55   3987.750    6.14672   82.14269      0.572     0.0004      95707  0.000e+00
   3987.792  -39.33202   59.70672   2401.199   2438.079     2.6998     2.7005   3.237130   3.237113    97.5493    -0.0219     1.6963      98.78          2  1038.9903  1038.9894    34.9217    34.9206    1501.54    1501.55   3987.792    6.14661   82.14120      0.560     0.0008      95708  0.000e+00
