Ship_data/Irminger/Irminger-2/ctd/process/at30_005.cnv
* Sea-Bird SBE 9 Data File:
* FileName = C:\data\ctd\at30_005.hdr
* Software Version Seasave V 7.21f
* Temperature SN = 2265
* Conductivity SN = 3021
* Number of Bytes Per Scan = 40
* Number of Voltage Words = 5
* Number of Scans Averaged by the Deck Unit = 1
* NMEA Latitude = 59 59.33 N
* NMEA Longitude = 039 27.67 W
* NMEA UTC (Time) = Aug 14 2015  19:36:17
# nquan = 36
# nvalues = 5314                        
# units = specified
# name 0 = timeS: Time, Elapsed [seconds]
# name 1 = longitude: Longitude [deg]
# name 2 = latitude: Latitude [deg]
# name 3 = depSM: Depth [salt water, m]
# name 4 = prDM: Pressure, Digiquartz [db]
# name 5 = t090C: Temperature [ITS-90, deg C]
# name 6 = t190C: Temperature, 2 [ITS-90, deg C]
# name 7 = c0S/m: Conductivity [S/m]
# name 8 = c1S/m: Conductivity, 2 [S/m]
# name 9 = CStarTr0: Beam Transmission, WET Labs C-Star [%]
# name 10 = flECO-AFL: Fluorescence, WET Labs ECO-AFL/FL [mg/m^3]
# name 11 = sbeox0V: Oxygen raw, SBE 43 [V]
# name 12 = altM: Altimeter [m]
# name 13 = nbf: Bottles Fired
# name 14 = density00: Density [density, Kg/m^3]
# name 15 = density11: Density, 2 [density, Kg/m^3]
# name 16 = sal00: Salinity, Practical [PSU]
# name 17 = sal11: Salinity, Practical, 2 [PSU]
# name 18 = svCM: Sound Velocity [Chen-Millero, m/s]
# name 19 = svCM1: Sound Velocity, 2 [Chen-Millero, m/s]
# name 20 = timeS: Time, Elapsed [seconds]
# name 21 = sbeox0ML/L: Oxygen, SBE 43 [ml/l]
# name 22 = sbeox0PS: Oxygen, SBE 43 [% saturation]
# name 23 = dz/dtM: Descent Rate [m/s]
# name 24 = T2-T190C: Temperature Difference, 2 - 1 [ITS-90, deg C]
# name 25 = depSM: Depth [salt water, m], lat = 59.9888
# name 26 = density00: Density [density, Kg/m^3]
# name 27 = density11: Density, 2 [density, Kg/m^3]
# name 28 = sal00: Salinity, Practical [PSU]
# name 29 = sal11: Salinity, Practical, 2 [PSU]
# name 30 = svCM: Sound Velocity [Chen-Millero, m/s]
# name 31 = svCM1: Sound Velocity, 2 [Chen-Millero, m/s]
# name 32 = sbeox0ML/L: Oxygen, SBE 43 [ml/l], WS = 2
# name 33 = dz/dtM: Descent Rate [m/s], WS = 2
# name 34 = T2-T190C: Temperature Difference, 2 - 1 [ITS-90, deg C]
# name 35 = flag: flag
# span 0 =     50.580,   7561.619       
# span 1 =  -39.48472,  -39.46129       
# span 2 =   59.98893,   59.99906       
# span 3 =      1.000,   2660.999       
# span 4 =      1.010,   2703.598       
# span 5 =     1.4169,     8.6129       
# span 6 =     1.4177,     8.6154       
# span 7 =   3.132965,   3.666565       
# span 8 =   3.132972,   3.667836       
# span 9 =    92.5648,    97.4822       
# span 10 =    -0.0370,     2.2559      
# span 11 =     1.6922,     2.5553      
# span 12 =       9.23,     105.35      
# span 13 =          0,         25      
# span 14 =  1027.0792,  1040.3412      
# span 15 =  1027.0842,  1040.3407      
# span 16 =    34.8481,    35.0142      
# span 17 =    34.8437,    35.0123      
# span 18 =    1471.60,    1501.75      
# span 19 =    1471.60,    1501.75      
# span 20 =     50.580,   7561.619      
# span 21 =    6.01238,    6.94033      
# span 22 =   81.49043,  102.40530      
# span 23 =     -1.959,      1.718      
# span 24 =    -0.2375,     0.0861      
# span 25 =      1.000,   2661.000      
# span 26 =  1027.0801,  1040.3412      
# span 27 =  1027.0880,  1040.3408      
# span 28 =    34.8476,    35.0185      
# span 29 =    34.8489,    35.0151      
# span 30 =    1471.60,    1501.75      
# span 31 =    1471.60,    1501.75      
# span 32 =    6.01011,    6.94310      
# span 33 =     -1.964,      1.717      
# span 34 =    -0.2375,     0.0861      
# span 35 = 0.0000e+00, 0.0000e+00      
# interval = meters: 1                  
# start_time = Aug 14 2015 19:36:17 [NMEA time, header]
# bad_flag = -9.990e-29
*END*
[from data line 3829]
   5116.956  -39.47962   59.99688   1484.999   1504.544     3.6023     3.6015   3.280238   3.280115    97.3665    -0.0239     1.8616      98.78          5  1034.6815  1034.6812    34.9309    34.9303    1489.71    1489.71   5116.956    6.04782   82.63857     -1.338    -0.0008   1485.000  1034.6819  1034.6814    34.9314    34.9307    1489.71    1489.71    6.05107     -1.270    -0.0007 0.0000e+00
   5117.811  -39.47963   59.99688   1483.999   1503.527     3.6032     3.6022   3.280277   3.280153    97.3697    -0.0229     1.8611      98.78          5  1034.6768  1034.6765    34.9309    34.9305    1489.70    1489.69   5117.811    6.04955   82.66400     -1.287    -0.0010   1484.000  1034.6771  1034.6769    34.9314    34.9309    1489.70    1489.69    6.04784     -1.089    -0.0010 0.0000e+00
   5118.884  -39.47964   59.99688   1482.999   1502.511     3.6039     3.6034   3.280299   3.280230    97.3774    -0.0224     1.8609      98.78          5  1034.6722  1034.6720    34.9311    34.9307    1489.68    1489.68   5118.884    6.04881   82.65546     -1.066    -0.0005   1483.000  1034.6725  1034.6722    34.9314    34.9311    1489.69    1489.68    6.04621     -0.870    -0.0005 0.0000e+00
   5120.136  -39.47964   59.99688   1481.999   1501.494     3.6042     3.6040   3.280277   3.280231    97.3764    -0.0229     1.8604      98.78          5  1034.6675  1034.6674    34.9310    34.9307    1489.67    1489.67   5120.136    6.04565   82.61286     -0.834    -0.0003   1482.000  1034.6677  1034.6676    34.9313    34.9310    1489.67    1489.67    6.04327     -0.831    -0.0003 0.0000e+00
   5121.284  -39.47964   59.99688   1480.999   1500.477     3.6054     3.6054   3.280340   3.280303    97.3833    -0.0224     1.8601      98.78          5  1034.6627  1034.6625    34.9310    34.9306    1489.66    1489.66   5121.284    6.04404   82.59324     -0.846    -0.0000   1481.000  1034.6630  1034.6627    34.9313    34.9309    1489.66    1489.66    6.04084     -0.919    -0.0000 0.0000e+00
   5122.376  -39.47964   59.99688   1479.999   1499.460     3.6065     3.6059   3.280406   3.280316    97.3812    -0.0227     1.8603      98.78          5  1034.6581  1034.6577    34.9311    34.9305    1489.64    1489.64   5122.376    6.04152   82.56092     -0.923    -0.0005   1480.000  1034.6583  1034.6581    34.9315    34.9310    1489.65    1489.64    6.04073     -0.910    -0.0005 0.0000e+00
   5123.533  -39.47964   59.99688   1478.999   1498.444     3.6082     3.6073   3.280502   3.280398    97.3669    -0.0232     1.8601      98.78          5  1034.6532  1034.6531    34.9310    34.9307    1489.64    1489.63   5123.533    6.03919   82.53249     -0.901    -0.0009   1479.000  1034.6534  1034.6533    34.9313    34.9311    1489.64    1489.63    6.03881     -0.889    -0.0009 0.0000e+00
   5124.631  -39.47965   59.99688   1477.999   1497.427     3.6085     3.6083   3.280495   3.280435    97.3829    -0.0234     1.8603      98.78          5  1034.6486  1034.6482    34.9310    34.9306    1489.62    1489.62   5124.631    6.03870   82.52656     -0.892    -0.0002   1478.000  1034.6488  1034.6484    34.9314    34.9308    1489.62    1489.62    6.03852     -0.993    -0.0002 0.0000e+00
   5125.598  -39.47966   59.99688   1476.999   1496.410     3.6098     3.6093   3.280568   3.280483    97.3820    -0.0222     1.8612      98.78          5  1034.6438  1034.6434    34.9311    34.9305    1489.61    1489.61   5125.598    6.03691   82.50469     -0.991    -0.0005   1477.000  1034.6440  1034.6437    34.9314    34.9309    1489.61    1489.61    6.04190     -1.072    -0.0005 0.0000e+00
   5126.535  -39.47966   59.99688   1475.999   1495.393     3.6111     3.6114   3.280659   3.280628    97.3804    -0.0229     1.8614      98.78          5  1034.6390  1034.6385    34.9311    34.9305    1489.60    1489.60   5126.535    6.03636   82.49978     -1.070     0.0003   1476.000  1034.6394  1034.6388    34.9316    34.9309    1489.60    1489.60    6.04175     -1.086     0.0003 0.0000e+00
   5127.474  -39.47968   59.99688   1474.999   1494.377     3.6134     3.6135   3.280812   3.280780    97.3727    -0.0219     1.8617      98.78          5  1034.6342  1034.6337    34.9310    34.9305    1489.59    1489.59   5127.474    6.03959   82.54852     -1.085     0.0001   1475.000  1034.6344  1034.6340    34.9315    34.9310    1489.59    1489.59    6.04174     -1.090     0.0001 0.0000e+00
   5128.397  -39.47968   59.99690   1473.999   1493.360     3.6156     3.6151   3.280998   3.280892    97.3674    -0.0226     1.8618      98.78          5  1034.6295  1034.6290    34.9313    34.9308    1489.58    1489.58   5128.397    6.03921   82.54788     -1.089    -0.0005   1474.000  1034.6299  1034.6294    34.9319    34.9311    1489.58    1489.58    6.04096     -1.114    -0.0005 0.0000e+00
   5129.298  -39.47968   59.99690   1472.999   1492.343     3.6172     3.6166   3.281072   3.280980    97.3808    -0.0229     1.8624      98.78          5  1034.6245  1034.6241    34.9312    34.9306    1489.57    1489.57   5129.298    6.03952   82.55523     -1.112    -0.0005   1473.000  1034.6249  1034.6245    34.9316    34.9311    1489.57    1489.57    6.04293     -1.127    -0.0005 0.0000e+00
   5130.206  -39.47966   59.99690   1471.999   1491.327     3.6205     3.6196   3.281410   3.281241    97.3816    -0.0229     1.8626      98.78          5  1034.6199  1034.6193    34.9317    34.9307    1489.57    1489.56   5130.206    6.03859   82.54962     -1.127    -0.0009   1472.000  1034.6205  1034.6199    34.9325    34.9315    1489.57    1489.57    6.04219     -1.085    -0.0009 0.0000e+00
   5131.201  -39.47968   59.99690   1470.999   1490.310     3.6236     3.6217   3.281615   3.281403    97.3749    -0.0227     1.8623      98.78          5  1034.6149  1034.6147    34.9318    34.9313    1489.57    1489.56   5131.201    6.03994   82.57415     -1.079    -0.0019   1471.000  1034.6154  1034.6151    34.9323    34.9317    1489.57    1489.56    6.03936     -0.930    -0.0019 0.0000e+00
   5132.484  -39.47969   59.99690   1469.999   1489.293     3.6241     3.6235   3.281623   3.281543    97.3869    -0.0229     1.8615      98.78          5  1034.6104  1034.6101    34.9320    34.9316    1489.55    1489.55   5132.484    6.03935   82.56717     -0.870    -0.0006   1470.000  1034.6107  1034.6105    34.9323    34.9320    1489.55    1489.55    6.03493     -0.720    -0.0006 0.0000e+00
   5133.934  -39.47970   59.99690   1468.999   1488.276     3.6243     3.6243   3.281594   3.281564    97.3880    -0.0231     1.8613      98.78          5  1034.6057  1034.6055    34.9319    34.9316    1489.53    1489.53   5133.934    6.03569   82.51771     -0.687    -0.0000   1469.000  1034.6060  1034.6057    34.9322    34.9319    1489.54    1489.53    6.03314     -0.800    -0.0000 0.0000e+00
   5135.035  -39.47970   59.99690   1467.999   1487.260     3.6244     3.6247   3.281561   3.281541    97.3813    -0.0225     1.8613      98.78          5  1034.6012  1034.6007    34.9320    34.9315    1489.52    1489.52   5135.035    6.03330   82.48524     -0.823     0.0003   1468.000  1034.6014  1034.6010    34.9322    34.9317    1489.52    1489.52    6.03271     -1.051     0.0003 0.0000e+00
   5135.923  -39.47970   59.99690   1466.999   1486.243     3.6251     3.6248   3.281588   3.281529    97.3755    -0.0225     1.8615      98.78          5  1034.5966  1034.5963    34.9320    34.9316    1489.50    1489.50   5135.923    6.03115   82.45722     -1.032    -0.0003   1467.000  1034.5968  1034.5966    34.9324    34.9320    1489.50    1489.50    6.03228     -1.144    -0.0003 0.0000e+00
   5136.822  -39.47970   59.99690   1465.999   1485.226     3.6265     3.6265   3.281691   3.281655    97.3786    -0.0225     1.8616      98.78          5  1034.5919  1034.5914    34.9322    34.9317    1489.49    1489.49   5136.822    6.03092   82.45692     -1.137     0.0000   1466.000  1034.5922  1034.5918    34.9326    34.9321    1489.49    1489.49    6.03194     -1.065     0.0000 0.0000e+00
   5137.874  -39.47970   59.99690   1464.999   1484.210     3.6282     3.6283   3.281820   3.281779    97.3826    -0.0224     1.8615      98.78          5  1034.5872  1034.5868    34.9324    34.9319    1489.48    1489.48   5137.874    6.03033   82.45251     -1.052     0.0001   1465.000  1034.5875  1034.5870    34.9328    34.9322    1489.48    1489.48    6.03014     -0.897     0.0001 0.0000e+00
   5139.051  -39.47972   59.99690   1463.999   1483.193     3.6303     3.6304   3.281955   3.281922    97.3839    -0.0232     1.8614      98.78          5  1034.5823  1034.5818    34.9323    34.9317    1489.48    1489.48   5139.051    6.02980   82.44924     -0.879     0.0001   1464.000  1034.5826  1034.5822    34.9327    34.9322    1489.48    1489.48    6.02899     -0.944     0.0001 0.0000e+00
   5140.012  -39.47972   59.99690   1462.999   1482.176     3.6329     3.6314   3.282168   3.281976    97.3831    -0.0230     1.8616      98.78          5  1034.5774  1034.5774    34.9325    34.9322    1489.47    1489.46   5140.012    6.02786   82.42799     -0.942    -0.0015   1463.000  1034.5779  1034.5775    34.9331    34.9323    1489.47    1489.46    6.02820     -1.187    -0.0015 0.0000e+00
   5140.798  -39.47972   59.99690   1461.999   1481.160     3.6350     3.6323   3.282305   3.282022    97.3738    -0.0245     1.8613      98.78          5  1034.5726  1034.5724    34.9326    34.9318    1489.46    1489.45   5140.798    6.02663   82.41553     -1.136    -0.0027   1462.000  1034.5729  1034.5729    34.9330    34.9324    1489.46    1489.45    6.02578     -1.339    -0.0027 0.0000e+00
   5141.535  -39.47972   59.99690   1460.999   1480.143     3.6351     3.6349   3.282263   3.282214    97.3703    -0.0227     1.8616      98.78          5  1034.5681  1034.5676    34.9326    34.9320    1489.44    1489.44   5141.535    6.02584   82.40492     -1.303    -0.0001   1461.000  1034.5682  1034.5679    34.9329    34.9324    1489.45    1489.44    6.02652     -1.346    -0.0001 0.0000e+00
   5142.310  -39.47972   59.99690   1459.999   1479.126     3.6347     3.6351   3.282184   3.282191    97.3663    -0.0219     1.8615      98.78          5  1034.5635  1034.5631    34.9326    34.9322    1489.43    1489.43   5142.310    6.02567   82.40176     -1.354     0.0004   1460.000  1034.5637  1034.5634    34.9328    34.9325    1489.43    1489.43    6.02551     -1.203     0.0004 0.0000e+00
   5143.289  -39.47972   59.99690   1458.999   1478.110     3.6347     3.6352   3.282137   3.282163    97.3680    -0.0229     1.8614      98.78          5  1034.5588  1034.5586    34.9326    34.9322    1489.41    1489.41   5143.289    6.02459   82.38698     -1.197     0.0006   1459.000  1034.5591  1034.5587    34.9328    34.9325    1489.41    1489.41    6.02402     -0.893     0.0006 0.0000e+00
   5144.798  -39.47972   59.99690   1457.999   1477.093     3.6346     3.6353   3.282099   3.282130    97.3741    -0.0229     1.8618      98.78          5  1034.5543  1034.5541    34.9327    34.9323    1489.39    1489.39   5144.798    6.02363   82.37389     -0.745     0.0006   1458.000  1034.5546  1034.5542    34.9329    34.9325    1489.39    1489.39    6.02527     -0.608     0.0006 0.0000e+00
   5146.348  -39.47974   59.99690   1456.999   1476.076     3.6357     3.6360   3.282145   3.282145    97.3814    -0.0228     1.8626      98.78          5  1034.5496  1034.5492    34.9326    34.9322    1489.38    1489.38   5146.348    6.02386   82.37901     -0.625     0.0004   1457.000  1034.5497  1034.5494    34.9328    34.9324    1489.38    1489.38    6.02782     -0.792     0.0004 0.0000e+00
   5147.483  -39.47974   59.99690   1455.999   1475.060     3.6369     3.6374   3.282218   3.282214    97.3844    -0.0228     1.8629      98.78          5  1034.5448  1034.5442    34.9326    34.9319    1489.37    1489.37   5147.483    6.02444   82.38947     -0.822     0.0005   1456.000  1034.5450  1034.5444    34.9329    34.9323    1489.37    1489.37    6.02786     -0.980     0.0005 0.0000e+00
   5148.457  -39.47974   59.99690   1454.999   1474.043     3.6382     3.6377   3.282274   3.282209    97.3737    -0.0225     1.8639      98.78          5  1034.5399  1034.5398    34.9325    34.9322    1489.36    1489.35   5148.457    6.02641   82.41885     -0.980    -0.0004   1455.000  1034.5402  1034.5399    34.9327    34.9324    1489.36    1489.35    6.03136     -1.090    -0.0004 0.0000e+00
   5149.354  -39.47976   59.99692   1453.999   1473.026     3.6391     3.6393   3.282312   3.282303    97.3736    -0.0229     1.8640      98.78          5  1034.5352  1034.5349    34.9324    34.9321    1489.34    1489.34   5149.354    6.02559   82.40952     -1.082     0.0002   1454.000  1034.5354  1034.5350    34.9327    34.9324    1489.34    1489.34    6.03097     -1.152     0.0002 0.0000e+00
   5150.225  -39.47976   59.99692   1452.999   1472.010     3.6393     3.6393   3.282286   3.282268    97.3609    -0.0226     1.8639      98.78          5  1034.5306  1034.5304    34.9325    34.9322    1489.33    1489.33   5150.225    6.02906   82.45732     -1.147     0.0000   1453.000  1034.5308  1034.5305    34.9327    34.9325    1489.33    1489.33    6.02984     -1.165     0.0000 0.0000e+00
   5151.101  -39.47976   59.99692   1451.999   1470.993     3.6396     3.6402   3.282272   3.282293    97.3548    -0.0229     1.8641      98.78          5  1034.5260  1034.5256    34.9325    34.9321    1489.31    1489.31   5151.101    6.02946   82.46348     -1.165     0.0006   1452.000  1034.5261  1034.5258    34.9327    34.9323    1489.31    1489.31    6.02979     -1.145     0.0006 0.0000e+00
   5152.006  -39.47976   59.99692   1450.999   1469.977     3.6399     3.6403   3.282265   3.282269    97.3754    -0.0228     1.8640      98.78          5  1034.5215  1034.5211    34.9327    34.9323    1489.30    1489.30   5152.006    6.02830   82.44830     -1.147     0.0004   1451.000  1034.5216  1034.5212    34.9328    34.9324    1489.30    1489.30    6.02836     -1.102     0.0004 0.0000e+00
   5152.949  -39.47976   59.99692   1449.999   1468.960     3.6402     3.6407   3.282242   3.282235    97.3696    -0.0232     1.8642      98.78          5  1034.5167  1034.5162    34.9326    34.9320    1489.28    1489.28   5152.949    6.02821   82.44762     -1.104     0.0005   1450.000  1034.5168  1034.5164    34.9327    34.9321    1489.28    1489.28    6.02854     -1.061     0.0005 0.0000e+00
   5153.914  -39.47976   59.99692   1448.999   1467.943     3.6402     3.6409   3.282209   3.282224    97.3809    -0.0241     1.8646      98.78          5  1034.5122  1034.5117    34.9327    34.9322    1489.26    1489.27   5153.914    6.02687   82.42932     -1.062     0.0007   1449.000  1034.5123  1034.5118    34.9328    34.9323    1489.26    1489.27    6.02958     -1.048     0.0007 0.0000e+00
   5154.903  -39.47976   59.99692   1447.999   1466.927     3.6403     3.6409   3.282169   3.282184    97.3787    -0.0222     1.8651      98.78          5  1034.5076  1034.5072    34.9327    34.9322    1489.25    1489.25   5154.903    6.02690   82.42989     -1.047     0.0006   1448.000  1034.5077  1034.5072    34.9327    34.9323    1489.25    1489.25    6.03114     -0.975     0.0006 0.0000e+00
   5156.062  -39.47976   59.99692   1446.999   1465.910     3.6407     3.6412   3.282169   3.282179    97.3492    -0.0223     1.8651      98.78          5  1034.5029  1034.5026    34.9327    34.9323    1489.23    1489.23   5156.062    6.02880   82.45678     -0.945     0.0005   1447.000  1034.5031  1034.5027    34.9328    34.9324    1489.23    1489.23    6.02995     -0.784     0.0005 0.0000e+00
   5157.523  -39.47978   59.99692   1445.999   1464.894     3.6415     3.6419   3.282189   3.282206    97.3831    -0.0229     1.8653      98.78          5  1034.4982  1034.4980    34.9326    34.9324    1489.22    1489.22   5157.523    6.02905   82.46181     -0.719     0.0003   1446.000  1034.4983  1034.4982    34.9327    34.9326    1489.22    1489.22    6.03030     -0.699     0.0003 0.0000e+00
