Ship_data/Irminger/Irminger-2/ctd/process/at30_007_SV.cnv
* Sea-Bird SBE 9 Data File:
* FileName = C:\data\ctd\at30_007.hdr
* Software Version Seasave V 7.21f
* Temperature SN = 2265
* Conductivity SN = 3021
* Number of Bytes Per Scan = 40
* Number of Voltage Words = 5
* Number of Scans Averaged by the Deck Unit = 1
* NMEA Latitude = 59 46.29 N
* NMEA Longitude = 039 52.92 W
* NMEA UTC (Time) = Aug 17 2015  23:01:49
** Site of FLMA 2015 -- need to confirm bottom depth
# nquan = 15
# nvalues = 2675                        
# units = specified
# name 0 = depSM: Depth [salt water, m]
# name 1 = svCM: Sound Velocity [Chen-Millero, m/s]
# name 2 = svCM1: Sound Velocity, 2 [Chen-Millero, m/s]
# name 3 = timeS: Time, Elapsed [seconds]
# name 4 = depSM: Depth [salt water, m]
# name 5 = density00: Density [density, Kg/m^3]
# name 6 = density11: Density, 2 [density, Kg/m^3]
# name 7 = sal00: Salinity, Practical [PSU]
# name 8 = sal11: Salinity, Practical, 2 [PSU]
# name 9 = svCM: Sound Velocity [Chen-Millero, m/s]
# name 10 = svCM1: Sound Velocity, 2 [Chen-Millero, m/s]
# name 11 = sbeox0ML/L: Oxygen, SBE 43 [ml/l]
# name 12 = dz/dtM: Descent Rate [m/s]
# name 13 = T2-T190C: Temperature Difference, 2 - 1 [ITS-90, deg C]
# name 14 = flag:
# span 0 =      5.000,   2679.000       
# span 1 =    1469.81,    1502.03       
# span 2 =    1469.81,    1502.04       
# span 3 =     17.110,   3228.210       
# span 4 =      5.000,   2679.000       
# span 5 =  1027.0958,  1040.4121       
# span 6 =  1027.0953,  1040.4117       
# span 7 =    34.8505,    34.9335       
# span 8 =    34.8550,    34.9332       
# span 9 =    1469.81,    1502.03       
# span 10 =    1469.81,    1502.04      
# span 11 =    6.00866,    6.92904      
# span 12 =     -0.003,      1.669      
# span 13 =    -0.0535,     0.0812      
# span 14 = 0.0000e+00, 0.0000e+00      
# interval = meters: 1                  
# start_time = Aug 17 2015 23:01:49 [NMEA time, header]
# bad_flag = -9.990e-29
*END*
[from data line 579]
    584.000    1474.79    1474.79    882.087    584.000  1030.4706  1030.4709    34.8913    34.8918    1474.79    1474.79    6.63792      0.830     0.0001 0.0000e+00
    585.000    1474.81    1474.81    883.090    585.000  1030.4753  1030.4756    34.8915    34.8919    1474.81    1474.81    6.63901      1.195     0.0001 0.0000e+00
    586.000    1474.83    1474.83    883.841    586.000  1030.4799  1030.4802    34.8913    34.8918    1474.83    1474.83    6.63436      1.399     0.0001 0.0000e+00
    587.000    1474.84    1474.84    884.532    587.000  1030.4846  1030.4850    34.8913    34.8918    1474.84    1474.84    6.63435      1.357     0.0000 0.0000e+00
    588.000    1474.85    1474.85    885.370    588.000  1030.4893  1030.4896    34.8912    34.8917    1474.85    1474.85    6.63272      1.013     0.0001 0.0000e+00
    589.000    1474.87    1474.87    886.777    589.000  1030.4939  1030.4943    34.8911    34.8916    1474.87    1474.87    6.63282      0.657     0.0000 0.0000e+00
    590.000    1474.88    1474.88    888.132    590.000  1030.4988  1030.4989    34.8913    34.8916    1474.88    1474.88    6.63355      0.933     0.0002 0.0000e+00
    591.000    1474.90    1474.90    889.078    591.000  1030.5034  1030.5037    34.8913    34.8916    1474.90    1474.90    6.63110      1.147     0.0000 0.0000e+00
    592.000    1474.92    1474.92    889.916    592.000  1030.5081  1030.5084    34.8913    34.8918    1474.92    1474.92    6.62905      1.175     0.0000 0.0000e+00
    593.000    1474.93    1474.93    890.805    593.000  1030.5127  1030.5129    34.8913    34.8916    1474.93    1474.93    6.62871      1.096     0.0001 0.0000e+00
    594.000    1474.95    1474.95    891.768    594.000  1030.5173  1030.5177    34.8913    34.8917    1474.95    1474.95    6.62777      1.050     0.0001 0.0000e+00
    595.000    1474.97    1474.97    892.724    595.000  1030.5221  1030.5223    34.8913    34.8917    1474.97    1474.97    6.62930      1.065     0.0001 0.0000e+00
    596.000    1474.98    1474.98    893.672    596.000  1030.5267  1030.5270    34.8913    34.8917    1474.98    1474.98    6.62956      1.033     0.0001 0.0000e+00
    597.000    1475.00    1475.00    894.710    597.000  1030.5314  1030.5317    34.8913    34.8918    1475.00    1475.00    6.63285      0.920     0.0000 0.0000e+00
    598.000    1475.02    1475.02    895.889    598.000  1030.5359  1030.5364    34.8912    34.8918    1475.02    1475.02    6.63649      0.840    -0.0000 0.0000e+00
    599.000    1475.03    1475.03    897.067    599.000  1030.5406  1030.5410    34.8912    34.8917    1475.03    1475.03    6.63642      0.928     0.0001 0.0000e+00
    600.000    1475.05    1475.05    898.076    600.000  1030.5454  1030.5459    34.8914    34.8919    1475.05    1475.05    6.63358      1.056     0.0000 0.0000e+00
    601.000    1475.07    1475.07    899.010    601.000  1030.5500  1030.5505    34.8913    34.8918    1475.07    1475.07    6.63189      1.036     0.0001 0.0000e+00
    602.000    1475.08    1475.08    900.072    602.000  1030.5547  1030.5551    34.8912    34.8917    1475.08    1475.08    6.63433      0.873     0.0001 0.0000e+00
    603.000    1475.10    1475.10    901.340    603.000  1030.5592  1030.5598    34.8911    34.8917    1475.10    1475.10    6.63567      0.815    -0.0001 0.0000e+00
    604.000    1475.11    1475.11    902.468    604.000  1030.5641  1030.5645    34.8913    34.8917    1475.11    1475.12    6.63790      1.055     0.0001 0.0000e+00
    605.000    1475.13    1475.13    903.318    605.000  1030.5687  1030.5690    34.8913    34.8916    1475.13    1475.13    6.63790      1.304     0.0001 0.0000e+00
    606.000    1475.15    1475.15    904.038    606.000  1030.5735  1030.5737    34.8914    34.8918    1475.15    1475.15    6.63625      1.429     0.0001 0.0000e+00
    607.000    1475.17    1475.17    904.730    607.000  1030.5781  1030.5784    34.8913    34.8917    1475.17    1475.17    6.63390      1.389     0.0001 0.0000e+00
    608.000    1475.18    1475.18    905.512    608.000  1030.5826  1030.5830    34.8912    34.8917    1475.18    1475.18    6.63518      1.124     0.0001 0.0000e+00
    609.000    1475.20    1475.20    906.778    609.000  1030.5873  1030.5875    34.8912    34.8914    1475.20    1475.20    6.63626      0.660     0.0002 0.0000e+00
    610.000    1475.21    1475.21    908.432    610.000  1030.5919  1030.5923    34.8911    34.8916    1475.21    1475.21    6.63756      0.768     0.0001 0.0000e+00
    611.000    1475.23    1475.23    909.495    611.000  1030.5967  1030.5969    34.8912    34.8915    1475.23    1475.23    6.63573      1.057     0.0002 0.0000e+00
    612.000    1475.24    1475.24    910.378    612.000  1030.6013  1030.6017    34.8911    34.8916    1475.24    1475.24    6.63449      1.168     0.0001 0.0000e+00
    613.000    1475.26    1475.26    911.240    613.000  1030.6061  1030.6063    34.8912    34.8915    1475.26    1475.26    6.63225      1.144     0.0001 0.0000e+00
    614.000    1475.28    1475.28    912.154    614.000  1030.6106  1030.6110    34.8911    34.8915    1475.28    1475.28    6.63120      1.076     0.0001 0.0000e+00
    615.000    1475.29    1475.29    913.129    615.000  1030.6152  1030.6156    34.8909    34.8914    1475.29    1475.29    6.62977      1.016     0.0002 0.0000e+00
    616.000    1475.31    1475.31    914.148    616.000  1030.6201  1030.6205    34.8911    34.8915    1475.31    1475.31    6.63232      0.964     0.0001 0.0000e+00
    617.000    1475.32    1475.32    915.238    617.000  1030.6246  1030.6250    34.8910    34.8914    1475.32    1475.32    6.63439      0.883     0.0001 0.0000e+00
    618.000    1475.34    1475.34    916.492    618.000  1030.6293  1030.6296    34.8908    34.8913    1475.34    1475.34    6.63528      0.766     0.0001 0.0000e+00
    619.000    1475.35    1475.35    917.804    619.000  1030.6340  1030.6343    34.8909    34.8913    1475.35    1475.35    6.63589      0.888     0.0002 0.0000e+00
    620.000    1475.37    1475.37    918.787    620.000  1030.6388  1030.6390    34.8910    34.8915    1475.37    1475.37    6.63651      1.187     0.0001 0.0000e+00
    621.000    1475.39    1475.39    919.552    621.000  1030.6434  1030.6436    34.8910    34.8913    1475.39    1475.39    6.63447      1.367     0.0001 0.0000e+00
    622.000    1475.40    1475.40    920.267    622.000  1030.6481  1030.6483    34.8911    34.8914    1475.40    1475.40    6.63383      1.368     0.0001 0.0000e+00
    623.000    1475.42    1475.42    921.039    623.000  1030.6527  1030.6531    34.8910    34.8915    1475.42    1475.42    6.63470      1.188     0.0002 0.0000e+00
    624.000    1475.44    1475.44    922.025    624.000  1030.6573  1030.6577    34.8909    34.8914    1475.44    1475.44    6.63616      0.951     0.0001 0.0000e+00
    625.000    1475.45    1475.45    923.157    625.000  1030.6620  1030.6622    34.8910    34.8912    1475.45    1475.45    6.63627      0.880     0.0002 0.0000e+00
    626.000    1475.47    1475.47    924.353    626.000  1030.6666  1030.6669    34.8910    34.8913    1475.47    1475.47    6.63751      0.804     0.0002 0.0000e+00
    627.000    1475.49    1475.49    925.659    627.000  1030.6713  1030.6715    34.8909    34.8913    1475.49    1475.49    6.63841      0.820     0.0001 0.0000e+00
    628.000    1475.50    1475.51    926.793    628.000  1030.6760  1030.6763    34.8911    34.8913    1475.50    1475.51    6.63637      0.990     0.0002 0.0000e+00
    629.000    1475.52    1475.52    927.740    629.000  1030.6805  1030.6809    34.8909    34.8913    1475.52    1475.52    6.63488      1.095     0.0002 0.0000e+00
    630.000    1475.54    1475.54    928.647    630.000  1030.6853  1030.6855    34.8909    34.8913    1475.54    1475.54    6.63345      1.115     0.0002 0.0000e+00
    631.000    1475.55    1475.55    929.566    631.000  1030.6899  1030.6903    34.8909    34.8913    1475.55    1475.55    6.63266      1.068     0.0001 0.0000e+00
    632.000    1475.57    1475.57    930.560    632.000  1030.6946  1030.6949    34.8908    34.8912    1475.57    1475.57    6.63276      0.957     0.0002 0.0000e+00
    633.000    1475.58    1475.58    931.703    633.000  1030.6992  1030.6996    34.8908    34.8912    1475.58    1475.58    6.63387      0.866     0.0001 0.0000e+00
    634.000    1475.60    1475.60    932.844    634.000  1030.7040  1030.7042    34.8909    34.8912    1475.60    1475.60    6.63418      0.957     0.0002 0.0000e+00
    635.000    1475.62    1475.62    933.828    635.000  1030.7086  1030.7090    34.8908    34.8913    1475.62    1475.62    6.63159      1.084     0.0002 0.0000e+00
    636.000    1475.63    1475.63    934.731    636.000  1030.7134  1030.7136    34.8908    34.8912    1475.63    1475.63    6.63280      1.108     0.0002 0.0000e+00
    637.000    1475.65    1475.65    935.663    637.000  1030.7180  1030.7183    34.8908    34.8912    1475.65    1475.65    6.63518      1.064     0.0002 0.0000e+00
    638.000    1475.66    1475.66    936.633    638.000  1030.7225  1030.7229    34.8907    34.8911    1475.66    1475.66    6.63330      1.053     0.0002 0.0000e+00
    639.000    1475.68    1475.68    937.582    639.000  1030.7273  1030.7275    34.8907    34.8911    1475.68    1475.68    6.63060      1.057     0.0002 0.0000e+00
    640.000    1475.70    1475.70    938.560    640.000  1030.7319  1030.7322    34.8907    34.8910    1475.70    1475.70    6.63022      0.991     0.0002 0.0000e+00
    641.000    1475.71    1475.71    939.654    641.000  1030.7366  1030.7368    34.8907    34.8910    1475.71    1475.71    6.63216      0.874     0.0002 0.0000e+00
    642.000    1475.73    1475.73    940.867    642.000  1030.7413  1030.7415    34.8907    34.8909    1475.73    1475.73    6.63492      0.857     0.0003 0.0000e+00
    643.000    1475.74    1475.74    941.974    643.000  1030.7458  1030.7461    34.8906    34.8909    1475.74    1475.74    6.63477      1.006     0.0002 0.0000e+00
    644.000    1475.76    1475.76    942.904    644.000  1030.7505  1030.7509    34.8906    34.8910    1475.76    1475.76    6.63400      1.143     0.0001 0.0000e+00
    645.000    1475.78    1475.78    943.760    645.000  1030.7552  1030.7555    34.8906    34.8910    1475.78    1475.78    6.63400      1.144     0.0001 0.0000e+00
    646.000    1475.79    1475.79    944.691    646.000  1030.7599  1030.7601    34.8905    34.8910    1475.79    1475.79    6.63611      0.999     0.0002 0.0000e+00
    647.000    1475.81    1475.81    945.846    647.000  1030.7645  1030.7648    34.8906    34.8909    1475.81    1475.81    6.63574      0.804     0.0002 0.0000e+00
    648.000    1475.82    1475.83    947.205    648.000  1030.7692  1030.7694    34.8904    34.8909    1475.82    1475.83    6.63429      0.765     0.0002 0.0000e+00
    649.000    1475.84    1475.84    948.419    649.000  1030.7738  1030.7740    34.8905    34.8909    1475.84    1475.84    6.63325      0.954     0.0002 0.0000e+00
    650.000    1475.86    1475.86    949.369    650.000  1030.7784  1030.7787    34.8905    34.8908    1475.86    1475.86    6.63205      1.169     0.0002 0.0000e+00
    651.000    1475.87    1475.87    950.173    651.000  1030.7832  1030.7834    34.8905    34.8909    1475.87    1475.87    6.62865      1.276     0.0001 0.0000e+00
    652.000    1475.89    1475.89    950.959    652.000  1030.7877  1030.7881    34.8905    34.8908    1475.89    1475.89    6.62698      1.261     0.0001 0.0000e+00
    653.000    1475.91    1475.91    951.794    653.000  1030.7925  1030.7927    34.8905    34.8909    1475.91    1475.91    6.62570      1.145     0.0002 0.0000e+00
    654.000    1475.92    1475.92    952.751    654.000  1030.7971  1030.7974    34.8905    34.8908    1475.92    1475.92    6.62954      1.006     0.0001 0.0000e+00
    655.000    1475.94    1475.94    953.818    655.000  1030.8018  1030.8020    34.8904    34.8908    1475.94    1475.94    6.63290      0.923     0.0002 0.0000e+00
    656.000    1475.96    1475.96    954.935    656.000  1030.8064  1030.8068    34.8904    34.8908    1475.96    1475.96    6.63407      0.916     0.0001 0.0000e+00
    657.000    1475.97    1475.97    956.018    657.000  1030.8110  1030.8114    34.8903    34.8908    1475.97    1475.97    6.63295      0.915     0.0002 0.0000e+00
    658.000    1475.99    1475.99    957.180    658.000  1030.8157  1030.8159    34.8903    34.8907    1475.99    1475.99    6.63191      0.821     0.0002 0.0000e+00
    659.000    1476.00    1476.01    958.474    659.000  1030.8204  1030.8207    34.8904    34.8907    1476.00    1476.01    6.63264      0.824     0.0002 0.0000e+00
    660.000    1476.02    1476.02    959.576    660.000  1030.8251  1030.8254    34.8904    34.8908    1476.02    1476.02    6.63685      1.073     0.0001 0.0000e+00
    661.000    1476.04    1476.04    960.419    661.000  1030.8297  1030.8300    34.8904    34.8907    1476.04    1476.04    6.63666      1.319     0.0000 0.0000e+00
    662.000    1476.05    1476.05    961.128    662.000  1030.8344  1030.8346    34.8904    34.8906    1476.05    1476.05    6.63873      1.442     0.0001 0.0000e+00
    663.000    1476.07    1476.07    961.819    663.000  1030.8390  1030.8394    34.8903    34.8908    1476.07    1476.07    6.63650      1.397     0.0001 0.0000e+00
    664.000    1476.09    1476.09    962.600    664.000  1030.8438  1030.8441    34.8903    34.8908    1476.09    1476.09    6.63693      1.081     0.0001 0.0000e+00
    665.000    1476.10    1476.10    964.356    665.000  1030.8483  1030.8484    34.8901    34.8905    1476.10    1476.10    6.63931      0.452     0.0003 0.0000e+00
    666.000    1476.12    1476.12    966.268    666.000  1030.8529  1030.8533    34.8902    34.8906    1476.12    1476.12    6.64240      0.933    -0.0000 0.0000e+00
    667.000    1476.13    1476.14    967.136    667.000  1030.8577  1030.8580    34.8903    34.8907    1476.13    1476.14    6.64071      1.319     0.0001 0.0000e+00
    668.000    1476.15    1476.15    967.826    668.000  1030.8623  1030.8627    34.8901    34.8907    1476.15    1476.15    6.63943      1.547     0.0001 0.0000e+00
    669.000    1476.17    1476.17    968.444    669.000  1030.8669  1030.8673    34.8901    34.8907    1476.17    1476.17    6.63613      1.623     0.0000 0.0000e+00
    670.000    1476.18    1476.18    969.064    670.000  1030.8717  1030.8719    34.8902    34.8905    1476.18    1476.18    6.63475      1.527     0.0001 0.0000e+00
    671.000    1476.19    1476.20    969.784    671.000  1030.8762  1030.8766    34.8900    34.8904    1476.19    1476.20    6.63574      1.214     0.0002 0.0000e+00
    672.000    1476.21    1476.21    970.932    672.000  1030.8810  1030.8812    34.8900    34.8903    1476.21    1476.21    6.63539      0.733     0.0002 0.0000e+00
    673.000    1476.23    1476.23    972.524    673.000  1030.8856  1030.8859    34.8900    34.8904    1476.23    1476.23    6.63671      0.710     0.0001 0.0000e+00
    674.000    1476.24    1476.24    973.721    674.000  1030.8904  1030.8906    34.8901    34.8904    1476.24    1476.24    6.63860      0.985     0.0002 0.0000e+00
    675.000    1476.26    1476.26    974.653    675.000  1030.8950  1030.8953    34.8901    34.8904    1476.26    1476.26    6.63970      1.136     0.0001 0.0000e+00
    676.000    1476.28    1476.28    975.515    676.000  1030.8998  1030.8999    34.8902    34.8904    1476.28    1476.28    6.64050      1.184     0.0002 0.0000e+00
    677.000    1476.29    1476.29    976.368    677.000  1030.9043  1030.9045    34.8901    34.8904    1476.29    1476.29    6.63821      1.184     0.0001 0.0000e+00
    678.000    1476.31    1476.31    977.232    678.000  1030.9089  1030.9092    34.8900    34.8903    1476.31    1476.31    6.63796      1.108     0.0002 0.0000e+00
