Ship_data/Irminger/Irminger-2/ctd/process/at30_013.ros
* Sea-Bird SBE 9 Data File:
* FileName = C:\data\ctd\at30_013.hdr
* Software Version Seasave V 7.21f
* Temperature SN = 2265
* Conductivity SN = 3021
* Number of Bytes Per Scan = 40
* Number of Voltage Words = 5
* Number of Scans Averaged by the Deck Unit = 1
* NMEA Latitude = 59 53.87 N
* NMEA Longitude = 039 34.33 W
* NMEA UTC (Time) = Aug 23 2015  21:20:25
** cal / val for SUMO 2
# nquan = 27
# nvalues = 539                                   
# units = specified
# name 0 = timeS: Time, Elapsed [seconds]
# name 1 = longitude: Longitude [deg]
# name 2 = latitude: Latitude [deg]
# name 3 = depSM: Depth [salt water, m]
# name 4 = prDM: Pressure, Digiquartz [db]
# name 5 = t090C: Temperature [ITS-90, deg C]
# name 6 = t190C: Temperature, 2 [ITS-90, deg C]
# name 7 = c0S/m: Conductivity [S/m]
# name 8 = c1S/m: Conductivity, 2 [S/m]
# name 9 = CStarTr0: Beam Transmission, WET Labs C-Star [%]
# name 10 = flECO-AFL: Fluorescence, WET Labs ECO-AFL/FL [mg/m^3]
# name 11 = sbeox0V: Oxygen raw, SBE 43 [V]
# name 12 = altM: Altimeter [m]
# name 13 = nbf: Bottles Fired
# name 14 = density00: Density [density, Kg/m^3]
# name 15 = density11: Density, 2 [density, Kg/m^3]
# name 16 = sal00: Salinity, Practical [PSU]
# name 17 = sal11: Salinity, Practical, 2 [PSU]
# name 18 = svCM: Sound Velocity [Chen-Millero, m/s]
# name 19 = svCM1: Sound Velocity, 2 [Chen-Millero, m/s]
# name 20 = timeS: Time, Elapsed [seconds]
# name 21 = sbeox0ML/L: Oxygen, SBE 43 [ml/l]
# name 22 = sbeox0PS: Oxygen, SBE 43 [% saturation]
# name 23 = dz/dtM: Descent Rate [m/s]
# name 24 = T2-T190C: Temperature Difference, 2 - 1 [ITS-90, deg C]
# name 25 = scan: Scan Count
# name 26 = flag:  0.000e+00
# interval = seconds: 0.0416667
# start_time = Aug 23 2015 21:20:25 [NMEA time, header]
# bad_flag = -9.990e-29
*END*
[from data line 108]
   3208.708  -39.57730   59.89990    500.286    505.661     3.8289     3.8298   3.254929   3.255050    97.7585    -0.0585     2.1684      98.73          3  1030.0713  1030.0715    34.9032    34.9037    1474.07    1474.08   3208.708    6.49357   89.20283      0.276     0.0009      77010  0.000e+00
   3208.750  -39.57730   59.89990    500.423    505.800     3.8290     3.8297   3.254911   3.255021    97.7585    -0.0512     2.1684      98.73          3  1030.0716  1030.0719    34.9028    34.9033    1474.08    1474.08   3208.750    6.49369   89.20441      0.288     0.0008      77011  0.000e+00
   3208.792  -39.57730   59.89990    500.351    505.726     3.8289     3.8296   3.254941   3.255027    97.7585    -0.0512     2.1684      98.73          3  1030.0717  1030.0718    34.9033    34.9036    1474.08    1474.08   3208.792    6.49362   89.20358      0.293     0.0007      77012  0.000e+00
   3208.833  -39.57730   59.89990    500.407    505.784     3.8290     3.8296   3.254941   3.255021    97.7585    -0.0512     2.1684      98.73          3  1030.0718  1030.0720    34.9032    34.9035    1474.08    1474.08   3208.833    6.49366   89.20421      0.302     0.0006      77013  0.000e+00
   3208.875  -39.57730   59.89990    500.423    505.800     3.8288     3.8293   3.254929   3.255056    97.7585    -0.0512     2.1684      98.73          3  1030.0719  1030.0727    34.9032    34.9042    1474.08    1474.08   3208.875    6.49370   89.20443      0.309     0.0005      77014  0.000e+00
   3208.917  -39.57730   59.89990    500.472    505.849     3.8289     3.8293   3.254947   3.255021    97.7585    -0.0585     2.1684      98.73          3  1030.0722  1030.0726    34.9033    34.9038    1474.08    1474.08   3208.917    6.49373   89.20498      0.317     0.0004      77015  0.000e+00
   3208.958  -39.57730   59.89990    500.407    505.784     3.8286     3.8296   3.254941   3.254970    97.7585    -0.0512     2.1684      98.73          3  1030.0721  1030.0715    34.9035    34.9029    1474.08    1474.08   3208.958    6.49370   89.20428      0.321     0.0010      77016  0.000e+00
   3209.000  -39.57730   59.89990    500.545    505.923     3.8290     3.8293   3.254935   3.255021    97.7585    -0.0512     2.1684      98.73          3  1030.0723  1030.0729    34.9030    34.9038    1474.08    1474.08   3209.000    6.49377   89.20578      0.335     0.0002      77017  0.000e+00
   3209.042  -39.57730   59.89990    500.472    505.849     3.8288     3.8291   3.254947   3.254998    97.7324    -0.0512     2.1671      98.73          3  1030.0723  1030.0725    34.9034    34.9037    1474.08    1474.08   3209.042    6.48889   89.13851      0.338     0.0003      77018  0.000e+00
   3209.083  -39.57730   59.89990    500.529    505.906     3.8289     3.8294   3.254941   3.254930    97.7585    -0.0512     2.1684      98.73          3  1030.0724  1030.0718    34.9032    34.9025    1474.08    1474.08   3209.083    6.49378   89.20562      0.345     0.0006      77019  0.000e+00
   3209.125  -39.57730   59.89990    500.545    505.923     3.8288     3.8290   3.254911   3.254936    97.7585    -0.0512     2.1684      98.73          3  1030.0723  1030.0724    34.9029    34.9031    1474.08    1474.08   3209.125    6.49381   89.20582      0.353     0.0001      77020  0.000e+00
   3209.167  -39.57730   59.89990    500.585    505.964     3.8290     3.8291   3.254965   3.254987    97.7585    -0.0512     2.1684      98.73          3  1030.0727  1030.0729    34.9033    34.9035    1474.08    1474.08   3209.167    6.49379   89.20623      0.363     0.0001      77021  0.000e+00
   3209.208  -39.57730   59.89990    500.529    505.906     3.8288     3.8290   3.254971   3.254970    97.7585    -0.0512     2.1684      98.73          3  1030.0728  1030.0726    34.9037    34.9035    1474.08    1474.08   3209.208    6.49377   89.20562      0.363     0.0001      77022  0.000e+00
   3209.250  -39.57730   59.89990    500.601    505.980     3.8289     3.8290   3.254917   3.254987    97.7324    -0.0512     2.1684      98.73          3  1030.0725  1030.0731    34.9029    34.9037    1474.08    1474.08   3209.250    6.49385   89.20645      0.370     0.0001      77023  0.000e+00
   3209.292  -39.57730   59.89990    500.650    506.029     3.8286     3.8288   3.254917   3.254930    97.7324    -0.0512     2.1684      98.73          3  1030.0729  1030.0729    34.9031    34.9031    1474.08    1474.08   3209.292    6.49392   89.20708      0.378     0.0002      77024  0.000e+00
   3209.333  -39.57730   59.89990    500.601    505.980     3.8286     3.8288   3.254887   3.254936    97.7324    -0.0512     2.1684      98.73          3  1030.0724  1030.0727    34.9028    34.9032    1474.08    1474.08   3209.333    6.49390   89.20650      0.385     0.0002      77025  0.000e+00
   3209.375  -39.57730   59.89990    500.650    506.029     3.8284     3.8286   3.254869   3.254959    97.7324    -0.0512     2.1684      98.73          3  1030.0727  1030.0733    34.9028    34.9036    1474.08    1474.08   3209.375    6.49398   89.20713      0.389     0.0002      77026  0.000e+00
   3209.417  -39.57730   59.89990    500.650    506.029     3.8282     3.8286   3.254869   3.254936    97.7324    -0.0512     2.1684      98.73          3  1030.0729  1030.0731    34.9030    34.9033    1474.08    1474.08   3209.417    6.49401   89.20718      0.392     0.0004      77027  0.000e+00
   3209.458  -39.57730   59.89990    500.723    506.103     3.8282     3.8288   3.254875   3.254959    97.7324    -0.0512     2.1671      98.73          3  1030.0732  1030.0735    34.9030    34.9034    1474.08    1474.08   3209.458    6.48922   89.14154      0.400     0.0005      77028  0.000e+00
   3209.500  -39.57730   59.89990    500.707    506.087     3.8284     3.8285   3.254887   3.254907    97.7324    -0.0512     2.1684      98.73          3  1030.0732  1030.0732    34.9030    34.9031    1474.08    1474.08   3209.500    6.49402   89.20779      0.406     0.0001      77029  0.000e+00
   3209.542  -39.57730   59.89990    500.771    506.152     3.8282     3.8288   3.254899   3.254930    97.7062    -0.0512     2.1684      98.73          3  1030.0736  1030.0734    34.9033    34.9030    1474.08    1474.08   3209.542    6.49409   89.20857      0.410     0.0005      77030  0.000e+00
   3209.583  -39.57730   59.89990    500.723    506.103     3.8285     3.8286   3.254899   3.254907    97.7062    -0.0512     2.1671      98.73          3  1030.0732  1030.0731    34.9030    34.9030    1474.08    1474.08   3209.583    6.48917   89.14145      0.416     0.0001      77031  0.000e+00
   3209.625  -39.57730   59.89990    500.771    506.152     3.8284     3.8288   3.254917   3.254987    97.7062    -0.0512     2.1684      98.73          3  1030.0737  1030.0740    34.9033    34.9037    1474.08    1474.08   3209.625    6.49406   89.20851      0.420     0.0004      77032  0.000e+00
   3209.667  -39.57730   59.89990    500.771    506.152     3.8285     3.8286   3.254929   3.254936    97.7062    -0.0512     2.1684      98.73          3  1030.0737  1030.0736    34.9033    34.9033    1474.08    1474.08   3209.667    6.49403   89.20848      0.421     0.0001      77033  0.000e+00
   3209.708  -39.57730   59.89990    500.779    506.160     3.8284     3.8286   3.254953   3.254930    97.7062    -0.0512     2.1684      98.73          3  1030.0740  1030.0736    34.9037    34.9032    1474.08    1474.08   3209.708    6.49404   89.20860      0.424     0.0002      77034  0.000e+00
   3209.750  -39.57730   59.89990    500.828    506.209     3.8288     3.8286   3.254959   3.254970    97.6800    -0.0512     2.1684      98.73          3  1030.0739  1030.0742    34.9034    34.9037    1474.08    1474.08   3209.750    6.49403   89.20905      0.429    -0.0002      77035  0.000e+00
   3209.792  -39.57732   59.89988    500.828    506.209     3.8286     3.8288   3.254941   3.254930    97.6277    -0.0512     2.1684      98.73          3  1030.0740  1030.0737    34.9034    34.9030    1474.08    1474.08   3209.792    6.49407   89.20911      0.428     0.0002      77036  0.000e+00
   3209.833  -39.57732   59.89988    500.844    506.226     3.8285     3.8290   3.254929   3.254959    97.6277    -0.0585     2.1684      98.73          3  1030.0740  1030.0738    34.9033    34.9032    1474.08    1474.08   3209.833    6.49410   89.20931      0.433     0.0004      77037  0.000e+00
   3209.875  -39.57732   59.89988    500.828    506.209     3.8288     3.8288   3.254929   3.254970    97.6539    -0.0512     2.1671      98.73          3  1030.0736  1030.0740    34.9030    34.9035    1474.08    1474.08   3209.875    6.48921   89.14256      0.432    -0.0000      77038  0.000e+00
   3209.917  -39.57732   59.89988    500.885    506.267     3.8286     3.8288   3.254953   3.254959    97.6800    -0.0512     2.1684      98.73          3  1030.0743  1030.0742    34.9035    34.9033    1474.08    1474.08   3209.917    6.49411   89.20976      0.435     0.0002      77039  0.000e+00
   3209.958  -39.57732   59.89988    500.901    506.283     3.8286     3.8286   3.254941   3.254907    97.7062    -0.0439     2.1684      98.73          3  1030.0742  1030.0739    34.9033    34.9029    1474.08    1474.08   3209.958    6.49412   89.20992      0.437 -8.803e-07      77040  0.000e+00
   3210.000  -39.57732   59.89988    500.885    506.267     3.8284     3.8288   3.254947   3.254930    97.7324    -0.0512     2.1684      98.73          3  1030.0744  1030.0739    34.9036    34.9030    1474.08    1474.08   3210.000    6.49414   89.20979      0.436     0.0004      77041  0.000e+00
   3210.042  -39.57732   59.89988    500.885    506.267     3.8286     3.8288   3.254941   3.254936    97.7324    -0.0512     2.1671      98.73          3  1030.0741  1030.0740    34.9033    34.9031    1474.08    1474.08   3210.042    6.48927   89.14325      0.433     0.0002      77042  0.000e+00
   3210.083  -39.57732   59.89988    500.957    506.340     3.8286     3.8290   3.254929   3.254987    97.7585    -0.0512     2.1671      98.73          3  1030.0744  1030.0746    34.9032    34.9035    1474.08    1474.09   3210.083    6.48935   89.14411      0.433     0.0004      77043  0.000e+00
   3210.125  -39.57732   59.89988    500.885    506.267     3.8284     3.8290   3.254935   3.254936    97.7585    -0.0512     2.1684      98.73          3  1030.0744  1030.0738    34.9035    34.9029    1474.08    1474.08   3210.125    6.49415   89.20979      0.429     0.0006      77044  0.000e+00
   3210.167  -39.57732   59.89988    500.949    506.332     3.8286     3.8290   3.254929   3.254987    97.7585    -0.0585     2.1671      98.73          3  1030.0744  1030.0746    34.9032    34.9035    1474.08    1474.09   3210.167    6.48934   89.14400      0.431     0.0004      77045  0.000e+00
   3210.208  -39.57732   59.89988    501.022    506.406     3.8286     3.8290   3.254887   3.254936    97.7585    -0.0512     2.1684      98.73          3  1030.0742  1030.0744    34.9026    34.9028    1474.09    1474.09   3210.208    6.49426   89.21131      0.433     0.0003      77046  0.000e+00
   3210.250  -39.57732   59.89988    500.949    506.332     3.8286     3.8288   3.254911   3.254987    97.7585    -0.0512     2.1684      98.73          3  1030.0742  1030.0747    34.9030    34.9036    1474.08    1474.09   3210.250    6.49419   89.21047      0.426     0.0002      77047  0.000e+00
   3210.292  -39.57732   59.89988    501.006    506.389     3.8285     3.8290   3.254947   3.254936    97.7585    -0.0512     2.1671      98.73          3  1030.0748  1030.0743    34.9034    34.9028    1474.09    1474.09   3210.292    6.48938   89.14466      0.426     0.0004      77048  0.000e+00
   3567.083  -39.57778   59.90006    250.142    252.676     4.3428     4.3434   3.293081   3.293127    97.6016    -0.0512     2.2247      98.73          4  1028.8769  1028.8769    34.9447    34.9447    1472.11    1472.11   3567.083    6.40741   89.14337      0.004     0.0005      85611  0.000e+00
   3567.125  -39.57778   59.90006    250.134    252.668     4.3430     4.3433   3.293087   3.293144    97.6016    -0.0512     2.2247      98.73          4  1028.8768  1028.8770    34.9446    34.9449    1472.11    1472.11   3567.125    6.40738   89.14322     -0.002     0.0003      85612  0.000e+00
   3567.167  -39.57778   59.90006    250.191    252.725     4.3428     4.3433   3.293069   3.293144    97.6277    -0.0512     2.2247      98.73          4  1028.8770  1028.8773    34.9445    34.9449    1472.11    1472.11   3567.167    6.40746   89.14391      0.002     0.0005      85613  0.000e+00
   3567.208  -39.57778   59.90006    250.086    252.619     4.3430     4.3432   3.293106   3.293127    97.6277    -0.0512     2.2247      98.73          4  1028.8768  1028.8768    34.9448    34.9449    1472.11    1472.11   3567.208    6.40733   89.14264     -0.002     0.0002      85614  0.000e+00
   3567.250  -39.57778   59.90006    250.191    252.725     4.3430     4.3428   3.293106   3.293081    97.6539    -0.0512     2.2247      98.73          4  1028.8772  1028.8771    34.9448    34.9447    1472.11    1472.11   3567.250    6.40742   89.14386     -0.001    -0.0002      85615  0.000e+00
   3567.292  -39.57778   59.90006    250.143    252.676     4.3428     4.3427   3.293087   3.293099    97.6800    -0.0512     2.2247      98.73          4  1028.8770  1028.8773    34.9448    34.9451    1472.11    1472.11   3567.292    6.40740   89.14332     -0.002    -0.0001      85616  0.000e+00
   3567.333  -39.57778   59.90006    250.134    252.668     4.3428     4.3427   3.293087   3.293081    97.6800    -0.0512     2.2247      98.73          4  1028.8770  1028.8770    34.9448    34.9448    1472.11    1472.11   3567.333    6.40740   89.14322     -0.004    -0.0001      85617  0.000e+00
   3567.375  -39.57778   59.90006    250.134    252.668     4.3428     4.3430   3.293051   3.293053    97.6800    -0.0512     2.2235      98.73          4  1028.8766  1028.8765    34.9444    34.9442    1472.11    1472.11   3567.375    6.40281   89.07910     -0.009     0.0002      85618  0.000e+00
   3567.417  -39.57778   59.90006    250.143    252.676     4.3428     4.3432   3.293051   3.293064    97.6800    -0.0512     2.2247      98.73          4  1028.8767  1028.8765    34.9444    34.9442    1472.11    1472.11   3567.417    6.40742   89.14330     -0.007     0.0003      85619  0.000e+00
   3567.458  -39.57778   59.90006    250.191    252.725     4.3427     4.3430   3.293063   3.293144    97.6539    -0.0512     2.2247      98.73          4  1028.8771  1028.8775    34.9446    34.9452    1472.11    1472.11   3567.458    6.40748   89.14390     -0.006     0.0004      85620  0.000e+00
   3567.500  -39.57778   59.90006    250.143    252.676     4.3425     4.3432   3.293075   3.293110    97.6539    -0.0512     2.2247      98.73          4  1028.8772  1028.8769    34.9450    34.9447    1472.11    1472.11   3567.500    6.40745   89.14336     -0.004     0.0007      85621  0.000e+00
   3567.542  -39.57778   59.90006    250.135    252.668     4.3426     4.3435   3.293069   3.293099    97.6539    -0.0512     2.2247      98.73          4  1028.8770  1028.8765    34.9448    34.9442    1472.11    1472.11   3567.542    6.40743   89.14323     -0.006     0.0009      85622  0.000e+00
   3567.583  -39.57778   59.90006    250.135    252.668     4.3425     4.3435   3.293063   3.293110    97.6539    -0.0512     2.2247      98.73          4  1028.8771  1028.8765    34.9449    34.9443    1472.11    1472.11   3567.583    6.40745   89.14325     -0.007     0.0010      85623  0.000e+00
   3567.625  -39.57778   59.90006    250.143    252.676     4.3427     4.3433   3.293045   3.293156    97.6539    -0.0512     2.2247      98.73          4  1028.8768  1028.8772    34.9445    34.9451    1472.11    1472.11   3567.625    6.40744   89.14330     -0.005     0.0006      85624  0.000e+00
