Ship_data/Irminger/Irminger-2/ctd/process/at30_012.ros
* Sea-Bird SBE 9 Data File:
* FileName = C:\data\ctd\at30_012.hdr
* Software Version Seasave V 7.21f
* Temperature SN = 2265
* Conductivity SN = 3021
* Number of Bytes Per Scan = 40
* Number of Voltage Words = 5
* Number of Scans Averaged by the Deck Unit = 1
* NMEA Latitude = 59 59.98 N
* NMEA Longitude = 039 28.96 W
* NMEA UTC (Time) = Aug 23 2015  16:50:38
** Cal/Val for HYPM-2
# nquan = 27
# nvalues = 588                                   
# units = specified
# name 0 = timeS: Time, Elapsed [seconds]
# name 1 = longitude: Longitude [deg]
# name 2 = latitude: Latitude [deg]
# name 3 = depSM: Depth [salt water, m]
# name 4 = prDM: Pressure, Digiquartz [db]
# name 5 = t090C: Temperature [ITS-90, deg C]
# name 6 = t190C: Temperature, 2 [ITS-90, deg C]
# name 7 = c0S/m: Conductivity [S/m]
# name 8 = c1S/m: Conductivity, 2 [S/m]
# name 9 = CStarTr0: Beam Transmission, WET Labs C-Star [%]
# name 10 = flECO-AFL: Fluorescence, WET Labs ECO-AFL/FL [mg/m^3]
# name 11 = sbeox0V: Oxygen raw, SBE 43 [V]
# name 12 = altM: Altimeter [m]
# name 13 = nbf: Bottles Fired
# name 14 = density00: Density [density, Kg/m^3]
# name 15 = density11: Density, 2 [density, Kg/m^3]
# name 16 = sal00: Salinity, Practical [PSU]
# name 17 = sal11: Salinity, Practical, 2 [PSU]
# name 18 = svCM: Sound Velocity [Chen-Millero, m/s]
# name 19 = svCM1: Sound Velocity, 2 [Chen-Millero, m/s]
# name 20 = timeS: Time, Elapsed [seconds]
# name 21 = sbeox0ML/L: Oxygen, SBE 43 [ml/l]
# name 22 = sbeox0PS: Oxygen, SBE 43 [% saturation]
# name 23 = dz/dtM: Descent Rate [m/s]
# name 24 = T2-T190C: Temperature Difference, 2 - 1 [ITS-90, deg C]
# name 25 = scan: Scan Count
# name 26 = flag:  0.000e+00
# interval = seconds: 0.0416667
# start_time = Aug 23 2015 16:50:38 [NMEA time, header]
# bad_flag = -9.990e-29
*END*
[from data line 323]
   5672.583  -39.48634   60.00120   1001.245   1013.241     3.5583     3.5589   3.250871   3.250886    97.7324    -0.0585     2.0681      98.73          7  1032.4122  1032.4117    34.8766    34.8761    1481.28    1481.29   5672.583    6.56352   89.55610      0.285     0.0006     136143  0.000e+00
   5672.625  -39.48634   60.00120   1001.188   1013.184     3.5586     3.5588   3.250883   3.250886    97.7062    -0.0585     2.0669      98.73          7  1032.4118  1032.4116    34.8765    34.8763    1481.28    1481.29   5672.625    6.55820   89.48398      0.271     0.0002     136144  0.000e+00
   5672.667  -39.48634   60.00120   1001.254   1013.250     3.5586     3.5589   3.250853   3.250869    97.7062    -0.0585     2.0669      98.73          7  1032.4118  1032.4116    34.8761    34.8759    1481.29    1481.29   5672.667    6.55828   89.48475      0.259     0.0004     136145  0.000e+00
   5672.708  -39.48634   60.00120   1001.245   1013.241     3.5583     3.5589   3.250853   3.250857    97.7062    -0.0585     2.0669      98.73          7  1032.4120  1032.4115    34.8764    34.8758    1481.28    1481.29   5672.708    6.55830   89.48471      0.247     0.0006     136146  0.000e+00
   5672.750  -39.48634   60.00120   1001.189   1013.184     3.5583     3.5589   3.250847   3.250868    97.7062    -0.0585     2.0669      98.73          7  1032.4117  1032.4113    34.8763    34.8759    1481.28    1481.29   5672.750    6.55825   89.48403      0.233     0.0006     136147  0.000e+00
   5672.792  -39.48634   60.00120   1001.319   1013.316     3.5583     3.5586   3.250817   3.250857    97.7062    -0.0585     2.0669      98.73          7  1032.4120  1032.4121    34.8759    34.8761    1481.29    1481.29   5672.792    6.55838   89.48555      0.225     0.0003     136148  0.000e+00
   5672.833  -39.48634   60.00120   1001.124   1013.118     3.5584     3.5588   3.250847   3.250857    97.7324    -0.0585     2.0669      98.73          7  1032.4114  1032.4111    34.8763    34.8760    1481.28    1481.28   5672.833    6.55818   89.48322      0.209     0.0004     136149  0.000e+00
   5672.875  -39.48634   60.00120   1001.189   1013.184     3.5585     3.5589   3.250865   3.250840    97.7324    -0.0658     2.0669      98.73          7  1032.4117  1032.4111    34.8764    34.8756    1481.28    1481.29   5672.875    6.55821   89.48394      0.192     0.0004     136150  0.000e+00
   5672.917  -39.48634   60.00120   1001.189   1013.184     3.5583     3.5588   3.250847   3.250857    97.7324    -0.0585     2.0669      98.73          7  1032.4117  1032.4113    34.8763    34.8759    1481.28    1481.29   5672.917    6.55825   89.48398      0.181     0.0005     136151  0.000e+00
   5672.958  -39.48634   60.00120   1001.197   1013.192     3.5585     3.5588   3.250835   3.250897    97.7324    -0.0585     2.0669      98.73          7  1032.4115  1032.4118    34.8760    34.8765    1481.28    1481.29   5672.958    6.55824   89.48401      0.169     0.0003     136152  0.000e+00
   5673.000  -39.48634   60.00120   1001.189   1013.184     3.5584     3.5589   3.250835   3.250886    97.7062    -0.0585     2.0669      98.73          7  1032.4116  1032.4115    34.8761    34.8762    1481.28    1481.29   5673.000    6.55824   89.48393      0.154     0.0006     136153  0.000e+00
   5673.042  -39.48634   60.00120   1001.189   1013.184     3.5585     3.5588   3.250871   3.250840    97.7324    -0.0658     2.0669      98.73          7  1032.4118  1032.4112    34.8765    34.8758    1481.28    1481.28   5673.042    6.55821   89.48389      0.141     0.0003     136154  0.000e+00
   5673.083  -39.48634   60.00120   1001.140   1013.134     3.5583     3.5589   3.250847   3.250857    97.7324    -0.0658     2.0669      98.73          7  1032.4115  1032.4110    34.8764    34.8758    1481.28    1481.28   5673.083    6.55820   89.48335      0.123     0.0006     136155  0.000e+00
   5673.125  -39.48634   60.00120   1001.189   1013.184     3.5583     3.5589   3.250829   3.250857    97.7585    -0.0585     2.0669      98.73          7  1032.4116  1032.4112    34.8761    34.8758    1481.28    1481.29   5673.125    6.55825   89.48391      0.113     0.0006     136156  0.000e+00
   5673.167  -39.48634   60.00120   1001.124   1013.118     3.5584     3.5588   3.250853   3.250868    97.7585    -0.0585     2.0669      98.73          7  1032.4115  1032.4112    34.8764    34.8761    1481.28    1481.28   5673.167    6.55817   89.48311      0.098     0.0004     136157  0.000e+00
   5673.208  -39.48634   60.00120   1001.140   1013.135     3.5583     3.5593   3.250847   3.250886    97.7324    -0.0658     2.0669      98.73          7  1032.4115  1032.4110    34.8764    34.8758    1481.28    1481.29   5673.208    6.55820   89.48331      0.083     0.0009     136158  0.000e+00
   5673.250  -39.48634   60.00120   1001.124   1013.118     3.5585     3.5591   3.250871   3.250868    97.7324    -0.0585     2.0669      98.73          7  1032.4115  1032.4109    34.8765    34.8758    1481.28    1481.29   5673.250    6.55815   89.48305      0.068     0.0006     136159  0.000e+00
   5673.292  -39.48634   60.00120   1001.124   1013.118     3.5586     3.5593   3.250829   3.250886    97.7324    -0.0585     2.0669      98.73          7  1032.4110  1032.4109    34.8759    34.8758    1481.28    1481.29   5673.292    6.55815   89.48301      0.055     0.0007     136160  0.000e+00
   5673.333  -39.48634   60.00120   1001.140   1013.135     3.5584     3.5593   3.250805   3.250920    97.7324    -0.0585     2.0669      98.73          7  1032.4111  1032.4113    34.8758    34.8762    1481.28    1481.29   5673.333    6.55821   89.48325      0.042     0.0009     136161  0.000e+00
   5673.375  -39.48634   60.00120   1001.067   1013.060     3.5585     3.5591   3.250823   3.250926    97.7324    -0.0585     2.0669      98.73          7  1032.4108  1032.4112    34.8759    34.8765    1481.28    1481.29   5673.375    6.55812   89.48234      0.026     0.0006     136162  0.000e+00
   5960.125  -39.48642   60.00124    801.130    810.336     3.6511     3.6514   3.251271   3.251301    97.7324    -0.0585     2.1279      98.73          8  1031.4811  1031.4812    34.8880    34.8881    1478.33    1478.33   5960.125    6.62243   90.57148      0.127     0.0002     143044  0.000e+00
   5960.167  -39.48642   60.00124    801.073    810.278     3.6515     3.6515   3.251289   3.251307    97.7062    -0.0585     2.1279      98.73          8  1031.4808  1031.4809    34.8879    34.8880    1478.33    1478.33   5960.167    6.62232   90.57069      0.132     0.0001     143045  0.000e+00
   5960.208  -39.48642   60.00124    801.073    810.278     3.6511     3.6515   3.251259   3.251273    97.7324    -0.0585     2.1279      98.73          8  1031.4808  1031.4805    34.8879    34.8876    1478.33    1478.33   5960.208    6.62238   90.57077      0.134     0.0004     143046  0.000e+00
   5960.250  -39.48642   60.00124    801.130    810.336     3.6510     3.6515   3.251259   3.251250    97.7324    -0.0585     2.1279      98.73          8  1031.4812  1031.4806    34.8880    34.8873    1478.33    1478.33   5960.250    6.62246   90.57148      0.140     0.0006     143047  0.000e+00
   5960.292  -39.48642   60.00124    801.074    810.278     3.6511     3.6512   3.251271   3.251301    97.7062    -0.0585     2.1279      98.73          8  1031.4809  1031.4811    34.8880    34.8883    1478.33    1478.33   5960.292    6.62238   90.57074      0.144     0.0001     143048  0.000e+00
   5960.333  -39.48642   60.00124    801.138    810.344     3.6513     3.6515   3.251271   3.251301    97.7324    -0.0585     2.1279      98.73          8  1031.4810  1031.4811    34.8878    34.8879    1478.33    1478.33   5960.333    6.62241   90.57145      0.147     0.0002     143049  0.000e+00
   5960.375  -39.48642   60.00124    801.187    810.393     3.6511     3.6512   3.251271   3.251279    97.7324    -0.0585     2.1279      98.73          8  1031.4814  1031.4814    34.8879    34.8879    1478.33    1478.33   5960.375    6.62248   90.57207      0.155     0.0001     143050  0.000e+00
   5960.417  -39.48642   60.00124    801.138    810.344     3.6513     3.6514   3.251265   3.251273    97.7324    -0.0585     2.1279      98.73          8  1031.4810  1031.4810    34.8877    34.8877    1478.33    1478.33   5960.417    6.62241   90.57143      0.160     0.0001     143051  0.000e+00
   5960.458  -39.48642   60.00124    801.195    810.402     3.6513     3.6514   3.251289   3.251279    97.7062    -0.0658     2.1279      98.73          8  1031.4814  1031.4813    34.8880    34.8878    1478.33    1478.33   5960.458    6.62245   90.57209      0.172     0.0001     143052  0.000e+00
   5960.500  -39.48642   60.00124    801.187    810.394     3.6515     3.6515   3.251301   3.251301    97.7324    -0.0585     2.1279      98.73          8  1031.4814  1031.4813    34.8880    34.8879    1478.34    1478.34   5960.500    6.62241   90.57193      0.174     0.0001     143053  0.000e+00
   5960.542  -39.48642   60.00124    801.195    810.402     3.6513     3.6515   3.251283   3.251279    97.7324    -0.0658     2.1279      98.73          8  1031.4814  1031.4811    34.8879    34.8876    1478.33    1478.34   5960.542    6.62245   90.57206      0.180     0.0002     143054  0.000e+00
   5960.583  -39.48642   60.00124    801.195    810.402     3.6513     3.6515   3.251271   3.251330    97.7062    -0.0658     2.1279      98.73          8  1031.4813  1031.4816    34.8878    34.8882    1478.33    1478.34   5960.583    6.62246   90.57205      0.185     0.0002     143055  0.000e+00
   5960.625  -39.48642   60.00124    801.244    810.451     3.6510     3.6514   3.251271   3.251273    97.7062    -0.0585     2.1279      98.73          8  1031.4818  1031.4814    34.8881    34.8877    1478.33    1478.34   5960.625    6.62254   90.57272      0.191     0.0004     143056  0.000e+00
   5960.667  -39.48642   60.00124    801.260    810.468     3.6510     3.6514   3.251271   3.251279    97.7062    -0.0658     2.1279      98.73          8  1031.4819  1031.4815    34.8881    34.8877    1478.33    1478.34   5960.667    6.62256   90.57289      0.202     0.0004     143057  0.000e+00
   5960.708  -39.48642   60.00124    801.260    810.468     3.6510     3.6514   3.251229   3.251244    97.7062    -0.0658     2.1279      98.73          8  1031.4815  1031.4812    34.8876    34.8873    1478.33    1478.34   5960.708    6.62258   90.57288      0.208     0.0004     143058  0.000e+00
   5960.750  -39.48642   60.00124    801.244    810.451     3.6508     3.6515   3.251229   3.251250    97.7062    -0.0585     2.1279      98.73          8  1031.4816  1031.4810    34.8878    34.8872    1478.33    1478.34   5960.750    6.62259   90.57272      0.215     0.0007     143059  0.000e+00
   5960.792  -39.48642   60.00124    801.260    810.468     3.6508     3.6514   3.251198   3.251301    97.7062    -0.0585     2.1279      98.73          8  1031.4813  1031.4818    34.8874    34.8880    1478.33    1478.34   5960.792    6.62262   90.57290      0.219     0.0006     143060  0.000e+00
   5960.833  -39.48642   60.00124    801.317    810.525     3.6504     3.6517   3.251198   3.251307    97.7062    -0.0585     2.1279      98.73          8  1031.4820  1031.4817    34.8879    34.8877    1478.33    1478.34   5960.833    6.62273   90.57370      0.226     0.0014     143061  0.000e+00
   5960.875  -39.48642   60.00124    801.366    810.575     3.6504     3.6514   3.251192   3.251301    97.7062    -0.0585     2.1279      98.73          8  1031.4822  1031.4822    34.8878    34.8880    1478.33    1478.34   5960.875    6.62277   90.57427      0.237     0.0010     143062  0.000e+00
   5960.917  -39.48642   60.00124    801.260    810.468     3.6502     3.6515   3.251156   3.251330    97.7062    -0.0585     2.1279      98.73          8  1031.4815  1031.4819    34.8876    34.8882    1478.33    1478.34   5960.917    6.62272   90.57304      0.238     0.0014     143063  0.000e+00
   5960.958  -39.48642   60.00124    801.382    810.591     3.6504     3.6515   3.251144   3.251341    97.7062    -0.0585     2.1279      98.73          8  1031.4818  1031.4825    34.8872    34.8883    1478.33    1478.34   5960.958    6.62281   90.57443      0.245     0.0012     143064  0.000e+00
   5961.000  -39.48642   60.00124    801.317    810.525     3.6505     3.6517   3.251192   3.251301    97.7324    -0.0585     2.1279      98.73          8  1031.4818  1031.4817    34.8876    34.8876    1478.33    1478.34   5961.000    6.62270   90.57359      0.250     0.0012     143065  0.000e+00
   5961.042  -39.48642   60.00124    801.366    810.575     3.6504     3.6515   3.251211   3.251341    97.7324    -0.0585     2.1279      98.73          8  1031.4823  1031.4824    34.8880    34.8883    1478.33    1478.34   5961.042    6.62276   90.57421      0.257     0.0012     143066  0.000e+00
   5961.083  -39.48642   60.00124    801.382    810.591     3.6507     3.6517   3.251211   3.251301    97.7324    -0.0585     2.1279      98.73          8  1031.4821  1031.4820    34.8876    34.8876    1478.33    1478.34   5961.083    6.62273   90.57429      0.264     0.0010     143067  0.000e+00
   5961.125  -39.48642   60.00124    801.382    810.591     3.6508     3.6514   3.251211   3.251307    97.7062    -0.0658     2.1279      98.73          8  1031.4820  1031.4823    34.8875    34.8880    1478.33    1478.34   5961.125    6.62271   90.57424      0.269     0.0006     143068  0.000e+00
   5961.167  -39.48642   60.00124    801.431    810.640     3.6508     3.6514   3.251253   3.251273    97.7062    -0.0585     2.1279      98.73          8  1031.4826  1031.4822    34.8880    34.8876    1478.34    1478.34   5961.167    6.62273   90.57481      0.273     0.0006     143069  0.000e+00
   5961.208  -39.48642   60.00124    801.439    810.649     3.6513     3.6515   3.251289   3.251273    97.7062    -0.0585     2.1279      98.73          8  1031.4825  1031.4821    34.8879    34.8874    1478.34    1478.34   5961.208    6.62265   90.57474      0.279     0.0002     143070  0.000e+00
   5961.250  -39.48642   60.00124    801.439    810.649     3.6510     3.6515   3.251283   3.251341    97.7324    -0.0585     2.1279      98.73          8  1031.4827  1031.4827    34.8881    34.8882    1478.34    1478.34   5961.250    6.62270   90.57483      0.285     0.0006     143071  0.000e+00
   5961.292  -39.48642   60.00124    801.431    810.640     3.6513     3.6517   3.251271   3.251330    97.7324    -0.0585     2.1279      98.73          8  1031.4823  1031.4824    34.8876    34.8879    1478.34    1478.34   5961.292    6.62265   90.57462      0.287     0.0004     143072  0.000e+00
   5961.333  -39.48642   60.00124    801.439    810.649     3.6513     3.6514   3.251289   3.251279    97.7062    -0.0585     2.1279      98.73          8  1031.4825  1031.4823    34.8879    34.8876    1478.34    1478.34   5961.333    6.62265   90.57470      0.290     0.0001     143073  0.000e+00
   5961.375  -39.48642   60.00124    801.496    810.706     3.6515     3.6517   3.251283   3.251301    97.7324    -0.0658     2.1279      98.73          8  1031.4825  1031.4824    34.8876    34.8876    1478.34    1478.34   5961.375    6.62268   90.57532      0.298     0.0002     143074  0.000e+00
   5961.417  -39.48642   60.00124    801.552    810.764     3.6510     3.6515   3.251271   3.251341    97.7062    -0.0658     2.1279      98.73          8  1031.4831  1031.4832    34.8879    34.8882    1478.34    1478.34   5961.417    6.62280   90.57613      0.304     0.0006     143075  0.000e+00
