Ship_data/Irminger/Irminger-2/ctd/process/at30_007_SV.cnv
* Sea-Bird SBE 9 Data File:
* FileName = C:\data\ctd\at30_007.hdr
* Software Version Seasave V 7.21f
* Temperature SN = 2265
* Conductivity SN = 3021
* Number of Bytes Per Scan = 40
* Number of Voltage Words = 5
* Number of Scans Averaged by the Deck Unit = 1
* NMEA Latitude = 59 46.29 N
* NMEA Longitude = 039 52.92 W
* NMEA UTC (Time) = Aug 17 2015  23:01:49
** Site of FLMA 2015 -- need to confirm bottom depth
# nquan = 15
# nvalues = 2675                        
# units = specified
# name 0 = depSM: Depth [salt water, m]
# name 1 = svCM: Sound Velocity [Chen-Millero, m/s]
# name 2 = svCM1: Sound Velocity, 2 [Chen-Millero, m/s]
# name 3 = timeS: Time, Elapsed [seconds]
# name 4 = depSM: Depth [salt water, m]
# name 5 = density00: Density [density, Kg/m^3]
# name 6 = density11: Density, 2 [density, Kg/m^3]
# name 7 = sal00: Salinity, Practical [PSU]
# name 8 = sal11: Salinity, Practical, 2 [PSU]
# name 9 = svCM: Sound Velocity [Chen-Millero, m/s]
# name 10 = svCM1: Sound Velocity, 2 [Chen-Millero, m/s]
# name 11 = sbeox0ML/L: Oxygen, SBE 43 [ml/l]
# name 12 = dz/dtM: Descent Rate [m/s]
# name 13 = T2-T190C: Temperature Difference, 2 - 1 [ITS-90, deg C]
# name 14 = flag:
# span 0 =      5.000,   2679.000       
# span 1 =    1469.81,    1502.03       
# span 2 =    1469.81,    1502.04       
# span 3 =     17.110,   3228.210       
# span 4 =      5.000,   2679.000       
# span 5 =  1027.0958,  1040.4121       
# span 6 =  1027.0953,  1040.4117       
# span 7 =    34.8505,    34.9335       
# span 8 =    34.8550,    34.9332       
# span 9 =    1469.81,    1502.03       
# span 10 =    1469.81,    1502.04      
# span 11 =    6.00866,    6.92904      
# span 12 =     -0.003,      1.669      
# span 13 =    -0.0535,     0.0812      
# span 14 = 0.0000e+00, 0.0000e+00      
# interval = meters: 1                  
# start_time = Aug 17 2015 23:01:49 [NMEA time, header]
# bad_flag = -9.990e-29
*END*
[from data line 2025]
   2030.000    1496.50    1496.50   2362.724   2030.000  1037.2596  1037.2593    34.9294    34.9291    1496.50    1496.50    6.06829      1.001     0.0006 0.0000e+00
   2031.000    1496.51    1496.51   2363.918   2031.000  1037.2643  1037.2639    34.9294    34.9291    1496.51    1496.51    6.06669      0.783     0.0006 0.0000e+00
   2032.000    1496.53    1496.53   2365.261   2032.000  1037.2689  1037.2687    34.9295    34.9292    1496.53    1496.53    6.06570      0.835     0.0006 0.0000e+00
   2033.000    1496.54    1496.55   2366.350   2033.000  1037.2737  1037.2732    34.9297    34.9292    1496.54    1496.55    6.06384      1.041     0.0006 0.0000e+00
   2034.000    1496.56    1496.56   2367.259   2034.000  1037.2783  1037.2780    34.9297    34.9294    1496.56    1496.56    6.06466      1.143     0.0005 0.0000e+00
   2035.000    1496.58    1496.58   2368.145   2035.000  1037.2828  1037.2825    34.9295    34.9292    1496.58    1496.58    6.06148      1.119     0.0005 0.0000e+00
   2036.000    1496.58    1496.59   2369.104   2036.000  1037.2875  1037.2872    34.9293    34.9292    1496.58    1496.59    6.06254      0.990     0.0005 0.0000e+00
   2037.000    1496.60    1496.60   2370.243   2037.000  1037.2922  1037.2919    34.9294    34.9291    1496.60    1496.60    6.06303      0.815     0.0006 0.0000e+00
   2038.000    1496.62    1496.62   2371.573   2038.000  1037.2969  1037.2964    34.9296    34.9290    1496.62    1496.62    6.06361      0.800     0.0007 0.0000e+00
   2039.000    1496.63    1496.64   2372.720   2039.000  1037.3015  1037.3011    34.9297    34.9293    1496.63    1496.64    6.06422      1.026     0.0006 0.0000e+00
   2040.000    1496.65    1496.65   2373.608   2040.000  1037.3060  1037.3058    34.9297    34.9295    1496.65    1496.65    6.06476      1.226     0.0006 0.0000e+00
   2041.000    1496.67    1496.67   2374.388   2041.000  1037.3107  1037.3103    34.9297    34.9293    1496.67    1496.67    6.06659      1.330     0.0006 0.0000e+00
   2042.000    1496.69    1496.69   2375.141   2042.000  1037.3153  1037.3148    34.9297    34.9293    1496.69    1496.69    6.06643      1.312     0.0005 0.0000e+00
   2043.000    1496.70    1496.70   2375.954   2043.000  1037.3198  1037.3196    34.9295    34.9293    1496.70    1496.70    6.06696      1.165     0.0006 0.0000e+00
   2044.000    1496.71    1496.71   2376.938   2044.000  1037.3245  1037.3242    34.9292    34.9290    1496.71    1496.71    6.06445      0.938     0.0006 0.0000e+00
   2045.000    1496.72    1496.72   2378.166   2045.000  1037.3292  1037.3289    34.9294    34.9290    1496.72    1496.72    6.06470      0.805     0.0006 0.0000e+00
   2046.000    1496.74    1496.74   2379.401   2046.000  1037.3340  1037.3336    34.9296    34.9291    1496.74    1496.74    6.06471      0.898     0.0006 0.0000e+00
   2047.000    1496.75    1496.75   2380.442   2047.000  1037.3386  1037.3383    34.9294    34.9291    1496.75    1496.75    6.06396      1.031     0.0005 0.0000e+00
   2048.000    1496.77    1496.77   2381.389   2048.000  1037.3434  1037.3429    34.9298    34.9292    1496.77    1496.77    6.06243      1.109     0.0005 0.0000e+00
   2049.000    1496.79    1496.80   2382.285   2049.000  1037.3481  1037.3477    34.9304    34.9298    1496.79    1496.80    6.06313      1.139     0.0006 0.0000e+00
   2050.000    1496.82    1496.82   2383.183   2050.000  1037.3529  1037.3524    34.9309    34.9304    1496.82    1496.82    6.06122      1.119     0.0007 0.0000e+00
   2051.000    1496.84    1496.84   2384.119   2051.000  1037.3575  1037.3572    34.9311    34.9308    1496.84    1496.84    6.06219      1.016     0.0006 0.0000e+00
   2052.000    1496.85    1496.86   2385.251   2052.000  1037.3621  1037.3618    34.9310    34.9307    1496.85    1496.86    6.06268      0.796     0.0006 0.0000e+00
   2053.000    1496.87    1496.87   2386.732   2053.000  1037.3666  1037.3662    34.9309    34.9306    1496.87    1496.87    6.06409      0.703     0.0006 0.0000e+00
   2054.000    1496.89    1496.89   2387.997   2054.000  1037.3713  1037.3708    34.9312    34.9308    1496.89    1496.89    6.06329      0.976     0.0007 0.0000e+00
   2055.000    1496.91    1496.91   2388.923   2055.000  1037.3760  1037.3756    34.9312    34.9309    1496.91    1496.91    6.06276      1.210     0.0006 0.0000e+00
   2056.000    1496.92    1496.92   2389.708   2056.000  1037.3805  1037.3802    34.9312    34.9310    1496.92    1496.92    6.06232      1.329     0.0006 0.0000e+00
   2057.000    1496.94    1496.94   2390.452   2057.000  1037.3851  1037.3848    34.9312    34.9309    1496.94    1496.94    6.06128      1.353     0.0006 0.0000e+00
   2058.000    1496.95    1496.96   2391.217   2058.000  1037.3898  1037.3894    34.9312    34.9309    1496.95    1496.96    6.06121      1.267     0.0006 0.0000e+00
   2059.000    1496.97    1496.97   2392.084   2059.000  1037.3944  1037.3940    34.9313    34.9309    1496.97    1496.97    6.06172      1.094     0.0007 0.0000e+00
   2060.000    1496.99    1496.99   2393.127   2060.000  1037.3990  1037.3986    34.9313    34.9309    1496.99    1496.99    6.05877      0.895     0.0007 0.0000e+00
   2061.000    1497.00    1497.00   2394.387   2061.000  1037.4037  1037.4033    34.9313    34.9309    1497.00    1497.00    6.05870      0.795     0.0006 0.0000e+00
   2062.000    1497.02    1497.02   2395.603   2062.000  1037.4082  1037.4080    34.9312    34.9310    1497.02    1497.02    6.05875      0.943     0.0005 0.0000e+00
   2063.000    1497.02    1497.03   2396.581   2063.000  1037.4130  1037.4128    34.9311    34.9310    1497.02    1497.03    6.05866      1.117     0.0005 0.0000e+00
   2064.000    1497.03    1497.03   2397.452   2064.000  1037.4180  1037.4178    34.9310    34.9309    1497.03    1497.03    6.06021      1.137     0.0006 0.0000e+00
   2065.000    1497.04    1497.04   2398.384   2065.000  1037.4229  1037.4226    34.9310    34.9308    1497.04    1497.04    6.06190      1.009     0.0006 0.0000e+00
   2066.000    1497.04    1497.04   2399.541   2066.000  1037.4275  1037.4274    34.9305    34.9304    1497.04    1497.04    6.06290      0.811     0.0006 0.0000e+00
   2067.000    1497.04    1497.05   2400.841   2067.000  1037.4324  1037.4321    34.9304    34.9302    1497.04    1497.04    6.06257      0.864     0.0005 0.0000e+00
   2068.000    1497.07    1497.07   2401.887   2068.000  1037.4374  1037.4368    34.9313    34.9307    1497.07    1497.07    6.06145      1.076     0.0005 0.0000e+00
   2069.000    1497.09    1497.09   2402.772   2069.000  1037.4418  1037.4415    34.9311    34.9308    1497.09    1497.09    6.06087      1.173     0.0004 0.0000e+00
   2070.000    1497.10    1497.10   2403.635   2070.000  1037.4465  1037.4462    34.9310    34.9307    1497.10    1497.10    6.06149      1.137     0.0006 0.0000e+00
   2071.000    1497.11    1497.11   2404.584   2071.000  1037.4512  1037.4508    34.9310    34.9307    1497.11    1497.11    6.06040      1.011     0.0006 0.0000e+00
   2072.000    1497.12    1497.12   2405.660   2072.000  1037.4557  1037.4557    34.9305    34.9305    1497.12    1497.12    6.05932      0.926     0.0006 0.0000e+00
   2073.000    1497.13    1497.13   2406.760   2073.000  1037.4606  1037.4603    34.9306    34.9304    1497.13    1497.13    6.06012      0.988     0.0005 0.0000e+00
   2074.000    1497.14    1497.14   2407.727   2074.000  1037.4652  1037.4648    34.9306    34.9303    1497.14    1497.14    6.06056      1.126     0.0006 0.0000e+00
   2075.000    1497.16    1497.16   2408.581   2075.000  1037.4700  1037.4696    34.9307    34.9303    1497.16    1497.16    6.05833      1.208     0.0006 0.0000e+00
   2076.000    1497.17    1497.17   2409.420   2076.000  1037.4744  1037.4741    34.9304    34.9303    1497.17    1497.17    6.05617      1.163     0.0006 0.0000e+00
   2077.000    1497.19    1497.19   2410.373   2077.000  1037.4790  1037.4788    34.9304    34.9302    1497.19    1497.19    6.05753      0.944     0.0004 0.0000e+00
   2078.000    1497.20    1497.21   2411.737   2078.000  1037.4840  1037.4836    34.9310    34.9307    1497.20    1497.21    6.05689      0.656     0.0006 0.0000e+00
   2079.000    1497.22    1497.22   2413.271   2079.000  1037.4886  1037.4885    34.9310    34.9309    1497.22    1497.22    6.05986      0.826     0.0005 0.0000e+00
   2080.000    1497.23    1497.23   2414.289   2080.000  1037.4937  1037.4934    34.9312    34.9308    1497.23    1497.23    6.06031      1.117     0.0006 0.0000e+00
   2081.000    1497.24    1497.24   2415.127   2081.000  1037.4984  1037.4979    34.9313    34.9309    1497.24    1497.24    6.06078      1.239     0.0006 0.0000e+00
   2082.000    1497.26    1497.26   2415.938   2082.000  1037.5029  1037.5027    34.9311    34.9310    1497.26    1497.26    6.06180      1.210     0.0006 0.0000e+00
   2083.000    1497.27    1497.27   2416.827   2083.000  1037.5076  1037.5073    34.9311    34.9309    1497.27    1497.27    6.06155      1.084     0.0006 0.0000e+00
   2084.000    1497.28    1497.29   2417.850   2084.000  1037.5123  1037.5121    34.9311    34.9309    1497.28    1497.29    6.06185      0.934     0.0006 0.0000e+00
   2085.000    1497.29    1497.30   2419.017   2085.000  1037.5168  1037.5167    34.9309    34.9308    1497.29    1497.30    6.06378      0.860     0.0006 0.0000e+00
   2086.000    1497.30    1497.31   2420.185   2086.000  1037.5217  1037.5214    34.9309    34.9306    1497.30    1497.31    6.06440      0.917     0.0005 0.0000e+00
   2087.000    1497.32    1497.32   2421.240   2087.000  1037.5262  1037.5260    34.9309    34.9306    1497.32    1497.32    6.06395      1.012     0.0005 0.0000e+00
   2088.000    1497.34    1497.34   2422.208   2088.000  1037.5309  1037.5306    34.9309    34.9308    1497.34    1497.34    6.06523      1.080     0.0005 0.0000e+00
   2089.000    1497.36    1497.36   2423.129   2089.000  1037.5358  1037.5352    34.9313    34.9308    1497.36    1497.36    6.06393      1.146     0.0009 0.0000e+00
   2090.000    1497.38    1497.38   2423.990   2090.000  1037.5403  1037.5399    34.9314    34.9311    1497.38    1497.38    6.06551      1.195     0.0005 0.0000e+00
   2091.000    1497.39    1497.39   2424.839   2091.000  1037.5449  1037.5448    34.9313    34.9311    1497.39    1497.39    6.06401      1.168     0.0005 0.0000e+00
   2092.000    1497.39    1497.39   2425.751   2092.000  1037.5497  1037.5496    34.9310    34.9308    1497.39    1497.39    6.06495      1.025     0.0005 0.0000e+00
   2093.000    1497.40    1497.40   2426.961   2093.000  1037.5546  1037.5543    34.9309    34.9306    1497.40    1497.40    6.06477      0.707     0.0005 0.0000e+00
   2094.000    1497.41    1497.41   2428.661   2094.000  1037.5592  1037.5588    34.9309    34.9306    1497.41    1497.41    6.06372      0.681     0.0006 0.0000e+00
   2095.000    1497.43    1497.43   2429.813   2095.000  1037.5640  1037.5636    34.9312    34.9308    1497.43    1497.43    6.06368      1.115     0.0005 0.0000e+00
   2096.000    1497.45    1497.45   2430.607   2096.000  1037.5685  1037.5682    34.9311    34.9308    1497.45    1497.45    6.06404      1.318     0.0005 0.0000e+00
   2097.000    1497.46    1497.46   2431.350   2097.000  1037.5732  1037.5729    34.9312    34.9309    1497.46    1497.46    6.06281      1.337     0.0006 0.0000e+00
   2098.000    1497.47    1497.47   2432.139   2098.000  1037.5780  1037.5776    34.9312    34.9308    1497.47    1497.47    6.06045      1.182     0.0006 0.0000e+00
   2099.000    1497.48    1497.48   2433.148   2099.000  1037.5829  1037.5825    34.9313    34.9310    1497.48    1497.48    6.06102      0.865     0.0006 0.0000e+00
   2100.000    1497.50    1497.50   2434.575   2100.000  1037.5875  1037.5873    34.9312    34.9311    1497.50    1497.50    6.06206      0.723     0.0005 0.0000e+00
   2101.000    1497.51    1497.51   2435.792   2101.000  1037.5925  1037.5923    34.9315    34.9312    1497.51    1497.51    6.06294      1.030     0.0006 0.0000e+00
   2102.000    1497.52    1497.52   2436.656   2102.000  1037.5974  1037.5970    34.9318    34.9315    1497.52    1497.52    6.06410      1.267     0.0006 0.0000e+00
   2103.000    1497.54    1497.54   2437.414   2103.000  1037.6019  1037.6016    34.9319    34.9315    1497.54    1497.54    6.06455      1.345     0.0006 0.0000e+00
   2104.000    1497.56    1497.56   2438.175   2104.000  1037.6068  1037.6062    34.9321    34.9315    1497.56    1497.56    6.06332      1.249     0.0006 0.0000e+00
   2105.000    1497.57    1497.58   2439.088   2105.000  1037.6115  1037.6110    34.9322    34.9318    1497.57    1497.58    6.06344      0.987     0.0007 0.0000e+00
   2106.000    1497.59    1497.60   2440.374   2106.000  1037.6160  1037.6156    34.9323    34.9319    1497.59    1497.60    6.06157      0.704     0.0006 0.0000e+00
   2107.000    1497.61    1497.62   2441.851   2107.000  1037.6205  1037.6201    34.9325    34.9321    1497.61    1497.62    6.06191      0.795     0.0004 0.0000e+00
   2108.000    1497.64    1497.64   2442.965   2108.000  1037.6254  1037.6248    34.9331    34.9325    1497.64    1497.64    6.06083      1.044     0.0007 0.0000e+00
   2109.000    1497.65    1497.66   2443.859   2109.000  1037.6298  1037.6295    34.9328    34.9326    1497.65    1497.66    6.05725      1.182     0.0006 0.0000e+00
   2110.000    1497.67    1497.67   2444.692   2110.000  1037.6346  1037.6343    34.9329    34.9327    1497.66    1497.67    6.05757      1.211     0.0007 0.0000e+00
   2111.000    1497.68    1497.68   2445.552   2111.000  1037.6392  1037.6389    34.9328    34.9326    1497.68    1497.68    6.05510      1.126     0.0005 0.0000e+00
   2112.000    1497.70    1497.70   2446.526   2112.000  1037.6439  1037.6436    34.9331    34.9326    1497.70    1497.70    6.05434      0.987     0.0006 0.0000e+00
   2113.000    1497.71    1497.72   2447.632   2113.000  1037.6487  1037.6483    34.9333    34.9329    1497.71    1497.72    6.05494      0.914     0.0006 0.0000e+00
   2114.000    1497.73    1497.73   2448.730   2114.000  1037.6533  1037.6530    34.9333    34.9329    1497.73    1497.73    6.05517      0.966     0.0007 0.0000e+00
   2115.000    1497.74    1497.74   2449.743   2115.000  1037.6580  1037.6577    34.9332    34.9330    1497.74    1497.74    6.05564      1.012     0.0006 0.0000e+00
   2116.000    1497.75    1497.75   2450.761   2116.000  1037.6626  1037.6622    34.9329    34.9326    1497.75    1497.75    6.05412      0.982     0.0007 0.0000e+00
   2117.000    1497.76    1497.77   2451.820   2117.000  1037.6674  1037.6669    34.9330    34.9326    1497.76    1497.77    6.05418      0.972     0.0005 0.0000e+00
   2118.000    1497.78    1497.78   2452.844   2118.000  1037.6718  1037.6715    34.9328    34.9325    1497.78    1497.78    6.05358      0.998     0.0007 0.0000e+00
   2119.000    1497.79    1497.80   2453.873   2119.000  1037.6765  1037.6760    34.9328    34.9324    1497.79    1497.80    6.05430      0.972     0.0006 0.0000e+00
   2120.000    1497.81    1497.81   2454.969   2120.000  1037.6810  1037.6808    34.9328    34.9325    1497.81    1497.81    6.05621      0.892     0.0006 0.0000e+00
   2121.000    1497.82    1497.82   2456.147   2121.000  1037.6859  1037.6855    34.9328    34.9325    1497.82    1497.82    6.05688      0.893     0.0005 0.0000e+00
   2122.000    1497.83    1497.83   2457.220   2122.000  1037.6907  1037.6904    34.9329    34.9326    1497.83    1497.83    6.05801      1.027     0.0007 0.0000e+00
   2123.000    1497.85    1497.85   2458.143   2123.000  1037.6954  1037.6949    34.9330    34.9325    1497.85    1497.85    6.05868      1.156     0.0006 0.0000e+00
   2124.000    1497.86    1497.86   2458.994   2124.000  1037.6998  1037.6996    34.9328    34.9325    1497.86    1497.86    6.05873      1.198     0.0006 0.0000e+00
