Ship_data/Irminger/Irminger-2/ctd/process/at30_004.ros
* Sea-Bird SBE 9 Data File:
* FileName = C:\data\ctd\at30_004.hdr
* Software Version Seasave V 7.21f
* Temperature SN = 2265
* Conductivity SN = 3021
* Number of Bytes Per Scan = 40
* Number of Voltage Words = 5
* Number of Scans Averaged by the Deck Unit = 1
* NMEA Latitude = 59 57.06 N
* NMEA Longitude = 039 25.14 W
* NMEA UTC (Time) = Aug 14 2015  14:16:48
# nquan = 27
# nvalues = 539                                   
# units = specified
# name 0 = timeS: Time, Elapsed [seconds]
# name 1 = longitude: Longitude [deg]
# name 2 = latitude: Latitude [deg]
# name 3 = depSM: Depth [salt water, m]
# name 4 = prDM: Pressure, Digiquartz [db]
# name 5 = t090C: Temperature [ITS-90, deg C]
# name 6 = t190C: Temperature, 2 [ITS-90, deg C]
# name 7 = c0S/m: Conductivity [S/m]
# name 8 = c1S/m: Conductivity, 2 [S/m]
# name 9 = CStarTr0: Beam Transmission, WET Labs C-Star [%]
# name 10 = flECO-AFL: Fluorescence, WET Labs ECO-AFL/FL [mg/m^3]
# name 11 = sbeox0V: Oxygen raw, SBE 43 [V]
# name 12 = altM: Altimeter [m]
# name 13 = nbf: Bottles Fired
# name 14 = density00: Density [density, Kg/m^3]
# name 15 = density11: Density, 2 [density, Kg/m^3]
# name 16 = sal00: Salinity, Practical [PSU]
# name 17 = sal11: Salinity, Practical, 2 [PSU]
# name 18 = svCM: Sound Velocity [Chen-Millero, m/s]
# name 19 = svCM1: Sound Velocity, 2 [Chen-Millero, m/s]
# name 20 = timeS: Time, Elapsed [seconds]
# name 21 = sbeox0ML/L: Oxygen, SBE 43 [ml/l]
# name 22 = sbeox0PS: Oxygen, SBE 43 [% saturation]
# name 23 = dz/dtM: Descent Rate [m/s]
# name 24 = T2-T190C: Temperature Difference, 2 - 1 [ITS-90, deg C]
# name 25 = scan: Scan Count
# name 26 = flag:  0.000e+00
# interval = seconds: 0.0416667
# start_time = Aug 14 2015 14:16:48 [NMEA time, header]
# bad_flag = -9.990e-29
*END*
[from data line 323]
   7469.875  -39.41582   59.94834     80.939     81.725     4.5357     4.5352   3.297839   3.297808    96.7383    -0.0219     2.3313      98.78          7  1028.0189  1028.0192    34.8885    34.8887    1470.03    1470.03   7469.875    6.62807   92.60602     -0.632    -0.0005     179278  0.000e+00
   7469.917  -39.41582   59.94834     80.931     81.717     4.5356     4.5360   3.297857   3.297808    96.7645    -0.0292     2.3313      98.75          7  1028.0192  1028.0183    34.8889    34.8878    1470.03    1470.03   7469.917    6.62808   92.60595     -0.629     0.0005     179279  0.000e+00
   7469.958  -39.41582   59.94834     80.939     81.725     4.5356     4.5365   3.297875   3.297894    96.7645    -0.0219     2.3313      98.78          7  1028.0194  1028.0187    34.8890    34.8884    1470.03    1470.04   7469.958    6.62807   92.60603     -0.622     0.0009     179280  0.000e+00
   7470.000  -39.41582   59.94834     80.875     81.660     4.5361     4.5377   3.297899   3.297986    96.7906    -0.0219     2.3313      98.78          7  1028.0189  1028.0181    34.8889    34.8881    1470.03    1470.04   7470.000    6.62794   92.60513     -0.621     0.0017     179281  0.000e+00
   7470.042  -39.41582   59.94834     80.875     81.660     4.5361     4.5397   3.297912   3.298078    96.7645    -0.0219     2.3313      98.78          7  1028.0190  1028.0171    34.8890    34.8872    1470.03    1470.05   7470.042    6.62792   92.60511     -0.616     0.0036     179282  0.000e+00
   7470.083  -39.41582   59.94834     80.939     81.725     4.5364     4.5421   3.297906   3.298141    96.7645    -0.0219     2.3313      98.75          7  1028.0189  1028.0157    34.8886    34.8853    1470.04    1470.05   7470.083    6.62795   92.60581     -0.604     0.0057     179283  0.000e+00
   7470.125  -39.41582   59.94834     80.875     81.660     4.5362     4.5434   3.297893   3.298319    96.7383    -0.0219     2.3313      98.78          7  1028.0187  1028.0159    34.8887    34.8861    1470.03    1470.06   7470.125    6.62792   92.60506     -0.594     0.0072     179284  0.000e+00
   7470.167  -39.41582   59.94834     80.818     81.603     4.5361     4.5439   3.297881   3.298405    96.7383    -0.0219     2.3313      98.78          7  1028.0184  1028.0160    34.8887    34.8866    1470.03    1470.06   7470.167    6.62789   92.60439     -0.591     0.0077     179285  0.000e+00
   7470.208  -39.41582   59.94834     80.875     81.660     4.5356     4.5424   3.297839   3.298497    96.7645    -0.0219     2.3313      98.75          7  1028.0188  1028.0185    34.8887    34.8892    1470.03    1470.06   7470.208    6.62803   92.60519     -0.579     0.0068     179286  0.000e+00
   7470.250  -39.41582   59.94834     80.875     81.660     4.5339     4.5405   3.297664   3.298446    96.7645    -0.0219     2.3337      98.78          7  1028.0188  1028.0198    34.8885    34.8906    1470.02    1470.05   7470.250    6.63730   92.73078     -0.567     0.0067     179287  0.000e+00
   7470.292  -39.41582   59.94834     80.875     81.660     4.5314     4.5373   3.297452   3.298285    96.7645    -0.0219     2.3313      98.78          7  1028.0192  1028.0214    34.8885    34.8921    1470.01    1470.04   7470.292    6.62876   92.60615     -0.552     0.0059     179288  0.000e+00
   7470.333  -39.41582   59.94834     80.875     81.660     4.5297     4.5352   3.297379   3.298015    96.7645    -0.0219     2.3313      98.78          7  1028.0201  1028.0208    34.8895    34.8912    1470.01    1470.03   7470.333    6.62902   92.60655     -0.539     0.0055     179289  0.000e+00
   7470.375  -39.41582   59.94834     80.875     81.660     4.5289     4.5339   3.297331   3.297866    96.7645    -0.0219     2.3313      98.78          7  1028.0205  1028.0206    34.8898    34.8908    1470.00    1470.03   7470.375    6.62915   92.60673     -0.527     0.0051     179290  0.000e+00
   7470.417  -39.41582   59.94834     80.818     81.603     4.5289     4.5335   3.297313   3.297779    96.7645    -0.0219     2.3313      98.75          7  1028.0200  1028.0200    34.8896    34.8903    1470.00    1470.02   7470.417    6.62911   92.60604     -0.512     0.0046     179291  0.000e+00
   7470.458  -39.41582   59.94834     80.875     81.660     4.5287     4.5331   3.297313   3.297716    96.7645    -0.0219     2.3313      98.78          7  1028.0204  1028.0200    34.8898    34.8899    1470.00    1470.02   7470.458    6.62918   92.60675     -0.499     0.0044     179292  0.000e+00
   7470.500  -39.41582   59.94834     80.875     81.660     4.5287     4.5326   3.297295   3.297688    96.7645    -0.0219     2.3313      98.78          7  1028.0203  1028.0202    34.8896    34.8900    1470.00    1470.02   7470.500    6.62919   92.60674     -0.479     0.0039     179293  0.000e+00
   7470.542  -39.41582   59.94834     80.875     81.660     4.5289     4.5320   3.297301   3.297688    96.7383    -0.0219     2.3325      98.78          7  1028.0202  1028.0208    34.8895    34.8907    1470.00    1470.02   7470.542    6.63365   92.66929     -0.465     0.0031     179294  0.000e+00
   7470.583  -39.41582   59.94834     80.875     81.660     4.5290     4.5321   3.297331   3.297630    96.7645    -0.0292     2.3313      98.75          7  1028.0203  1028.0201    34.8896    34.8899    1470.01    1470.02   7470.583    6.62913   92.60663     -0.444     0.0031     179295  0.000e+00
   7470.625  -39.41582   59.94834     80.875     81.660     4.5295     4.5321   3.297385   3.297596    96.7383    -0.0219     2.3313      98.75          7  1028.0203  1028.0198    34.8898    34.8895    1470.01    1470.02   7470.625    6.62903   92.60651     -0.426     0.0026     179296  0.000e+00
   7470.667  -39.41582   59.94834     80.939     81.725     4.5295     4.5326   3.297422   3.297624    96.6860    -0.0219     2.3325      98.75          7  1028.0209  1028.0199    34.8901    34.8893    1470.01    1470.02   7470.667    6.63355   92.66987     -0.401     0.0031     179297  0.000e+00
   7655.083  -39.41582   59.94836     40.336     40.724     7.5610     7.5733   3.569766   3.570700    93.7561    -0.0219     2.5233      74.14          8  1027.4186  1027.4151    34.8645    34.8624    1481.31    1481.36   7655.083    6.75788  101.29769     -0.283     0.0122     183723  0.000e+00
   7655.125  -39.41582   59.94836     40.304     40.691     7.5614     7.5735   3.569797   3.570718    93.8084    -0.0219     2.5233      74.09          8  1027.4184  1027.4149    34.8646    34.8624    1481.31    1481.36   7655.125    6.75780  101.29721     -0.289     0.0121     183724  0.000e+00
   7655.167  -39.41582   59.94836     40.280     40.667     7.5623     7.5736   3.569841   3.570729    93.8084    -0.0219     2.5245      74.09          8  1027.4178  1027.4148    34.8641    34.8624    1481.31    1481.36   7655.167    6.76177  101.35863     -0.297     0.0113     183725  0.000e+00
   7655.208  -39.41582   59.94836     40.280     40.667     7.5633     7.5743   3.569915   3.570765    93.8346    -0.0292     2.5233      74.07          8  1027.4175  1027.4145    34.8639    34.8621    1481.32    1481.36   7655.208    6.75749  101.29659     -0.301     0.0110     183726  0.000e+00
   7655.250  -39.41582   59.94836     40.248     40.635     7.5638     7.5749   3.569947   3.570812    93.8608    -0.0219     2.5233      74.09          8  1027.4172  1027.4142    34.8638    34.8620    1481.32    1481.36   7655.250    6.75738  101.29609     -0.308     0.0111     183727  0.000e+00
   7655.292  -39.41582   59.94836     40.280     40.667     7.5623     7.5754   3.569859   3.570824    93.8608    -0.0219     2.5233      74.07          8  1027.4179  1027.4139    34.8643    34.8617    1481.31    1481.36   7655.292    6.75763  101.29671     -0.311     0.0131     183728  0.000e+00
   7655.333  -39.41582   59.94836     40.224     40.610     7.5599     7.5750   3.569628   3.570889    93.8346    -0.0292     2.5233      74.09          8  1027.4180  1027.4147    34.8643    34.8628    1481.30    1481.36   7655.333    6.75798  101.29631     -0.314     0.0151     183729  0.000e+00
   7655.375  -39.41582   59.94836     40.248     40.635     7.5589     7.5752   3.569522   3.570913    93.7561    -0.0219     2.5233      74.09          8  1027.4181  1027.4147    34.8641    34.8628    1481.30    1481.36   7655.375    6.75816  101.29676     -0.320     0.0163     183730  0.000e+00
   7655.417  -39.41582   59.94836     40.224     40.610     7.5588     7.5754   3.569504   3.570925    93.7823    -0.0219     2.5233      74.09          8  1027.4180  1027.4146    34.8640    34.8628    1481.30    1481.36   7655.417    6.75817  101.29645     -0.322     0.0166     183731  0.000e+00
   7655.458  -39.41582   59.94836     40.159     40.545     7.5588     7.5757   3.569497   3.570877    93.8346    -0.0219     2.5233      74.09          8  1027.4177  1027.4136    34.8640    34.8619    1481.30    1481.36   7655.458    6.75811  101.29560     -0.328     0.0170     183732  0.000e+00
   7655.500  -39.41582   59.94836     40.184     40.570     7.5581     7.5755   3.569404   3.570925    93.8346    -0.0219     2.5220      85.05          8  1027.4176  1027.4142    34.8637    34.8626    1481.30    1481.36   7655.500    6.75413  101.23412     -0.332     0.0175     183733  0.000e+00
   7655.542  -39.41582   59.94836     40.103     40.489     7.5576     7.5756   3.569354   3.570925    93.8608    -0.0219     2.5220      97.05          8  1027.4173  1027.4139    34.8636    34.8626    1481.29    1481.36   7655.542    6.75414  101.23313     -0.337     0.0180     183734  0.000e+00
   7655.583  -39.41582   59.94836     40.159     40.546     7.5578     7.5760   3.569360   3.570943    93.8869    -0.0219     2.5233      99.76          8  1027.4174  1027.4138    34.8635    34.8624    1481.29    1481.36   7655.583    6.75829  101.29571     -0.341     0.0183     183735  0.000e+00
   7655.625  -39.41582   59.94836     40.127     40.513     7.5582     7.5760   3.569466   3.570925    93.8869    -0.0219     2.5208      99.39          8  1027.4177  1027.4135    34.8642    34.8622    1481.30    1481.36   7655.625    6.74990  101.17145     -0.344     0.0178     183736  0.000e+00
   7655.667  -39.41582   59.94836     40.103     40.489     7.5589     7.5764   3.569522   3.570984    93.8869    -0.0219     2.5233      98.85          8  1027.4175  1027.4136    34.8641    34.8625    1481.30    1481.36   7655.667    6.75803  101.29478     -0.350     0.0175     183737  0.000e+00
   7655.708  -39.41582   59.94836     40.103     40.489     7.5602     7.5765   3.569653   3.570972    93.8869    -0.0219     2.5233      98.71          8  1027.4174  1027.4134    34.8643    34.8622    1481.30    1481.36   7655.708    6.75781  101.29459     -0.350     0.0163     183738  0.000e+00
   7655.750  -39.41582   59.94836     40.071     40.456     7.5617     7.5764   3.569784   3.570925    93.9131    -0.0219     2.5233      98.73          8  1027.4170  1027.4130    34.8642    34.8619    1481.31    1481.36   7655.750    6.75755  101.29395     -0.354     0.0147     183739  0.000e+00
   7655.792  -39.41582   59.94836     40.103     40.489     7.5627     7.5765   3.569840   3.571008    93.9131    -0.0219     2.5233      98.75          8  1027.4167  1027.4137    34.8638    34.8626    1481.31    1481.36   7655.792    6.75743  101.29421     -0.355     0.0139     183740  0.000e+00
   7655.833  -39.41582   59.94836     40.047     40.432     7.5628     7.5765   3.569853   3.570925    93.9131    -0.0219     2.5220      98.78          8  1027.4164  1027.4127    34.8638    34.8617    1481.31    1481.36   7655.833    6.75322  101.23156     -0.356     0.0137     183741  0.000e+00
   7655.875  -39.41582   59.94836     40.047     40.432     7.5618     7.5769   3.569778   3.570984    93.9392    -0.0219     2.5220      98.78          8  1027.4167  1027.4129    34.8640    34.8620    1481.31    1481.36   7655.875    6.75338  101.23170     -0.357     0.0151     183742  0.000e+00
   7655.917  -39.41582   59.94836     40.007     40.391     7.5622     7.5768   3.569803   3.571008    93.9131    -0.0219     2.5220      98.75          8  1027.4165  1027.4130    34.8640    34.8623    1481.31    1481.36   7655.917    6.75329  101.23111     -0.363     0.0147     183743  0.000e+00
   7655.958  -39.41582   59.94836     40.047     40.432     7.5622     7.5765   3.569822   3.571019    93.8869    -0.0219     2.5233      98.78          8  1027.4167  1027.4135    34.8641    34.8627    1481.31    1481.36   7655.958    6.75744  101.29350     -0.359     0.0143     183744  0.000e+00
   7656.000  -39.41582   59.94836     39.983     40.367     7.5623     7.5762   3.569815   3.570925    93.8346    -0.0219     2.5220      98.75          8  1027.4163  1027.4127    34.8640    34.8620    1481.31    1481.36   7656.000    6.75324  101.23075     -0.362     0.0139     183745  0.000e+00
   7656.042  -39.41582   59.94836     39.951     40.335     7.5627     7.5757   3.569840   3.570848    93.8346    -0.0292     2.5220      98.78          8  1027.4160  1027.4125    34.8639    34.8618    1481.31    1481.36   7656.042    6.75316  101.23027     -0.366     0.0130     183746  0.000e+00
   7656.083  -39.41582   59.94836     39.983     40.367     7.5628     7.5754   3.569828   3.570860    93.8608    -0.0219     2.5233      98.75          8  1027.4159  1027.4129    34.8636    34.8621    1481.31    1481.36   7656.083    6.75730  101.29254     -0.368     0.0126     183747  0.000e+00
   7656.125  -39.41582   59.94836     39.927     40.310     7.5642     7.5743   3.569934   3.570848    93.8608    -0.0219     2.5220      98.78          8  1027.4154  1027.4137    34.8635    34.8632    1481.32    1481.35   7656.125    6.75292  101.22972     -0.369     0.0101     183748  0.000e+00
   7656.167  -39.41582   59.94836     40.007     40.392     7.5656     7.5741   3.570071   3.570794    93.8869    -0.0219     2.5220      98.78          8  1027.4155  1027.4137    34.8635    34.8628    1481.32    1481.35   7656.167    6.75275  101.23056     -0.364     0.0085     183749  0.000e+00
   7656.208  -39.41582   59.94836     39.927     40.310     7.5654     7.5741   3.570090   3.570765    93.8869    -0.0219     2.5220      98.75          8  1027.4155  1027.4132    34.8639    34.8625    1481.32    1481.35   7656.208    6.75269  101.22952     -0.368     0.0087     183750  0.000e+00
   7656.250  -39.41582   59.94836     39.927     40.310     7.5651     7.5746   3.570052   3.570753    93.8869    -0.0219     2.5220      98.75          8  1027.4155  1027.4126    34.8638    34.8619    1481.32    1481.35   7656.250    6.75274  101.22955     -0.364     0.0094     183751  0.000e+00
   7656.292  -39.41582   59.94836     39.895     40.278     7.5655     7.5754   3.570065   3.570794    93.8869    -0.0219     2.5220      98.78          8  1027.4151  1027.4121    34.8636    34.8615    1481.32    1481.35   7656.292    6.75267  101.22907     -0.364     0.0099     183752  0.000e+00
   7656.333  -39.41582   59.94836     39.870     40.254     7.5653     7.5757   3.570096   3.570877    93.8608    -0.0219     2.5220      98.78          8  1027.4155  1027.4123    34.8641    34.8621    1481.32    1481.36   7656.333    6.75265  101.22877     -0.365     0.0105     183753  0.000e+00
   7656.375  -39.41582   59.94836     39.927     40.311     7.5659     7.5762   3.570152   3.570984    93.8608    -0.0219     2.5220      98.78          8  1027.4156  1027.4131    34.8641    34.8628    1481.32    1481.36   7656.375    6.75260  101.22941     -0.363     0.0103     183754  0.000e+00
