Ship_data/Irminger/Irminger-2/ctd/process/at30_007.ros
* Sea-Bird SBE 9 Data File:
* FileName = C:\data\ctd\at30_007.hdr
* Software Version Seasave V 7.21f
* Temperature SN = 2265
* Conductivity SN = 3021
* Number of Bytes Per Scan = 40
* Number of Voltage Words = 5
* Number of Scans Averaged by the Deck Unit = 1
* NMEA Latitude = 59 46.29 N
* NMEA Longitude = 039 52.92 W
* NMEA UTC (Time) = Aug 17 2015  23:01:49
** Site of FLMA 2015 -- need to confirm bottom depth
# nquan = 27
# nvalues = 1176                                  
# units = specified
# name 0 = timeS: Time, Elapsed [seconds]
# name 1 = longitude: Longitude [deg]
# name 2 = latitude: Latitude [deg]
# name 3 = depSM: Depth [salt water, m]
# name 4 = prDM: Pressure, Digiquartz [db]
# name 5 = t090C: Temperature [ITS-90, deg C]
# name 6 = t190C: Temperature, 2 [ITS-90, deg C]
# name 7 = c0S/m: Conductivity [S/m]
# name 8 = c1S/m: Conductivity, 2 [S/m]
# name 9 = CStarTr0: Beam Transmission, WET Labs C-Star [%]
# name 10 = flECO-AFL: Fluorescence, WET Labs ECO-AFL/FL [mg/m^3]
# name 11 = sbeox0V: Oxygen raw, SBE 43 [V]
# name 12 = altM: Altimeter [m]
# name 13 = nbf: Bottles Fired
# name 14 = density00: Density [density, Kg/m^3]
# name 15 = density11: Density, 2 [density, Kg/m^3]
# name 16 = sal00: Salinity, Practical [PSU]
# name 17 = sal11: Salinity, Practical, 2 [PSU]
# name 18 = svCM: Sound Velocity [Chen-Millero, m/s]
# name 19 = svCM1: Sound Velocity, 2 [Chen-Millero, m/s]
# name 20 = timeS: Time, Elapsed [seconds]
# name 21 = sbeox0ML/L: Oxygen, SBE 43 [ml/l]
# name 22 = sbeox0PS: Oxygen, SBE 43 [% saturation]
# name 23 = dz/dtM: Descent Rate [m/s]
# name 24 = T2-T190C: Temperature Difference, 2 - 1 [ITS-90, deg C]
# name 25 = scan: Scan Count
# name 26 = flag:  0.000e+00
# interval = seconds: 0.0416667
# start_time = Aug 17 2015 23:01:49 [NMEA time, header]
# bad_flag = -9.990e-29
*END*
[from data line 967]
   5720.583  -39.88166   59.77140    331.450    334.870     3.7651     3.7646   3.241261   3.241253    97.6539    -0.0219     2.2331      98.75         20  1029.2866  1029.2870    34.8997    34.9001    1471.00    1470.99   5720.583    6.61257   90.69482     -0.700    -0.0005     137295  0.000e+00
   5720.625  -39.88166   59.77140    331.450    334.870     3.7650     3.7647   3.241285   3.241265    97.6800    -0.0292     2.2355      98.78         20  1029.2869  1029.2870    34.9001    34.9002    1471.00    1471.00   5720.625    6.62204   90.82472     -0.699    -0.0003     137296  0.000e+00
   5720.667  -39.88166   59.77140    331.378    334.797     3.7651     3.7649   3.241279   3.241293    97.6800    -0.0219     2.2355      98.78         20  1029.2864  1029.2867    34.9000    34.9003    1471.00    1470.99   5720.667    6.62197   90.82381     -0.702    -0.0002     137297  0.000e+00
   5720.708  -39.88166   59.77140    331.329    334.748     3.7651     3.7647   3.241267   3.241265    97.6539    -0.0219     2.2355      98.78         20  1029.2861  1029.2865    34.8998    34.9002    1470.99    1470.99   5720.708    6.62192   90.82320     -0.705    -0.0004     137298  0.000e+00
   5720.750  -39.88166   59.77140    331.329    334.748     3.7653     3.7649   3.241291   3.241293    97.6800    -0.0219     2.2355      98.78         20  1029.2862  1029.2865    34.9000    34.9003    1471.00    1470.99   5720.750    6.62189   90.82315     -0.708    -0.0003     137299  0.000e+00
   5720.792  -39.88166   59.77140    331.208    334.625     3.7652     3.7649   3.241303   3.241322    97.6800    -0.0219     2.2355      98.78         20  1029.2858  1029.2863    34.9002    34.9008    1470.99    1470.99   5720.792    6.62178   90.82170     -0.714    -0.0003     137300  0.000e+00
   5720.833  -39.88166   59.77140    331.257    334.674     3.7651     3.7648   3.241285   3.241265    97.6800    -0.0219     2.2355      98.75         20  1029.2859  1029.2861    34.9000    34.9002    1470.99    1470.99   5720.833    6.62184   90.82228     -0.717    -0.0004     137301  0.000e+00
   5720.875  -39.88166   59.77140    331.208    334.626     3.7651     3.7649   3.241273   3.241253    97.6800    -0.0219     2.2355      98.78         20  1029.2856  1029.2857    34.8999    34.9000    1470.99    1470.99   5720.875    6.62180   90.82168     -0.719    -0.0003     137302  0.000e+00
   5720.917  -39.88166   59.77140    331.152    334.568     3.7652     3.7649   3.241267   3.241264    97.7062    -0.0292     2.2367      98.78         20  1029.2853  1029.2855    34.8998    34.9001    1470.99    1470.99   5720.917    6.62648   90.88591     -0.722    -0.0003     137303  0.000e+00
   5720.958  -39.88166   59.77140    331.088    334.503     3.7651     3.7649   3.241255   3.241264    97.7062    -0.0219     2.2367      98.78         20  1029.2849  1029.2852    34.8998    34.9001    1470.99    1470.99   5720.958    6.62644   90.88514     -0.732    -0.0002     137304  0.000e+00
   5721.000  -39.88166   59.77140    331.152    334.569     3.7650     3.7647   3.241261   3.241293    97.7062    -0.0292     2.2355      98.78         20  1029.2854  1029.2860    34.9000    34.9007    1470.99    1470.99   5721.000    6.62178   90.82100     -0.734    -0.0003     137305  0.000e+00
   5721.042  -39.88166   59.77140    331.023    334.438     3.7648     3.7648   3.241273   3.241264    97.7062    -0.0219     2.2355      98.78         20  1029.2852  1029.2851    34.9004    34.9003    1470.99    1470.99   5721.042    6.62168   90.81950     -0.740     0.0000     137306  0.000e+00
   5721.083  -39.88166   59.77140    330.975    334.389     3.7651     3.7649   3.241231   3.241264    97.7062    -0.0219     2.2355      98.78         20  1029.2842  1029.2848    34.8995    34.9002    1470.99    1470.99   5721.083    6.62161   90.81880     -0.749    -0.0003     137307  0.000e+00
   5734.292  -39.88166   59.77140    317.778    321.046     3.7760     3.7745   3.241671   3.241557    97.6800    -0.0219     2.2379      98.78         21  1029.2219  1029.2222    34.9004    34.9006    1470.82    1470.81   5734.292    6.61717   90.78235     -0.846    -0.0015     137624  0.000e+00
   5734.333  -39.88166   59.77140    317.778    321.046     3.7758     3.7746   3.241653   3.241557    97.6800    -0.0219     2.2379      98.78         21  1029.2219  1029.2222    34.9004    34.9006    1470.82    1470.81   5734.333    6.61720   90.78238     -0.839    -0.0012     137625  0.000e+00
   5734.375  -39.88166   59.77140    317.721    320.989     3.7760     3.7746   3.241671   3.241557    97.6800    -0.0219     2.2379      98.78         21  1029.2217  1029.2220    34.9005    34.9006    1470.81    1470.81   5734.375    6.61711   90.78164     -0.834    -0.0014     137626  0.000e+00
   5734.417  -39.88166   59.77140    317.721    320.989     3.7760     3.7749   3.241701   3.241585    97.6800    -0.0219     2.2379      98.78         21  1029.2220  1029.2220    34.9008    34.9007    1470.82    1470.81   5734.417    6.61710   90.78163     -0.826    -0.0011     137627  0.000e+00
   5734.458  -39.88166   59.77140    317.657    320.924     3.7763     3.7746   3.241707   3.241574    97.7062    -0.0292     2.2379      98.78         21  1029.2215  1029.2218    34.9006    34.9008    1470.82    1470.81   5734.458    6.61699   90.78075     -0.821    -0.0017     137628  0.000e+00
   5734.500  -39.88166   59.77140    317.600    320.867     3.7761     3.7747   3.241707   3.241557    97.7062    -0.0219     2.2379      98.78         21  1029.2214  1029.2213    34.9008    34.9005    1470.81    1470.81   5734.500    6.61697   90.78012     -0.815    -0.0014     137629  0.000e+00
   5734.542  -39.88166   59.77140    317.600    320.867     3.7761     3.7748   3.241707   3.241585    97.7062    -0.0219     2.2379      98.78         21  1029.2214  1029.2216    34.9008    34.9008    1470.81    1470.81   5734.542    6.61697   90.78010     -0.812    -0.0014     137630  0.000e+00
   5734.583  -39.88166   59.77140    317.601    320.867     3.7763     3.7748   3.241689   3.241557    97.7062    -0.0292     2.2379      98.78         21  1029.2210  1029.2213    34.9004    34.9005    1470.81    1470.81   5734.583    6.61695   90.78002     -0.802    -0.0016     137631  0.000e+00
   5734.625  -39.88166   59.77140    317.536    320.801     3.7763     3.7745   3.241701   3.241614    97.7062    -0.0219     2.2366      98.78         21  1029.2209  1029.2218    34.9006    34.9014    1470.81    1470.81   5734.625    6.61216   90.71443     -0.798    -0.0017     137632  0.000e+00
   5734.667  -39.88166   59.77140    317.536    320.801     3.7763     3.7746   3.241689   3.241585    97.7062    -0.0219     2.2379      98.78         21  1029.2208  1029.2214    34.9004    34.9010    1470.81    1470.81   5734.667    6.61689   90.77922     -0.791    -0.0017     137633  0.000e+00
   5734.708  -39.88166   59.77140    317.480    320.744     3.7761     3.7749   3.241701   3.241574    97.7062    -0.0219     2.2379      98.78         21  1029.2209  1029.2208    34.9008    34.9007    1470.81    1470.81   5734.708    6.61686   90.77858     -0.787    -0.0012     137634  0.000e+00
   5734.750  -39.88166   59.77140    317.423    320.687     3.7760     3.7749   3.241689   3.241557    97.6800    -0.0292     2.2379      98.78         21  1029.2206  1029.2204    34.9008    34.9004    1470.81    1470.81   5734.750    6.61683   90.77792     -0.785    -0.0011     137635  0.000e+00
   5734.792  -39.88166   59.77140    317.480    320.744     3.7762     3.7750   3.241683   3.241585    97.6800    -0.0219     2.2379      98.78         21  1029.2206  1029.2208    34.9006    34.9006    1470.81    1470.81   5734.792    6.61686   90.77853     -0.773    -0.0011     137636  0.000e+00
   5734.833  -39.88166   59.77140    317.359    320.622     3.7760     3.7749   3.241665   3.241614    97.6539    -0.0219     2.2379      98.78         21  1029.2201  1029.2207    34.9006    34.9011    1470.81    1470.81   5734.833    6.61678   90.77712     -0.772    -0.0011     137637  0.000e+00
   5734.875  -39.88166   59.77140    317.359    320.622     3.7762     3.7749   3.241653   3.241585    97.6539    -0.0219     2.2379      98.78         21  1029.2198  1029.2204    34.9003    34.9008    1470.81    1470.80   5734.875    6.61676   90.77706     -0.770    -0.0013     137638  0.000e+00
   5734.917  -39.88166   59.77140    317.359    320.622     3.7761     3.7750   3.241689   3.241614    97.6539    -0.0219     2.2391      98.78         21  1029.2202  1029.2206    34.9008    34.9010    1470.81    1470.81   5734.917    6.62147   90.84187     -0.764    -0.0011     137639  0.000e+00
   5734.958  -39.88166   59.77140    317.302    320.565     3.7761     3.7751   3.241689   3.241585    97.6539    -0.0219     2.2379      98.78         21  1029.2200  1029.2200    34.9008    34.9007    1470.81    1470.80   5734.958    6.61670   90.77636     -0.762    -0.0010     137640  0.000e+00
   5735.000  -39.88166   59.77140    317.303    320.565     3.7760     3.7752   3.241659   3.241602    97.6800    -0.0219     2.2379      98.78         21  1029.2198  1029.2201    34.9006    34.9007    1470.81    1470.80   5735.000    6.61673   90.77637     -0.755    -0.0008     137641  0.000e+00
   5735.042  -39.88166   59.77140    317.246    320.508     3.7761     3.7754   3.241653   3.241585    97.6800    -0.0219     2.2379      98.78         21  1029.2194  1029.2194    34.9004    34.9003    1470.81    1470.80   5735.042    6.61666   90.77565     -0.752    -0.0007     137642  0.000e+00
   5735.083  -39.88166   59.77140    317.246    320.508     3.7760     3.7752   3.241671   3.241648    97.6800    -0.0219     2.2366      98.78         21  1029.2197  1029.2202    34.9007    34.9013    1470.81    1470.80   5735.083    6.61194   90.71085     -0.745    -0.0008     137643  0.000e+00
   5735.125  -39.88166   59.77140    317.182    320.443     3.7760     3.7752   3.241683   3.241585    97.6800    -0.0219     2.2379      98.78         21  1029.2195  1029.2193    34.9009    34.9006    1470.81    1470.80   5735.125    6.61660   90.77488     -0.745    -0.0008     137644  0.000e+00
   5735.167  -39.88166   59.77140    317.125    320.386     3.7761     3.7752   3.241683   3.241614    97.6800    -0.0219     2.2379      98.78         21  1029.2192  1029.2194    34.9008    34.9009    1470.81    1470.80   5735.167    6.61654   90.77416     -0.742    -0.0009     137645  0.000e+00
   5735.208  -39.88166   59.77140    317.125    320.386     3.7760     3.7750   3.241659   3.241585    97.6800    -0.0219     2.2379      98.78         21  1029.2191  1029.2193    34.9007    34.9008    1470.81    1470.80   5735.208    6.61656   90.77417     -0.742    -0.0010     137646  0.000e+00
   5735.250  -39.88166   59.77140    317.125    320.386     3.7763     3.7749   3.241671   3.241631    97.6800    -0.0219     2.2366      98.78         21  1029.2189  1029.2198    34.9005    34.9015    1470.81    1470.80   5735.250    6.61179   90.70926     -0.734    -0.0014     137647  0.000e+00
   5735.292  -39.88166   59.77140    317.061    320.321     3.7763     3.7750   3.241683   3.241614    97.6800    -0.0219     2.2366      98.78         21  1029.2187  1029.2193    34.9007    34.9012    1470.81    1470.80   5735.292    6.61173   90.70848     -0.733    -0.0013     137648  0.000e+00
   5735.333  -39.88166   59.77140    317.061    320.321     3.7763     3.7751   3.241683   3.241557    97.6800    -0.0219     2.2379      98.78         21  1029.2187  1029.2187    34.9006    34.9004    1470.81    1470.80   5735.333    6.61644   90.77325     -0.729    -0.0013     137649  0.000e+00
   5735.375  -39.88166   59.77140    316.948    320.207     3.7764     3.7747   3.241683   3.241585    97.6800    -0.0219     2.2379      98.78         21  1029.2181  1029.2188    34.9006    34.9012    1470.80    1470.80   5735.375    6.61633   90.77186     -0.732    -0.0017     137650  0.000e+00
   5735.417  -39.88166   59.77140    317.004    320.264     3.7763     3.7748   3.241683   3.241557    97.7062    -0.0219     2.2379      98.78         21  1029.2184  1029.2188    34.9006    34.9008    1470.80    1470.80   5735.417    6.61639   90.77255     -0.728    -0.0016     137651  0.000e+00
   5735.458  -39.88166   59.77140    316.948    320.207     3.7761     3.7746   3.241683   3.241557    97.7062    -0.0219     2.2366      98.78         21  1029.2184  1029.2187    34.9009    34.9010    1470.80    1470.80   5735.458    6.61164   90.70710     -0.727    -0.0015     137652  0.000e+00
   5735.500  -39.88166   59.77140    316.884    320.142     3.7761     3.7747   3.241677   3.241557    97.6800    -0.0219     2.2366      98.78         21  1029.2181  1029.2183    34.9009    34.9009    1470.80    1470.80   5735.500    6.61159   90.70632     -0.726    -0.0014     137653  0.000e+00
   5735.542  -39.88166   59.77140    316.884    320.142     3.7762     3.7748   3.241641   3.241545    97.6800    -0.0219     2.2379      98.78         21  1029.2177  1029.2181    34.9004    34.9007    1470.80    1470.80   5735.542    6.61632   90.77109     -0.725    -0.0014     137654  0.000e+00
   5735.583  -39.88166   59.77140    316.884    320.142     3.7761     3.7750   3.241641   3.241557    97.6800    -0.0219     2.2379      98.78         21  1029.2178  1029.2180    34.9004    34.9006    1470.80    1470.80   5735.583    6.61633   90.77109     -0.724    -0.0011     137655  0.000e+00
   5735.625  -39.88166   59.77140    316.771    320.028     3.7760     3.7749   3.241635   3.241557    97.6800    -0.0219     2.2379      98.78         21  1029.2173  1029.2176    34.9006    34.9008    1470.80    1470.80   5735.625    6.61624   90.76976     -0.727    -0.0011     137656  0.000e+00
   5735.667  -39.88166   59.77140    316.771    320.028     3.7760     3.7749   3.241641   3.241557    97.6800    -0.0219     2.2379      98.78         21  1029.2174  1029.2177    34.9006    34.9008    1470.80    1470.79   5735.667    6.61624   90.76974     -0.729    -0.0011     137657  0.000e+00
   5735.708  -39.88166   59.77140    316.771    320.028     3.7758     3.7752   3.241629   3.241557    97.6800    -0.0219     2.2379      98.78         21  1029.2174  1029.2173    34.9007    34.9004    1470.80    1470.80   5735.708    6.61627   90.76977     -0.727    -0.0006     137658  0.000e+00
   5735.750  -39.88166   59.77140    316.706    319.962     3.7758     3.7754   3.241605   3.241585    97.7062    -0.0219     2.2391      98.78         21  1029.2169  1029.2172    34.9004    34.9006    1470.80    1470.80   5735.750    6.62094   90.83379     -0.729    -0.0004     137659  0.000e+00
   5735.792  -39.88166   59.77140    316.706    319.962     3.7758     3.7757   3.241611   3.241574    97.7062    -0.0219     2.2366      98.78         21  1029.2170  1029.2168    34.9005    34.9002    1470.80    1470.80   5735.792    6.61149   90.70415     -0.727    -0.0002     137660  0.000e+00
   5735.833  -39.88166   59.77140    316.585    319.840     3.7757     3.7754   3.241623   3.241614    97.7062    -0.0292     2.2378      98.75         21  1029.2167  1029.2169    34.9009    34.9010    1470.80    1470.79   5735.833    6.61612   90.76755     -0.733    -0.0003     137661  0.000e+00
   5735.875  -39.88166   59.77140    316.650    319.905     3.7758     3.7758   3.241623   3.241614    97.6800    -0.0219     2.2378      98.78         21  1029.2169  1029.2168    34.9007    34.9006    1470.80    1470.80   5735.875    6.61616   90.76825     -0.731    -0.0000     137662  0.000e+00
   5735.917  -39.88166   59.77140    316.529    319.783     3.7755     3.7759   3.241599   3.241648    97.6800    -0.0219     2.2378      98.78         21  1029.2164  1029.2165    34.9008    34.9010    1470.79    1470.80   5735.917    6.61611   90.76688     -0.736     0.0004     137663  0.000e+00
