Ship_data/Irminger/Irminger-2/ctd/process/at30_009.ros
* Sea-Bird SBE 9 Data File:
* FileName = C:\data\ctd\at30_009.hdr
* Software Version Seasave V 7.21f
* Temperature SN = 2265
* Conductivity SN = 3021
* Number of Bytes Per Scan = 40
* Number of Voltage Words = 5
* Number of Scans Averaged by the Deck Unit = 1
* NMEA Latitude = 59 42.40 N
* NMEA Longitude = 039 19.92 W
* NMEA UTC (Time) = Aug 19 2015  15:06:00
** FLMB 1 for cal
# nquan = 27
# nvalues = 588                                   
# units = specified
# name 0 = timeS: Time, Elapsed [seconds]
# name 1 = longitude: Longitude [deg]
# name 2 = latitude: Latitude [deg]
# name 3 = depSM: Depth [salt water, m]
# name 4 = prDM: Pressure, Digiquartz [db]
# name 5 = t090C: Temperature [ITS-90, deg C]
# name 6 = t190C: Temperature, 2 [ITS-90, deg C]
# name 7 = c0S/m: Conductivity [S/m]
# name 8 = c1S/m: Conductivity, 2 [S/m]
# name 9 = CStarTr0: Beam Transmission, WET Labs C-Star [%]
# name 10 = flECO-AFL: Fluorescence, WET Labs ECO-AFL/FL [mg/m^3]
# name 11 = sbeox0V: Oxygen raw, SBE 43 [V]
# name 12 = altM: Altimeter [m]
# name 13 = nbf: Bottles Fired
# name 14 = density00: Density [density, Kg/m^3]
# name 15 = density11: Density, 2 [density, Kg/m^3]
# name 16 = sal00: Salinity, Practical [PSU]
# name 17 = sal11: Salinity, Practical, 2 [PSU]
# name 18 = svCM: Sound Velocity [Chen-Millero, m/s]
# name 19 = svCM1: Sound Velocity, 2 [Chen-Millero, m/s]
# name 20 = timeS: Time, Elapsed [seconds]
# name 21 = sbeox0ML/L: Oxygen, SBE 43 [ml/l]
# name 22 = sbeox0PS: Oxygen, SBE 43 [% saturation]
# name 23 = dz/dtM: Descent Rate [m/s]
# name 24 = T2-T190C: Temperature Difference, 2 - 1 [ITS-90, deg C]
# name 25 = scan: Scan Count
# name 26 = flag:  0.000e+00
# interval = seconds: 0.0416667
# start_time = Aug 19 2015 15:06:00 [NMEA time, header]
# bad_flag = -9.990e-29
*END*
[from data line 269]
   5759.750  -39.33194   59.70684   1160.524   1174.853     3.4974     3.4978   3.251927   3.251988    97.5231    -0.0219     2.0263      98.78          6  1033.1526  1033.1529    34.8711    34.8714    1483.70    1483.70   5759.750    6.53280   89.00117     -0.196     0.0003     138235  0.000e+00
   5759.792  -39.33194   59.70684   1160.581   1174.911     3.4975     3.4978   3.251957   3.252016    97.5231    -0.0145     2.0263      98.78          6  1033.1530  1033.1534    34.8713    34.8718    1483.70    1483.71   5759.792    6.53281   89.00179     -0.182     0.0002     138236  0.000e+00
   5759.833  -39.33194   59.70684   1160.524   1174.853     3.4976     3.4981   3.251957   3.251988    97.5231    -0.0219     2.0263      98.78          6  1033.1527  1033.1526    34.8713    34.8711    1483.70    1483.70   5759.833    6.53275   89.00109     -0.175     0.0005     138237  0.000e+00
   5759.875  -39.33194   59.70684   1160.581   1174.911     3.4976     3.4979   3.251945   3.252016    97.5231    -0.0219     2.0250      98.78          6  1033.1529  1033.1533    34.8711    34.8716    1483.70    1483.71   5759.875    6.52745   88.92877     -0.164     0.0003     138238  0.000e+00
   5759.917  -39.33194   59.70684   1160.524   1174.853     3.4975     3.4979   3.251939   3.251988    97.5231    -0.0219     2.0263      98.78          6  1033.1526  1033.1527    34.8711    34.8713    1483.70    1483.70   5759.917    6.53277   89.00108     -0.156     0.0004     138239  0.000e+00
   5759.958  -39.33194   59.70684   1160.581   1174.911     3.4974     3.4979   3.251963   3.251982    97.5231    -0.0219     2.0263      98.78          6  1033.1532  1033.1529    34.8715    34.8712    1483.70    1483.71   5759.958    6.53282   89.00178     -0.144     0.0005     138240  0.000e+00
   5760.000  -39.33194   59.70684   1160.581   1174.911     3.4975     3.4980   3.251975   3.251988    97.5231    -0.0219     2.0263      98.78          6  1033.1532  1033.1528    34.8715    34.8711    1483.70    1483.71   5760.000    6.53280   89.00173     -0.134     0.0005     138241  0.000e+00
   5760.042  -39.33194   59.70684   1160.581   1174.911     3.4976     3.4981   3.251975   3.251982    97.5231    -0.0145     2.0263      98.78          6  1033.1531  1033.1527    34.8714    34.8710    1483.70    1483.71   5760.042    6.53279   89.00170     -0.121     0.0005     138242  0.000e+00
   5760.083  -39.33194   59.70684   1160.581   1174.911     3.4977     3.4979   3.251957   3.252016    97.5231    -0.0145     2.0263      98.78          6  1033.1529  1033.1532    34.8711    34.8716    1483.70    1483.71   5760.083    6.53278   89.00165     -0.110     0.0002     138243  0.000e+00
   5760.125  -39.33194   59.70684   1160.647   1174.977     3.4977     3.4978   3.251945   3.251988    97.5231    -0.0219     2.0263      98.78          6  1033.1530  1033.1534    34.8709    34.8714    1483.71    1483.71   5760.125    6.53285   89.00241     -0.092     0.0001     138244  0.000e+00
   5760.167  -39.33194   59.70684   1160.647   1174.977     3.4977     3.4979   3.251945   3.252045    97.5231    -0.0219     2.0263      98.78          6  1033.1530  1033.1538    34.8709    34.8720    1483.71    1483.71   5760.167    6.53285   89.00239     -0.076     0.0002     138245  0.000e+00
   5760.208  -39.33194   59.70684   1160.647   1174.977     3.4974     3.4981   3.251963   3.251959    97.5493    -0.0145     2.0263      98.78          6  1033.1535  1033.1528    34.8715    34.8707    1483.70    1483.71   5760.208    6.53288   89.00249     -0.065     0.0007     138246  0.000e+00
   5760.250  -39.33194   59.70684   1160.704   1175.035     3.4977     3.4978   3.251975   3.252016    97.5493    -0.0219     2.0263      98.78          6  1033.1536  1033.1539    34.8713    34.8717    1483.71    1483.71   5760.250    6.53288   89.00304     -0.045     0.0001     138247  0.000e+00
   5760.292  -39.33194   59.70684   1160.647   1174.977     3.4977     3.4982   3.251975   3.252016    97.5231    -0.0145     2.0263      98.78          6  1033.1533  1033.1532    34.8713    34.8713    1483.71    1483.71   5760.292    6.53283   89.00236     -0.034     0.0005     138248  0.000e+00
   5760.333  -39.33194   59.70684   1160.704   1175.035     3.4977     3.4979   3.251951   3.252016    97.5231    -0.0219     2.0263      98.78          6  1033.1533  1033.1537    34.8710    34.8715    1483.71    1483.71   5760.333    6.53289   89.00302     -0.014     0.0002     138249  0.000e+00
   5760.375  -39.33194   59.70684   1160.704   1175.035     3.4976     3.4981   3.251963   3.252016    97.5493    -0.0219     2.0263      98.78          6  1033.1536  1033.1536    34.8712    34.8714    1483.71    1483.71   5760.375    6.53290   89.00304      0.002     0.0005     138250  0.000e+00
   5760.417  -39.33194   59.70684   1160.769   1175.101     3.4977     3.4978   3.251975   3.252045    97.5231    -0.0219     2.0263      98.78          6  1033.1538  1033.1544    34.8712    34.8720    1483.71    1483.71   5760.417    6.53293   89.00376      0.018     0.0001     138251  0.000e+00
   5760.458  -39.33194   59.70684   1160.769   1175.101     3.4977     3.4979   3.251975   3.252016    97.5231    -0.0219     2.0263      98.78          6  1033.1538  1033.1541    34.8712    34.8715    1483.71    1483.71   5760.458    6.53293   89.00375      0.037     0.0002     138252  0.000e+00
   5760.500  -39.33194   59.70684   1160.769   1175.101     3.4978     3.4979   3.251975   3.252016    97.5231    -0.0219     2.0263      98.78          6  1033.1537  1033.1540    34.8711    34.8715    1483.71    1483.71   5760.500    6.53292   89.00370      0.052     0.0001     138253  0.000e+00
   5760.542  -39.33194   59.70684   1160.826   1175.159     3.4977     3.4978   3.251975   3.252016    97.5231    -0.0219     2.0263      98.78          6  1033.1541  1033.1544    34.8712    34.8716    1483.71    1483.71   5760.542    6.53298   89.00439      0.071     0.0001     138254  0.000e+00
   5760.583  -39.33194   59.70684   1160.769   1175.101     3.4975     3.4981   3.251993   3.252016    97.5231    -0.0219     2.0250      98.78          6  1033.1542  1033.1539    34.8716    34.8713    1483.71    1483.71   5760.583    6.52759   88.93078      0.089     0.0005     138255  0.000e+00
   5760.625  -39.33194   59.70684   1160.826   1175.159     3.4977     3.4980   3.251963   3.252045    97.5493    -0.0145     2.0263      98.78          6  1033.1540  1033.1544    34.8711    34.8717    1483.71    1483.71   5760.625    6.53299   89.00437      0.104     0.0003     138256  0.000e+00
   5760.667  -39.33194   59.70684   1160.891   1175.225     3.4976     3.4979   3.251963   3.252016    97.5493    -0.0219     2.0263      98.78          6  1033.1543  1033.1545    34.8711    34.8714    1483.71    1483.71   5760.667    6.53306   89.00516      0.125     0.0003     138257  0.000e+00
   5760.708  -39.33192   59.70684   1160.891   1175.225     3.4977     3.4981   3.251987   3.252045    97.5231    -0.0219     2.0263      98.78          6  1033.1545  1033.1546    34.8713    34.8716    1483.71    1483.71   5760.708    6.53303   89.00511      0.146     0.0004     138258  0.000e+00
   5760.750  -39.33192   59.70684   1160.891   1175.225     3.4976     3.4979   3.251981   3.252016    97.5231    -0.0145     2.0263      98.78          6  1033.1545  1033.1546    34.8714    34.8715    1483.71    1483.71   5760.750    6.53305   89.00513      0.162     0.0003     138259  0.000e+00
   6076.500  -39.33198   59.70670    960.634    972.025     3.5789     3.5794   3.251123   3.251175    97.5231    -0.0219     2.0861      98.78          7  1032.2232  1032.2232    34.8790    34.8791    1480.69    1480.69   6076.500    6.60073   90.11050      0.192     0.0004     145837  0.000e+00
   6076.542  -39.33198   59.70670    960.577    971.967     3.5791     3.5792   3.251111   3.251152    97.5231    -0.0219     2.0861      98.78          7  1032.2226  1032.2229    34.8787    34.8791    1480.69    1480.69   6076.542    6.60066   90.10976      0.182     0.0001     145838  0.000e+00
   6076.583  -39.33198   59.70670    960.577    971.967     3.5789     3.5794   3.251159   3.251175    97.5231    -0.0145     2.0861      98.78          7  1032.2233  1032.2230    34.8794    34.8792    1480.69    1480.69   6076.583    6.60066   90.10980      0.178     0.0004     145839  0.000e+00
   6076.625  -39.33198   59.70670    960.683    972.074     3.5789     3.5789   3.251111   3.251181    97.5231    -0.0219     2.0861      98.78          7  1032.2233  1032.2239    34.8789    34.8797    1480.69    1480.69   6076.625    6.60078   90.11106      0.173     0.0000     145840  0.000e+00
   6076.667  -39.33198   59.70670    960.577    971.967     3.5791     3.5792   3.251105   3.251113    97.5231    -0.0145     2.0861      98.78          7  1032.2226  1032.2226    34.8786    34.8786    1480.69    1480.69   6076.667    6.60066   90.10972      0.165     0.0001     145841  0.000e+00
   6076.708  -39.33198   59.70670    960.634    972.025     3.5791     3.5791   3.251117   3.251141    97.5231    -0.0145     2.0861      98.78          7  1032.2229  1032.2232    34.8787    34.8791    1480.69    1480.69   6076.708    6.60070   90.11039      0.159    -0.0000     145842  0.000e+00
   6076.750  -39.33198   59.70670    960.577    971.967     3.5793     3.5794   3.251117   3.251152    97.5231    -0.0219     2.0861      98.78          7  1032.2225  1032.2228    34.8786    34.8789    1480.69    1480.69   6076.750    6.60063   90.10965      0.149     0.0001     145843  0.000e+00
   6076.792  -39.33198   59.70670    960.634    972.025     3.5789     3.5792   3.251135   3.251113    97.5493    -0.0219     2.0861      98.75          7  1032.2233  1032.2228    34.8791    34.8786    1480.69    1480.69   6076.792    6.60072   90.11041      0.145     0.0003     145844  0.000e+00
   6076.833  -39.33198   59.70670    960.634    972.025     3.5790     3.5792   3.251129   3.251153    97.5231    -0.0219     2.0861      98.78          7  1032.2231  1032.2232    34.8789    34.8790    1480.69    1480.69   6076.833    6.60070   90.11036      0.141     0.0002     145845  0.000e+00
   6076.875  -39.33198   59.70670    960.577    971.967     3.5793     3.5792   3.251117   3.251141    97.5231    -0.0219     2.0861      98.78          7  1032.2225  1032.2228    34.8786    34.8789    1480.69    1480.69   6076.875    6.60063   90.10961      0.134    -0.0001     145846  0.000e+00
   6076.917  -39.33198   59.70670    960.634    972.025     3.5791     3.5792   3.251117   3.251153    97.5231    -0.0219     2.0861      98.78          7  1032.2229  1032.2232    34.8787    34.8790    1480.69    1480.69   6076.917    6.60070   90.11032      0.125     0.0001     145847  0.000e+00
   6076.958  -39.33198   59.70670    960.618    972.008     3.5789     3.5791   3.251117   3.251113    97.5231    -0.0219     2.0861      98.78          7  1032.2230  1032.2229    34.8789    34.8787    1480.69    1480.69   6076.958    6.60071   90.11016      0.121     0.0001     145848  0.000e+00
   6077.000  -39.33198   59.70670    960.634    972.025     3.5789     3.5792   3.251135   3.251175    97.4969    -0.0219     2.0861      98.78          7  1032.2233  1032.2234    34.8791    34.8793    1480.69    1480.69   6077.000    6.60071   90.11034      0.113     0.0003     145849  0.000e+00
   6077.042  -39.33198   59.70670    960.577    971.967     3.5790     3.5792   3.251141   3.251124    97.5231    -0.0145     2.0861      98.78          7  1032.2230  1032.2227    34.8791    34.8787    1480.69    1480.69   6077.042    6.60064   90.10962      0.105     0.0002     145850  0.000e+00
   6077.083  -39.33198   59.70670    960.634    972.025     3.5788     3.5792   3.251123   3.251113    97.5231    -0.0219     2.0861      98.78          7  1032.2233  1032.2228    34.8791    34.8786    1480.69    1480.69   6077.083    6.60073   90.11035      0.100     0.0004     145851  0.000e+00
   6077.125  -39.33198   59.70670    960.634    972.025     3.5789     3.5792   3.251135   3.251124    97.5231    -0.0219     2.0861      98.78          7  1032.2233  1032.2229    34.8791    34.8787    1480.69    1480.69   6077.125    6.60071   90.11030      0.095     0.0003     145852  0.000e+00
   6077.167  -39.33198   59.70670    960.634    972.025     3.5791     3.5791   3.251129   3.251141    97.5493    -0.0219     2.0861      98.78          7  1032.2231  1032.2232    34.8789    34.8791    1480.69    1480.69   6077.167    6.60069   90.11024      0.092    -0.0000     145853  0.000e+00
   6077.208  -39.33198   59.70670    960.634    972.025     3.5788     3.5791   3.251117   3.251153    97.5231    -0.0219     2.0861      98.78          7  1032.2232  1032.2233    34.8790    34.8792    1480.69    1480.69   6077.208    6.60073   90.11031      0.089     0.0002     145854  0.000e+00
   6077.250  -39.33198   59.70670    960.618    972.008     3.5789     3.5792   3.251135   3.251113    97.5493    -0.0145     2.0861      98.78          7  1032.2232  1032.2227    34.8791    34.8786    1480.69    1480.69   6077.250    6.60069   90.11007      0.081     0.0003     145855  0.000e+00
   6077.292  -39.33198   59.70670    960.634    972.025     3.5789     3.5791   3.251129   3.251175    97.5493    -0.0219     2.0861      98.78          7  1032.2233  1032.2235    34.8791    34.8795    1480.69    1480.69   6077.292    6.60071   90.11027      0.077     0.0002     145856  0.000e+00
   6077.333  -39.33198   59.70670    960.634    972.025     3.5788     3.5794   3.251099   3.251124    97.5493    -0.0219     2.0861      98.78          7  1032.2230  1032.2227    34.8788    34.8785    1480.69    1480.69   6077.333    6.60074   90.11027      0.073     0.0006     145857  0.000e+00
   6077.375  -39.33198   59.70670    960.634    972.025     3.5787     3.5792   3.251105   3.251175    97.5493    -0.0145     2.0824      98.78          7  1032.2233  1032.2234    34.8791    34.8793    1480.69    1480.69   6077.375    6.58517   89.89750      0.069     0.0006     145858  0.000e+00
   6077.417  -39.33198   59.70670    960.634    972.025     3.5789     3.5792   3.251075   3.251153    97.5231    -0.0219     2.0861      98.78          7  1032.2227  1032.2232    34.8784    34.8790    1480.69    1480.69   6077.417    6.60073   90.11021      0.064     0.0003     145859  0.000e+00
   6077.458  -39.33198   59.70670    960.634    972.025     3.5791     3.5792   3.251099   3.251141    97.5493    -0.0219     2.0861      98.78          7  1032.2228  1032.2231    34.8785    34.8789    1480.69    1480.69   6077.458    6.60070   90.11015      0.062     0.0001     145860  0.000e+00
   6077.500  -39.33198   59.70670    960.699    972.091     3.5789     3.5791   3.251117   3.251153    97.5231    -0.0219     2.0861      98.78          7  1032.2234  1032.2236    34.8789    34.8792    1480.69    1480.69   6077.500    6.60077   90.11098      0.062     0.0002     145861  0.000e+00
   6077.542  -39.33198   59.70670    960.618    972.008     3.5789     3.5792   3.251117   3.251113    97.5231    -0.0145     2.0861      98.78          7  1032.2230  1032.2227    34.8789    34.8786    1480.69    1480.69   6077.542    6.60069   90.10998      0.059     0.0003     145862  0.000e+00
   6077.583  -39.33198   59.70670    960.634    972.025     3.5788     3.5791   3.251129   3.251175    97.5493    -0.0219     2.0861      98.78          7  1032.2233  1032.2235    34.8792    34.8795    1480.69    1480.69   6077.583    6.60072   90.11019      0.056     0.0002     145863  0.000e+00
   6077.625  -39.33198   59.70670    960.699    972.091     3.5788     3.5794   3.251123   3.251124    97.5231    -0.0145     2.0861      98.78          7  1032.2235  1032.2230    34.8791    34.8785    1480.69    1480.69   6077.625    6.60078   90.11095      0.053     0.0006     145864  0.000e+00
