Ship_data/Irminger/Irminger-2/ctd/process/at30_010_SV.cnv
* Sea-Bird SBE 9 Data File:
* FileName = C:\data\ctd\at30_010.hdr
* Software Version Seasave V 7.21f
* Temperature SN = 2265
* Conductivity SN = 3021
* Number of Bytes Per Scan = 40
* Number of Voltage Words = 5
* Number of Scans Averaged by the Deck Unit = 1
* NMEA Latitude = 59 45.71 N
* NMEA Longitude = 039 52.84 W
* NMEA UTC (Time) = Aug 19 2015  21:15:33
** FLMA 2 post deployment cal
# nquan = 15
# nvalues = 2687                        
# units = specified
# name 0 = depSM: Depth [salt water, m]
# name 1 = svCM: Sound Velocity [Chen-Millero, m/s]
# name 2 = svCM1: Sound Velocity, 2 [Chen-Millero, m/s]
# name 3 = timeS: Time, Elapsed [seconds]
# name 4 = depSM: Depth [salt water, m]
# name 5 = density00: Density [density, Kg/m^3]
# name 6 = density11: Density, 2 [density, Kg/m^3]
# name 7 = sal00: Salinity, Practical [PSU]
# name 8 = sal11: Salinity, Practical, 2 [PSU]
# name 9 = svCM: Sound Velocity [Chen-Millero, m/s]
# name 10 = svCM1: Sound Velocity, 2 [Chen-Millero, m/s]
# name 11 = sbeox0ML/L: Oxygen, SBE 43 [ml/l]
# name 12 = dz/dtM: Descent Rate [m/s]
# name 13 = T2-T190C: Temperature Difference, 2 - 1 [ITS-90, deg C]
# name 14 = flag:
# span 0 =      2.000,   2688.000       
# span 1 =    1471.29,    1502.64       
# span 2 =    1471.29,    1502.64       
# span 3 =     -2.754,   3256.645       
# span 4 =      2.000,   2688.000       
# span 5 =  1027.1091,  1040.4623       
# span 6 =  1027.1088,  1040.4617       
# span 7 =    34.8209,    35.0190       
# span 8 =    34.8409,    35.0198       
# span 9 =    1471.29,    1502.64       
# span 10 =    1471.29,    1502.64      
# span 11 =    6.00854,    7.02119      
# span 12 =     -0.177,      1.691      
# span 13 =    -0.0594,     0.0690      
# span 14 = 0.0000e+00, 0.0000e+00      
# interval = meters: 1                  
# start_time = Aug 19 2015 21:15:33 [NMEA time, header]
# bad_flag = -9.990e-29
*END*
[from data line 2025]
   2027.000    1496.53    1496.54   2385.883   2027.000  1037.2422  1037.2418    34.9285    34.9281    1496.53    1496.54    6.06246      1.029     0.0006 0.0000e+00
   2028.000    1496.55    1496.55   2386.771   2028.000  1037.2468  1037.2465    34.9286    34.9281    1496.55    1496.55    6.06232      1.218     0.0005 0.0000e+00
   2029.000    1496.56    1496.56   2387.569   2029.000  1037.2515  1037.2512    34.9284    34.9282    1496.56    1496.56    6.06243      1.255     0.0006 0.0000e+00
   2030.000    1496.57    1496.57   2388.410   2030.000  1037.2561  1037.2560    34.9280    34.9278    1496.57    1496.57    6.06162      1.089     0.0005 0.0000e+00
   2031.000    1496.58    1496.58   2389.576   2031.000  1037.2609  1037.2605    34.9279    34.9276    1496.58    1496.58    6.06002      0.744     0.0006 0.0000e+00
   2032.000    1496.59    1496.59   2391.072   2032.000  1037.2654  1037.2651    34.9278    34.9275    1496.59    1496.59    6.06093      0.823     0.0005 0.0000e+00
   2033.000    1496.61    1496.61   2392.063   2033.000  1037.2701  1037.2698    34.9280    34.9275    1496.61    1496.61    6.06132      1.207     0.0003 0.0000e+00
   2034.000    1496.62    1496.62   2392.822   2034.000  1037.2745  1037.2744    34.9276    34.9276    1496.62    1496.62    6.06260      1.397     0.0005 0.0000e+00
   2035.000    1496.63    1496.63   2393.522   2035.000  1037.2794  1037.2791    34.9276    34.9274    1496.63    1496.63    6.06127      1.402     0.0005 0.0000e+00
   2036.000    1496.65    1496.65   2394.281   2036.000  1037.2841  1037.2837    34.9277    34.9273    1496.65    1496.65    6.06255      1.213     0.0005 0.0000e+00
   2037.000    1496.65    1496.65   2395.280   2037.000  1037.2888  1037.2886    34.9274    34.9271    1496.65    1496.65    6.06301      0.917     0.0002 0.0000e+00
   2038.000    1496.66    1496.66   2396.495   2038.000  1037.2936  1037.2932    34.9273    34.9270    1496.66    1496.66    6.06194      0.888     0.0006 0.0000e+00
   2039.000    1496.68    1496.68   2397.542   2039.000  1037.2985  1037.2979    34.9277    34.9271    1496.68    1496.68    6.06467      1.057     0.0006 0.0000e+00
   2040.000    1496.70    1496.70   2398.465   2040.000  1037.3031  1037.3027    34.9280    34.9276    1496.70    1496.70    6.06421      1.042     0.0005 0.0000e+00
   2041.000    1496.72    1496.72   2399.542   2041.000  1037.3079  1037.3075    34.9283    34.9279    1496.72    1496.72    6.06450      0.862     0.0006 0.0000e+00
   2042.000    1496.73    1496.74   2400.834   2042.000  1037.3125  1037.3121    34.9284    34.9281    1496.73    1496.74    6.06424      0.811     0.0006 0.0000e+00
   2043.000    1496.75    1496.75   2402.000   2043.000  1037.3174  1037.3171    34.9285    34.9283    1496.75    1496.75    6.06537      0.984     0.0006 0.0000e+00
   2044.000    1496.76    1496.76   2402.941   2044.000  1037.3221  1037.3218    34.9286    34.9282    1496.76    1496.76    6.06577      1.121     0.0006 0.0000e+00
   2045.000    1496.77    1496.78   2403.826   2045.000  1037.3269  1037.3264    34.9287    34.9283    1496.77    1496.78    6.06704      1.127     0.0006 0.0000e+00
   2046.000    1496.79    1496.79   2404.768   2046.000  1037.3314  1037.3311    34.9286    34.9283    1496.79    1496.79    6.06563      1.013     0.0006 0.0000e+00
   2047.000    1496.80    1496.81   2405.873   2047.000  1037.3361  1037.3358    34.9286    34.9283    1496.80    1496.80    6.06486      0.886     0.0005 0.0000e+00
   2048.000    1496.82    1496.82   2407.031   2048.000  1037.3409  1037.3405    34.9288    34.9284    1496.82    1496.82    6.06525      0.945     0.0006 0.0000e+00
   2049.000    1496.83    1496.83   2408.025   2049.000  1037.3455  1037.3452    34.9285    34.9283    1496.83    1496.83    6.06538      1.120     0.0007 0.0000e+00
   2050.000    1496.84    1496.84   2408.870   2050.000  1037.3502  1037.3499    34.9285    34.9282    1496.84    1496.84    6.06658      1.251     0.0006 0.0000e+00
   2051.000    1496.85    1496.85   2409.659   2051.000  1037.3550  1037.3547    34.9283    34.9282    1496.85    1496.85    6.06745      1.295     0.0009 0.0000e+00
   2052.000    1496.86    1496.86   2410.450   2052.000  1037.3597  1037.3593    34.9285    34.9279    1496.86    1496.86    6.06817      1.250     0.0005 0.0000e+00
   2053.000    1496.88    1496.88   2411.302   2053.000  1037.3643  1037.3640    34.9283    34.9280    1496.88    1496.88    6.06643      1.124     0.0005 0.0000e+00
   2054.000    1496.89    1496.89   2412.295   2054.000  1037.3688  1037.3684    34.9282    34.9278    1496.89    1496.89    6.06513      0.923     0.0005 0.0000e+00
   2055.000    1496.91    1496.91   2413.728   2055.000  1037.3733  1037.3729    34.9282    34.9277    1496.91    1496.91    6.06516      0.595     0.0003 0.0000e+00
   2056.000    1496.93    1496.93   2415.615   2056.000  1037.3779  1037.3777    34.9283    34.9280    1496.93    1496.93    6.06545      0.697     0.0001 0.0000e+00
   2057.000    1496.94    1496.94   2416.713   2057.000  1037.3829  1037.3826    34.9287    34.9283    1496.94    1496.94    6.06270      1.152     0.0005 0.0000e+00
   2058.000    1496.96    1496.96   2417.487   2058.000  1037.3873  1037.3871    34.9285    34.9283    1496.96    1496.96    6.06151      1.407     0.0005 0.0000e+00
   2059.000    1496.98    1496.98   2418.163   2059.000  1037.3925  1037.3917    34.9292    34.9284    1496.98    1496.98    6.06196      1.500     0.0005 0.0000e+00
   2060.000    1497.00    1497.01   2418.839   2060.000  1037.3972  1037.3967    34.9299    34.9293    1497.00    1497.01    6.06075      1.443     0.0006 0.0000e+00
   2061.000    1497.02    1497.02   2419.594   2061.000  1037.4021  1037.4015    34.9303    34.9297    1497.02    1497.02    6.05768      1.222     0.0006 0.0000e+00
   2062.000    1497.04    1497.04   2420.595   2062.000  1037.4066  1037.4063    34.9303    34.9300    1497.04    1497.04    6.05816      0.890     0.0004 0.0000e+00
   2063.000    1497.06    1497.06   2421.946   2063.000  1037.4113  1037.4109    34.9304    34.9301    1497.06    1497.06    6.05756      0.767     0.0005 0.0000e+00
   2064.000    1497.07    1497.08   2423.131   2064.000  1037.4161  1037.4158    34.9307    34.9304    1497.07    1497.08    6.05755      1.023     0.0005 0.0000e+00
   2065.000    1497.09    1497.09   2424.023   2065.000  1037.4208  1037.4205    34.9308    34.9306    1497.09    1497.09    6.05856      1.204     0.0006 0.0000e+00
   2066.000    1497.10    1497.10   2424.842   2066.000  1037.4257  1037.4254    34.9309    34.9307    1497.10    1497.10    6.05693      1.176     0.0005 0.0000e+00
   2067.000    1497.12    1497.12   2425.804   2067.000  1037.4303  1037.4299    34.9309    34.9306    1497.12    1497.12    6.05575      0.907     0.0005 0.0000e+00
   2068.000    1497.13    1497.13   2427.318   2068.000  1037.4347  1037.4344    34.9307    34.9304    1497.13    1497.13    6.05579      0.601     0.0004 0.0000e+00
   2069.000    1497.14    1497.15   2428.788   2069.000  1037.4396  1037.4392    34.9308    34.9304    1497.14    1497.15    6.05543      0.923     0.0005 0.0000e+00
   2070.000    1497.16    1497.16   2429.713   2070.000  1037.4442  1037.4438    34.9308    34.9304    1497.16    1497.16    6.05545      1.202     0.0005 0.0000e+00
   2071.000    1497.17    1497.17   2430.501   2071.000  1037.4489  1037.4487    34.9307    34.9306    1497.17    1497.17    6.05364      1.308     0.0004 0.0000e+00
   2072.000    1497.18    1497.18   2431.273   2072.000  1037.4537  1037.4535    34.9308    34.9305    1497.18    1497.18    6.05505      1.253     0.0006 0.0000e+00
   2073.000    1497.19    1497.19   2432.158   2073.000  1037.4585  1037.4581    34.9308    34.9304    1497.19    1497.19    6.05355      1.025     0.0006 0.0000e+00
   2074.000    1497.21    1497.21   2433.404   2074.000  1037.4630  1037.4628    34.9306    34.9303    1497.21    1497.21    6.05391      0.712     0.0006 0.0000e+00
   2075.000    1497.22    1497.22   2434.851   2075.000  1037.4678  1037.4674    34.9307    34.9303    1497.22    1497.22    6.05593      0.867     0.0005 0.0000e+00
   2076.000    1497.23    1497.24   2435.835   2076.000  1037.4725  1037.4722    34.9308    34.9305    1497.23    1497.24    6.05614      1.209     0.0006 0.0000e+00
   2077.000    1497.25    1497.25   2436.594   2077.000  1037.4773  1037.4769    34.9309    34.9305    1497.25    1497.25    6.05488      1.408     0.0006 0.0000e+00
   2078.000    1497.26    1497.26   2437.283   2078.000  1037.4821  1037.4817    34.9310    34.9306    1497.26    1497.26    6.05513      1.422     0.0006 0.0000e+00
   2079.000    1497.28    1497.28   2438.032   2079.000  1037.4866  1037.4862    34.9309    34.9305    1497.28    1497.28    6.05377      1.207     0.0006 0.0000e+00
   2080.000    1497.29    1497.29   2439.240   2080.000  1037.4911  1037.4907    34.9307    34.9304    1497.29    1497.29    6.05256      0.656     0.0007 0.0000e+00
   2081.000    1497.31    1497.31   2441.294   2081.000  1037.4957  1037.4954    34.9308    34.9304    1497.31    1497.31    6.05270      0.678     0.0006 0.0000e+00
   2082.000    1497.32    1497.32   2442.281   2082.000  1037.5005  1037.5001    34.9309    34.9305    1497.32    1497.32    6.05377      1.204     0.0006 0.0000e+00
   2083.000    1497.34    1497.34   2443.041   2083.000  1037.5052  1037.5049    34.9310    34.9306    1497.34    1497.34    6.05403      1.385     0.0006 0.0000e+00
   2084.000    1497.35    1497.35   2443.747   2084.000  1037.5098  1037.5094    34.9309    34.9305    1497.35    1497.35    6.05498      1.391     0.0006 0.0000e+00
   2085.000    1497.37    1497.37   2444.506   2085.000  1037.5144  1037.5139    34.9309    34.9305    1497.37    1497.37    6.05355      1.226     0.0006 0.0000e+00
   2086.000    1497.38    1497.39   2445.497   2086.000  1037.5188  1037.5186    34.9307    34.9305    1497.38    1497.39    6.05306      0.881     0.0005 0.0000e+00
   2087.000    1497.40    1497.40   2446.973   2087.000  1037.5234  1037.5231    34.9306    34.9304    1497.40    1497.40    6.05183      0.680     0.0005 0.0000e+00
   2088.000    1497.40    1497.40   2448.275   2088.000  1037.5283  1037.5282    34.9305    34.9304    1497.40    1497.40    6.05350      0.997     0.0006 0.0000e+00
   2089.000    1497.42    1497.42   2449.161   2089.000  1037.5333  1037.5327    34.9309    34.9302    1497.42    1497.42    6.05397      1.250     0.0006 0.0000e+00
   2090.000    1497.43    1497.44   2449.926   2090.000  1037.5378  1037.5374    34.9308    34.9304    1497.43    1497.44    6.05545      1.345     0.0006 0.0000e+00
   2091.000    1497.44    1497.44   2450.677   2091.000  1037.5425  1037.5422    34.9305    34.9304    1497.44    1497.44    6.05572      1.271     0.0007 0.0000e+00
   2092.000    1497.45    1497.46   2451.565   2092.000  1037.5472  1037.5469    34.9307    34.9303    1497.45    1497.46    6.05627      1.000     0.0007 0.0000e+00
   2093.000    1497.47    1497.47   2452.876   2093.000  1037.5516  1037.5514    34.9305    34.9302    1497.47    1497.47    6.05706      0.710     0.0006 0.0000e+00
   2094.000    1497.49    1497.49   2454.235   2094.000  1037.5563  1037.5560    34.9306    34.9303    1497.49    1497.49    6.05804      0.932     0.0005 0.0000e+00
   2095.000    1497.51    1497.51   2455.174   2095.000  1037.5608  1037.5605    34.9305    34.9302    1497.50    1497.51    6.05519      1.177     0.0002 0.0000e+00
   2096.000    1497.51    1497.51   2455.991   2096.000  1037.5658  1037.5656    34.9307    34.9304    1497.51    1497.51    6.05495      1.204     0.0005 0.0000e+00
   2097.000    1497.53    1497.53   2456.895   2097.000  1037.5704  1037.5701    34.9306    34.9303    1497.53    1497.53    6.05602      1.002     0.0005 0.0000e+00
   2098.000    1497.54    1497.54   2458.160   2098.000  1037.5750  1037.5747    34.9304    34.9301    1497.54    1497.54    6.05679      0.718     0.0004 0.0000e+00
   2099.000    1497.55    1497.55   2459.637   2099.000  1037.5796  1037.5792    34.9303    34.9299    1497.55    1497.55    6.05749      0.772     0.0005 0.0000e+00
   2100.000    1497.56    1497.57   2460.785   2100.000  1037.5844  1037.5840    34.9302    34.9298    1497.56    1497.56    6.05835      1.010     0.0006 0.0000e+00
   2101.000    1497.57    1497.58   2461.705   2101.000  1037.5887  1037.5886    34.9297    34.9297    1497.57    1497.58    6.05839      1.176     0.0005 0.0000e+00
   2102.000    1497.58    1497.58   2462.533   2102.000  1037.5939  1037.5935    34.9299    34.9295    1497.58    1497.58    6.05919      1.273     0.0006 0.0000e+00
   2103.000    1497.59    1497.60   2463.308   2103.000  1037.5984  1037.5980    34.9298    34.9294    1497.59    1497.60    6.05691      1.290     0.0008 0.0000e+00
   2104.000    1497.61    1497.61   2464.110   2104.000  1037.6028  1037.6027    34.9295    34.9294    1497.61    1497.61    6.05698      1.248     0.0005 0.0000e+00
   2105.000    1497.61    1497.61   2464.952   2105.000  1037.6077  1037.6074    34.9291    34.9290    1497.61    1497.61    6.05854      1.159     0.0006 0.0000e+00
   2106.000    1497.62    1497.62   2465.899   2106.000  1037.6127  1037.6123    34.9292    34.9288    1497.61    1497.62    6.05980      0.991     0.0006 0.0000e+00
   2107.000    1497.63    1497.63   2467.078   2107.000  1037.6171  1037.6168    34.9289    34.9286    1497.63    1497.63    6.06081      0.783     0.0005 0.0000e+00
   2108.000    1497.64    1497.64   2468.461   2108.000  1037.6218  1037.6215    34.9288    34.9285    1497.64    1497.64    6.06119      0.785     0.0006 0.0000e+00
   2109.000    1497.65    1497.66   2469.624   2109.000  1037.6266  1037.6261    34.9290    34.9285    1497.65    1497.66    6.06263      0.965     0.0006 0.0000e+00
   2110.000    1497.68    1497.68   2470.622   2110.000  1037.6315  1037.6309    34.9296    34.9290    1497.68    1497.68    6.06219      1.034     0.0009 0.0000e+00
   2111.000    1497.71    1497.71   2471.609   2111.000  1037.6362  1037.6357    34.9305    34.9299    1497.71    1497.71    6.06137      1.011     0.0008 0.0000e+00
   2112.000    1497.73    1497.73   2472.645   2112.000  1037.6410  1037.6406    34.9308    34.9305    1497.73    1497.73    6.06031      0.956     0.0006 0.0000e+00
   2113.000    1497.75    1497.75   2473.749   2113.000  1037.6455  1037.6451    34.9308    34.9305    1497.75    1497.75    6.05912      0.911     0.0006 0.0000e+00
   2114.000    1497.76    1497.76   2474.860   2114.000  1037.6503  1037.6499    34.9309    34.9306    1497.76    1497.76    6.05874      0.969     0.0006 0.0000e+00
   2115.000    1497.78    1497.78   2475.837   2115.000  1037.6548  1037.6543    34.9310    34.9304    1497.78    1497.78    6.05682      1.118     0.0007 0.0000e+00
   2116.000    1497.79    1497.80   2476.697   2116.000  1037.6594  1037.6589    34.9309    34.9304    1497.79    1497.80    6.05566      1.208     0.0005 0.0000e+00
   2117.000    1497.81    1497.81   2477.531   2117.000  1037.6639  1037.6637    34.9307    34.9305    1497.81    1497.81    6.05607      1.189     0.0005 0.0000e+00
   2118.000    1497.82    1497.82   2478.426   2118.000  1037.6687  1037.6683    34.9307    34.9304    1497.82    1497.82    6.05517      1.075     0.0006 0.0000e+00
   2119.000    1497.83    1497.84   2479.450   2119.000  1037.6732  1037.6730    34.9306    34.9303    1497.83    1497.84    6.05358      0.960     0.0006 0.0000e+00
   2120.000    1497.85    1497.85   2480.534   2120.000  1037.6779  1037.6775    34.9306    34.9302    1497.85    1497.85    6.05367      0.952     0.0006 0.0000e+00
   2121.000    1497.86    1497.86   2481.589   2121.000  1037.6827  1037.6823    34.9308    34.9303    1497.86    1497.86    6.05438      0.986     0.0007 0.0000e+00
