Ship_data/Irminger/Irminger-2/ctd/process/at30_009_SV.cnv
* Sea-Bird SBE 9 Data File:
* FileName = C:\data\ctd\at30_009.hdr
* Software Version Seasave V 7.21f
* Temperature SN = 2265
* Conductivity SN = 3021
* Number of Bytes Per Scan = 40
* Number of Voltage Words = 5
* Number of Scans Averaged by the Deck Unit = 1
* NMEA Latitude = 59 42.40 N
* NMEA Longitude = 039 19.92 W
* NMEA UTC (Time) = Aug 19 2015  15:06:00
** FLMB 1 for cal
# nquan = 15
# nvalues = 2800                        
# units = specified
# name 0 = depSM: Depth [salt water, m]
# name 1 = svCM: Sound Velocity [Chen-Millero, m/s]
# name 2 = svCM1: Sound Velocity, 2 [Chen-Millero, m/s]
# name 3 = timeS: Time, Elapsed [seconds]
# name 4 = depSM: Depth [salt water, m]
# name 5 = density00: Density [density, Kg/m^3]
# name 6 = density11: Density, 2 [density, Kg/m^3]
# name 7 = sal00: Salinity, Practical [PSU]
# name 8 = sal11: Salinity, Practical, 2 [PSU]
# name 9 = svCM: Sound Velocity [Chen-Millero, m/s]
# name 10 = svCM1: Sound Velocity, 2 [Chen-Millero, m/s]
# name 11 = sbeox0ML/L: Oxygen, SBE 43 [ml/l]
# name 12 = dz/dtM: Descent Rate [m/s]
# name 13 = T2-T190C: Temperature Difference, 2 - 1 [ITS-90, deg C]
# name 14 = flag:
# span 0 =     10.000,   2809.000       
# span 1 =    1469.42,    1504.21       
# span 2 =    1469.42,    1504.21       
# span 3 =     58.170,   3323.208       
# span 4 =     10.000,   2809.000       
# span 5 =  1027.1470,  1040.9969       
# span 6 =  1027.1466,  1040.9957       
# span 7 =    34.8394,    34.9402       
# span 8 =    34.8429,    34.9408       
# span 9 =    1469.42,    1504.21       
# span 10 =    1469.41,    1504.21      
# span 11 =    5.98548,    6.94137      
# span 12 =      0.006,      1.579      
# span 13 =    -0.1289,     0.0110      
# span 14 = 0.0000e+00, 0.0000e+00      
# interval = meters: 1                  
# start_time = Aug 19 2015 15:06:00 [NMEA time, header]
# bad_flag = -9.990e-29
*END*
[from data line 1543]
   1553.000    1490.66    1490.66   1903.180   1553.000  1034.9994  1034.9991    34.9297    34.9295    1490.66    1490.66    6.00287      1.063     0.0006 0.0000e+00
   1554.000    1490.67    1490.67   1904.120   1554.000  1035.0042  1035.0039    34.9296    34.9294    1490.67    1490.67    6.00325      1.088     0.0005 0.0000e+00
   1555.000    1490.67    1490.68   1905.055   1555.000  1035.0089  1035.0089    34.9294    34.9294    1490.67    1490.68    6.00413      1.075     0.0004 0.0000e+00
   1556.000    1490.67    1490.67   1906.015   1556.000  1035.0140  1035.0139    34.9292    34.9292    1490.67    1490.67    6.00332      1.035     0.0008 0.0000e+00
   1557.000    1490.68    1490.69   1907.039   1557.000  1035.0187  1035.0186    34.9292    34.9290    1490.68    1490.69    6.00463      0.936     0.0006 0.0000e+00
   1558.000    1490.70    1490.70   1908.233   1558.000  1035.0233  1035.0231    34.9291    34.9289    1490.70    1490.70    6.00533      0.788     0.0006 0.0000e+00
   1559.000    1490.71    1490.71   1909.579   1559.000  1035.0280  1035.0278    34.9289    34.9288    1490.71    1490.71    6.00810      0.810     0.0006 0.0000e+00
   1560.000    1490.72    1490.72   1910.710   1560.000  1035.0328  1035.0326    34.9288    34.9286    1490.72    1490.72    6.00915      1.026     0.0005 0.0000e+00
   1561.000    1490.73    1490.73   1911.610   1561.000  1035.0375  1035.0375    34.9286    34.9287    1490.73    1490.73    6.00758      1.210     0.0005 0.0000e+00
   1562.000    1490.72    1490.73   1912.403   1562.000  1035.0421  1035.0424    34.9279    34.9283    1490.72    1490.73    6.00860      1.292     0.0004 0.0000e+00
   1563.000    1490.71    1490.72   1913.184   1563.000  1035.0475  1035.0475    34.9278    34.9279    1490.71    1490.72    6.00912      1.241     0.0006 0.0000e+00
   1564.000    1490.72    1490.73   1914.063   1564.000  1035.0524  1035.0522    34.9279    34.9278    1490.72    1490.73    6.01100      1.047     0.0007 0.0000e+00
   1565.000    1490.74    1490.74   1915.183   1565.000  1035.0570  1035.0568    34.9279    34.9277    1490.74    1490.74    6.01018      0.855     0.0006 0.0000e+00
   1566.000    1490.75    1490.76   1916.353   1566.000  1035.0616  1035.0614    34.9278    34.9277    1490.75    1490.76    6.01152      0.980     0.0007 0.0000e+00
   1567.000    1490.77    1490.77   1917.280   1567.000  1035.0664  1035.0662    34.9280    34.9276    1490.77    1490.77    6.01159      1.176     0.0003 0.0000e+00
   1568.000    1490.78    1490.78   1918.102   1568.000  1035.0710  1035.0708    34.9279    34.9276    1490.78    1490.78    6.01086      1.198     0.0006 0.0000e+00
   1569.000    1490.79    1490.80   1919.003   1569.000  1035.0756  1035.0754    34.9277    34.9275    1490.79    1490.79    6.00944      1.006     0.0004 0.0000e+00
   1570.000    1490.81    1490.81   1920.255   1570.000  1035.0804  1035.0802    34.9278    34.9275    1490.81    1490.81    6.01071      0.729     0.0005 0.0000e+00
   1571.000    1490.82    1490.82   1921.675   1571.000  1035.0850  1035.0847    34.9276    34.9274    1490.82    1490.82    6.01166      0.842     0.0007 0.0000e+00
   1572.000    1490.83    1490.84   1922.723   1572.000  1035.0898  1035.0895    34.9278    34.9275    1490.83    1490.84    6.01362      1.078     0.0005 0.0000e+00
   1573.000    1490.85    1490.85   1923.602   1573.000  1035.0944  1035.0941    34.9278    34.9275    1490.85    1490.85    6.01392      1.162     0.0005 0.0000e+00
   1574.000    1490.87    1490.87   1924.481   1574.000  1035.0989  1035.0988    34.9276    34.9276    1490.87    1490.87    6.01452      1.115     0.0005 0.0000e+00
   1575.000    1490.88    1490.88   1925.446   1575.000  1035.1035  1035.1034    34.9277    34.9276    1490.88    1490.88    6.01467      0.995     0.0002 0.0000e+00
   1576.000    1490.91    1490.91   1926.537   1576.000  1035.1085  1035.1082    34.9284    34.9280    1490.91    1490.91    6.01437      0.909     0.0006 0.0000e+00
   1577.000    1490.94    1490.94   1927.657   1577.000  1035.1134  1035.1129    34.9293    34.9287    1490.94    1490.94    6.01443      0.939     0.0006 0.0000e+00
   1578.000    1490.96    1490.96   1928.691   1578.000  1035.1183  1035.1179    34.9299    34.9296    1490.96    1490.96    6.01142      1.043     0.0007 0.0000e+00
   1579.000    1490.98    1490.98   1929.616   1579.000  1035.1228  1035.1224    34.9300    34.9296    1490.98    1490.98    6.01070      1.160     0.0006 0.0000e+00
   1580.000    1491.00    1491.00   1930.449   1580.000  1035.1274  1035.1272    34.9300    34.9297    1491.00    1491.00    6.00643      1.254     0.0005 0.0000e+00
   1581.000    1491.02    1491.02   1931.242   1581.000  1035.1321  1035.1317    34.9301    34.9297    1491.02    1491.02    6.00393      1.270     0.0006 0.0000e+00
   1582.000    1491.03    1491.03   1932.057   1582.000  1035.1368  1035.1365    34.9302    34.9299    1491.03    1491.03    6.00333      1.150     0.0006 0.0000e+00
   1583.000    1491.04    1491.05   1933.074   1583.000  1035.1415  1035.1414    34.9301    34.9300    1491.04    1491.05    6.00515      0.844     0.0006 0.0000e+00
   1584.000    1491.05    1491.05   1934.595   1584.000  1035.1464  1035.1461    34.9302    34.9299    1491.05    1491.05    6.00561      0.661     0.0006 0.0000e+00
   1585.000    1491.07    1491.07   1935.883   1585.000  1035.1511  1035.1509    34.9303    34.9302    1491.07    1491.07    6.00533      0.993     0.0005 0.0000e+00
   1586.000    1491.08    1491.09   1936.789   1586.000  1035.1558  1035.1555    34.9303    34.9300    1491.08    1491.09    6.00243      1.118     0.0005 0.0000e+00
   1587.000    1491.10    1491.10   1937.718   1587.000  1035.1604  1035.1602    34.9303    34.9301    1491.10    1491.10    6.00198      1.003     0.0005 0.0000e+00
   1588.000    1491.12    1491.12   1938.913   1588.000  1035.1650  1035.1647    34.9302    34.9300    1491.11    1491.12    6.00358      0.780     0.0007 0.0000e+00
   1589.000    1491.13    1491.13   1940.236   1589.000  1035.1697  1035.1694    34.9304    34.9301    1491.13    1491.13    6.00538      0.877     0.0006 0.0000e+00
   1590.000    1491.15    1491.15   1941.253   1590.000  1035.1743  1035.1742    34.9303    34.9302    1491.15    1491.15    6.00647      1.142     0.0005 0.0000e+00
   1591.000    1491.15    1491.15   1942.063   1591.000  1035.1791  1035.1790    34.9301    34.9300    1491.15    1491.15    6.00680      1.324     0.0005 0.0000e+00
   1592.000    1491.16    1491.17   1942.795   1592.000  1035.1838  1035.1837    34.9301    34.9300    1491.16    1491.16    6.00756      1.406     0.0005 0.0000e+00
   1593.000    1491.18    1491.18   1943.508   1593.000  1035.1885  1035.1884    34.9300    34.9299    1491.18    1491.18    6.00723      1.385     0.0004 0.0000e+00
   1594.000    1491.19    1491.19   1944.268   1594.000  1035.1931  1035.1930    34.9300    34.9299    1491.19    1491.19    6.00821      1.219     0.0005 0.0000e+00
   1595.000    1491.20    1491.20   1945.250   1595.000  1035.1978  1035.1975    34.9298    34.9296    1491.20    1491.20    6.00937      0.904     0.0005 0.0000e+00
   1596.000    1491.21    1491.22   1946.607   1596.000  1035.2024  1035.2021    34.9296    34.9294    1491.21    1491.22    6.01124      0.731     0.0006 0.0000e+00
   1597.000    1491.21    1491.22   1947.893   1597.000  1035.2070  1035.2070    34.9288    34.9290    1491.21    1491.21    6.01351      0.915     0.0007 0.0000e+00
   1598.000    1491.20    1491.21   1948.898   1598.000  1035.2119  1035.2120    34.9282    34.9285    1491.20    1491.21    6.01390      1.066     0.0006 0.0000e+00
   1599.000    1491.21    1491.21   1949.821   1599.000  1035.2168  1035.2167    34.9282    34.9281    1491.21    1491.21    6.01131      1.098     0.0003 0.0000e+00
   1600.000    1491.22    1491.22   1950.765   1600.000  1035.2216  1035.2213    34.9281    34.9279    1491.22    1491.22    6.01187      1.011     0.0005 0.0000e+00
   1601.000    1491.23    1491.24   1951.893   1601.000  1035.2261  1035.2258    34.9279    34.9277    1491.23    1491.24    6.01166      0.811     0.0006 0.0000e+00
   1602.000    1491.25    1491.25   1953.304   1602.000  1035.2307  1035.2305    34.9279    34.9276    1491.25    1491.25    6.01265      0.739     0.0006 0.0000e+00
   1603.000    1491.27    1491.27   1954.526   1603.000  1035.2356  1035.2354    34.9282    34.9280    1491.27    1491.27    6.01432      1.007     0.0004 0.0000e+00
   1604.000    1491.28    1491.29   1955.411   1604.000  1035.2401  1035.2400    34.9282    34.9282    1491.28    1491.28    6.01490      1.242     0.0004 0.0000e+00
   1605.000    1491.29    1491.29   1956.176   1605.000  1035.2449  1035.2449    34.9277    34.9279    1491.28    1491.29    6.01165      1.345     0.0006 0.0000e+00
   1606.000    1491.30    1491.30   1956.920   1606.000  1035.2496  1035.2498    34.9278    34.9279    1491.30    1491.30    6.01172      1.336     0.0005 0.0000e+00
   1607.000    1491.30    1491.30   1957.703   1607.000  1035.2545  1035.2544    34.9276    34.9275    1491.30    1491.30    6.01335      1.224     0.0005 0.0000e+00
   1608.000    1491.31    1491.32   1958.611   1608.000  1035.2594  1035.2592    34.9278    34.9275    1491.31    1491.32    6.01380      1.051     0.0005 0.0000e+00
   1609.000    1491.33    1491.33   1959.656   1609.000  1035.2639  1035.2637    34.9277    34.9274    1491.33    1491.33    6.01554      0.961     0.0006 0.0000e+00
   1610.000    1491.35    1491.35   1960.703   1610.000  1035.2686  1035.2683    34.9278    34.9275    1491.35    1491.35    6.01638      1.009     0.0006 0.0000e+00
   1611.000    1491.37    1491.37   1961.682   1611.000  1035.2731  1035.2728    34.9278    34.9276    1491.36    1491.37    6.01626      1.007     0.0006 0.0000e+00
   1612.000    1491.38    1491.38   1962.766   1612.000  1035.2777  1035.2775    34.9278    34.9276    1491.38    1491.38    6.01437      0.849     0.0006 0.0000e+00
   1613.000    1491.40    1491.40   1964.116   1613.000  1035.2827  1035.2825    34.9283    34.9281    1491.40    1491.40    6.01276      0.738     0.0006 0.0000e+00
   1614.000    1491.41    1491.42   1965.438   1614.000  1035.2875  1035.2872    34.9284    34.9283    1491.41    1491.42    6.01382      0.844     0.0006 0.0000e+00
   1615.000    1491.43    1491.43   1966.542   1615.000  1035.2921  1035.2919    34.9284    34.9282    1491.43    1491.43    6.01477      0.994     0.0006 0.0000e+00
   1616.000    1491.45    1491.45   1967.495   1616.000  1035.2969  1035.2966    34.9286    34.9283    1491.45    1491.45    6.01421      1.129     0.0006 0.0000e+00
   1617.000    1491.46    1491.46   1968.348   1617.000  1035.3015  1035.3011    34.9285    34.9283    1491.46    1491.46    6.01165      1.223     0.0006 0.0000e+00
   1618.000    1491.47    1491.47   1969.165   1618.000  1035.3059  1035.3060    34.9280    34.9282    1491.47    1491.47    6.01247      1.214     0.0008 0.0000e+00
   1619.000    1491.47    1491.47   1970.044   1619.000  1035.3113  1035.3110    34.9283    34.9282    1491.47    1491.47    6.01302      1.081     0.0007 0.0000e+00
   1620.000    1491.48    1491.48   1971.075   1620.000  1035.3163  1035.3162    34.9286    34.9284    1491.48    1491.48    6.01388      0.939     0.0005 0.0000e+00
   1621.000    1491.50    1491.50   1972.179   1621.000  1035.3209  1035.3207    34.9287    34.9285    1491.50    1491.50    6.01391      0.993     0.0005 0.0000e+00
   1622.000    1491.52    1491.52   1973.114   1622.000  1035.3256  1035.3252    34.9288    34.9284    1491.52    1491.52    6.01240      1.170     0.0006 0.0000e+00
   1623.000    1491.53    1491.53   1973.931   1623.000  1035.3302  1035.3300    34.9288    34.9286    1491.53    1491.53    6.01143      1.265     0.0005 0.0000e+00
   1624.000    1491.55    1491.55   1974.731   1624.000  1035.3350  1035.3347    34.9289    34.9287    1491.55    1491.55    6.01172      1.201     0.0005 0.0000e+00
   1625.000    1491.57    1491.57   1975.647   1625.000  1035.3396  1035.3392    34.9290    34.9286    1491.57    1491.57    6.01325      0.997     0.0005 0.0000e+00
   1626.000    1491.59    1491.59   1976.872   1626.000  1035.3439  1035.3438    34.9288    34.9287    1491.59    1491.59    6.01328      0.736     0.0005 0.0000e+00
   1627.000    1491.60    1491.60   1978.378   1627.000  1035.3486  1035.3483    34.9289    34.9286    1491.60    1491.60    6.01349      0.690     0.0006 0.0000e+00
   1628.000    1491.62    1491.62   1979.778   1628.000  1035.3534  1035.3530    34.9292    34.9289    1491.62    1491.62    6.01340      0.772     0.0005 0.0000e+00
   1629.000    1491.64    1491.64   1980.995   1629.000  1035.3583  1035.3579    34.9295    34.9291    1491.64    1491.64    6.01544      0.964     0.0006 0.0000e+00
   1630.000    1491.65    1491.66   1981.936   1630.000  1035.3629  1035.3627    34.9297    34.9295    1491.65    1491.66    6.01664      1.226     0.0006 0.0000e+00
   1631.000    1491.67    1491.67   1982.689   1631.000  1035.3677  1035.3673    34.9299    34.9295    1491.67    1491.67    6.01322      1.419     0.0005 0.0000e+00
   1632.000    1491.69    1491.69   1983.368   1632.000  1035.3723  1035.3721    34.9299    34.9297    1491.69    1491.69    6.01287      1.485     0.0005 0.0000e+00
   1633.000    1491.71    1491.71   1984.052   1633.000  1035.3768  1035.3766    34.9298    34.9297    1491.71    1491.71    6.01109      1.394     0.0004 0.0000e+00
   1634.000    1491.72    1491.72   1984.846   1634.000  1035.3815  1035.3812    34.9299    34.9297    1491.72    1491.73    6.01147      1.135     0.0006 0.0000e+00
   1635.000    1491.74    1491.74   1985.972   1635.000  1035.3861  1035.3859    34.9299    34.9297    1491.74    1491.74    6.01009      0.813     0.0005 0.0000e+00
   1636.000    1491.76    1491.76   1987.302   1636.000  1035.3906  1035.3905    34.9299    34.9298    1491.76    1491.76    6.01294      0.849     0.0005 0.0000e+00
   1637.000    1491.77    1491.78   1988.364   1637.000  1035.3954  1035.3950    34.9300    34.9298    1491.77    1491.78    6.01481      1.074     0.0006 0.0000e+00
   1638.000    1491.79    1491.79   1989.238   1638.000  1035.4000  1035.3999    34.9300    34.9299    1491.79    1491.79    6.01279      1.169     0.0006 0.0000e+00
   1639.000    1491.80    1491.80   1990.122   1639.000  1035.4048  1035.4047    34.9300    34.9299    1491.80    1491.80    6.01258      1.066     0.0006 0.0000e+00
   1640.000    1491.81    1491.81   1991.233   1640.000  1035.4098  1035.4095    34.9302    34.9300    1491.81    1491.81    6.01288      0.787     0.0006 0.0000e+00
   1641.000    1491.83    1491.83   1992.730   1641.000  1035.4144  1035.4142    34.9302    34.9300    1491.82    1491.83    6.01326      0.726     0.0006 0.0000e+00
   1642.000    1491.84    1491.84   1993.920   1642.000  1035.4191  1035.4188    34.9303    34.9302    1491.84    1491.84    6.01289      1.022     0.0006 0.0000e+00
   1643.000    1491.86    1491.86   1994.807   1643.000  1035.4237  1035.4235    34.9305    34.9302    1491.86    1491.86    6.01128      1.186     0.0005 0.0000e+00
   1644.000    1491.88    1491.88   1995.651   1644.000  1035.4285  1035.4282    34.9306    34.9304    1491.88    1491.88    6.00954      1.169     0.0005 0.0000e+00
   1645.000    1491.89    1491.90   1996.563   1645.000  1035.4331  1035.4329    34.9307    34.9305    1491.89    1491.90    6.00674      1.057     0.0005 0.0000e+00
   1646.000    1491.91    1491.91   1997.573   1646.000  1035.4377  1035.4375    34.9308    34.9306    1491.91    1491.91    6.00651      1.025     0.0005 0.0000e+00
   1647.000    1491.93    1491.93   1998.526   1647.000  1035.4424  1035.4421    34.9309    34.9307    1491.93    1491.93    6.00574      1.132     0.0005 0.0000e+00
