Ship_data/Irminger/Irminger-2/ctd/process/at30_006_SV.cnv
* Sea-Bird SBE 9 Data File:
* FileName = C:\data\ctd\at30_006.hdr
* Software Version Seasave V 7.21f
* Temperature SN = 2265
* Conductivity SN = 3021
* Number of Bytes Per Scan = 40
* Number of Voltage Words = 5
* Number of Scans Averaged by the Deck Unit = 1
* NMEA Latitude = 59 51.06 N
* NMEA Longitude = 039 05.71 W
* NMEA UTC (Time) = Aug 17 2015  17:02:11
# nquan = 15
# nvalues = 1001                        
# units = specified
# name 0 = depSM: Depth [salt water, m]
# name 1 = svCM: Sound Velocity [Chen-Millero, m/s]
# name 2 = svCM1: Sound Velocity, 2 [Chen-Millero, m/s]
# name 3 = timeS: Time, Elapsed [seconds]
# name 4 = depSM: Depth [salt water, m]
# name 5 = density00: Density [density, Kg/m^3]
# name 6 = density11: Density, 2 [density, Kg/m^3]
# name 7 = sal00: Salinity, Practical [PSU]
# name 8 = sal11: Salinity, Practical, 2 [PSU]
# name 9 = svCM: Sound Velocity [Chen-Millero, m/s]
# name 10 = svCM1: Sound Velocity, 2 [Chen-Millero, m/s]
# name 11 = sbeox0ML/L: Oxygen, SBE 43 [ml/l]
# name 12 = dz/dtM: Descent Rate [m/s]
# name 13 = T2-T190C: Temperature Difference, 2 - 1 [ITS-90, deg C]
# name 14 = flag:
# span 0 =      1.000,   1001.000       
# span 1 =    1469.68,    1484.76       
# span 2 =    1469.68,    1484.78       
# span 3 =     -0.063,   1485.541       
# span 4 =      1.000,   1001.000       
# span 5 =  1027.0876,  1032.4091       
# span 6 =  1027.0873,  1032.4088       
# span 7 =    34.8592,    34.9195       
# span 8 =    34.8672,    34.9208       
# span 9 =    1469.68,    1484.76       
# span 10 =    1469.68,    1484.78      
# span 11 =    6.46850,    6.92407      
# span 12 =     -0.025,      1.676      
# span 13 =    -0.1145,     0.0626      
# span 14 = 0.0000e+00, 0.0000e+00      
# interval = meters: 1                  
# start_time = Aug 17 2015 17:02:11 [NMEA time, header]
# bad_flag = -9.990e-29
*END*
[from data line 290]
    291.000    1470.77    1470.77    576.364    291.000  1029.0916  1029.0920    34.9070    34.9077    1470.77    1470.77    6.55849      1.417    -0.0000 0.0000e+00
    292.000    1470.79    1470.79    577.211    292.000  1029.0962  1029.0967    34.9070    34.9075    1470.79    1470.79    6.56051      0.964     0.0001 0.0000e+00
    293.000    1470.80    1470.81    579.237    293.000  1029.1007  1029.1011    34.9068    34.9074    1470.80    1470.81    6.56276      0.390     0.0000 0.0000e+00
    294.000    1470.82    1470.82    581.031    294.000  1029.1055  1029.1061    34.9069    34.9075    1470.82    1470.82    6.56976      1.072    -0.0001 0.0000e+00
    295.000    1470.83    1470.83    581.777    295.000  1029.1104  1029.1108    34.9069    34.9076    1470.83    1470.83    6.56932      1.454     0.0000 0.0000e+00
    296.000    1470.85    1470.85    582.411    296.000  1029.1152  1029.1156    34.9071    34.9077    1470.85    1470.85    6.56717      1.631    -0.0001 0.0000e+00
    297.000    1470.87    1470.87    583.011    297.000  1029.1201  1029.1204    34.9077    34.9079    1470.87    1470.87    6.56143      1.676    -0.0001 0.0000e+00
    298.000    1470.89    1470.89    583.607    298.000  1029.1248  1029.1252    34.9078    34.9084    1470.89    1470.89    6.55874      1.477    -0.0000 0.0000e+00
    299.000    1470.91    1470.91    584.638    299.000  1029.1293  1029.1296    34.9076    34.9081    1470.91    1470.91    6.55811      0.781     0.0002 0.0000e+00
    300.000    1470.93    1470.93    586.468    300.000  1029.1340  1029.1344    34.9076    34.9082    1470.93    1470.93    6.56160      0.640     0.0003 0.0000e+00
    301.000    1470.95    1470.95    587.636    301.000  1029.1388  1029.1393    34.9079    34.9085    1470.95    1470.95    6.56034      1.066     0.0001 0.0000e+00
    302.000    1470.96    1470.96    588.472    302.000  1029.1436  1029.1440    34.9077    34.9084    1470.96    1470.96    6.56038      1.270     0.0001 0.0000e+00
    303.000    1470.96    1470.96    589.233    303.000  1029.1482  1029.1488    34.9072    34.9081    1470.96    1470.96    6.56054      1.316     0.0004 0.0000e+00
    304.000    1470.97    1470.97    590.010    304.000  1029.1532  1029.1536    34.9074    34.9078    1470.97    1470.97    6.55976      1.250     0.0002 0.0000e+00
    305.000    1470.98    1470.98    590.861    305.000  1029.1577  1029.1582    34.9071    34.9077    1470.98    1470.98    6.56202      1.151     0.0001 0.0000e+00
    306.000    1470.97    1470.98    591.778    306.000  1029.1620  1029.1630    34.9058    34.9070    1470.97    1470.97    6.56405      1.039     0.0008 0.0000e+00
    307.000    1470.98    1470.98    592.885    307.000  1029.1671  1029.1677    34.9060    34.9067    1470.98    1470.98    6.56577      0.769    -0.0001 0.0000e+00
    308.000    1470.99    1470.99    594.616    308.000  1029.1714  1029.1722    34.9055    34.9062    1470.99    1470.98    6.57078      0.570    -0.0025 0.0000e+00
    309.000    1470.97    1470.97    596.008    309.000  1029.1758  1029.1771    34.9036    34.9053    1470.96    1470.97    6.57572      1.063     0.0002 0.0000e+00
    310.000    1470.94    1470.94    596.776    310.000  1029.1814  1029.1821    34.9033    34.9042    1470.94    1470.94    6.57686      1.434    -0.0004 0.0000e+00
    311.000    1470.94    1470.94    597.420    311.000  1029.1865  1029.1869    34.9036    34.9041    1470.94    1470.94    6.57324      1.615     0.0001 0.0000e+00
    312.000    1470.96    1470.96    598.022    312.000  1029.1912  1029.1915    34.9035    34.9040    1470.96    1470.96    6.56984      1.638     0.0001 0.0000e+00
    313.000    1470.97    1470.97    598.635    313.000  1029.1954  1029.1962    34.9029    34.9038    1470.97    1470.97    6.57335      1.382     0.0003 0.0000e+00
    314.000    1470.98    1470.99    599.999    314.000  1029.2003  1029.2007    34.9030    34.9036    1470.98    1470.99    6.57664      0.587     0.0011 0.0000e+00
    315.000    1470.98    1470.98    601.947    315.000  1029.2045  1029.2056    34.9015    34.9029    1470.98    1470.98    6.57510      0.831    -0.0002 0.0000e+00
    316.000    1470.94    1470.94    602.863    316.000  1029.2100  1029.2106    34.9008    34.9017    1470.94    1470.94    6.57800      1.249     0.0003 0.0000e+00
    317.000    1470.95    1470.95    603.592    317.000  1029.2151  1029.2155    34.9010    34.9015    1470.94    1470.95    6.57953      1.418     0.0001 0.0000e+00
    318.000    1470.96    1470.96    604.286    318.000  1029.2197  1029.2201    34.9010    34.9015    1470.96    1470.96    6.58040      1.394 5.6412e-07 0.0000e+00
    319.000    1470.98    1470.98    605.051    319.000  1029.2250  1029.2249    34.9017    34.9017    1470.98    1470.98    6.58338      1.191     0.0006 0.0000e+00
    320.000    1471.03    1471.03    606.055    320.000  1029.2294  1029.2296    34.9026    34.9029    1471.03    1471.03    6.58360      0.895    -0.0000 0.0000e+00
    321.000    1471.05    1471.05    607.377    321.000  1029.2339  1029.2343    34.9025    34.9030    1471.05    1471.05    6.58187      0.722     0.0002 0.0000e+00
    322.000    1471.07    1471.07    608.729    322.000  1029.2386  1029.2390    34.9026    34.9030    1471.07    1471.07    6.58493      0.862     0.0002 0.0000e+00
    323.000    1471.07    1471.08    609.748    323.000  1029.2432  1029.2439    34.9020    34.9029    1471.07    1471.08    6.58504      1.116     0.0003 0.0000e+00
    324.000    1471.08    1471.08    610.578    324.000  1029.2483  1029.2487    34.9022    34.9026    1471.08    1471.08    6.58681      1.268     0.0003 0.0000e+00
    325.000    1471.09    1471.09    611.346    325.000  1029.2522  1029.2533    34.9009    34.9023    1471.09    1471.09    6.58619      1.277    -0.0001 0.0000e+00
    326.000    1471.08    1471.08    612.168    326.000  1029.2577  1029.2582    34.9010    34.9017    1471.08    1471.08    6.58792      1.132     0.0002 0.0000e+00
    327.000    1471.09    1471.09    613.204    327.000  1029.2622  1029.2628    34.9008    34.9015    1471.09    1471.09    6.58956      0.862     0.0001 0.0000e+00
    328.000    1471.09    1471.10    614.591    328.000  1029.2668  1029.2675    34.9003    34.9010    1471.09    1471.09    6.59072      0.701     0.0001 0.0000e+00
    329.000    1471.09    1471.09    615.959    329.000  1029.2717  1029.2721    34.8997    34.9004    1471.09    1471.09    6.59325      0.864     0.0004 0.0000e+00
    330.000    1471.08    1471.09    616.971    330.000  1029.2765  1029.2770    34.8992    34.8999    1471.08    1471.08    6.59797      1.145    -0.0001 0.0000e+00
    331.000    1471.08    1471.08    617.775    331.000  1029.2810  1029.2819    34.8983    34.8993    1471.07    1471.08    6.59611      1.334     0.0001 0.0000e+00
    332.000    1471.07    1471.08    618.493    332.000  1029.2860  1029.2866    34.8981    34.8989    1471.07    1471.07    6.59776      1.378     0.0002 0.0000e+00
    333.000    1471.07    1471.07    619.243    333.000  1029.2909  1029.2915    34.8975    34.8984    1471.07    1471.07    6.59994      1.258     0.0001 0.0000e+00
    334.000    1471.07    1471.07    620.155    334.000  1029.2958  1029.2963    34.8974    34.8981    1471.07    1471.07    6.60177      0.979    -0.0002 0.0000e+00
    335.000    1471.09    1471.09    621.351    335.000  1029.3004  1029.3009    34.8974    34.8979    1471.09    1471.09    6.60287      0.834     0.0000 0.0000e+00
    336.000    1471.10    1471.10    622.529    336.000  1029.3052  1029.3055    34.8975    34.8979    1471.10    1471.10    6.60097      0.918     0.0001 0.0000e+00
    337.000    1471.12    1471.12    623.568    337.000  1029.3099  1029.3103    34.8975    34.8980    1471.12    1471.12    6.59748      0.994     0.0000 0.0000e+00
    338.000    1471.14    1471.14    624.586    338.000  1029.3146  1029.3151    34.8975    34.8980    1471.14    1471.14    6.60052      0.963     0.0000 0.0000e+00
    339.000    1471.16    1471.16    625.669    339.000  1029.3196  1029.3197    34.8981    34.8984    1471.16    1471.16    6.60059      0.938    -0.0000 0.0000e+00
    340.000    1471.18    1471.18    626.724    340.000  1029.3242  1029.3245    34.8982    34.8986    1471.18    1471.18    6.60235      0.994     0.0001 0.0000e+00
    341.000    1471.20    1471.20    627.710    341.000  1029.3289  1029.3292    34.8981    34.8987    1471.20    1471.20    6.60244      1.021    -0.0000 0.0000e+00
    342.000    1471.22    1471.22    628.722    342.000  1029.3335  1029.3340    34.8982    34.8987    1471.22    1471.22    6.60365      0.969    -0.0002 0.0000e+00
    343.000    1471.23    1471.23    629.793    343.000  1029.3381  1029.3385    34.8981    34.8986    1471.23    1471.23    6.60383      0.945     0.0001 0.0000e+00
    344.000    1471.25    1471.25    630.847    344.000  1029.3431  1029.3433    34.8986    34.8986    1471.25    1471.25    6.60220      1.001    -0.0006 0.0000e+00
    345.000    1471.29    1471.29    631.814    345.000  1029.3481  1029.3480    34.8996    34.8996    1471.29    1471.29    6.59922      1.077     0.0011 0.0000e+00
    346.000    1471.33    1471.33    632.732    346.000  1029.3524  1029.3528    34.8998    34.9004    1471.33    1471.33    6.59951      1.107     0.0004 0.0000e+00
    347.000    1471.37    1471.37    633.647    347.000  1029.3577  1029.3577    34.9013    34.9014    1471.37    1471.37    6.59867      1.085     0.0009 0.0000e+00
    348.000    1471.41    1471.41    634.597    348.000  1029.3624  1029.3624    34.9024    34.9023    1471.42    1471.41    6.59809      1.049    -0.0006 0.0000e+00
    349.000    1471.43    1471.44    635.579    349.000  1029.3668  1029.3672    34.9021    34.9026    1471.44    1471.44    6.59930      1.021     0.0001 0.0000e+00
    350.000    1471.45    1471.45    636.572    350.000  1029.3712  1029.3717    34.9018    34.9024    1471.45    1471.45    6.59509      1.017     0.0001 0.0000e+00
    351.000    1471.46    1471.46    637.572    351.000  1029.3757  1029.3765    34.9012    34.9021    1471.46    1471.46    6.59289      0.982    -0.0003 0.0000e+00
    352.000    1471.45    1471.45    638.661    352.000  1029.3809  1029.3815    34.9010    34.9016    1471.45    1471.45    6.59402      0.851    -0.0000 0.0000e+00
    353.000    1471.46    1471.46    640.014    353.000  1029.3857  1029.3860    34.9011    34.9015    1471.46    1471.46    6.59376      0.709     0.0002 0.0000e+00
    354.000    1471.48    1471.48    641.371    354.000  1029.3904  1029.3906    34.9011    34.9015    1471.48    1471.48    6.59338      0.890     0.0002 0.0000e+00
    355.000    1471.50    1471.50    642.346    355.000  1029.3950  1029.3953    34.9011    34.9014    1471.50    1471.50    6.59302      1.171     0.0001 0.0000e+00
    356.000    1471.51    1471.51    643.131    356.000  1029.3998  1029.4003    34.9011    34.9017    1471.51    1471.51    6.59039      1.313 5.6468e-07 0.0000e+00
    357.000    1471.52    1471.53    643.884    357.000  1029.4044  1029.4049    34.9010    34.9015    1471.52    1471.53    6.58967      1.278     0.0001 0.0000e+00
    358.000    1471.54    1471.54    644.741    358.000  1029.4091  1029.4094    34.9007    34.9013    1471.54    1471.54    6.59220      1.065    -0.0001 0.0000e+00
    359.000    1471.53    1471.53    645.853    359.000  1029.4136  1029.4142    34.9000    34.9007    1471.53    1471.53    6.59722      0.836     0.0001 0.0000e+00
    360.000    1471.55    1471.55    647.141    360.000  1029.4187  1029.4191    34.9003    34.9008    1471.55    1471.55    6.60353      0.798     0.0005 0.0000e+00
    361.000    1471.57    1471.57    648.350    361.000  1029.4235  1029.4237    34.9006    34.9009    1471.57    1471.57    6.59987      0.911     0.0002 0.0000e+00
    362.000    1471.58    1471.59    649.377    362.000  1029.4281  1029.4285    34.9006    34.9010    1471.58    1471.59    6.59864      1.077     0.0001 0.0000e+00
    363.000    1471.60    1471.60    650.254    363.000  1029.4327  1029.4331    34.9006    34.9010    1471.60    1471.60    6.59678      1.193     0.0002 0.0000e+00
    364.000    1471.62    1471.62    651.072    364.000  1029.4375  1029.4379    34.9005    34.9011    1471.62    1471.62    6.59468      1.240     0.0001 0.0000e+00
    365.000    1471.63    1471.63    651.892    365.000  1029.4421  1029.4425    34.9004    34.9009    1471.63    1471.63    6.59346      1.169     0.0002 0.0000e+00
    366.000    1471.64    1471.64    652.834    366.000  1029.4467  1029.4473    34.8999    34.9006    1471.64    1471.64    6.59440      0.956    -0.0002 0.0000e+00
    367.000    1471.64    1471.64    654.126    367.000  1029.4514  1029.4518    34.8994    34.9000    1471.64    1471.64    6.60011      0.692     0.0002 0.0000e+00
    368.000    1471.64    1471.64    655.642    368.000  1029.4562  1029.4565    34.8991    34.8997    1471.64    1471.64    6.60258      0.780     0.0000 0.0000e+00
    369.000    1471.65    1471.65    656.718    369.000  1029.4611  1029.4614    34.8991    34.8996    1471.65    1471.65    6.60309      1.122    -0.0002 0.0000e+00
    370.000    1471.66    1471.66    657.517    370.000  1029.4658  1029.4661    34.8991    34.8993    1471.66    1471.66    6.60129      1.311    -0.0015 0.0000e+00
    371.000    1471.68    1471.68    658.259    371.000  1029.4703  1029.4708    34.8990    34.8995    1471.68    1471.68    6.59885      1.265    -0.0006 0.0000e+00
    372.000    1471.69    1471.69    659.185    372.000  1029.4750  1029.4755    34.8987    34.8994    1471.69    1471.69    6.59922      0.917     0.0002 0.0000e+00
    373.000    1471.70    1471.70    660.639    373.000  1029.4797  1029.4800    34.8986    34.8990    1471.70    1471.70    6.60291      0.670     0.0002 0.0000e+00
    374.000    1471.71    1471.71    661.936    374.000  1029.4844  1029.4849    34.8982    34.8988    1471.71    1471.71    6.60483      0.979    -0.0005 0.0000e+00
    375.000    1471.71    1471.72    662.826    375.000  1029.4893  1029.4896    34.8982    34.8987    1471.71    1471.71    6.60519      1.278     0.0001 0.0000e+00
    376.000    1471.73    1471.73    663.548    376.000  1029.4943  1029.4944    34.8984    34.8987    1471.73    1471.73    6.60536      1.429     0.0001 0.0000e+00
    377.000    1471.75    1471.75    664.231    377.000  1029.4989  1029.4990    34.8985    34.8988    1471.75    1471.75    6.60469      1.417    -0.0002 0.0000e+00
    378.000    1471.77    1471.77    664.986    378.000  1029.5035  1029.5039    34.8986    34.8991    1471.77    1471.77    6.60503      1.210     0.0003 0.0000e+00
    379.000    1471.79    1471.79    666.009    379.000  1029.5081  1029.5085    34.8985    34.8991    1471.79    1471.79    6.60479      0.843     0.0002 0.0000e+00
    380.000    1471.80    1471.80    667.532    380.000  1029.5128  1029.5131    34.8986    34.8989    1471.80    1471.80    6.60551      0.624     0.0002 0.0000e+00
    381.000    1471.82    1471.82    669.021    381.000  1029.5175  1029.5179    34.8984    34.8990    1471.82    1471.82    6.60665      0.819     0.0003 0.0000e+00
    382.000    1471.83    1471.83    670.090    382.000  1029.5223  1029.5227    34.8985    34.8990    1471.83    1471.83    6.60742      1.056     0.0001 0.0000e+00
    383.000    1471.84    1471.84    670.969    383.000  1029.5271  1029.5275    34.8986    34.8990    1471.84    1471.84    6.60590      1.200     0.0001 0.0000e+00
    384.000    1471.86    1471.86    671.784    384.000  1029.5320  1029.5321    34.8990    34.8991    1471.86    1471.86    6.60507      1.191     0.0004 0.0000e+00
    385.000    1471.89    1471.88    672.706    385.000  1029.5364  1029.5369    34.8988    34.8993    1471.89    1471.88    6.60719      0.973    -0.0005 0.0000e+00
