Ship_data/Irminger/Irminger-2/ctd/process/at30_007_SV.cnv
* Sea-Bird SBE 9 Data File:
* FileName = C:\data\ctd\at30_007.hdr
* Software Version Seasave V 7.21f
* Temperature SN = 2265
* Conductivity SN = 3021
* Number of Bytes Per Scan = 40
* Number of Voltage Words = 5
* Number of Scans Averaged by the Deck Unit = 1
* NMEA Latitude = 59 46.29 N
* NMEA Longitude = 039 52.92 W
* NMEA UTC (Time) = Aug 17 2015  23:01:49
** Site of FLMA 2015 -- need to confirm bottom depth
# nquan = 15
# nvalues = 2675                        
# units = specified
# name 0 = depSM: Depth [salt water, m]
# name 1 = svCM: Sound Velocity [Chen-Millero, m/s]
# name 2 = svCM1: Sound Velocity, 2 [Chen-Millero, m/s]
# name 3 = timeS: Time, Elapsed [seconds]
# name 4 = depSM: Depth [salt water, m]
# name 5 = density00: Density [density, Kg/m^3]
# name 6 = density11: Density, 2 [density, Kg/m^3]
# name 7 = sal00: Salinity, Practical [PSU]
# name 8 = sal11: Salinity, Practical, 2 [PSU]
# name 9 = svCM: Sound Velocity [Chen-Millero, m/s]
# name 10 = svCM1: Sound Velocity, 2 [Chen-Millero, m/s]
# name 11 = sbeox0ML/L: Oxygen, SBE 43 [ml/l]
# name 12 = dz/dtM: Descent Rate [m/s]
# name 13 = T2-T190C: Temperature Difference, 2 - 1 [ITS-90, deg C]
# name 14 = flag:
# span 0 =      5.000,   2679.000       
# span 1 =    1469.81,    1502.03       
# span 2 =    1469.81,    1502.04       
# span 3 =     17.110,   3228.210       
# span 4 =      5.000,   2679.000       
# span 5 =  1027.0958,  1040.4121       
# span 6 =  1027.0953,  1040.4117       
# span 7 =    34.8505,    34.9335       
# span 8 =    34.8550,    34.9332       
# span 9 =    1469.81,    1502.03       
# span 10 =    1469.81,    1502.04      
# span 11 =    6.00866,    6.92904      
# span 12 =     -0.003,      1.669      
# span 13 =    -0.0535,     0.0812      
# span 14 = 0.0000e+00, 0.0000e+00      
# interval = meters: 1                  
# start_time = Aug 17 2015 23:01:49 [NMEA time, header]
# bad_flag = -9.990e-29
*END*
      5.000    1484.53    1484.53     17.110      5.000  1027.0958  1027.0953    34.8560    34.8554    1484.53    1484.53    6.51071      0.068    -0.0006 0.0000e+00
      6.000    1484.61    1484.61     58.962      6.000  1027.0985  1027.0977    34.8568    34.8560    1484.61    1484.61    6.51334      0.315     0.0015 0.0000e+00
      7.000    1484.63    1484.63     58.110      7.000  1027.1002  1027.1028    34.8534    34.8564    1484.63    1484.62    6.51227      0.636    -0.0017 0.0000e+00
      8.000    1484.50    1484.49     59.856      8.000  1027.1124  1027.1128    34.8552    34.8554    1484.50    1484.49    6.52364      0.494    -0.0019 0.0000e+00
      9.000    1484.50    1484.49     62.048      9.000  1027.1182  1027.1180    34.8556    34.8551    1484.49    1484.49    6.53029      0.540    -0.0020 0.0000e+00
     10.000    1484.50    1484.50     63.568     10.000  1027.1238  1027.1230    34.8559    34.8552    1484.50    1484.50    6.53440      0.723     0.0005 0.0000e+00
     11.000    1484.57    1484.57     65.374     11.000  1027.1262  1027.1255    34.8564    34.8557    1484.57    1484.57    6.53066      0.423     0.0003 0.0000e+00
     12.000    1484.50    1484.57     68.386     12.000  1027.1335  1027.1309    34.8552    34.8556    1484.50    1484.57    6.52848      0.487     0.0187 0.0000e+00
     13.000    1484.38    1484.41     69.716     13.000  1027.1434  1027.1426    34.8543    34.8550    1484.37    1484.41    6.53789      0.843     0.0090 0.0000e+00
     14.000    1484.51    1484.54     70.954     14.000  1027.1460  1027.1432    34.8584    34.8561    1484.52    1484.54    6.54030      0.671     0.0065 0.0000e+00
     15.000    1484.57    1484.63     73.903     15.000  1027.1473  1027.1443    34.8564    34.8555    1484.57    1484.63    6.54030      0.251     0.0146 0.0000e+00
     16.000    1484.71    1484.71     76.078     16.000  1027.1473  1027.1469    34.8570    34.8565    1484.71    1484.71    6.53521      0.765    -0.0001 0.0000e+00
     17.000    1484.72    1484.71     77.271     17.000  1027.1526  1027.1521    34.8573    34.8564    1484.72    1484.71    6.52809      0.762    -0.0019 0.0000e+00
     18.000    1484.74    1484.75     79.347     18.000  1027.1566  1027.1555    34.8570    34.8560    1484.74    1484.75    6.52830      0.373     0.0026 0.0000e+00
     19.000    1484.77    1484.76     81.995     19.000  1027.1605  1027.1605    34.8567    34.8563    1484.77    1484.76    6.51868      0.604    -0.0019 0.0000e+00
     20.000    1484.56    1484.37     83.417     20.000  1027.1726  1027.1825    34.8542    34.8563    1484.56    1484.36    6.53282      0.673    -0.0535 0.0000e+00
     21.000    1484.59    1484.55     85.122     21.000  1027.1799  1027.1807    34.8581    34.8571    1484.59    1484.55    6.53874      0.511    -0.0100 0.0000e+00
     22.000    1483.98    1483.93     87.421     22.000  1027.2133  1027.2170    34.8610    34.8631    1483.97    1483.92    6.58274      0.441    -0.0139 0.0000e+00
     23.000    1483.95    1483.95     89.408     23.000  1027.2258  1027.2253    34.8686    34.8681    1483.95    1483.95    6.62182      0.535     0.0010 0.0000e+00
     24.000    1483.98    1483.98     91.660     24.000  1027.2308  1027.2305    34.8696    34.8693    1483.98    1483.98    6.63366      0.397     0.0009 0.0000e+00
     25.000    1484.00    1484.01     93.821     25.000  1027.2360  1027.2358    34.8708    34.8707    1484.00    1484.00    6.63169      0.679     0.0004 0.0000e+00
     26.000    1483.97    1483.97     95.055     26.000  1027.2423  1027.2433    34.8702    34.8712    1483.96    1483.96    6.62450      0.795    -0.0011 0.0000e+00
     27.000    1483.95    1483.96     97.022     27.000  1027.2496  1027.2494    34.8719    34.8718    1483.95    1483.95    6.62619      0.394     0.0009 0.0000e+00
     28.000    1483.91    1483.91    100.234     28.000  1027.2549  1027.2565    34.8695    34.8715    1483.90    1483.90    6.63353      0.645    -0.0011 0.0000e+00
     29.000    1483.75    1483.75    101.237     29.000  1027.2659  1027.2681    34.8687    34.8714    1483.75    1483.75    6.63523      0.949    -0.0009 0.0000e+00
     30.000    1483.49    1483.49    102.463     30.000  1027.2820  1027.2845    34.8690    34.8720    1483.48    1483.48    6.65775      0.622    -0.0010 0.0000e+00
     31.000    1483.54    1483.53    106.112     31.000  1027.2886  1027.2872    34.8729    34.8710    1483.54    1483.53    6.66376      0.215    -0.0010 0.0000e+00
     32.000    1483.00    1483.00    107.403     32.000  1027.3096  1027.3137    34.8651    34.8702    1482.98    1482.99    6.68380      0.874    -0.0013 0.0000e+00
     33.000    1482.89    1482.89    108.638     33.000  1027.3228  1027.3234    34.8695    34.8703    1482.88    1482.88    6.70027      0.670     0.0000 0.0000e+00
     34.000    1482.88    1482.87    111.101     34.000  1027.3290  1027.3284    34.8704    34.8694    1482.87    1482.87    6.69510      0.333    -0.0014 0.0000e+00
     35.000    1482.75    1482.75    113.295     35.000  1027.3370  1027.3391    34.8675    34.8701    1482.74    1482.75    6.69476      0.613    -0.0002 0.0000e+00
     36.000    1482.46    1482.47    115.028     36.000  1027.3530  1027.3544    34.8666    34.8684    1482.45    1482.46    6.71190      0.494     0.0006 0.0000e+00
     37.000    1482.19    1482.19    117.312     37.000  1027.3656  1027.3684    34.8624    34.8659    1482.18    1482.18    6.72297      0.517    -0.0002 0.0000e+00
     38.000    1481.44    1481.45    118.827     38.000  1027.3932  1027.4010    34.8538    34.8633    1481.42    1481.42    6.75761      0.719    -0.0020 0.0000e+00
     39.000    1480.81    1481.09    120.742     39.000  1027.4247  1027.4177    34.8564    34.8610    1480.79    1481.07    6.80708      0.403     0.0731 0.0000e+00
     40.000    1480.32    1480.33    123.602     40.000  1027.4475  1027.4484    34.8553    34.8565    1480.30    1480.30    6.81376      0.609     0.0012 0.0000e+00
     41.000    1479.84    1479.85    124.724     41.000  1027.4724  1027.4763    34.8576    34.8624    1479.82    1479.82    6.82423      0.884    -0.0008 0.0000e+00
     42.000    1479.79    1479.77    126.938     42.000  1027.4839  1027.4834    34.8635    34.8619    1479.78    1479.76    6.81977      0.337    -0.0050 0.0000e+00
     43.000    1479.26    1479.20    129.848     43.000  1027.4983  1027.5106    34.8505    34.8629    1479.23    1479.18    6.82049      0.783    -0.0187 0.0000e+00
     44.000    1478.80    1478.80    130.850     44.000  1027.5245  1027.5304    34.8559    34.8631    1478.77    1478.78    6.85530      0.957    -0.0011 0.0000e+00
     45.000    1478.33    1478.34    131.950     45.000  1027.5492  1027.5535    34.8593    34.8647    1478.31    1478.31    6.88478      0.801    -0.0005 0.0000e+00
     46.000    1478.09    1478.18    134.659     46.000  1027.5658  1027.5640    34.8631    34.8649    1478.07    1478.17    6.87938      0.267     0.0239 0.0000e+00
     47.000    1477.70    1477.70    137.799     47.000  1027.5856  1027.5884    34.8641    34.8672    1477.68    1477.68    6.86723      0.735    -0.0018 0.0000e+00
     48.000    1477.30    1477.30    138.846     48.000  1027.6018  1027.6075    34.8604    34.8672    1477.27    1477.27    6.88378      0.970    -0.0020 0.0000e+00
     49.000    1476.97    1476.96    139.905     49.000  1027.6201  1027.6239    34.8626    34.8670    1476.94    1476.94    6.90360      0.811    -0.0020 0.0000e+00
     50.000    1476.93    1476.90    142.932     50.000  1027.6300  1027.6304    34.8673    34.8662    1476.92    1476.88    6.88860      0.202    -0.0084 0.0000e+00
     51.000    1476.38    1476.38    145.370     51.000  1027.6526  1027.6552    34.8657    34.8689    1476.37    1476.37    6.89622      0.852    -0.0009 0.0000e+00
     52.000    1476.08    1476.08    146.423     52.000  1027.6669  1027.6700    34.8643    34.8681    1476.06    1476.06    6.91201      0.850    -0.0015 0.0000e+00
     53.000    1475.62    1475.62    147.831     53.000  1027.6837  1027.6904    34.8598    34.8679    1475.59    1475.59    6.92831      0.587    -0.0026 0.0000e+00
     54.000    1475.00    1475.32    150.661     54.000  1027.7147  1027.7037    34.8672    34.8665    1474.98    1475.31    6.92904      0.297     0.0812 0.0000e+00
     55.000    1474.89    1474.90    152.775     55.000  1027.7223  1027.7242    34.8659    34.8685    1474.88    1474.88    6.89250      0.681     0.0006 0.0000e+00
     56.000    1474.66    1474.65    154.369     56.000  1027.7377  1027.7385    34.8692    34.8699    1474.64    1474.64    6.88319      0.515    -0.0022 0.0000e+00
     57.000    1474.46    1474.45    156.800     57.000  1027.7511  1027.7509    34.8716    34.8711    1474.44    1474.44    6.85889      0.439    -0.0011 0.0000e+00
     58.000    1474.35    1474.35    158.561     58.000  1027.7626  1027.7637    34.8753    34.8764    1474.34    1474.34    6.83059      0.617    -0.0012 0.0000e+00
     59.000    1474.17    1474.17    160.198     59.000  1027.7758  1027.7772    34.8778    34.8796    1474.15    1474.16    6.81199      0.619    -0.0004 0.0000e+00
     60.000    1474.07    1474.07    161.838     60.000  1027.7854  1027.7865    34.8795    34.8809    1474.06    1474.06    6.78993      0.565    -0.0002 0.0000e+00
     61.000    1473.80    1473.93    164.499     61.000  1027.8000  1027.7958    34.8810    34.8807    1473.79    1473.92    6.77702      0.328     0.0334 0.0000e+00
     62.000    1473.44    1473.45    166.574     62.000  1027.8169  1027.8213    34.8814    34.8871    1473.43    1473.43    6.78279      0.763     0.0002 0.0000e+00
     63.000    1473.13    1473.14    167.844     63.000  1027.8353  1027.8387    34.8860    34.8904    1473.11    1473.12    6.78527      0.697    -0.0002 0.0000e+00
     64.000    1472.67    1472.81    170.430     64.000  1027.8607  1027.8552    34.8939    34.8923    1472.66    1472.80    6.78425      0.296     0.0354 0.0000e+00
     65.000    1472.45    1472.45    173.057     65.000  1027.8738  1027.8767    34.8954    34.8988    1472.44    1472.43    6.75485      0.760    -0.0019 0.0000e+00
     66.000    1472.16    1472.16    174.116     66.000  1027.8885  1027.8931    34.8964    34.9018    1472.14    1472.14    6.75235      0.922    -0.0023 0.0000e+00
     67.000    1471.78    1471.78    175.307     67.000  1027.9078  1027.9108    34.8999    34.9036    1471.76    1471.76    6.76702      0.713    -0.0005 0.0000e+00
     68.000    1471.58    1471.57    177.341     68.000  1027.9200  1027.9216    34.9018    34.9035    1471.57    1471.56    6.75091      0.393    -0.0025 0.0000e+00
     69.000    1471.39    1471.38    180.290     69.000  1027.9325  1027.9341    34.9039    34.9057    1471.38    1471.37    6.71570      0.342    -0.0015 0.0000e+00
     70.000    1471.16    1471.17    182.775     70.000  1027.9435  1027.9463    34.9030    34.9067    1471.15    1471.16    6.70213      0.561     0.0013 0.0000e+00
     71.000    1470.86    1470.86    184.201     71.000  1027.9613  1027.9619    34.9082    34.9089    1470.85    1470.85    6.70610      0.755    -0.0001 0.0000e+00
     72.000    1470.84    1470.85    185.834     72.000  1027.9673  1027.9668    34.9085    34.9085    1470.83    1470.85    6.69357      0.468     0.0039 0.0000e+00
     73.000    1470.79    1470.81    188.466     73.000  1027.9734  1027.9731    34.9082    34.9085    1470.79    1470.81    6.67228      0.557     0.0044 0.0000e+00
     74.000    1470.61    1470.62    189.630     74.000  1027.9813  1027.9855    34.9050    34.9102    1470.60    1470.60    6.66573      0.948    -0.0004 0.0000e+00
     75.000    1470.36    1470.37    190.696     75.000  1027.9969  1027.9988    34.9094    34.9118    1470.35    1470.36    6.67245      0.790     0.0000 0.0000e+00
     76.000    1470.41    1470.38    193.957     76.000  1028.0027  1028.0038    34.9119    34.9123    1470.40    1470.38    6.64694      0.174    -0.0061 0.0000e+00
     77.000    1470.18    1470.19    196.496     77.000  1028.0137  1028.0153    34.9113    34.9134    1470.17    1470.18    6.63951      0.777     0.0006 0.0000e+00
     78.000    1470.12    1470.12    197.736     78.000  1028.0219  1028.0226    34.9128    34.9138    1470.11    1470.11    6.63941      0.714     0.0002 0.0000e+00
     79.000    1470.11    1470.11    199.845     79.000  1028.0273  1028.0276    34.9131    34.9135    1470.10    1470.11    6.63315      0.385     0.0000 0.0000e+00
     80.000    1470.10    1470.10    202.127     80.000  1028.0327  1028.0336    34.9130    34.9139    1470.09    1470.09    6.61829      0.651    -0.0002 0.0000e+00
     81.000    1470.09    1470.09    203.443     81.000  1028.0382  1028.0389    34.9130    34.9140    1470.08    1470.08    6.61343      0.807    -0.0000 0.0000e+00
     82.000    1470.05    1470.05    204.691     82.000  1028.0444  1028.0453    34.9130    34.9141    1470.04    1470.04    6.61106      0.749    -0.0001 0.0000e+00
     83.000    1470.06    1470.06    207.308     83.000  1028.0500  1028.0503    34.9140    34.9143    1470.05    1470.06    6.60270      0.291     0.0003 0.0000e+00
     84.000    1470.01    1470.01    210.526     84.000  1028.0566  1028.0581    34.9141    34.9159    1470.00    1470.01    6.59239      0.623     0.0005 0.0000e+00
     85.000    1469.93    1469.94    211.942     85.000  1028.0647  1028.0654    34.9151    34.9161    1469.93    1469.93    6.59163      0.695     0.0002 0.0000e+00
     86.000    1469.94    1469.94    213.405     86.000  1028.0698  1028.0702    34.9154    34.9159    1469.94    1469.94    6.58867      0.677    -0.0001 0.0000e+00
     87.000    1469.96    1469.96    215.044     87.000  1028.0745  1028.0750    34.9154    34.9160    1469.96    1469.96    6.58597      0.529    -0.0000 0.0000e+00
     88.000    1469.97    1469.97    217.513     88.000  1028.0795  1028.0798    34.9155    34.9160    1469.97    1469.97    6.58499      0.382 -9.582e-07 0.0000e+00
     89.000    1469.97    1469.97    219.523     89.000  1028.0845  1028.0851    34.9156    34.9164    1469.97    1469.97    6.58679      0.688    -0.0000 0.0000e+00
     90.000    1469.98    1469.98    220.828     90.000  1028.0895  1028.0900    34.9156    34.9164    1469.98    1469.98    6.58523      0.713     0.0000 0.0000e+00
     91.000    1469.99    1470.00    223.426     91.000  1028.0941  1028.0945    34.9155    34.9161    1469.99    1470.00    6.58983      0.285     0.0016 0.0000e+00
     92.000    1469.99    1469.99    226.090     92.000  1028.0991  1028.1000    34.9153    34.9162    1469.99    1469.99    6.59195      0.765    -0.0003 0.0000e+00
     93.000    1469.99    1469.99    227.216     93.000  1028.1041  1028.1050    34.9151    34.9162    1469.99    1469.99    6.58966      0.818    -0.0002 0.0000e+00
     94.000    1469.96    1469.97    228.831     94.000  1028.1094  1028.1101    34.9144    34.9154    1469.96    1469.97    6.59159      0.483     0.0001 0.0000e+00
     95.000    1469.92    1469.92    231.498     95.000  1028.1146  1028.1152    34.9130    34.9138    1469.92    1469.92    6.59563      0.432     0.0004 0.0000e+00
     96.000    1469.90    1469.91    233.407     96.000  1028.1196  1028.1202    34.9123    34.9131    1469.90    1469.90    6.59628      0.480     0.0009 0.0000e+00
     97.000    1469.89    1469.90    236.684     97.000  1028.1248  1028.1252    34.9120    34.9130    1469.89    1469.90    6.59398      0.260     0.0027 0.0000e+00
     98.000    1469.88    1469.88    239.168     98.000  1028.1300  1028.1305    34.9119    34.9125    1469.88    1469.88    6.60084      0.680     0.0001 0.0000e+00
     99.000    1469.89    1469.89    240.710     99.000  1028.1348  1028.1354    34.9118    34.9125    1469.89    1469.89    6.59449      0.473     0.0000 0.0000e+00
    100.000    1469.91    1469.92    246.536    100.000  1028.1394  1028.1399    34.9118    34.9125    1469.91    1469.91    6.59843      0.328     0.0001 0.0000e+00
