Ship_data/Irminger/Irminger-2/ctd/process/at30_004.ros
* Sea-Bird SBE 9 Data File:
* FileName = C:\data\ctd\at30_004.hdr
* Software Version Seasave V 7.21f
* Temperature SN = 2265
* Conductivity SN = 3021
* Number of Bytes Per Scan = 40
* Number of Voltage Words = 5
* Number of Scans Averaged by the Deck Unit = 1
* NMEA Latitude = 59 57.06 N
* NMEA Longitude = 039 25.14 W
* NMEA UTC (Time) = Aug 14 2015  14:16:48
# nquan = 27
# nvalues = 539                                   
# units = specified
# name 0 = timeS: Time, Elapsed [seconds]
# name 1 = longitude: Longitude [deg]
# name 2 = latitude: Latitude [deg]
# name 3 = depSM: Depth [salt water, m]
# name 4 = prDM: Pressure, Digiquartz [db]
# name 5 = t090C: Temperature [ITS-90, deg C]
# name 6 = t190C: Temperature, 2 [ITS-90, deg C]
# name 7 = c0S/m: Conductivity [S/m]
# name 8 = c1S/m: Conductivity, 2 [S/m]
# name 9 = CStarTr0: Beam Transmission, WET Labs C-Star [%]
# name 10 = flECO-AFL: Fluorescence, WET Labs ECO-AFL/FL [mg/m^3]
# name 11 = sbeox0V: Oxygen raw, SBE 43 [V]
# name 12 = altM: Altimeter [m]
# name 13 = nbf: Bottles Fired
# name 14 = density00: Density [density, Kg/m^3]
# name 15 = density11: Density, 2 [density, Kg/m^3]
# name 16 = sal00: Salinity, Practical [PSU]
# name 17 = sal11: Salinity, Practical, 2 [PSU]
# name 18 = svCM: Sound Velocity [Chen-Millero, m/s]
# name 19 = svCM1: Sound Velocity, 2 [Chen-Millero, m/s]
# name 20 = timeS: Time, Elapsed [seconds]
# name 21 = sbeox0ML/L: Oxygen, SBE 43 [ml/l]
# name 22 = sbeox0PS: Oxygen, SBE 43 [% saturation]
# name 23 = dz/dtM: Descent Rate [m/s]
# name 24 = T2-T190C: Temperature Difference, 2 - 1 [ITS-90, deg C]
# name 25 = scan: Scan Count
# name 26 = flag:  0.000e+00
# interval = seconds: 0.0416667
# start_time = Aug 14 2015 14:16:48 [NMEA time, header]
# bad_flag = -9.990e-29
*END*
   5065.292  -39.41582   59.94836   1500.943   1520.750     3.5220     3.5223   3.273325   3.273340    97.3661    -0.0292     1.8532      98.78          1  1034.7620  1034.7618    34.9262    34.9261    1489.64    1489.64   5065.292    6.03994   82.36681     -0.027     0.0003     121568  0.000e+00
   5065.333  -39.41582   59.94836   1501.066   1520.875     3.5220     3.5220   3.273325   3.273277    97.3400    -0.0292     1.8520      98.78          1  1034.7625  1034.7620    34.9261    34.9255    1489.64    1489.64   5065.333    6.03443   82.29157     -0.000     0.0000     121569  0.000e+00
   5065.375  -39.41582   59.94836   1501.066   1520.875     3.5220     3.5220   3.273331   3.273340    97.3400    -0.0219     1.8520      98.78          1  1034.7625  1034.7626    34.9262    34.9263    1489.64    1489.64   5065.375    6.03443   82.29156      0.022     0.0000     121570  0.000e+00
   5065.417  -39.41582   59.94836   1501.000   1520.809     3.5222     3.5220   3.273337   3.273340    97.3661    -0.0292     1.8520      98.78          1  1034.7621  1034.7623    34.9261    34.9263    1489.64    1489.64   5065.417    6.03435   82.29079      0.041    -0.0002     121571  0.000e+00
   5065.458  -39.41582   59.94836   1501.066   1520.875     3.5220     3.5218   3.273343   3.273312    97.3400    -0.0219     1.8520      98.78          1  1034.7626  1034.7625    34.9263    34.9261    1489.64    1489.64   5065.458    6.03442   82.29155      0.060    -0.0002     121572  0.000e+00
   5065.500  -39.41582   59.94836   1501.123   1520.933     3.5222     3.5219   3.273343   3.273340    97.3661    -0.0219     1.8532      98.78          1  1034.7627  1034.7629    34.9261    34.9263    1489.64    1489.64   5065.500    6.04006   82.36867      0.083    -0.0002     121573  0.000e+00
   5065.542  -39.41582   59.94836   1501.131   1520.942     3.5222     3.5215   3.273337   3.273340    97.3661    -0.0292     1.8520      98.78          1  1034.7627  1034.7633    34.9260    34.9268    1489.64    1489.64   5065.542    6.03445   82.29219      0.105    -0.0006     121574  0.000e+00
   5065.583  -39.41582   59.94836   1501.246   1521.058     3.5220     3.5217   3.273343   3.273277    97.3400    -0.0219     1.8520      98.78          1  1034.7634  1034.7631    34.9262    34.9258    1489.64    1489.64   5065.583    6.03456   82.29348      0.133    -0.0003     121575  0.000e+00
   5065.625  -39.41582   59.94836   1501.123   1520.933     3.5220     3.5214   3.273343   3.273277    97.3400    -0.0219     1.8520      98.78          1  1034.7629  1034.7629    34.9263    34.9262    1489.64    1489.64   5065.625    6.03446   82.29214      0.154    -0.0006     121576  0.000e+00
   5065.667  -39.41582   59.94836   1501.254   1521.066     3.5220     3.5215   3.273319   3.273277    97.3400    -0.0292     1.8532      98.78          1  1034.7632  1034.7633    34.9259    34.9260    1489.64    1489.64   5065.667    6.04020   82.37011      0.177    -0.0005     121577  0.000e+00
   5065.708  -39.41582   59.94836   1501.246   1521.058     3.5218     3.5214   3.273361   3.273312    97.3400    -0.0219     1.8520      98.78          1  1034.7637  1034.7637    34.9266    34.9265    1489.64    1489.64   5065.708    6.03457   82.29351      0.200    -0.0004     121578  0.000e+00
   5065.750  -39.41582   59.94836   1501.188   1521.000     3.5218     3.5215   3.273325   3.273249    97.3400    -0.0219     1.8520      98.78          1  1034.7631  1034.7627    34.9262    34.9256    1489.64    1489.64   5065.750    6.03454   82.29287      0.218    -0.0003     121579  0.000e+00
   5065.792  -39.41582   59.94836   1501.376   1521.191     3.5218     3.5218   3.273349   3.273277    97.3400    -0.0219     1.8532      98.78          1  1034.7642  1034.7635    34.9264    34.9256    1489.64    1489.64   5065.792    6.04030   82.37148      0.243     0.0000     121580  0.000e+00
   5065.833  -39.41582   59.94836   1501.311   1521.125     3.5218     3.5217   3.273331   3.273277    97.3400    -0.0219     1.8520      98.78          1  1034.7637  1034.7634    34.9262    34.9258    1489.64    1489.64   5065.833    6.03464   82.29419      0.263    -0.0001     121581  0.000e+00
   5065.875  -39.41582   59.94836   1501.368   1521.183     3.5218     3.5220   3.273331   3.273346    97.3400    -0.0219     1.8545      98.78          1  1034.7640  1034.7639    34.9262    34.9262    1489.64    1489.64   5065.875    6.04592   82.44793      0.288     0.0002     121582  0.000e+00
   5065.917  -39.41582   59.94836   1501.368   1521.183     3.5220     3.5221   3.273379   3.273312    97.3400    -0.0219     1.8532      98.78          1  1034.7642  1034.7635    34.9266    34.9257    1489.65    1489.64   5065.917    6.04026   82.37131      0.309     0.0001     121583  0.000e+00
   5065.958  -39.41582   59.94836   1501.434   1521.250     3.5222     3.5223   3.273361   3.273312    97.3400    -0.0219     1.8532      98.78          1  1034.7642  1034.7636    34.9262    34.9254    1489.65    1489.65   5065.958    6.04030   82.37196      0.332     0.0002     121584  0.000e+00
   5066.000  -39.41582   59.94836   1501.491   1521.308     3.5222     3.5225   3.273385   3.273398    97.3400    -0.0219     1.8532      98.78          1  1034.7647  1034.7645    34.9264    34.9263    1489.65    1489.65   5066.000    6.04033   82.37258      0.353     0.0003     121585  0.000e+00
   5066.042  -39.41582   59.94836   1501.491   1521.308     3.5223     3.5223   3.273398   3.273369    97.3400    -0.0292     1.8532      98.78          1  1034.7647  1034.7644    34.9265    34.9261    1489.65    1489.65   5066.042    6.04031   82.37254      0.376     0.0000     121586  0.000e+00
   5066.083  -39.41582   59.94836   1501.499   1521.316     3.5226     3.5226   3.273404   3.273398    97.3400    -0.0219     1.8532      98.78          1  1034.7644  1034.7643    34.9262    34.9261    1489.65    1489.65   5066.083    6.04027   82.37252      0.395     0.0000     121587  0.000e+00
   5066.125  -39.41582   59.94836   1501.557   1521.374     3.5223     3.5226   3.273404   3.273398    97.3661    -0.0219     1.8532      98.78          1  1034.7649  1034.7646    34.9264    34.9261    1489.65    1489.65   5066.125    6.04035   82.37322      0.414     0.0003     121588  0.000e+00
   5066.167  -39.41582   59.94836   1501.614   1521.433     3.5226     3.5226   3.273398   3.273369    97.3400    -0.0219     1.8532      98.78          1  1034.7649  1034.7646    34.9260    34.9257    1489.65    1489.65   5066.167    6.04037   82.37375      0.435     0.0000     121589  0.000e+00
   5066.208  -39.41582   59.94836   1501.679   1521.499     3.5224     3.5226   3.273404   3.273369    97.3400    -0.0219     1.8532      98.78          1  1034.7653  1034.7648    34.9263    34.9256    1489.65    1489.65   5066.208    6.04044   82.37450      0.458     0.0002     121590  0.000e+00
   5066.250  -39.41582   59.94836   1501.557   1521.374     3.5223     3.5225   3.273422   3.273398    97.3400    -0.0219     1.8532      98.78          1  1034.7651  1034.7647    34.9267    34.9262    1489.65    1489.65   5066.250    6.04034   82.37319      0.472     0.0001     121591  0.000e+00
   5066.292  -39.41582   59.94836   1501.737   1521.557     3.5224     3.5228   3.273428   3.273398    97.3400    -0.0219     1.8532      98.78          1  1034.7658  1034.7652    34.9265    34.9258    1489.65    1489.65   5066.292    6.04047   82.37511      0.493     0.0004     121592  0.000e+00
   5066.333  -39.41582   59.94836   1501.737   1521.557     3.5223     3.5229   3.273416   3.273432    97.3661    -0.0219     1.8532      98.78          1  1034.7658  1034.7654    34.9265    34.9261    1489.65    1489.65   5066.333    6.04049   82.37513      0.513     0.0006     121593  0.000e+00
   5066.375  -39.41584   59.94838   1501.802   1521.624     3.5223     3.5226   3.273422   3.273369    97.3661    -0.0219     1.8532      98.78          1  1034.7661  1034.7654    34.9265    34.9256    1489.65    1489.65   5066.375    6.04054   82.37584      0.534     0.0003     121594  0.000e+00
   5066.417  -39.41584   59.94838   1501.802   1521.624     3.5224     3.5229   3.273410   3.273398    97.3400    -0.0292     1.8532      98.78          1  1034.7659  1034.7653    34.9263    34.9256    1489.65    1489.66   5066.417    6.04053   82.37580      0.549     0.0005     121595  0.000e+00
   5066.458  -39.41584   59.94838   1501.802   1521.624     3.5223     3.5229   3.273416   3.273398    97.3400    -0.0219     1.8532      98.78          1  1034.7661  1034.7653    34.9265    34.9256    1489.65    1489.66   5066.458    6.04054   82.37582      0.565     0.0006     121596  0.000e+00
   5066.500  -39.41584   59.94838   1501.867   1521.690     3.5223     3.5229   3.273392   3.273398    97.3400    -0.0219     1.8532      98.78          1  1034.7661  1034.7656    34.9261    34.9256    1489.65    1489.66   5066.500    6.04061   82.37653      0.582     0.0006     121597  0.000e+00
   5066.542  -39.41584   59.94838   1501.982   1521.807     3.5224     3.5229   3.273416   3.273432    97.3661    -0.0292     1.8532      98.78          1  1034.7667  1034.7664    34.9263    34.9260    1489.66    1489.66   5066.542    6.04067   82.37773      0.603     0.0005     121598  0.000e+00
   5066.583  -39.41584   59.94838   1501.925   1521.749     3.5222     3.5228   3.273386   3.273398    97.3661    -0.0219     1.8532      98.78          1  1034.7665  1034.7660    34.9262    34.9257    1489.66    1489.66   5066.583    6.04068   82.37718      0.621     0.0006     121599  0.000e+00
   5066.625  -39.41584   59.94838   1502.047   1521.873     3.5220     3.5228   3.273422   3.273432    97.3661    -0.0219     1.8532      98.78          1  1034.7675  1034.7668    34.9268    34.9260    1489.66    1489.66   5066.625    6.04078   82.37856      0.641     0.0008     121600  0.000e+00
   5066.667  -39.41584   59.94838   1501.990   1521.815     3.5222     3.5229   3.273410   3.273381    97.3661    -0.0219     1.8532      98.78          1  1034.7670  1034.7659    34.9265    34.9253    1489.66    1489.66   5066.667    6.04072   82.37788      0.654     0.0008     121601  0.000e+00
   5066.708  -39.41584   59.94838   1502.105   1521.932     3.5220     3.5226   3.273416   3.273432    97.3400    -0.0219     1.8532      98.78          1  1034.7677  1034.7672    34.9267    34.9262    1489.66    1489.66   5066.708    6.04083   82.37917      0.670     0.0006     121602  0.000e+00
   5066.750  -39.41584   59.94838   1502.105   1521.932     3.5220     3.5227   3.273392   3.273398    97.3661    -0.0219     1.8532      98.78          1  1034.7675  1034.7668    34.9264    34.9257    1489.66    1489.66   5066.750    6.04084   82.37916      0.683     0.0007     121603  0.000e+00
   5066.792  -39.41584   59.94838   1502.170   1521.998     3.5220     3.5225   3.273374   3.273432    97.3661    -0.0219     1.8557      98.78          1  1034.7676  1034.7676    34.9261    34.9263    1489.66    1489.66   5066.792    6.05213   82.53301      0.701     0.0005     121604  0.000e+00
   5066.833  -39.41584   59.94838   1502.170   1521.998     3.5220     3.5223   3.273410   3.273398    97.3400    -0.0219     1.8532      98.78          1  1034.7679  1034.7675    34.9266    34.9261    1489.66    1489.66   5066.833    6.04088   82.37986      0.715     0.0003     121605  0.000e+00
   5066.875  -39.41584   59.94838   1502.227   1522.056     3.5220     3.5225   3.273416   3.273398    97.3661    -0.0219     1.8544      98.78          1  1034.7682  1034.7676    34.9266    34.9259    1489.66    1489.66   5066.875    6.04654   82.45704      0.729     0.0005     121606  0.000e+00
   5066.917  -39.41584   59.94838   1502.293   1522.123     3.5218     3.5225   3.273404   3.273398    97.3661    -0.0219     1.8532      98.78          1  1034.7685  1034.7678    34.9266    34.9259    1489.66    1489.66   5066.917    6.04101   82.38123      0.744     0.0007     121607  0.000e+00
   5066.958  -39.41584   59.94838   1502.293   1522.123     3.5218     3.5226   3.273380   3.273398    97.3661    -0.0219     1.8532      98.78          1  1034.7683  1034.7677    34.9263    34.9257    1489.66    1489.66   5066.958    6.04102   82.38122      0.755     0.0008     121608  0.000e+00
   5067.000  -39.41584   59.94838   1502.350   1522.181     3.5220     3.5225   3.273374   3.273398    97.3661    -0.0292     1.8532      98.78          1  1034.7683  1034.7681    34.9260    34.9258    1489.66    1489.66   5067.000    6.04105   82.38178      0.769     0.0005     121609  0.000e+00
   5067.042  -39.41584   59.94838   1502.350   1522.181     3.5220     3.5225   3.273374   3.273398    97.3661    -0.0292     1.8532      98.78          1  1034.7683  1034.7681    34.9260    34.9258    1489.66    1489.66   5067.042    6.04105   82.38177      0.776     0.0005     121610  0.000e+00
   5067.083  -39.41584   59.94838   1502.481   1522.314     3.5216     3.5223   3.273368   3.273369    97.3661    -0.0219     1.8532      98.78          1  1034.7691  1034.7685    34.9263    34.9256    1489.66    1489.66   5067.083    6.04120   82.38329      0.795     0.0007     121611  0.000e+00
   5067.125  -39.41584   59.94838   1502.416   1522.248     3.5216     3.5225   3.273374   3.273369    97.3661    -0.0292     1.8532      98.78          1  1034.7689  1034.7681    34.9264    34.9254    1489.66    1489.66   5067.125    6.04114   82.38257      0.801     0.0008     121612  0.000e+00
   5067.167  -39.41584   59.94838   1502.538   1522.373     3.5218     3.5223   3.273392   3.273398    97.3400    -0.0292     1.8532      98.78          1  1034.7694  1034.7691    34.9263    34.9260    1489.66    1489.67   5067.167    6.04121   82.38385      0.816     0.0004     121613  0.000e+00
   5067.208  -39.41584   59.94838   1502.595   1522.431     3.5216     3.5223   3.273398   3.273432    97.3400    -0.0219     1.8532      98.78          1  1034.7699  1034.7696    34.9266    34.9263    1489.66    1489.67   5067.208    6.04128   82.38451      0.830     0.0007     121614  0.000e+00
   5067.250  -39.41584   59.94838   1502.538   1522.373     3.5220     3.5223   3.273386   3.273398    97.3400    -0.0219     1.8532      98.78          1  1034.7692  1034.7690    34.9261    34.9259    1489.66    1489.67   5067.250    6.04119   82.38378      0.836     0.0003     121615  0.000e+00
   5067.292  -39.41584   59.94838   1502.661   1522.497     3.5218     3.5223   3.273392   3.273432    97.3661    -0.0219     1.8532      98.78          1  1034.7700  1034.7699    34.9263    34.9262    1489.67    1489.67   5067.292    6.04131   82.38516      0.850     0.0005     121616  0.000e+00
   5749.958  -39.41588   59.94836   1002.669   1014.682     3.4328     3.4333   3.238508   3.238535    97.2877    -0.0219     2.0694      98.78          2  1032.4223  1032.4221    34.8614    34.8613    1480.76    1480.76   5749.958    6.59386   89.68559      0.268     0.0005     138000  0.000e+00
   5750.000  -39.41588   59.94836   1002.677   1014.690     3.4328     3.4331   3.238496   3.238592    97.2877    -0.0219     2.0694      98.78          2  1032.4223  1032.4229    34.8614    34.8622    1480.76    1480.76   5750.000    6.59389   89.68569      0.258     0.0003     138001  0.000e+00
   5750.042  -39.41588   59.94836   1002.604   1014.616     3.4328     3.4330   3.238484   3.238564    97.3138    -0.0219     2.0706      98.78          2  1032.4219  1032.4224    34.8613    34.8620    1480.76    1480.76   5750.042    6.59907   89.75620      0.243     0.0002     138002  0.000e+00
   5750.083  -39.41588   59.94836   1002.669   1014.682     3.4326     3.4331   3.238514   3.238507    97.2877    -0.0219     2.0694      98.78          2  1032.4225  1032.4221    34.8617    34.8612    1480.76    1480.76   5750.083    6.59388   89.68560      0.230     0.0004     138003  0.000e+00
