Ship_data/Irminger/Irminger-2/ctd/process/at30_009_SV.cnv
* Sea-Bird SBE 9 Data File:
* FileName = C:\data\ctd\at30_009.hdr
* Software Version Seasave V 7.21f
* Temperature SN = 2265
* Conductivity SN = 3021
* Number of Bytes Per Scan = 40
* Number of Voltage Words = 5
* Number of Scans Averaged by the Deck Unit = 1
* NMEA Latitude = 59 42.40 N
* NMEA Longitude = 039 19.92 W
* NMEA UTC (Time) = Aug 19 2015  15:06:00
** FLMB 1 for cal
# nquan = 15
# nvalues = 2800                        
# units = specified
# name 0 = depSM: Depth [salt water, m]
# name 1 = svCM: Sound Velocity [Chen-Millero, m/s]
# name 2 = svCM1: Sound Velocity, 2 [Chen-Millero, m/s]
# name 3 = timeS: Time, Elapsed [seconds]
# name 4 = depSM: Depth [salt water, m]
# name 5 = density00: Density [density, Kg/m^3]
# name 6 = density11: Density, 2 [density, Kg/m^3]
# name 7 = sal00: Salinity, Practical [PSU]
# name 8 = sal11: Salinity, Practical, 2 [PSU]
# name 9 = svCM: Sound Velocity [Chen-Millero, m/s]
# name 10 = svCM1: Sound Velocity, 2 [Chen-Millero, m/s]
# name 11 = sbeox0ML/L: Oxygen, SBE 43 [ml/l]
# name 12 = dz/dtM: Descent Rate [m/s]
# name 13 = T2-T190C: Temperature Difference, 2 - 1 [ITS-90, deg C]
# name 14 = flag:
# span 0 =     10.000,   2809.000       
# span 1 =    1469.42,    1504.21       
# span 2 =    1469.42,    1504.21       
# span 3 =     58.170,   3323.208       
# span 4 =     10.000,   2809.000       
# span 5 =  1027.1470,  1040.9969       
# span 6 =  1027.1466,  1040.9957       
# span 7 =    34.8394,    34.9402       
# span 8 =    34.8429,    34.9408       
# span 9 =    1469.42,    1504.21       
# span 10 =    1469.41,    1504.21      
# span 11 =    5.98548,    6.94137      
# span 12 =      0.006,      1.579      
# span 13 =    -0.1289,     0.0110      
# span 14 = 0.0000e+00, 0.0000e+00      
# interval = meters: 1                  
# start_time = Aug 19 2015 15:06:00 [NMEA time, header]
# bad_flag = -9.990e-29
*END*
[from data line 675]
    685.000    1476.36    1476.36   1027.199    685.000  1030.9413  1030.9414    34.8873    34.8875    1476.36    1476.36    6.63389      1.070     0.0002 0.0000e+00
    686.000    1476.37    1476.37   1028.210    686.000  1030.9459  1030.9460    34.8873    34.8875    1476.37    1476.37    6.63075      0.938     0.0002 0.0000e+00
    687.000    1476.39    1476.39   1029.346    687.000  1030.9504  1030.9506    34.8872    34.8874    1476.39    1476.39    6.63084      0.928     0.0004 0.0000e+00
    688.000    1476.41    1476.41   1030.358    688.000  1030.9552  1030.9553    34.8873    34.8875    1476.41    1476.41    6.63053      1.118     0.0003 0.0000e+00
    689.000    1476.42    1476.43   1031.183    689.000  1030.9598  1030.9601    34.8873    34.8876    1476.42    1476.43    6.62775      1.307     0.0003 0.0000e+00
    690.000    1476.44    1476.44   1031.913    690.000  1030.9642  1030.9646    34.8870    34.8875    1476.44    1476.44    6.62875      1.415     0.0002 0.0000e+00
    691.000    1476.45    1476.45   1032.612    691.000  1030.9690  1030.9694    34.8868    34.8872    1476.45    1476.45    6.62618      1.403     0.0001 0.0000e+00
    692.000    1476.46    1476.46   1033.368    692.000  1030.9739  1030.9740    34.8869    34.8873    1476.46    1476.46    6.62586      1.213     0.0003 0.0000e+00
    693.000    1476.48    1476.48   1034.412    693.000  1030.9784  1030.9788    34.8870    34.8875    1476.48    1476.48    6.62669      0.812     0.0003 0.0000e+00
    694.000    1476.50    1476.50   1036.031    694.000  1030.9830  1030.9832    34.8868    34.8871    1476.50    1476.50    6.62797      0.628     0.0001 0.0000e+00
    695.000    1476.51    1476.52   1037.383    695.000  1030.9879  1030.9882    34.8871    34.8874    1476.51    1476.52    6.62667      0.925     0.0001 0.0000e+00
    696.000    1476.53    1476.53   1038.345    696.000  1030.9923  1030.9927    34.8869    34.8874    1476.53    1476.53    6.62524      1.136     0.0004 0.0000e+00
    697.000    1476.54    1476.54   1039.182    697.000  1030.9972  1030.9973    34.8870    34.8872    1476.54    1476.54    6.62590      1.235     0.0002 0.0000e+00
    698.000    1476.56    1476.56   1039.987    698.000  1031.0018  1031.0021    34.8869    34.8872    1476.56    1476.56    6.62539      1.230     0.0003 0.0000e+00
    699.000    1476.58    1476.58   1040.833    699.000  1031.0066  1031.0067    34.8870    34.8872    1476.58    1476.58    6.62794      1.151     0.0002 0.0000e+00
    700.000    1476.59    1476.59   1041.759    700.000  1031.0111  1031.0114    34.8870    34.8872    1476.59    1476.59    6.63078      1.037     0.0003 0.0000e+00
    701.000    1476.61    1476.61   1042.813    701.000  1031.0159  1031.0160    34.8870    34.8872    1476.61    1476.61    6.62952      0.921     0.0003 0.0000e+00
    702.000    1476.63    1476.63   1043.955    702.000  1031.0205  1031.0206    34.8870    34.8872    1476.63    1476.63    6.63034      0.884     0.0003 0.0000e+00
    703.000    1476.65    1476.65   1045.077    703.000  1031.0251  1031.0254    34.8870    34.8874    1476.65    1476.65    6.63332      0.938     0.0003 0.0000e+00
    704.000    1476.66    1476.67   1046.111    704.000  1031.0298  1031.0299    34.8870    34.8872    1476.66    1476.67    6.63602      1.058     0.0005 0.0000e+00
    705.000    1476.68    1476.69   1047.004    705.000  1031.0344  1031.0345    34.8872    34.8874    1476.68    1476.69    6.63859      1.241     0.0004 0.0000e+00
    706.000    1476.70    1476.70   1047.759    706.000  1031.0391  1031.0393    34.8871    34.8875    1476.70    1476.70    6.63595      1.372     0.0002 0.0000e+00
    707.000    1476.72    1476.72   1048.478    707.000  1031.0436  1031.0439    34.8871    34.8875    1476.72    1476.72    6.63441      1.349     0.0001 0.0000e+00
    708.000    1476.73    1476.74   1049.282    708.000  1031.0485  1031.0486    34.8873    34.8875    1476.74    1476.74    6.63601      1.102     0.0003 0.0000e+00
    709.000    1476.75    1476.75   1050.529    709.000  1031.0529  1031.0531    34.8871    34.8873    1476.75    1476.75    6.63658      0.683     0.0002 0.0000e+00
    710.000    1476.77    1476.77   1052.138    710.000  1031.0576  1031.0577    34.8872    34.8875    1476.77    1476.77    6.63742      0.748     0.0002 0.0000e+00
    711.000    1476.79    1476.79   1053.283    711.000  1031.0623  1031.0624    34.8873    34.8875    1476.79    1476.79    6.63812      1.066     0.0003 0.0000e+00
    712.000    1476.81    1476.81   1054.127    712.000  1031.0671  1031.0671    34.8874    34.8876    1476.81    1476.81    6.63536      1.260     0.0004 0.0000e+00
    713.000    1476.82    1476.83   1054.898    713.000  1031.0717  1031.0718    34.8874    34.8875    1476.82    1476.83    6.63130      1.247     0.0003 0.0000e+00
    714.000    1476.84    1476.84   1055.775    714.000  1031.0763  1031.0764    34.8873    34.8876    1476.84    1476.84    6.63077      1.036     0.0003 0.0000e+00
    715.000    1476.86    1476.86   1056.953    715.000  1031.0809  1031.0812    34.8873    34.8876    1476.86    1476.86    6.63081      0.783     0.0003 0.0000e+00
    716.000    1476.87    1476.88   1058.251    716.000  1031.0854  1031.0857    34.8872    34.8875    1476.87    1476.88    6.63408      0.877     0.0003 0.0000e+00
    717.000    1476.89    1476.89   1059.284    717.000  1031.0902  1031.0903    34.8872    34.8874    1476.89    1476.89    6.63784      1.111     0.0003 0.0000e+00
    718.000    1476.90    1476.90   1060.120    718.000  1031.0948  1031.0951    34.8870    34.8874    1476.90    1476.90    6.63909      1.267     0.0003 0.0000e+00
    719.000    1476.91    1476.92   1060.887    719.000  1031.0995  1031.0997    34.8870    34.8873    1476.91    1476.92    6.63887      1.311     0.0003 0.0000e+00
    720.000    1476.93    1476.93   1061.668    720.000  1031.1041  1031.1045    34.8870    34.8874    1476.93    1476.93    6.63650      1.227     0.0003 0.0000e+00
    721.000    1476.95    1476.95   1062.570    721.000  1031.1088  1031.1090    34.8869    34.8872    1476.95    1476.95    6.63382      1.022     0.0003 0.0000e+00
    722.000    1476.96    1476.96   1063.694    722.000  1031.1134  1031.1136    34.8868    34.8871    1476.96    1476.96    6.63279      0.871     0.0003 0.0000e+00
    723.000    1476.98    1476.98   1064.826    723.000  1031.1180  1031.1184    34.8868    34.8873    1476.98    1476.98    6.63347      0.975     0.0002 0.0000e+00
    724.000    1477.00    1477.00   1065.787    724.000  1031.1228  1031.1229    34.8870    34.8872    1477.00    1477.00    6.63645      1.080     0.0003 0.0000e+00
    725.000    1477.01    1477.01   1066.721    725.000  1031.1276  1031.1277    34.8870    34.8872    1477.01    1477.01    6.63799      1.023     0.0002 0.0000e+00
    726.000    1477.03    1477.03   1067.820    726.000  1031.1322  1031.1322    34.8870    34.8871    1477.03    1477.03    6.63828      0.838     0.0003 0.0000e+00
    727.000    1477.05    1477.05   1069.112    727.000  1031.1368  1031.1370    34.8870    34.8873    1477.05    1477.05    6.63840      0.815     0.0003 0.0000e+00
    728.000    1477.06    1477.07   1070.268    728.000  1031.1414  1031.1416    34.8869    34.8872    1477.06    1477.07    6.63995      0.946     0.0003 0.0000e+00
    729.000    1477.08    1477.08   1071.276    729.000  1031.1460  1031.1462    34.8869    34.8873    1477.08    1477.08    6.63933      1.039     0.0002 0.0000e+00
    730.000    1477.10    1477.10   1072.224    730.000  1031.1508  1031.1509    34.8870    34.8873    1477.10    1477.10    6.64083      1.102     0.0003 0.0000e+00
    731.000    1477.12    1477.12   1073.114    731.000  1031.1554  1031.1555    34.8870    34.8873    1477.12    1477.12    6.63796      1.163     0.0005 0.0000e+00
    732.000    1477.13    1477.13   1073.967    732.000  1031.1599  1031.1603    34.8869    34.8873    1477.13    1477.13    6.63689      1.200     0.0003 0.0000e+00
    733.000    1477.15    1477.15   1074.806    733.000  1031.1647  1031.1648    34.8869    34.8871    1477.15    1477.15    6.63408      1.177     0.0002 0.0000e+00
    734.000    1477.16    1477.16   1075.701    734.000  1031.1693  1031.1694    34.8869    34.8871    1477.16    1477.16    6.63338      1.057     0.0002 0.0000e+00
    735.000    1477.18    1477.18   1076.764    735.000  1031.1740  1031.1742    34.8868    34.8871    1477.18    1477.18    6.63569      0.898     0.0001 0.0000e+00
    736.000    1477.19    1477.19   1077.933    736.000  1031.1787  1031.1788    34.8867    34.8869    1477.19    1477.19    6.63531      0.923     0.0002 0.0000e+00
    737.000    1477.20    1477.21   1078.940    737.000  1031.1835  1031.1836    34.8868    34.8870    1477.20    1477.21    6.63110      1.092     0.0002 0.0000e+00
    738.000    1477.22    1477.22   1079.808    738.000  1031.1881  1031.1881    34.8869    34.8869    1477.22    1477.22    6.63016      1.177     0.0001 0.0000e+00
    739.000    1477.24    1477.25   1080.674    739.000  1031.1927  1031.1929    34.8871    34.8872    1477.24    1477.25    6.62863      1.078     0.0002 0.0000e+00
    740.000    1477.26    1477.26   1081.777    740.000  1031.1974  1031.1975    34.8870    34.8873    1477.26    1477.26    6.63007      0.798     0.0003 0.0000e+00
    741.000    1477.28    1477.28   1083.202    741.000  1031.2020  1031.2021    34.8870    34.8872    1477.28    1477.28    6.63399      0.768     0.0003 0.0000e+00
    742.000    1477.30    1477.30   1084.341    742.000  1031.2065  1031.2069    34.8869    34.8873    1477.30    1477.30    6.63584      1.047     0.0003 0.0000e+00
    743.000    1477.31    1477.31   1085.205    743.000  1031.2112  1031.2114    34.8869    34.8872    1477.31    1477.31    6.63489      1.215     0.0003 0.0000e+00
    744.000    1477.33    1477.33   1086.008    744.000  1031.2159  1031.2162    34.8870    34.8873    1477.33    1477.33    6.63382      1.218     0.0002 0.0000e+00
    745.000    1477.35    1477.35   1086.884    745.000  1031.2207  1031.2208    34.8871    34.8874    1477.35    1477.35    6.63361      1.099     0.0002 0.0000e+00
    746.000    1477.36    1477.36   1087.869    746.000  1031.2251  1031.2255    34.8869    34.8874    1477.36    1477.36    6.63493      1.012     0.0002 0.0000e+00
    747.000    1477.38    1477.38   1088.868    747.000  1031.2299  1031.2301    34.8870    34.8873    1477.38    1477.38    6.63495      1.044     0.0002 0.0000e+00
    748.000    1477.40    1477.40   1089.817    748.000  1031.2345  1031.2346    34.8870    34.8872    1477.40    1477.40    6.63282      1.035     0.0002 0.0000e+00
    749.000    1477.41    1477.42   1090.856    749.000  1031.2391  1031.2394    34.8869    34.8872    1477.41    1477.42    6.63171      0.920     0.0002 0.0000e+00
    750.000    1477.43    1477.43   1092.020    750.000  1031.2438  1031.2439    34.8869    34.8872    1477.43    1477.43    6.63207      0.881     0.0002 0.0000e+00
    751.000    1477.45    1477.45   1093.113    751.000  1031.2483  1031.2487    34.8868    34.8872    1477.45    1477.45    6.63021      0.988     0.0002 0.0000e+00
    752.000    1477.47    1477.47   1094.087    752.000  1031.2529  1031.2534    34.8868    34.8874    1477.47    1477.47    6.62873      1.057     0.0001 0.0000e+00
    753.000    1477.48    1477.48   1095.032    753.000  1031.2577  1031.2579    34.8870    34.8873    1477.48    1477.48    6.63010      1.062     0.0002 0.0000e+00
    754.000    1477.50    1477.50   1096.002    754.000  1031.2623  1031.2626    34.8869    34.8873    1477.50    1477.50    6.63070      1.020     0.0002 0.0000e+00
    755.000    1477.52    1477.52   1097.029    755.000  1031.2670  1031.2672    34.8869    34.8872    1477.52    1477.52    6.63217      0.973     0.0002 0.0000e+00
    756.000    1477.53    1477.54   1098.069    756.000  1031.2716  1031.2719    34.8869    34.8873    1477.53    1477.54    6.63284      1.008     0.0002 0.0000e+00
    757.000    1477.55    1477.55   1099.030    757.000  1031.2761  1031.2765    34.8869    34.8873    1477.55    1477.55    6.63297      1.117     0.0001 0.0000e+00
    758.000    1477.57    1477.57   1099.889    758.000  1031.2809  1031.2811    34.8868    34.8872    1477.57    1477.57    6.63251      1.222     0.0002 0.0000e+00
    759.000    1477.58    1477.58   1100.698    759.000  1031.2855  1031.2859    34.8868    34.8872    1477.58    1477.58    6.63015      1.202     0.0001 0.0000e+00
    760.000    1477.60    1477.60   1101.621    760.000  1031.2902  1031.2905    34.8869    34.8873    1477.60    1477.60    6.63123      0.952     0.0001 0.0000e+00
    761.000    1477.62    1477.62   1103.011    761.000  1031.2948  1031.2950    34.8869    34.8872    1477.62    1477.62    6.63369      0.642     0.0001 0.0000e+00
    762.000    1477.64    1477.64   1104.542    762.000  1031.2996  1031.2998    34.8873    34.8876    1477.64    1477.64    6.63468      0.803     0.0001 0.0000e+00
    763.000    1477.67    1477.67   1105.605    763.000  1031.3041  1031.3044    34.8874    34.8878    1477.67    1477.67    6.63114      1.147     0.0001 0.0000e+00
    764.000    1477.68    1477.68   1106.384    764.000  1031.3088  1031.3091    34.8874    34.8877    1477.68    1477.68    6.63055      1.368     0.0002 0.0000e+00
    765.000    1477.69    1477.70   1107.080    765.000  1031.3135  1031.3137    34.8872    34.8876    1477.69    1477.70    6.63069      1.413     0.0001 0.0000e+00
    766.000    1477.71    1477.71   1107.812    766.000  1031.3181  1031.3184    34.8871    34.8875    1477.71    1477.71    6.62810      1.280     0.0004 0.0000e+00
    767.000    1477.72    1477.72   1108.734    767.000  1031.3228  1031.3231    34.8871    34.8875    1477.72    1477.72    6.62894      0.961     0.0003 0.0000e+00
    768.000    1477.74    1477.74   1110.025    768.000  1031.3273  1031.3278    34.8869    34.8874    1477.74    1477.74    6.62927      0.759     0.0001 0.0000e+00
    769.000    1477.75    1477.75   1111.262    769.000  1031.3320  1031.3323    34.8870    34.8873    1477.75    1477.75    6.63046      0.988     0.0000 0.0000e+00
    770.000    1477.77    1477.77   1112.153    770.000  1031.3367  1031.3370    34.8869    34.8874    1477.77    1477.77    6.63504      1.243     0.0003 0.0000e+00
    771.000    1477.79    1477.79   1112.915    771.000  1031.3414  1031.3416    34.8870    34.8873    1477.79    1477.79    6.63289      1.343     0.0002 0.0000e+00
    772.000    1477.80    1477.80   1113.663    772.000  1031.3461  1031.3463    34.8869    34.8873    1477.80    1477.80    6.63270      1.252     0.0002 0.0000e+00
    773.000    1477.82    1477.82   1114.606    773.000  1031.3507  1031.3510    34.8868    34.8872    1477.82    1477.82    6.63527      0.917     0.0002 0.0000e+00
    774.000    1477.83    1477.83   1116.039    774.000  1031.3553  1031.3556    34.8869    34.8872    1477.83    1477.83    6.63668      0.670     0.0001 0.0000e+00
    775.000    1477.85    1477.85   1117.419    775.000  1031.3599  1031.3604    34.8869    34.8874    1477.85    1477.85    6.63474      0.852     0.0001 0.0000e+00
    776.000    1477.87    1477.87   1118.489    776.000  1031.3646  1031.3650    34.8870    34.8874    1477.87    1477.87    6.63555      1.029     0.0001 0.0000e+00
    777.000    1477.89    1477.89   1119.409    777.000  1031.3693  1031.3695    34.8870    34.8874    1477.89    1477.89    6.63269      1.142     0.0002 0.0000e+00
    778.000    1477.91    1477.91   1120.270    778.000  1031.3740  1031.3743    34.8872    34.8875    1477.91    1477.91    6.63251      1.164     0.0002 0.0000e+00
    779.000    1477.92    1477.93   1121.164    779.000  1031.3787  1031.3789    34.8872    34.8875    1477.92    1477.93    6.63338      1.059     0.0001 0.0000e+00
    780.000    1477.94    1477.94   1122.220    780.000  1031.3831  1031.3835    34.8870    34.8876    1477.94    1477.94    6.63447      0.896     0.0001 0.0000e+00
