Ship_data/Irminger/Irminger-2/ctd/process/at30_013.ros
* Sea-Bird SBE 9 Data File:
* FileName = C:\data\ctd\at30_013.hdr
* Software Version Seasave V 7.21f
* Temperature SN = 2265
* Conductivity SN = 3021
* Number of Bytes Per Scan = 40
* Number of Voltage Words = 5
* Number of Scans Averaged by the Deck Unit = 1
* NMEA Latitude = 59 53.87 N
* NMEA Longitude = 039 34.33 W
* NMEA UTC (Time) = Aug 23 2015  21:20:25
** cal / val for SUMO 2
# nquan = 27
# nvalues = 539                                   
# units = specified
# name 0 = timeS: Time, Elapsed [seconds]
# name 1 = longitude: Longitude [deg]
# name 2 = latitude: Latitude [deg]
# name 3 = depSM: Depth [salt water, m]
# name 4 = prDM: Pressure, Digiquartz [db]
# name 5 = t090C: Temperature [ITS-90, deg C]
# name 6 = t190C: Temperature, 2 [ITS-90, deg C]
# name 7 = c0S/m: Conductivity [S/m]
# name 8 = c1S/m: Conductivity, 2 [S/m]
# name 9 = CStarTr0: Beam Transmission, WET Labs C-Star [%]
# name 10 = flECO-AFL: Fluorescence, WET Labs ECO-AFL/FL [mg/m^3]
# name 11 = sbeox0V: Oxygen raw, SBE 43 [V]
# name 12 = altM: Altimeter [m]
# name 13 = nbf: Bottles Fired
# name 14 = density00: Density [density, Kg/m^3]
# name 15 = density11: Density, 2 [density, Kg/m^3]
# name 16 = sal00: Salinity, Practical [PSU]
# name 17 = sal11: Salinity, Practical, 2 [PSU]
# name 18 = svCM: Sound Velocity [Chen-Millero, m/s]
# name 19 = svCM1: Sound Velocity, 2 [Chen-Millero, m/s]
# name 20 = timeS: Time, Elapsed [seconds]
# name 21 = sbeox0ML/L: Oxygen, SBE 43 [ml/l]
# name 22 = sbeox0PS: Oxygen, SBE 43 [% saturation]
# name 23 = dz/dtM: Descent Rate [m/s]
# name 24 = T2-T190C: Temperature Difference, 2 - 1 [ITS-90, deg C]
# name 25 = scan: Scan Count
# name 26 = flag:  0.000e+00
# interval = seconds: 0.0416667
# start_time = Aug 23 2015 21:20:25 [NMEA time, header]
# bad_flag = -9.990e-29
*END*
[from data line 215]
   3875.167  -39.57828   59.90026    128.326    129.587     5.1073     5.1044   3.361622   3.361184    97.6016    -0.0512     2.2650      98.73          5  1028.2655  1028.2642    35.0046    35.0026    1473.30    1473.28   3875.167    6.32397   89.63816     -0.399    -0.0029      93005  0.000e+00
   3875.208  -39.57828   59.90026    128.261    129.522     5.1071     5.1048   3.361622   3.361265    97.5754    -0.0512     2.2650      98.73          5  1028.2654  1028.2643    35.0048    35.0031    1473.30    1473.28   3875.208    6.32394   89.63743     -0.390    -0.0023      93006  0.000e+00
   3875.250  -39.57828   59.90026    128.326    129.587     5.1067     5.1054   3.361616   3.361276    97.5754    -0.0512     2.2650      98.73          5  1028.2659  1028.2642    35.0051    35.0026    1473.30    1473.29   3875.250    6.32404   89.63826     -0.385    -0.0014      93007  0.000e+00
   3875.292  -39.57828   59.90026    128.261    129.522     5.1066     5.1052   3.361585   3.361357    97.5493    -0.0512     2.2650      98.73          5  1028.2655  1028.2648    35.0049    35.0038    1473.29    1473.29   3875.292    6.32402   89.63752     -0.380    -0.0015      93008  0.000e+00
   3875.333  -39.57828   59.90026    128.261    129.522     5.1060     5.1056   3.361555   3.361305    97.5493    -0.0512     2.2650      98.73          5  1028.2658  1028.2639    35.0053    35.0028    1473.29    1473.29   3875.333    6.32411   89.63765     -0.372    -0.0004      93009  0.000e+00
   3875.375  -39.57828   59.90026    128.221    129.481     5.1059     5.1077   3.361543   3.361357    97.5231    -0.0512     2.2650      98.73          5  1028.2656  1028.2622    35.0052    35.0011    1473.29    1473.29   3875.375    6.32409   89.63718     -0.370     0.0018      93010  0.000e+00
   3875.417  -39.57828   59.90026    128.326    129.587     5.1059     5.1086   3.361500   3.361398    97.5231    -0.0512     2.2650      98.73          5  1028.2657  1028.2622    35.0047    35.0007    1473.29    1473.30   3875.417    6.32420   89.63841     -0.359     0.0027      93011  0.000e+00
   3875.458  -39.57828   59.90026    128.205    129.465     5.1057     5.1084   3.361482   3.361461    97.5493    -0.0512     2.2650      98.73          5  1028.2652  1028.2625    35.0047    35.0017    1473.29    1473.30   3875.458    6.32413   89.63703     -0.353     0.0027      93012  0.000e+00
   3875.500  -39.57828   59.90026    128.261    129.522     5.1061     5.1078   3.361482   3.361542    97.5754    -0.0512     2.2650      98.73          5  1028.2650  1028.2639    35.0042    35.0031    1473.29    1473.30   3875.500    6.32412   89.63758     -0.343     0.0017      93013  0.000e+00
   3875.542  -39.57828   59.90026    128.205    129.465     5.1061     5.1073   3.361476   3.361519    97.5754    -0.0512     2.2650      98.73          5  1028.2648  1028.2640    35.0043    35.0035    1473.29    1473.29   3875.542    6.32408   89.63693     -0.340     0.0012      93014  0.000e+00
   3875.583  -39.57828   59.90026    128.262    129.522     5.1052     5.1071   3.361439   3.361542    97.5754    -0.0512     2.2650      98.73          5  1028.2655  1028.2646    35.0047    35.0039    1473.29    1473.29   3875.583    6.32425   89.63776     -0.329     0.0019      93015  0.000e+00
   3875.625  -39.57828   59.90026    128.262    129.522     5.1046     5.1074   3.361378   3.361554    97.6016    -0.0512     2.2650      98.73          5  1028.2656  1028.2645    35.0047    35.0038    1473.29    1473.30   3875.625    6.32436   89.63789     -0.320     0.0028      93016  0.000e+00
   3875.667  -39.57828   59.90026    128.205    129.465     5.1043     5.1073   3.361342   3.361542    97.5754    -0.0512     2.2650      98.73          5  1028.2652  1028.2643    35.0045    35.0038    1473.28    1473.29   3875.667    6.32436   89.63727     -0.314     0.0029      93017  0.000e+00
   3875.708  -39.57828   59.90026    128.221    129.481     5.1039     5.1079   3.361287   3.361583    97.6016    -0.0512     2.2650      98.73          5  1028.2652  1028.2641    35.0044    35.0036    1473.28    1473.30   3875.708    6.32445   89.63755     -0.304     0.0040      93018  0.000e+00
   3875.750  -39.57828   59.90026    128.205    129.465     5.1037     5.1087   3.361269   3.361571    97.5754    -0.0512     2.2650      98.73          5  1028.2651  1028.2631    35.0043    35.0026    1473.28    1473.30   3875.750    6.32447   89.63738     -0.298     0.0050      93019  0.000e+00
   3875.792  -39.57828   59.90026    128.205    129.465     5.1037     5.1093   3.361269   3.361641    97.5754    -0.0512     2.2650      98.73          5  1028.2651  1028.2632    35.0043    35.0028    1473.28    1473.30   3875.792    6.32447   89.63737     -0.291     0.0056      93020  0.000e+00
   3875.833  -39.57828   59.90026    128.205    129.465     5.1032     5.1092   3.361269   3.361733    97.5754    -0.0512     2.2650      98.73          5  1028.2656  1028.2642    35.0048    35.0040    1473.28    1473.30   3875.833    6.32452   89.63747     -0.280     0.0060      93021  0.000e+00
   3875.875  -39.57828   59.90026    128.205    129.465     5.1035     5.1073   3.361250   3.361722    97.6016    -0.0512     2.2650      98.73          5  1028.2652  1028.2659    35.0044    35.0058    1473.28    1473.30   3875.875    6.32451   89.63742     -0.274     0.0038      93022  0.000e+00
   3875.917  -39.57828   59.90026    128.262    129.522     5.1033     5.1054   3.361281   3.361676    97.5754    -0.0512     2.2638      98.73          5  1028.2659  1028.2675    35.0049    35.0073    1473.28    1473.29   3875.917    6.32012   89.57518     -0.262     0.0021      93023  0.000e+00
   3875.958  -39.57828   59.90026    128.205    129.465     5.1032     5.1051   3.361281   3.361571    97.6016    -0.0512     2.2650      98.73          5  1028.2657  1028.2666    35.0050    35.0064    1473.28    1473.29   3875.958    6.32452   89.63744     -0.253     0.0019      93024  0.000e+00
   3876.000  -39.57828   59.90026    128.205    129.465     5.1033     5.1042   3.361226   3.361398    97.6016    -0.0512     2.2650      98.73          5  1028.2651  1028.2658    35.0043    35.0053    1473.28    1473.28   3876.000    6.32454   89.63742     -0.249     0.0009      93025  0.000e+00
   3876.042  -39.57828   59.90026    128.221    129.481     5.1033     5.1034   3.361226   3.361357    97.6016    -0.0512     2.2638      98.73          5  1028.2652  1028.2663    35.0043    35.0057    1473.28    1473.28   3876.042    6.32011   89.57468     -0.233     0.0001      93026  0.000e+00
   3876.083  -39.57828   59.90026    128.262    129.522     5.1033     5.1035   3.361220   3.361247    97.5754    -0.0512     2.2638      98.73          5  1028.2653  1028.2654    35.0042    35.0043    1473.28    1473.28   3876.083    6.32015   89.57515     -0.220     0.0002      93027  0.000e+00
   3876.125  -39.57828   59.90026    128.205    129.465     5.1031     5.1029   3.361226   3.361236    97.6016    -0.0512     2.2650      98.73          5  1028.2654  1028.2656    35.0045    35.0048    1473.28    1473.28   3876.125    6.32456   89.63745     -0.212    -0.0001      93028  0.000e+00
   3876.167  -39.57828   59.90026    128.262    129.522     5.1030     5.1029   3.361256   3.361184    97.5754    -0.0512     2.2638      98.73          5  1028.2660  1028.2653    35.0050    35.0042    1473.28    1473.28   3876.167    6.32017   89.57520     -0.201    -0.0000      93029  0.000e+00
   3876.208  -39.57828   59.90026    128.205    129.465     5.1031     5.1028   3.361269   3.361184    97.6016    -0.0512     2.2638      98.73          5  1028.2657  1028.2652    35.0050    35.0043    1473.28    1473.28   3876.208    6.32009   89.57450     -0.192    -0.0003      93030  0.000e+00
   3876.250  -39.57828   59.90026    128.262    129.522     5.1032     5.1028   3.361250   3.361207    97.6016    -0.0512     2.2650      98.73          5  1028.2657  1028.2657    35.0046    35.0046    1473.28    1473.28   3876.250    6.32457   89.63805     -0.179    -0.0005      93031  0.000e+00
   3876.292  -39.57828   59.90026    128.262    129.522     5.1031     5.1026   3.361220   3.361155    97.6016    -0.0512     2.2650      98.73          5  1028.2655  1028.2654    35.0044    35.0042    1473.28    1473.28   3876.292    6.32460   89.63806     -0.169    -0.0005      93032  0.000e+00
   3876.333  -39.57828   59.90026    128.262    129.522     5.1031     5.1026   3.361226   3.361207    97.6277    -0.0585     2.2650      98.73          5  1028.2655  1028.2659    35.0044    35.0048    1473.28    1473.28   3876.333    6.32460   89.63805     -0.157    -0.0005      93033  0.000e+00
   3876.375  -39.57828   59.90026    128.222    129.482     5.1033     5.1028   3.361256   3.361155    97.6016    -0.0512     2.2650      98.73          5  1028.2655  1028.2650    35.0046    35.0040    1473.28    1473.28   3876.375    6.32453   89.63754     -0.148    -0.0005      93034  0.000e+00
   4003.000  -39.57842   59.90032    102.665    103.668     5.4081     5.4037   3.389626   3.389305    97.5493    -0.0512     2.2779      98.73          6  1028.1260  1028.1272    35.0261    35.0270    1474.11    1474.10   4003.000    6.29943   89.93988      0.012    -0.0044      96073  0.000e+00
   4003.042  -39.57842   59.90032    102.762    103.765     5.4081     5.4036   3.389645   3.389264    97.5493    -0.0512     2.2779      98.73          6  1028.1266  1028.1274    35.0263    35.0266    1474.12    1474.10   4003.042    6.29950   89.94100      0.027    -0.0045      96074  0.000e+00
   4003.083  -39.57842   59.90032    102.698    103.700     5.4081     5.4031   3.389657   3.389241    97.5754    -0.0512     2.2779      98.73          6  1028.1264  1028.1274    35.0264    35.0269    1474.12    1474.10   4003.083    6.29944   89.94024      0.033    -0.0050      96075  0.000e+00
   4003.125  -39.57842   59.90032    102.665    103.668     5.4083     5.4028   3.389663   3.389148    97.5754    -0.0512     2.2779      98.73          6  1028.1262  1028.1267    35.0263    35.0261    1474.12    1474.09   4003.125    6.29939   89.93982      0.038    -0.0054      96076  0.000e+00
   4003.167  -39.57842   59.90032    102.762    103.765     5.4086     5.4028   3.389675   3.389114    97.5754    -0.0512     2.2779      98.73          6  1028.1264  1028.1268    35.0261    35.0257    1474.12    1474.09   4003.167    6.29942   89.94088      0.048    -0.0058      96077  0.000e+00
   4003.208  -39.57842   59.90032    102.722    103.725     5.4086     5.4033   3.389688   3.389090    97.5754    -0.0512     2.2779      98.73          6  1028.1263  1028.1260    35.0263    35.0249    1474.12    1474.09   4003.208    6.29938   89.94040      0.055    -0.0053      96078  0.000e+00
   4003.250  -39.57842   59.90032    102.762    103.765     5.4087     5.4031   3.389688   3.389148    97.5754    -0.0512     2.2779      98.73          6  1028.1264  1028.1268    35.0261    35.0258    1474.12    1474.10   4003.250    6.29940   89.94083      0.066    -0.0056      96079  0.000e+00
   4003.292  -39.57842   59.90032    102.698    103.700     5.4089     5.4033   3.389688   3.389142    97.5754    -0.0512     2.2779      98.73          6  1028.1259  1028.1263    35.0259    35.0256    1474.12    1474.09   4003.292    6.29932   89.94004      0.067    -0.0056      96080  0.000e+00
   4003.333  -39.57842   59.90032    102.778    103.782     5.4089     5.4031   3.389712   3.389183    97.5754    -0.0512     2.2779      98.73          6  1028.1265  1028.1272    35.0262    35.0261    1474.12    1474.10   4003.333    6.29938   89.94097      0.075    -0.0058      96081  0.000e+00
   4003.375  -39.57842   59.90032    102.762    103.765     5.4091     5.4031   3.389700   3.389183    97.6016    -0.0512     2.2779      98.73          6  1028.1262  1028.1271    35.0259    35.0262    1474.12    1474.10   4003.375    6.29935   89.94074      0.083    -0.0060      96082  0.000e+00
   4003.417  -39.57842   59.90032    102.778    103.782     5.4089     5.4030   3.389706   3.389172    97.6016    -0.0512     2.2779      98.73          6  1028.1264  1028.1272    35.0261    35.0262    1474.12    1474.10   4003.417    6.29938   89.94096      0.092    -0.0059      96083  0.000e+00
   4003.458  -39.57842   59.90032    102.762    103.765     5.4087     5.4033   3.389737   3.389148    97.5754    -0.0512     2.2779      98.73          6  1028.1268  1028.1267    35.0266    35.0256    1474.12    1474.10   4003.458    6.29937   89.94079      0.097    -0.0055      96084  0.000e+00
   4003.500  -39.57842   59.90032    102.762    103.765     5.4091     5.4037   3.389730   3.389148    97.5493    -0.0512     2.2779      98.73          6  1028.1264  1028.1262    35.0262    35.0251    1474.12    1474.10   4003.500    6.29934   89.94072      0.101    -0.0053      96085  0.000e+00
   4003.542  -39.57842   59.90032    102.778    103.782     5.4089     5.4035   3.389743   3.389235    97.4969    -0.0512     2.2779      98.73          6  1028.1268  1028.1273    35.0265    35.0264    1474.12    1474.10   4003.542    6.29936   89.94093      0.106    -0.0054      96086  0.000e+00
   4003.583  -39.57842   59.90032    102.818    103.822     5.4087     5.4030   3.389730   3.389212    97.4708    -0.0512     2.2779      98.73          6  1028.1270  1028.1278    35.0265    35.0266    1474.12    1474.10   4003.583    6.29942   89.94143      0.116    -0.0058      96087  0.000e+00
   4003.625  -39.57842   59.90032    102.778    103.782     5.4089     5.4031   3.389718   3.389183    97.4969    -0.0512     2.2779      98.73          6  1028.1266  1028.1272    35.0262    35.0261    1474.12    1474.10   4003.625    6.29937   89.94091      0.115    -0.0058      96088  0.000e+00
   4003.667  -39.57842   59.90032    102.818    103.822     5.4089     5.4031   3.389718   3.389172    97.4969    -0.0512     2.2779      98.73          6  1028.1267  1028.1273    35.0262    35.0260    1474.12    1474.10   4003.667    6.29941   89.94138      0.121    -0.0058      96089  0.000e+00
   4003.708  -39.57842   59.90032    102.818    103.822     5.4087     5.4037   3.389718   3.389148    97.4708    -0.0512     2.2791      98.73          6  1028.1269  1028.1265    35.0264    35.0251    1474.12    1474.10   4003.708    6.30381   90.00406      0.126    -0.0050      96090  0.000e+00
   4003.750  -39.57842   59.90032    102.778    103.782     5.4089     5.4037   3.389724   3.389148    97.4708    -0.0512     2.2791      98.73          6  1028.1266  1028.1263    35.0263    35.0251    1474.12    1474.10   4003.750    6.30376   90.00355      0.129    -0.0052      96091  0.000e+00
   4003.792  -39.57842   59.90032    102.875    103.879     5.4087     5.4036   3.389737   3.389172    97.4969    -0.0512     2.2779      98.73          6  1028.1273  1028.1270    35.0266    35.0254    1474.12    1474.10   4003.792    6.29946   89.94205      0.136    -0.0051      96092  0.000e+00
   4003.833  -39.57842   59.90032    102.818    103.822     5.4089     5.4037   3.389730   3.389212    97.4969    -0.0512     2.2779      98.73          6  1028.1268  1028.1270    35.0264    35.0258    1474.12    1474.10   4003.833    6.29940   89.94135      0.139    -0.0052      96093  0.000e+00
   4003.875  -39.57842   59.90032    102.843    103.847     5.4089     5.4043   3.389700   3.389148    97.5231    -0.0512     2.2779      98.73          6  1028.1267  1028.1261    35.0260    35.0245    1474.12    1474.10   4003.875    6.29943   89.94162      0.143    -0.0047      96094  0.000e+00
   4003.917  -39.57842   59.90032    102.818    103.822     5.4087     5.4041   3.389688   3.389235    97.5493    -0.0512     2.2779      98.73          6  1028.1266  1028.1269    35.0260    35.0257    1474.12    1474.10   4003.917    6.29944   89.94136      0.145    -0.0046      96095  0.000e+00
