Ship_data/Irminger/Irminger-2/ctd/process/at30_004_SV.cnv
* Sea-Bird SBE 9 Data File:
* FileName = C:\data\ctd\at30_004.hdr
* Software Version Seasave V 7.21f
* Temperature SN = 2265
* Conductivity SN = 3021
* Number of Bytes Per Scan = 40
* Number of Voltage Words = 5
* Number of Scans Averaged by the Deck Unit = 1
* NMEA Latitude = 59 57.06 N
* NMEA Longitude = 039 25.14 W
* NMEA UTC (Time) = Aug 14 2015  14:16:48
# nquan = 15
# nvalues = 2684                        
# units = specified
# name 0 = depSM: Depth [salt water, m]
# name 1 = svCM: Sound Velocity [Chen-Millero, m/s]
# name 2 = svCM1: Sound Velocity, 2 [Chen-Millero, m/s]
# name 3 = timeS: Time, Elapsed [seconds]
# name 4 = depSM: Depth [salt water, m]
# name 5 = density00: Density [density, Kg/m^3]
# name 6 = density11: Density, 2 [density, Kg/m^3]
# name 7 = sal00: Salinity, Practical [PSU]
# name 8 = sal11: Salinity, Practical, 2 [PSU]
# name 9 = svCM: Sound Velocity [Chen-Millero, m/s]
# name 10 = svCM1: Sound Velocity, 2 [Chen-Millero, m/s]
# name 11 = sbeox0ML/L: Oxygen, SBE 43 [ml/l]
# name 12 = dz/dtM: Descent Rate [m/s]
# name 13 = T2-T190C: Temperature Difference, 2 - 1 [ITS-90, deg C]
# name 14 = flag:
# span 0 =      6.000,   2689.001       
# span 1 =    1469.45,    1502.07       
# span 2 =    1469.45,    1502.06       
# span 3 =     37.745,   3601.679       
# span 4 =      6.000,   2689.000       
# span 5 =  1027.1639,  1040.4680       
# span 6 =  1027.1632,  1040.4672       
# span 7 =    34.8007,    34.9315       
# span 8 =    34.8469,    34.9308       
# span 9 =    1469.45,    1502.07       
# span 10 =    1469.44,    1502.06      
# span 11 =    6.01700,    7.10839      
# span 12 =     -0.115,      1.548      
# span 13 =    -0.1488,     0.1528      
# span 14 = 0.0000e+00, 0.0000e+00      
# interval = meters: 1                  
# start_time = Aug 14 2015 14:16:48 [NMEA time, header]
# bad_flag = -9.990e-29
*END*
[from data line 772]
    778.000    1477.66    1477.66   1432.863    778.000  1031.3756  1031.3756    34.8806    34.8806    1477.66    1477.66    6.62606      1.021    -0.0004 0.0000e+00
    779.000    1477.68    1477.68   1434.781    779.000  1031.3800  1031.3801    34.8804    34.8805    1477.68    1477.68    6.62325      0.402     0.0006 0.0000e+00
    780.000    1477.69    1477.69   1436.652    780.000  1031.3849  1031.3850    34.8803    34.8806    1477.69    1477.69    6.62436      0.896     0.0005 0.0000e+00
    781.000    1477.70    1477.71   1437.620    781.000  1031.3895  1031.3896    34.8803    34.8806    1477.70    1477.71    6.62439      1.130     0.0007 0.0000e+00
    782.000    1477.72    1477.72   1438.465    782.000  1031.3944  1031.3944    34.8805    34.8805    1477.72    1477.72    6.62414      1.175     0.0002 0.0000e+00
    783.000    1477.73    1477.73   1439.356    783.000  1031.3989  1031.3988    34.8802    34.8802    1477.73    1477.73    6.62254      1.063     0.0002 0.0000e+00
    784.000    1477.75    1477.75   1440.472    784.000  1031.4036  1031.4036    34.8801    34.8801    1477.75    1477.75    6.62137      0.746    -0.0003 0.0000e+00
    785.000    1477.76    1477.76   1442.993    785.000  1031.4080  1031.4081    34.8798    34.8799    1477.76    1477.76    6.62236      0.319     0.0004 0.0000e+00
    786.000    1477.77    1477.77   1444.858    786.000  1031.4128  1031.4128    34.8798    34.8800    1477.77    1477.77    6.62229      0.976     0.0007 0.0000e+00
    787.000    1477.78    1477.78   1445.707    787.000  1031.4176  1031.4177    34.8798    34.8799    1477.78    1477.78    6.61986      1.281    -0.0000 0.0000e+00
    788.000    1477.79    1477.80   1446.441    788.000  1031.4224  1031.4222    34.8797    34.8797    1477.79    1477.80    6.62153      1.421     0.0003 0.0000e+00
    789.000    1477.81    1477.81   1447.133    789.000  1031.4269  1031.4270    34.8794    34.8796    1477.81    1477.81    6.61976      1.437    -0.0001 0.0000e+00
    790.000    1477.82    1477.82   1447.844    790.000  1031.4316  1031.4316    34.8795    34.8794    1477.82    1477.82    6.62006      1.303     0.0000 0.0000e+00
    791.000    1477.84    1477.84   1449.850    791.000  1031.4362  1031.4360    34.8793    34.8794    1477.84    1477.84    6.62099      0.452     0.0006 0.0000e+00
    792.000    1477.85    1477.86   1452.785    792.000  1031.4406  1031.4408    34.8789    34.8794    1477.85    1477.86    6.62821      1.022     0.0009 0.0000e+00
    793.000    1477.86    1477.86   1453.578    793.000  1031.4457  1031.4457    34.8793    34.8793    1477.86    1477.86    6.63131      1.315     0.0001 0.0000e+00
    794.000    1477.88    1477.88   1454.298    794.000  1031.4502  1031.4503    34.8791    34.8793    1477.88    1477.88    6.63116      1.412     0.0001 0.0000e+00
    795.000    1477.89    1477.89   1455.010    795.000  1031.4548  1031.4548    34.8791    34.8791    1477.89    1477.89    6.63110      1.346     0.0002 0.0000e+00
    796.000    1477.91    1477.91   1455.822    796.000  1031.4595  1031.4596    34.8790    34.8791    1477.91    1477.91    6.62744      1.080    -0.0000 0.0000e+00
    797.000    1477.93    1477.93   1457.851    797.000  1031.4640  1031.4639    34.8788    34.8788    1477.93    1477.93    6.62275      0.392     0.0005 0.0000e+00
    798.000    1477.94    1477.94   1460.067    798.000  1031.4689  1031.4686    34.8790    34.8788    1477.94    1477.94    6.62226      1.003     0.0004 0.0000e+00
    799.000    1477.96    1477.96   1460.890    799.000  1031.4736  1031.4735    34.8792    34.8791    1477.96    1477.96    6.62150      1.331     0.0002 0.0000e+00
    800.000    1477.98    1477.98   1461.600    800.000  1031.4784  1031.4781    34.8795    34.8792    1477.98    1477.98    6.62222      1.442     0.0001 0.0000e+00
    801.000    1478.00    1478.00   1462.292    801.000  1031.4830  1031.4829    34.8797    34.8797    1478.00    1478.00    6.61794      1.379     0.0002 0.0000e+00
    802.000    1478.02    1478.02   1463.107    802.000  1031.4874  1031.4874    34.8794    34.8796    1478.02    1478.02    6.61903      1.020     0.0007 0.0000e+00
    803.000    1478.04    1478.04   1465.777    803.000  1031.4919  1031.4918    34.8793    34.8792    1478.04    1478.04    6.61912      0.209    -0.0001 0.0000e+00
    804.000    1478.05    1478.06   1467.866    804.000  1031.4967  1031.4967    34.8794    34.8795    1478.05    1478.06    6.62060      0.952     0.0007 0.0000e+00
    805.000    1478.06    1478.07   1468.788    805.000  1031.5012  1031.5015    34.8790    34.8794    1478.06    1478.06    6.62484      1.183     0.0006 0.0000e+00
    806.000    1478.07    1478.07   1469.589    806.000  1031.5061  1031.5062    34.8789    34.8792    1478.07    1478.07    6.62708      1.282     0.0002 0.0000e+00
    807.000    1478.08    1478.08   1470.366    807.000  1031.5107  1031.5107    34.8786    34.8788    1478.08    1478.08    6.62954      1.303     0.0008 0.0000e+00
    808.000    1478.09    1478.09   1471.149    808.000  1031.5154  1031.5154    34.8784    34.8785    1478.09    1478.09    6.62969      1.237     0.0004 0.0000e+00
    809.000    1478.10    1478.10   1472.034    809.000  1031.5201  1031.5201    34.8785    34.8785    1478.10    1478.10    6.63140      0.997     0.0002 0.0000e+00
    810.000    1478.12    1478.12   1473.502    810.000  1031.5245  1031.5247    34.8783    34.8783    1478.12    1478.12    6.62897      0.547    -0.0002 0.0000e+00
    811.000    1478.14    1478.14   1475.611    811.000  1031.5293  1031.5293    34.8783    34.8782    1478.14    1478.14    6.62733      0.547    -0.0001 0.0000e+00
    812.000    1478.15    1478.15   1477.205    812.000  1031.5338  1031.5339    34.8780    34.8780    1478.15    1478.15    6.62896      0.692    -0.0007 0.0000e+00
    813.000    1478.16    1478.16   1478.553    813.000  1031.5387  1031.5386    34.8782    34.8780    1478.16    1478.16    6.63015      0.852     0.0003 0.0000e+00
    814.000    1478.18    1478.18   1479.615    814.000  1031.5433  1031.5432    34.8781    34.8780    1478.18    1478.18    6.63131      1.094     0.0001 0.0000e+00
    815.000    1478.19    1478.19   1480.451    815.000  1031.5479  1031.5481    34.8777    34.8781    1478.19    1478.19    6.63160      1.301     0.0005 0.0000e+00
    816.000    1478.20    1478.20   1481.181    816.000  1031.5527  1031.5527    34.8779    34.8780    1478.20    1478.20    6.62887      1.405     0.0003 0.0000e+00
    817.000    1478.21    1478.21   1481.889    817.000  1031.5573  1031.5573    34.8775    34.8775    1478.21    1478.21    6.62778      1.354     0.0006 0.0000e+00
    818.000    1478.23    1478.23   1482.724    818.000  1031.5621  1031.5620    34.8778    34.8776    1478.23    1478.23    6.62455      0.961    -0.0001 0.0000e+00
    819.000    1478.24    1478.25   1486.180    819.000  1031.5665  1031.5665    34.8773    34.8775    1478.24    1478.25    6.62473      0.352     0.0008 0.0000e+00
    820.000    1478.26    1478.26   1487.903    820.000  1031.5714  1031.5714    34.8776    34.8776    1478.26    1478.26    6.62302      1.363     0.0001 0.0000e+00
    821.000    1478.27    1478.27   1488.654    821.000  1031.5760  1031.5762    34.8774    34.8775    1478.27    1478.27    6.62288      1.469    -0.0002 0.0000e+00
    822.000    1478.28    1478.28   1489.333    822.000  1031.5806  1031.5808    34.8771    34.8774    1478.28    1478.28    6.62110      1.492     0.0001 0.0000e+00
    823.000    1478.29    1478.30   1490.010    823.000  1031.5853  1031.5853    34.8771    34.8773    1478.29    1478.30    6.62045      1.461     0.0005 0.0000e+00
    824.000    1478.31    1478.31   1490.716    824.000  1031.5900  1031.5900    34.8772    34.8772    1478.31    1478.31    6.62159      1.319     0.0002 0.0000e+00
    825.000    1478.33    1478.33   1491.600    825.000  1031.5945  1031.5946    34.8769    34.8770    1478.33    1478.33    6.62186      0.987    -0.0001 0.0000e+00
    826.000    1478.34    1478.35   1493.647    826.000  1031.5991  1031.5991    34.8769    34.8770    1478.34    1478.35    6.62315      0.413     0.0007 0.0000e+00
    827.000    1478.36    1478.36   1496.849    827.000  1031.6039  1031.6038    34.8769    34.8769    1478.36    1478.36    6.62591      0.816     0.0005 0.0000e+00
    828.000    1478.37    1478.38   1497.630    828.000  1031.6086  1031.6086    34.8771    34.8772    1478.37    1478.38    6.62913      1.286     0.0001 0.0000e+00
    829.000    1478.39    1478.39   1498.344    829.000  1031.6134  1031.6133    34.8772    34.8771    1478.39    1478.39    6.62803      1.429     0.0004 0.0000e+00
    830.000    1478.41    1478.41   1499.040    830.000  1031.6179  1031.6179    34.8771    34.8772    1478.41    1478.41    6.62843      1.459     0.0005 0.0000e+00
    831.000    1478.42    1478.42   1499.728    831.000  1031.6221  1031.6227    34.8762    34.8770    1478.42    1478.42    6.62871      1.447     0.0001 0.0000e+00
    832.000    1478.41    1478.42   1500.438    832.000  1031.6272  1031.6272    34.8760    34.8761    1478.41    1478.42    6.62697      1.396     0.0015 0.0000e+00
    833.000    1478.43    1478.42   1501.188    833.000  1031.6317  1031.6318    34.8758    34.8758    1478.43    1478.42    6.62324      1.203    -0.0013 0.0000e+00
    834.000    1478.45    1478.45   1503.604    834.000  1031.6364  1031.6364    34.8759    34.8758    1478.45    1478.45    6.61786      0.244    -0.0002 0.0000e+00
    835.000    1478.46    1478.46   1505.909    835.000  1031.6409  1031.6411    34.8757    34.8759    1478.46    1478.46    6.62236      0.947    -0.0011 0.0000e+00
    836.000    1478.45    1478.45   1506.829    836.000  1031.6460  1031.6460    34.8753    34.8755    1478.45    1478.45    6.61940      1.225     0.0003 0.0000e+00
    837.000    1478.46    1478.46   1507.582    837.000  1031.6506  1031.6508    34.8751    34.8753    1478.46    1478.46    6.61848      1.398     0.0003 0.0000e+00
    838.000    1478.48    1478.48   1508.283    838.000  1031.6554  1031.6553    34.8753    34.8753    1478.48    1478.48    6.61689      1.467     0.0003 0.0000e+00
    839.000    1478.50    1478.50   1508.962    839.000  1031.6600  1031.6599    34.8752    34.8752    1478.50    1478.50    6.61628      1.457     0.0003 0.0000e+00
    840.000    1478.51    1478.51   1509.670    840.000  1031.6647  1031.6646    34.8751    34.8750    1478.51    1478.51    6.61397      1.409     0.0004 0.0000e+00
    841.000    1478.53    1478.52   1510.404    841.000  1031.6692  1031.6693    34.8750    34.8750    1478.52    1478.52    6.61408      1.276    -0.0004 0.0000e+00
    842.000    1478.54    1478.55   1512.952    842.000  1031.6737  1031.6737    34.8749    34.8749    1478.54    1478.55    6.61019      0.258     0.0009 0.0000e+00
    843.000    1478.56    1478.56   1515.604    843.000  1031.6783  1031.6785    34.8748    34.8751    1478.56    1478.56    6.61146      1.152     0.0009 0.0000e+00
    844.000    1478.56    1478.57   1516.355    844.000  1031.6832  1031.6832    34.8747    34.8748    1478.56    1478.57    6.61431      1.358     0.0012 0.0000e+00
    845.000    1478.58    1478.58   1517.060    845.000  1031.6879  1031.6879    34.8745    34.8747    1478.58    1478.58    6.61664      1.435     0.0004 0.0000e+00
    846.000    1478.59    1478.59   1517.762    846.000  1031.6927  1031.6926    34.8747    34.8747    1478.59    1478.59    6.61600      1.420     0.0004 0.0000e+00
    847.000    1478.61    1478.61   1518.493    847.000  1031.6974  1031.6973    34.8748    34.8746    1478.61    1478.61    6.61477      1.380     0.0005 0.0000e+00
    848.000    1478.63    1478.63   1519.236    848.000  1031.7019  1031.7018    34.8747    34.8745    1478.63    1478.63    6.61620      1.346     0.0005 0.0000e+00
    849.000    1478.64    1478.64   1519.997    849.000  1031.7063  1031.7065    34.8742    34.8745    1478.64    1478.64    6.61528      1.254    -0.0006 0.0000e+00
    850.000    1478.66    1478.66   1522.568    850.000  1031.7111  1031.7109    34.8742    34.8743    1478.66    1478.66    6.61364      0.303     0.0010 0.0000e+00
    851.000    1478.67    1478.68   1525.480    851.000  1031.7159  1031.7159    34.8746    34.8747    1478.67    1478.68    6.61340      1.206     0.0004 0.0000e+00
    852.000    1478.69    1478.69   1526.222    852.000  1031.7205  1031.7206    34.8742    34.8744    1478.68    1478.69    6.61207      1.410     0.0002 0.0000e+00
    853.000    1478.70    1478.70   1526.908    853.000  1031.7252  1031.7252    34.8743    34.8744    1478.70    1478.70    6.61065      1.472     0.0007 0.0000e+00
    854.000    1478.71    1478.71   1527.590    854.000  1031.7300  1031.7299    34.8743    34.8743    1478.71    1478.71    6.61087      1.455     0.0005 0.0000e+00
    855.000    1478.73    1478.73   1528.302    855.000  1031.7346  1031.7345    34.8744    34.8742    1478.73    1478.73    6.60758      1.421     0.0004 0.0000e+00
    856.000    1478.75    1478.75   1529.022    856.000  1031.7391  1031.7390    34.8742    34.8742    1478.75    1478.75    6.60934      1.386     0.0007 0.0000e+00
    857.000    1478.76    1478.76   1529.763    857.000  1031.7437  1031.7438    34.8741    34.8741    1478.76    1478.76    6.60872      1.291     0.0002 0.0000e+00
    858.000    1478.77    1478.78   1530.690    858.000  1031.7483  1031.7483    34.8738    34.8740    1478.77    1478.78    6.60542      0.828     0.0018 0.0000e+00
    859.000    1478.80    1478.79   1534.362    859.000  1031.7528  1031.7528    34.8739    34.8737    1478.80    1478.79    6.60470      0.092    -0.0006 0.0000e+00
    860.000    1478.80    1478.80   1535.476    860.000  1031.7577  1031.7578    34.8736    34.8738    1478.80    1478.80    6.60730      1.141     0.0006 0.0000e+00
    861.000    1478.81    1478.81   1536.250    861.000  1031.7625  1031.7626    34.8735    34.8738    1478.81    1478.81    6.60835      1.339     0.0005 0.0000e+00
    862.000    1478.82    1478.82   1536.967    862.000  1031.7671  1031.7672    34.8735    34.8737    1478.82    1478.82    6.60732      1.424    -0.0001 0.0000e+00
    863.000    1478.84    1478.84   1537.669    863.000  1031.7719  1031.7717    34.8734    34.8734    1478.84    1478.84    6.60575      1.419     0.0003 0.0000e+00
    864.000    1478.85    1478.85   1538.395    864.000  1031.7767  1031.7765    34.8736    34.8735    1478.85    1478.85    6.60244      1.357     0.0003 0.0000e+00
    865.000    1478.87    1478.87   1539.166    865.000  1031.7811  1031.7811    34.8734    34.8734    1478.87    1478.87    6.60044      1.276     0.0004 0.0000e+00
    866.000    1478.88    1478.88   1539.999    866.000  1031.7860  1031.7859    34.8735    34.8734    1478.88    1478.88    6.59963      1.096     0.0001 0.0000e+00
    867.000    1478.90    1478.90   1541.386    867.000  1031.7903  1031.7904    34.8732    34.8732    1478.90    1478.90    6.59747      0.550     0.0000 0.0000e+00
    868.000    1478.91    1478.91   1544.000    868.000  1031.7949  1031.7949    34.8730    34.8731    1478.91    1478.91    6.59651      0.534     0.0007 0.0000e+00
    869.000    1478.93    1478.93   1545.238    869.000  1031.7999  1031.7998    34.8734    34.8733    1478.93    1478.93    6.59243      0.898     0.0004 0.0000e+00
    870.000    1478.94    1478.95   1546.294    870.000  1031.8044  1031.8044    34.8732    34.8733    1478.94    1478.95    6.59155      0.968     0.0005 0.0000e+00
    871.000    1478.96    1478.96   1547.334    871.000  1031.8091  1031.8091    34.8732    34.8733    1478.96    1478.96    6.58771      1.007     0.0003 0.0000e+00
    872.000    1478.98    1478.98   1548.297    872.000  1031.8137  1031.8137    34.8731    34.8731    1478.98    1478.98    6.58842      1.121     0.0003 0.0000e+00
