Ship_data/Irminger/Irminger-2/ctd/process/at30_008_SV.cnv
* Sea-Bird SBE 9 Data File:
* FileName = C:\data\ctd\at30_008.hdr
* Software Version Seasave V 7.21f
* Temperature SN = 2265
* Conductivity SN = 3021
* Number of Bytes Per Scan = 40
* Number of Voltage Words = 5
* Number of Scans Averaged by the Deck Unit = 1
* NMEA Latitude = 59 43.12 N
* NMEA Longitude = 039 21.38 W
* NMEA UTC (Time) = Aug 19 2015  12:16:11
** Confirmation of seafloor depth at FLMB -2  site
# nquan = 15
# nvalues = 2806                        
# units = specified
# name 0 = depSM: Depth [salt water, m]
# name 1 = svCM: Sound Velocity [Chen-Millero, m/s]
# name 2 = svCM1: Sound Velocity, 2 [Chen-Millero, m/s]
# name 3 = timeS: Time, Elapsed [seconds]
# name 4 = depSM: Depth [salt water, m]
# name 5 = density00: Density [density, Kg/m^3]
# name 6 = density11: Density, 2 [density, Kg/m^3]
# name 7 = sal00: Salinity, Practical [PSU]
# name 8 = sal11: Salinity, Practical, 2 [PSU]
# name 9 = svCM: Sound Velocity [Chen-Millero, m/s]
# name 10 = svCM1: Sound Velocity, 2 [Chen-Millero, m/s]
# name 11 = sbeox0ML/L: Oxygen, SBE 43 [ml/l]
# name 12 = dz/dtM: Descent Rate [m/s]
# name 13 = T2-T190C: Temperature Difference, 2 - 1 [ITS-90, deg C]
# name 14 = flag:
# span 0 =      1.000,   2806.000       
# span 1 =    1469.44,    1504.10       
# span 2 =    1469.45,    1504.10       
# span 3 =    -19.871,   3337.076       
# span 4 =      1.000,   2806.000       
# span 5 =  1027.1008,  1040.9860       
# span 6 =  1027.1007,  1040.9856       
# span 7 =    34.8428,    34.9413       
# span 8 =    34.8451,    34.9422       
# span 9 =    1469.44,    1504.10       
# span 10 =    1469.45,    1504.10      
# span 11 =    5.99175,    6.92492      
# span 12 =     -0.062,      1.562      
# span 13 =    -0.0054,     0.0266      
# span 14 = 0.0000e+00, 0.0000e+00      
# interval = meters: 1                  
# start_time = Aug 19 2015 12:16:11 [NMEA time, header]
# bad_flag = -9.990e-29
*END*
[from data line 1928]
   1929.000    1495.66    1495.66   2247.312   1929.000  1036.7693  1036.7690    34.9309    34.9307    1495.66    1495.66    6.03323      0.790     0.0006 0.0000e+00
   1930.000    1495.67    1495.68   2248.808   1930.000  1036.7739  1036.7737    34.9309    34.9307    1495.67    1495.68    6.03263      0.705     0.0006 0.0000e+00
   1931.000    1495.69    1495.69   2250.032   1931.000  1036.7787  1036.7784    34.9309    34.9307    1495.69    1495.69    6.03586      1.036     0.0006 0.0000e+00
   1932.000    1495.70    1495.70   2250.887   1932.000  1036.7832  1036.7832    34.9307    34.9307    1495.70    1495.70    6.03476      1.284     0.0005 0.0000e+00
   1933.000    1495.71    1495.71   2251.628   1933.000  1036.7882  1036.7880    34.9308    34.9306    1495.71    1495.71    6.03504      1.386     0.0005 0.0000e+00
   1934.000    1495.72    1495.73   2252.352   1934.000  1036.7927  1036.7926    34.9307    34.9306    1495.72    1495.73    6.03672      1.362     0.0005 0.0000e+00
   1935.000    1495.74    1495.74   2253.137   1935.000  1036.7974  1036.7971    34.9306    34.9305    1495.74    1495.74    6.03660      1.201     0.0006 0.0000e+00
   1936.000    1495.75    1495.75   2254.094   1936.000  1036.8021  1036.8019    34.9306    34.9305    1495.75    1495.75    6.03616      0.981     0.0005 0.0000e+00
   1937.000    1495.76    1495.76   2255.217   1937.000  1036.8068  1036.8066    34.9306    34.9304    1495.76    1495.76    6.03533      0.900     0.0006 0.0000e+00
   1938.000    1495.77    1495.77   2256.324   1938.000  1036.8118  1036.8114    34.9307    34.9304    1495.77    1495.77    6.03804      0.957     0.0006 0.0000e+00
   1939.000    1495.79    1495.79   2257.351   1939.000  1036.8163  1036.8160    34.9306    34.9304    1495.79    1495.79    6.03527      1.037     0.0006 0.0000e+00
   1940.000    1495.80    1495.80   2258.297   1940.000  1036.8209  1036.8208    34.9304    34.9304    1495.80    1495.80    6.03587      1.098     0.0006 0.0000e+00
   1941.000    1495.81    1495.81   2259.209   1941.000  1036.8256  1036.8254    34.9304    34.9303    1495.81    1495.81    6.03655      1.093     0.0006 0.0000e+00
   1942.000    1495.82    1495.82   2260.179   1942.000  1036.8303  1036.8301    34.9304    34.9302    1495.82    1495.82    6.03598      0.976     0.0005 0.0000e+00
   1943.000    1495.83    1495.83   2261.344   1943.000  1036.8351  1036.8348    34.9302    34.9301    1495.83    1495.83    6.03751      0.828     0.0006 0.0000e+00
   1944.000    1495.84    1495.85   2262.583   1944.000  1036.8397  1036.8395    34.9301    34.9300    1495.84    1495.85    6.04016      0.896     0.0006 0.0000e+00
   1945.000    1495.86    1495.86   2263.616   1945.000  1036.8444  1036.8441    34.9301    34.9300    1495.86    1495.86    6.04135      1.050     0.0005 0.0000e+00
   1946.000    1495.87    1495.88   2264.547   1946.000  1036.8490  1036.8488    34.9301    34.9300    1495.87    1495.88    6.04123      1.093     0.0006 0.0000e+00
   1947.000    1495.89    1495.89   2265.489   1947.000  1036.8536  1036.8535    34.9300    34.9300    1495.89    1495.89    6.04334      1.072     0.0005 0.0000e+00
   1948.000    1495.90    1495.90   2266.441   1948.000  1036.8583  1036.8583    34.9299    34.9299    1495.90    1495.90    6.04259      1.092     0.0005 0.0000e+00
   1949.000    1495.91    1495.91   2267.348   1949.000  1036.8632  1036.8629    34.9300    34.9299    1495.91    1495.91    6.03938      1.154     0.0006 0.0000e+00
   1950.000    1495.92    1495.93   2268.214   1950.000  1036.8677  1036.8677    34.9299    34.9300    1495.92    1495.93    6.04068      1.159     0.0005 0.0000e+00
   1951.000    1495.94    1495.94   2269.120   1951.000  1036.8723  1036.8722    34.9300    34.9299    1495.94    1495.94    6.04046      1.054     0.0005 0.0000e+00
   1952.000    1495.95    1495.96   2270.192   1952.000  1036.8770  1036.8768    34.9300    34.9299    1495.95    1495.96    6.04128      0.867     0.0006 0.0000e+00
   1953.000    1495.97    1495.97   2271.492   1953.000  1036.8816  1036.8815    34.9299    34.9299    1495.97    1495.97    6.04022      0.785     0.0005 0.0000e+00
   1954.000    1495.99    1495.99   2272.713   1954.000  1036.8862  1036.8861    34.9302    34.9301    1495.99    1495.99    6.03803      0.949     0.0006 0.0000e+00
   1955.000    1496.01    1496.01   2273.680   1955.000  1036.8909  1036.8907    34.9302    34.9301    1496.01    1496.01    6.04071      1.146     0.0005 0.0000e+00
   1956.000    1496.02    1496.03   2274.514   1956.000  1036.8954  1036.8953    34.9301    34.9301    1496.02    1496.03    6.03916      1.265     0.0005 0.0000e+00
   1957.000    1496.04    1496.04   2275.290   1957.000  1036.9000  1036.8999    34.9301    34.9301    1496.04    1496.04    6.04013      1.310     0.0005 0.0000e+00
   1958.000    1496.05    1496.05   2276.069   1958.000  1036.9045  1036.9045    34.9298    34.9299    1496.05    1496.05    6.03727      1.273     0.0005 0.0000e+00
   1959.000    1496.05    1496.06   2276.911   1959.000  1036.9094  1036.9093    34.9296    34.9297    1496.05    1496.06    6.03695      1.106     0.0006 0.0000e+00
   1960.000    1496.06    1496.06   2278.010   1960.000  1036.9142  1036.9141    34.9296    34.9295    1496.06    1496.06    6.03848      0.787     0.0002 0.0000e+00
   1961.000    1496.07    1496.08   2279.591   1961.000  1036.9188  1036.9186    34.9294    34.9292    1496.07    1496.08    6.03955      0.671     0.0006 0.0000e+00
   1962.000    1496.09    1496.09   2280.842   1962.000  1036.9236  1036.9233    34.9297    34.9295    1496.09    1496.09    6.04065      1.009     0.0005 0.0000e+00
   1963.000    1496.11    1496.11   2281.732   1963.000  1036.9282  1036.9281    34.9297    34.9297    1496.11    1496.11    6.04155      1.211     0.0005 0.0000e+00
   1964.000    1496.12    1496.12   2282.536   1964.000  1036.9327  1036.9327    34.9292    34.9294    1496.11    1496.12    6.04372      1.254     0.0006 0.0000e+00
   1965.000    1496.11    1496.12   2283.366   1965.000  1036.9376  1036.9377    34.9289    34.9291    1496.11    1496.12    6.04398      1.169     0.0004 0.0000e+00
   1966.000    1496.12    1496.12   2284.298   1966.000  1036.9426  1036.9425    34.9291    34.9290    1496.12    1496.12    6.04682      1.037     0.0003 0.0000e+00
   1967.000    1496.13    1496.13   2285.338   1967.000  1036.9473  1036.9471    34.9289    34.9288    1496.13    1496.13    6.04669      0.973     0.0003 0.0000e+00
   1968.000    1496.14    1496.15   2286.367   1968.000  1036.9521  1036.9520    34.9289    34.9289    1496.14    1496.15    6.04766      1.037     0.0005 0.0000e+00
   1969.000    1496.16    1496.16   2287.298   1969.000  1036.9567  1036.9567    34.9287    34.9288    1496.16    1496.16    6.04676      1.118     0.0006 0.0000e+00
   1970.000    1496.17    1496.17   2288.196   1970.000  1036.9614  1036.9613    34.9286    34.9286    1496.17    1496.17    6.04739      1.121     0.0003 0.0000e+00
   1971.000    1496.18    1496.18   2289.126   1971.000  1036.9659  1036.9659    34.9284    34.9285    1496.18    1496.18    6.04571      1.058     0.0003 0.0000e+00
   1972.000    1496.18    1496.18   2290.128   1972.000  1036.9708  1036.9709    34.9280    34.9281    1496.17    1496.18    6.04588      0.995     0.0005 0.0000e+00
   1973.000    1496.18    1496.18   2291.157   1973.000  1036.9760  1036.9758    34.9282    34.9281    1496.18    1496.18    6.04647      1.008     0.0004 0.0000e+00
   1974.000    1496.20    1496.20   2292.151   1974.000  1036.9807  1036.9806    34.9283    34.9283    1496.20    1496.20    6.04503      1.013     0.0005 0.0000e+00
   1975.000    1496.21    1496.22   2293.192   1975.000  1036.9855  1036.9854    34.9286    34.9286    1496.21    1496.22    6.04380      0.924     0.0004 0.0000e+00
   1976.000    1496.23    1496.23   2294.378   1976.000  1036.9904  1036.9904    34.9289    34.9289    1496.23    1496.23    6.04373      0.838     0.0003 0.0000e+00
   1977.000    1496.24    1496.25   2295.558   1977.000  1036.9951  1036.9951    34.9291    34.9291    1496.24    1496.24    6.04476      0.921     0.0003 0.0000e+00
   1978.000    1496.26    1496.26   2296.599   1978.000  1036.9996  1036.9998    34.9289    34.9291    1496.26    1496.26    6.04659      1.030     0.0004 0.0000e+00
   1979.000    1496.26    1496.27   2297.553   1979.000  1037.0044  1037.0044    34.9287    34.9288    1496.26    1496.27    6.04779      1.077     0.0005 0.0000e+00
   1980.000    1496.27    1496.28   2298.490   1980.000  1037.0089  1037.0090    34.9282    34.9285    1496.27    1496.27    6.04977      1.100     0.0007 0.0000e+00
   1981.000    1496.28    1496.28   2299.406   1981.000  1037.0140  1037.0138    34.9282    34.9281    1496.27    1496.28    6.05081      1.130     0.0004 0.0000e+00
   1982.000    1496.29    1496.29   2300.294   1982.000  1037.0184  1037.0184    34.9280    34.9281    1496.29    1496.29    6.05033      1.166     0.0003 0.0000e+00
   1983.000    1496.30    1496.30   2301.157   1983.000  1037.0232  1037.0232    34.9280    34.9280    1496.30    1496.30    6.05145      1.173     0.0004 0.0000e+00
   1984.000    1496.32    1496.32   2302.036   1984.000  1037.0278  1037.0277    34.9280    34.9279    1496.32    1496.32    6.05326      1.111     0.0007 0.0000e+00
   1985.000    1496.33    1496.33   2303.012   1985.000  1037.0326  1037.0326    34.9280    34.9281    1496.33    1496.33    6.05345      0.996     0.0005 0.0000e+00
   1986.000    1496.33    1496.33   2304.080   1986.000  1037.0376  1037.0376    34.9279    34.9280    1496.33    1496.33    6.05336      0.955     0.0004 0.0000e+00
   1987.000    1496.34    1496.34   2305.127   1987.000  1037.0424  1037.0424    34.9278    34.9278    1496.34    1496.34    6.05384      1.004     0.0004 0.0000e+00
   1988.000    1496.35    1496.35   2306.115   1988.000  1037.0470  1037.0470    34.9276    34.9276    1496.35    1496.35    6.05224      1.028     0.0005 0.0000e+00
   1989.000    1496.35    1496.36   2307.128   1989.000  1037.0519  1037.0518    34.9274    34.9275    1496.35    1496.36    6.05225      0.967     0.0005 0.0000e+00
   1990.000    1496.37    1496.37   2308.245   1990.000  1037.0564  1037.0564    34.9273    34.9274    1496.37    1496.37    6.05313      0.878     0.0004 0.0000e+00
   1991.000    1496.38    1496.38   2309.426   1991.000  1037.0613  1037.0612    34.9275    34.9274    1496.38    1496.38    6.05363      0.887     0.0005 0.0000e+00
   1992.000    1496.39    1496.40   2310.533   1992.000  1037.0659  1037.0658    34.9275    34.9274    1496.39    1496.39    6.05508      0.938     0.0005 0.0000e+00
   1993.000    1496.40    1496.40   2311.612   1993.000  1037.0707  1037.0706    34.9272    34.9272    1496.40    1496.40    6.05674      0.959     0.0004 0.0000e+00
   1994.000    1496.41    1496.41   2312.646   1994.000  1037.0756  1037.0756    34.9274    34.9275    1496.41    1496.41    6.05762      1.049     0.0004 0.0000e+00
   1995.000    1496.43    1496.43   2313.557   1995.000  1037.0803  1037.0802    34.9275    34.9274    1496.43    1496.43    6.05880      1.201     0.0005 0.0000e+00
   1996.000    1496.44    1496.44   2314.359   1996.000  1037.0851  1037.0848    34.9277    34.9275    1496.44    1496.44    6.05973      1.307     0.0006 0.0000e+00
   1997.000    1496.46    1496.46   2315.118   1997.000  1037.0897  1037.0894    34.9277    34.9274    1496.46    1496.46    6.05902      1.321     0.0006 0.0000e+00
   1998.000    1496.47    1496.47   2315.904   1998.000  1037.0944  1037.0940    34.9276    34.9274    1496.47    1496.47    6.06004      1.220     0.0005 0.0000e+00
   1999.000    1496.49    1496.49   2316.813   1999.000  1037.0989  1037.0986    34.9276    34.9274    1496.49    1496.49    6.05646      1.038     0.0005 0.0000e+00
   2000.000    1496.50    1496.51   2317.883   2000.000  1037.1035  1037.1033    34.9276    34.9274    1496.50    1496.51    6.05641      0.934     0.0006 0.0000e+00
   2001.000    1496.52    1496.52   2318.973   2001.000  1037.1085  1037.1084    34.9281    34.9279    1496.52    1496.52    6.05549      0.949     0.0006 0.0000e+00
   2002.000    1496.54    1496.54   2320.042   2002.000  1037.1134  1037.1132    34.9285    34.9282    1496.54    1496.54    6.05479      0.922    -0.0001 0.0000e+00
   2003.000    1496.56    1496.56   2321.219   2003.000  1037.1180  1037.1178    34.9288    34.9286    1496.56    1496.56    6.05369      0.826     0.0007 0.0000e+00
   2004.000    1496.59    1496.59   2322.477   2004.000  1037.1229  1037.1226    34.9298    34.9293    1496.59    1496.59    6.05350      0.873     0.0005 0.0000e+00
   2005.000    1496.61    1496.61   2323.528   2005.000  1037.1273  1037.1272    34.9296    34.9295    1496.61    1496.61    6.05199      1.074     0.0005 0.0000e+00
   2006.000    1496.62    1496.62   2324.409   2006.000  1037.1318  1037.1317    34.9294    34.9292    1496.62    1496.62    6.04993      1.195     0.0004 0.0000e+00
   2007.000    1496.64    1496.64   2325.239   2007.000  1037.1366  1037.1362    34.9296    34.9292    1496.64    1496.64    6.04956      1.183     0.0005 0.0000e+00
   2008.000    1496.66    1496.66   2326.150   2008.000  1037.1411  1037.1409    34.9296    34.9294    1496.66    1496.66    6.04952      1.039     0.0006 0.0000e+00
   2009.000    1496.67    1496.67   2327.246   2009.000  1037.1458  1037.1456    34.9296    34.9295    1496.67    1496.67    6.04944      0.881     0.0005 0.0000e+00
   2010.000    1496.68    1496.69   2328.414   2010.000  1037.1503  1037.1501    34.9293    34.9292    1496.68    1496.69    6.04833      0.953     0.0005 0.0000e+00
   2011.000    1496.69    1496.69   2329.388   2011.000  1037.1554  1037.1550    34.9295    34.9292    1496.69    1496.69    6.04871      1.131     0.0007 0.0000e+00
   2012.000    1496.72    1496.72   2330.232   2012.000  1037.1599  1037.1597    34.9299    34.9297    1496.72    1496.72    6.04923      1.211     0.0012 0.0000e+00
   2013.000    1496.74    1496.74   2331.072   2013.000  1037.1647  1037.1643    34.9305    34.9301    1496.74    1496.74    6.04572      1.183     0.0003 0.0000e+00
   2014.000    1496.76    1496.76   2331.969   2014.000  1037.1692  1037.1689    34.9304    34.9302    1496.76    1496.76    6.04542      1.086     0.0004 0.0000e+00
   2015.000    1496.78    1496.78   2332.962   2015.000  1037.1740  1037.1736    34.9307    34.9304    1496.78    1496.78    6.04562      0.995     0.0007 0.0000e+00
   2016.000    1496.80    1496.80   2334.016   2016.000  1037.1785  1037.1781    34.9308    34.9304    1496.80    1496.80    6.04571      0.958     0.0006 0.0000e+00
   2017.000    1496.82    1496.82   2335.092   2017.000  1037.1830  1037.1827    34.9307    34.9305    1496.82    1496.82    6.04608      0.942     0.0005 0.0000e+00
   2018.000    1496.83    1496.83   2336.183   2018.000  1037.1876  1037.1873    34.9307    34.9304    1496.83    1496.83    6.04475      0.928     0.0002 0.0000e+00
   2019.000    1496.84    1496.85   2337.280   2019.000  1037.1925  1037.1923    34.9309    34.9307    1496.84    1496.85    6.04303      0.948     0.0002 0.0000e+00
   2020.000    1496.86    1496.86   2338.326   2020.000  1037.1973  1037.1970    34.9312    34.9311    1496.86    1496.86    6.04350      1.010     0.0009 0.0000e+00
   2021.000    1496.87    1496.88   2339.306   2021.000  1037.2020  1037.2020    34.9313    34.9313    1496.87    1496.88    6.04456      1.052     0.0003 0.0000e+00
   2022.000    1496.89    1496.89   2340.267   2022.000  1037.2068  1037.2065    34.9314    34.9311    1496.89    1496.89    6.04422      1.036     0.0007 0.0000e+00
   2023.000    1496.91    1496.91   2341.279   2023.000  1037.2114  1037.2112    34.9315    34.9312    1496.91    1496.91    6.04455      0.998     0.0006 0.0000e+00
   2024.000    1496.92    1496.93   2342.309   2024.000  1037.2159  1037.2156    34.9314    34.9311    1496.92    1496.93    6.04272      1.018     0.0007 0.0000e+00
