Ship_data/Irminger/Irminger-2/ctd/process/at30_013_SV.cnv
* Sea-Bird SBE 9 Data File:
* FileName = C:\data\ctd\at30_013.hdr
* Software Version Seasave V 7.21f
* Temperature SN = 2265
* Conductivity SN = 3021
* Number of Bytes Per Scan = 40
* Number of Voltage Words = 5
* Number of Scans Averaged by the Deck Unit = 1
* NMEA Latitude = 59 53.87 N
* NMEA Longitude = 039 34.33 W
* NMEA UTC (Time) = Aug 23 2015  21:20:25
** cal / val for SUMO 2
# nquan = 15
# nvalues = 1493                        
# units = specified
# name 0 = depSM: Depth [salt water, m]
# name 1 = svCM: Sound Velocity [Chen-Millero, m/s]
# name 2 = svCM1: Sound Velocity, 2 [Chen-Millero, m/s]
# name 3 = timeS: Time, Elapsed [seconds]
# name 4 = depSM: Depth [salt water, m]
# name 5 = density00: Density [density, Kg/m^3]
# name 6 = density11: Density, 2 [density, Kg/m^3]
# name 7 = sal00: Salinity, Practical [PSU]
# name 8 = sal11: Salinity, Practical, 2 [PSU]
# name 9 = svCM: Sound Velocity [Chen-Millero, m/s]
# name 10 = svCM1: Sound Velocity, 2 [Chen-Millero, m/s]
# name 11 = sbeox0ML/L: Oxygen, SBE 43 [ml/l]
# name 12 = dz/dtM: Descent Rate [m/s]
# name 13 = T2-T190C: Temperature Difference, 2 - 1 [ITS-90, deg C]
# name 14 = flag:
# span 0 =     10.000,   1502.000       
# span 1 =    1471.85,    1490.08       
# span 2 =    1471.84,    1490.08       
# span 3 =     68.287,   2025.583       
# span 4 =     10.000,   1502.000       
# span 5 =  1027.1573,  1034.7578       
# span 6 =  1027.1567,  1034.7573       
# span 7 =    34.8339,    35.0267       
# span 8 =    34.8340,    35.0266       
# span 9 =    1471.84,    1490.08       
# span 10 =    1471.83,    1490.08      
# span 11 =    6.00594,    6.79065      
# span 12 =     -0.007,      1.726      
# span 13 =    -0.0651,     0.0290      
# span 14 = 0.0000e+00, 0.0000e+00      
# interval = meters: 1                  
# start_time = Aug 23 2015 21:20:25 [NMEA time, header]
# bad_flag = -9.990e-29
*END*
[from data line 964]
    974.000    1481.20    1481.20   1341.923    974.000  1032.2848  1032.2847    34.8885    34.8884    1481.20    1481.20    6.47887      0.641     0.0008 0.0000e+00
    975.000    1481.21    1481.21   1344.135    975.000  1032.2897  1032.2893    34.8888    34.8884    1481.21    1481.21    6.47083      0.610     0.0004 0.0000e+00
    976.000    1481.24    1481.24   1345.279    976.000  1032.2943  1032.2941    34.8890    34.8888    1481.24    1481.24    6.46955      1.040     0.0003 0.0000e+00
    977.000    1481.25    1481.26   1346.162    977.000  1032.2988  1032.2987    34.8887    34.8888    1481.25    1481.26    6.46616      1.199     0.0014 0.0000e+00
    978.000    1481.27    1481.28   1346.977    978.000  1032.3038  1032.3033    34.8894    34.8891    1481.28    1481.28    6.46614      1.209     0.0013 0.0000e+00
    979.000    1481.31    1481.31   1347.860    979.000  1032.3079  1032.3080    34.8894    34.8895    1481.31    1481.31    6.46411      1.034    -0.0001 0.0000e+00
    980.000    1481.31    1481.31   1349.029    980.000  1032.3127  1032.3125    34.8892    34.8888    1481.31    1481.31    6.46252      0.783    -0.0001 0.0000e+00
    981.000    1481.32    1481.33   1350.360    981.000  1032.3171  1032.3162    34.8887    34.8878    1481.32    1481.33    6.46140      0.857     0.0018 0.0000e+00
    982.000    1481.32    1481.33   1351.395    982.000  1032.3220  1032.3220    34.8884    34.8884    1481.32    1481.33    6.46028      1.098     0.0004 0.0000e+00
    983.000    1481.34    1481.34   1352.237    983.000  1032.3267  1032.3267    34.8883    34.8884    1481.34    1481.34    6.45782      1.268     0.0006 0.0000e+00
    984.000    1481.35    1481.35   1353.002    984.000  1032.3313  1032.3313    34.8882    34.8881    1481.35    1481.35    6.45652      1.342     0.0005 0.0000e+00
    985.000    1481.36    1481.36   1353.749    985.000  1032.3359  1032.3359    34.8878    34.8879    1481.36    1481.36    6.45620      1.312    -0.0000 0.0000e+00
    986.000    1481.37    1481.37   1354.553    986.000  1032.3407  1032.3406    34.8877    34.8877    1481.37    1481.37    6.45620      1.170     0.0006 0.0000e+00
    987.000    1481.38    1481.38   1355.531    987.000  1032.3453  1032.3451    34.8877    34.8874    1481.38    1481.38    6.45751      0.927     0.0003 0.0000e+00
    988.000    1481.40    1481.40   1356.839    988.000  1032.3499  1032.3496    34.8875    34.8873    1481.40    1481.40    6.46081      0.717     0.0005 0.0000e+00
    989.000    1481.42    1481.42   1358.233    989.000  1032.3547  1032.3544    34.8880    34.8876    1481.42    1481.42    6.46214      0.808    -0.0005 0.0000e+00
    990.000    1481.45    1481.45   1359.375    990.000  1032.3590  1032.3590    34.8878    34.8880    1481.45    1481.45    6.46059      0.942     0.0006 0.0000e+00
    991.000    1481.46    1481.47   1360.409    991.000  1032.3640  1032.3636    34.8882    34.8880    1481.46    1481.47    6.45938      1.002     0.0015 0.0000e+00
    992.000    1481.48    1481.48   1361.404    992.000  1032.3684  1032.3683    34.8881    34.8878    1481.48    1481.48    6.46007      1.059    -0.0003 0.0000e+00
    993.000    1481.50    1481.50   1362.321    993.000  1032.3732  1032.3729    34.8882    34.8880    1481.50    1481.50    6.46075      1.171     0.0003 0.0000e+00
    994.000    1481.51    1481.51   1363.144    994.000  1032.3777  1032.3777    34.8881    34.8881    1481.51    1481.52    6.46113      1.300     0.0001 0.0000e+00
    995.000    1481.52    1481.52   1363.886    995.000  1032.3816  1032.3823    34.8866    34.8876    1481.51    1481.52    6.45933      1.373     0.0010 0.0000e+00
    996.000    1481.51    1481.52   1364.618    996.000  1032.3870  1032.3870    34.8868    34.8869    1481.51    1481.51    6.45889      1.340     0.0011 0.0000e+00
    997.000    1481.52    1481.52   1365.414    997.000  1032.3920  1032.3917    34.8872    34.8864    1481.53    1481.51    6.45820      1.139    -0.0022 0.0000e+00
    998.000    1481.54    1481.53   1366.538    998.000  1032.3962  1032.3961    34.8865    34.8863    1481.53    1481.53    6.46032      0.770    -0.0000 0.0000e+00
    999.000    1481.55    1481.54   1368.098    999.000  1032.4009  1032.4008    34.8865    34.8857    1481.55    1481.54    6.46234      0.662    -0.0036 0.0000e+00
   1000.000    1481.55    1481.54   1369.495   1000.000  1032.4054  1032.4054    34.8855    34.8852    1481.55    1481.54    6.46170      0.768    -0.0011 0.0000e+00
   1001.000    1481.55    1481.55   1370.763   1001.000  1032.4102  1032.4102    34.8852    34.8853    1481.55    1481.55    6.46261      0.866     0.0012 0.0000e+00
   1002.000    1481.57    1481.57   1371.827   1002.000  1032.4155  1032.4149    34.8861    34.8854    1481.57    1481.57    6.46462      1.105     0.0005 0.0000e+00
   1003.000    1481.60    1481.60   1372.646   1003.000  1032.4196  1032.4196    34.8859    34.8859    1481.60    1481.60    6.46175      1.370     0.0003 0.0000e+00
   1004.000    1481.61    1481.61   1373.323   1004.000  1032.4242  1032.4242    34.8858    34.8857    1481.61    1481.61    6.46249      1.522    -0.0001 0.0000e+00
   1005.000    1481.63    1481.63   1373.971   1005.000  1032.4290  1032.4288    34.8859    34.8857    1481.63    1481.63    6.45973      1.548     0.0000 0.0000e+00
   1006.000    1481.65    1481.65   1374.629   1006.000  1032.4337  1032.4335    34.8864    34.8860    1481.65    1481.65    6.45950      1.423    -0.0004 0.0000e+00
   1007.000    1481.67    1481.67   1375.426   1007.000  1032.4381  1032.4380    34.8860    34.8859    1481.67    1481.67    6.45963      1.111     0.0004 0.0000e+00
   1008.000    1481.69    1481.69   1376.804   1008.000  1032.4426  1032.4425    34.8860    34.8858    1481.69    1481.69    6.45935      0.580    -0.0005 0.0000e+00
   1009.000    1481.71    1481.71   1378.994   1009.000  1032.4475  1032.4471    34.8864    34.8861    1481.71    1481.71    6.46001      0.641     0.0006 0.0000e+00
   1010.000    1481.74    1481.74   1380.054   1010.000  1032.4521  1032.4520    34.8868    34.8867    1481.74    1481.74    6.45797      1.111     0.0004 0.0000e+00
   1011.000    1481.76    1481.76   1380.869   1011.000  1032.4568  1032.4565    34.8869    34.8867    1481.76    1481.76    6.45704      1.339     0.0003 0.0000e+00
   1012.000    1481.76    1481.76   1381.577   1012.000  1032.4612  1032.4615    34.8860    34.8864    1481.76    1481.76    6.45870      1.417     0.0003 0.0000e+00
   1013.000    1481.77    1481.77   1382.297   1013.000  1032.4666  1032.4664    34.8866    34.8865    1481.77    1481.77    6.45561      1.346     0.0002 0.0000e+00
   1014.000    1481.78    1481.78   1383.106   1014.000  1032.4709  1032.4709    34.8862    34.8862    1481.78    1481.78    6.45731      1.139     0.0003 0.0000e+00
   1015.000    1481.79    1481.79   1384.136   1015.000  1032.4758  1032.4756    34.8864    34.8863    1481.79    1481.79    6.45670      0.919     0.0004 0.0000e+00
   1016.000    1481.82    1481.82   1385.297   1016.000  1032.4806  1032.4802    34.8868    34.8864    1481.82    1481.82    6.45405      0.902    -0.0002 0.0000e+00
   1017.000    1481.84    1481.84   1386.370   1017.000  1032.4851  1032.4850    34.8869    34.8866    1481.84    1481.84    6.45211      0.979    -0.0007 0.0000e+00
   1018.000    1481.85    1481.85   1387.380   1018.000  1032.4897  1032.4896    34.8867    34.8867    1481.85    1481.85    6.44995      1.005     0.0006 0.0000e+00
   1019.000    1481.87    1481.88   1388.391   1019.000  1032.4946  1032.4943    34.8872    34.8869    1481.87    1481.88    6.44846      1.016     0.0010 0.0000e+00
   1020.000    1481.90    1481.89   1389.369   1020.000  1032.4989  1032.4988    34.8870    34.8869    1481.90    1481.89    6.44494      1.057    -0.0004 0.0000e+00
   1021.000    1481.90    1481.91   1390.315   1021.000  1032.5039  1032.5035    34.8872    34.8868    1481.90    1481.91    6.44297      1.050     0.0007 0.0000e+00
   1022.000    1481.92    1481.92   1391.328   1022.000  1032.5082  1032.5081    34.8866    34.8865    1481.92    1481.92    6.44037      0.921     0.0006 0.0000e+00
   1023.000    1481.93    1481.93   1392.563   1023.000  1032.5129  1032.5128    34.8866    34.8867    1481.93    1481.93    6.44169      0.786     0.0012 0.0000e+00
   1024.000    1481.97    1481.96   1393.837   1024.000  1032.5179  1032.5176    34.8877    34.8872    1481.97    1481.96    6.44236      0.900    -0.0003 0.0000e+00
   1025.000    1481.99    1481.99   1394.838   1025.000  1032.5225  1032.5222    34.8878    34.8876    1481.99    1481.99    6.43921      1.132     0.0004 0.0000e+00
   1026.000    1482.01    1482.01   1395.655   1026.000  1032.5271  1032.5269    34.8881    34.8877    1482.01    1482.01    6.43817      1.297    -0.0004 0.0000e+00
   1027.000    1482.03    1482.03   1396.406   1027.000  1032.5315  1032.5315    34.8878    34.8878    1482.03    1482.03    6.43619      1.336    -0.0001 0.0000e+00
   1028.000    1482.04    1482.04   1397.177   1028.000  1032.5361  1032.5361    34.8875    34.8876    1482.04    1482.04    6.43210      1.216     0.0004 0.0000e+00
   1029.000    1482.05    1482.05   1398.160   1029.000  1032.5408  1032.5408    34.8872    34.8871    1482.05    1482.05    6.43231      0.856     0.0000 0.0000e+00
   1030.000    1482.06    1482.06   1399.783   1030.000  1032.5453  1032.5453    34.8868    34.8868    1482.06    1482.06    6.43347      0.613     0.0002 0.0000e+00
   1031.000    1482.07    1482.07   1401.095   1031.000  1032.5503  1032.5500    34.8871    34.8868    1482.07    1482.07    6.43428      1.007     0.0003 0.0000e+00
   1032.000    1482.08    1482.08   1401.975   1032.000  1032.5549  1032.5547    34.8871    34.8868    1482.08    1482.08    6.43499      1.221     0.0004 0.0000e+00
   1033.000    1482.10    1482.10   1402.763   1033.000  1032.5594  1032.5593    34.8871    34.8868    1482.10    1482.10    6.43554      1.296    -0.0003 0.0000e+00
   1034.000    1482.12    1482.12   1403.542   1034.000  1032.5641  1032.5640    34.8869    34.8868    1482.12    1482.12    6.43425      1.254    -0.0001 0.0000e+00
   1035.000    1482.13    1482.13   1404.390   1035.000  1032.5687  1032.5685    34.8870    34.8867    1482.13    1482.13    6.43320      1.131     0.0003 0.0000e+00
   1036.000    1482.15    1482.15   1405.355   1036.000  1032.5734  1032.5732    34.8870    34.8868    1482.15    1482.15    6.43302      1.003     0.0001 0.0000e+00
   1037.000    1482.15    1482.16   1406.422   1037.000  1032.5776  1032.5779    34.8861    34.8864    1482.15    1482.15    6.43257      0.913     0.0002 0.0000e+00
   1038.000    1482.16    1482.16   1407.585   1038.000  1032.5826  1032.5825    34.8862    34.8861    1482.16    1482.16    6.43401      0.847     0.0003 0.0000e+00
   1039.000    1482.17    1482.17   1408.799   1039.000  1032.5872  1032.5872    34.8858    34.8859    1482.17    1482.17    6.43642      0.866     0.0000 0.0000e+00
   1040.000    1482.19    1482.19   1409.903   1040.000  1032.5919  1032.5918    34.8861    34.8859    1482.19    1482.19    6.43759      0.955    -0.0001 0.0000e+00
   1041.000    1482.19    1482.19   1410.937   1041.000  1032.5964  1032.5964    34.8853    34.8853    1482.19    1482.19    6.43896      0.985    -0.0003 0.0000e+00
   1042.000    1482.21    1482.21   1411.975   1042.000  1032.6013  1032.6011    34.8858    34.8855    1482.21    1482.21    6.43701      0.972     0.0001 0.0000e+00
   1043.000    1482.23    1482.23   1413.007   1043.000  1032.6058  1032.6057    34.8857    34.8854    1482.23    1482.23    6.43666      1.038    -0.0002 0.0000e+00
   1044.000    1482.23    1482.24   1413.932   1044.000  1032.6104  1032.6104    34.8851    34.8851    1482.23    1482.23    6.43621      1.144     0.0003 0.0000e+00
   1045.000    1482.25    1482.25   1414.785   1045.000  1032.6152  1032.6150    34.8853    34.8850    1482.25    1482.25    6.43661      1.196     0.0002 0.0000e+00
   1046.000    1482.27    1482.27   1415.634   1046.000  1032.6198  1032.6196    34.8852    34.8851    1482.27    1482.27    6.43652      1.151     0.0002 0.0000e+00
   1047.000    1482.28    1482.28   1416.560   1047.000  1032.6244  1032.6244    34.8851    34.8851    1482.28    1482.28    6.43970      1.041     0.0001 0.0000e+00
   1048.000    1482.29    1482.29   1417.584   1048.000  1032.6292  1032.6290    34.8852    34.8850    1482.29    1482.29    6.43912      0.983     0.0001 0.0000e+00
   1049.000    1482.31    1482.31   1418.618   1049.000  1032.6338  1032.6335    34.8851    34.8849    1482.31    1482.31    6.43759      0.964     0.0003 0.0000e+00
   1050.000    1482.33    1482.33   1419.724   1050.000  1032.6383  1032.6382    34.8850    34.8849    1482.33    1482.33    6.43728      0.847     0.0001 0.0000e+00
   1051.000    1482.34    1482.34   1421.045   1051.000  1032.6429  1032.6428    34.8849    34.8848    1482.34    1482.34    6.43821      0.748     0.0003 0.0000e+00
   1052.000    1482.35    1482.36   1422.343   1052.000  1032.6476  1032.6475    34.8848    34.8848    1482.35    1482.36    6.43929      0.893     0.0005 0.0000e+00
   1053.000    1482.37    1482.37   1423.353   1053.000  1032.6526  1032.6521    34.8851    34.8847    1482.37    1482.37    6.43950      1.095    -0.0000 0.0000e+00
   1054.000    1482.39    1482.39   1424.219   1054.000  1032.6570  1032.6567    34.8849    34.8847    1482.39    1482.39    6.43860      1.190     0.0004 0.0000e+00
   1055.000    1482.41    1482.41   1425.059   1055.000  1032.6615  1032.6614    34.8849    34.8848    1482.41    1482.41    6.43998      1.171     0.0006 0.0000e+00
   1056.000    1482.41    1482.40   1425.968   1056.000  1032.6661  1032.6661    34.8842    34.8841    1482.41    1482.40    6.44039      1.054    -0.0009 0.0000e+00
   1057.000    1482.42    1482.41   1427.009   1057.000  1032.6707  1032.6708    34.8840    34.8838    1482.42    1482.41    6.43929      0.940    -0.0012 0.0000e+00
   1058.000    1482.42    1482.42   1428.110   1058.000  1032.6755  1032.6753    34.8839    34.8836    1482.42    1482.42    6.43753      0.940    -0.0000 0.0000e+00
   1059.000    1482.44    1482.44   1429.155   1059.000  1032.6802  1032.6801    34.8836    34.8836    1482.44    1482.43    6.43728      1.015    -0.0002 0.0000e+00
   1060.000    1482.44    1482.43   1430.120   1060.000  1032.6842  1032.6846    34.8825    34.8825    1482.44    1482.43    6.43883      1.059    -0.0027 0.0000e+00
   1061.000    1482.42    1482.43   1431.083   1061.000  1032.6893  1032.6893    34.8819    34.8819    1482.42    1482.43    6.44078      1.011     0.0004 0.0000e+00
   1062.000    1482.43    1482.43   1432.157   1062.000  1032.6940  1032.6940    34.8815    34.8815    1482.43    1482.43    6.44545      0.883     0.0004 0.0000e+00
   1063.000    1482.45    1482.46   1433.384   1063.000  1032.6989  1032.6985    34.8821    34.8818    1482.45    1482.46    6.44847      0.828     0.0011 0.0000e+00
   1064.000    1482.47    1482.47   1434.554   1064.000  1032.7034  1032.7032    34.8819    34.8818    1482.47    1482.47    6.45288      0.942     0.0004 0.0000e+00
   1065.000    1482.49    1482.49   1435.556   1065.000  1032.7081  1032.7079    34.8823    34.8821    1482.49    1482.49    6.45106      1.070     0.0005 0.0000e+00
   1066.000    1482.50    1482.50   1436.462   1066.000  1032.7128  1032.7125    34.8821    34.8819    1482.50    1482.50    6.45348      1.126     0.0003 0.0000e+00
   1067.000    1482.52    1482.52   1437.366   1067.000  1032.7174  1032.7170    34.8822    34.8818    1482.52    1482.52    6.45430      1.072     0.0003 0.0000e+00
   1068.000    1482.55    1482.55   1438.398   1068.000  1032.7223  1032.7218    34.8827    34.8822    1482.55    1482.55    6.45492      0.899     0.0003 0.0000e+00
   1069.000    1482.59    1482.60   1439.653   1069.000  1032.7268  1032.7266    34.8836    34.8836    1482.59    1482.60    6.45414      0.807     0.0014 0.0000e+00
