Ship_data/Irminger/Irminger-2/ctd/process/at30_009.ros
* Sea-Bird SBE 9 Data File:
* FileName = C:\data\ctd\at30_009.hdr
* Software Version Seasave V 7.21f
* Temperature SN = 2265
* Conductivity SN = 3021
* Number of Bytes Per Scan = 40
* Number of Voltage Words = 5
* Number of Scans Averaged by the Deck Unit = 1
* NMEA Latitude = 59 42.40 N
* NMEA Longitude = 039 19.92 W
* NMEA UTC (Time) = Aug 19 2015  15:06:00
** FLMB 1 for cal
# nquan = 27
# nvalues = 588                                   
# units = specified
# name 0 = timeS: Time, Elapsed [seconds]
# name 1 = longitude: Longitude [deg]
# name 2 = latitude: Latitude [deg]
# name 3 = depSM: Depth [salt water, m]
# name 4 = prDM: Pressure, Digiquartz [db]
# name 5 = t090C: Temperature [ITS-90, deg C]
# name 6 = t190C: Temperature, 2 [ITS-90, deg C]
# name 7 = c0S/m: Conductivity [S/m]
# name 8 = c1S/m: Conductivity, 2 [S/m]
# name 9 = CStarTr0: Beam Transmission, WET Labs C-Star [%]
# name 10 = flECO-AFL: Fluorescence, WET Labs ECO-AFL/FL [mg/m^3]
# name 11 = sbeox0V: Oxygen raw, SBE 43 [V]
# name 12 = altM: Altimeter [m]
# name 13 = nbf: Bottles Fired
# name 14 = density00: Density [density, Kg/m^3]
# name 15 = density11: Density, 2 [density, Kg/m^3]
# name 16 = sal00: Salinity, Practical [PSU]
# name 17 = sal11: Salinity, Practical, 2 [PSU]
# name 18 = svCM: Sound Velocity [Chen-Millero, m/s]
# name 19 = svCM1: Sound Velocity, 2 [Chen-Millero, m/s]
# name 20 = timeS: Time, Elapsed [seconds]
# name 21 = sbeox0ML/L: Oxygen, SBE 43 [ml/l]
# name 22 = sbeox0PS: Oxygen, SBE 43 [% saturation]
# name 23 = dz/dtM: Descent Rate [m/s]
# name 24 = T2-T190C: Temperature Difference, 2 - 1 [ITS-90, deg C]
# name 25 = scan: Scan Count
# name 26 = flag:  0.000e+00
# interval = seconds: 0.0416667
# start_time = Aug 19 2015 15:06:00 [NMEA time, header]
# bad_flag = -9.990e-29
*END*
[from data line 215]
   5501.500  -39.33218   59.70664   1300.755   1317.260     3.7206     3.7209   3.282100   3.282179    97.4969    -0.0219     1.8994      98.78          5  1033.8105  1033.8109    34.9217    34.9223    1487.08    1487.08   5501.500    6.05286   82.94064     -0.179     0.0004     132037  0.000e+00
   5501.542  -39.33218   59.70664   1300.804   1317.310     3.7205     3.7210   3.282107   3.282150    97.5231    -0.0145     1.9006      98.78          5  1033.8109  1033.8108    34.9219    34.9218    1487.08    1487.08   5501.542    6.05834   83.01557     -0.184     0.0005     132038  0.000e+00
   5501.583  -39.33218   59.70664   1300.698   1317.202     3.7203     3.7209   3.282100   3.282122    97.4969    -0.0145     1.9006      98.78          5  1033.8105  1033.8101    34.9220    34.9216    1487.07    1487.08   5501.583    6.05827   83.01444     -0.193     0.0006     132039  0.000e+00
   5501.625  -39.33218   59.70664   1300.755   1317.260     3.7205     3.7210   3.282107   3.282150    97.5231    -0.0145     1.9006      98.78          5  1033.8106  1033.8105    34.9219    34.9219    1487.08    1487.08   5501.625    6.05829   83.01501     -0.197     0.0005     132040  0.000e+00
   5501.667  -39.33218   59.70664   1300.682   1317.186     3.7203     3.7210   3.282119   3.282122    97.5231    -0.0219     1.9006      98.78          5  1033.8106  1033.8100    34.9223    34.9216    1487.07    1487.08   5501.667    6.05825   83.01424     -0.206     0.0007     132041  0.000e+00
   5501.708  -39.33220   59.70664   1300.755   1317.260     3.7204     3.7208   3.282100   3.282122    97.5493    -0.0219     1.9006      98.78          5  1033.8106  1033.8105    34.9219    34.9217    1487.08    1487.08   5501.708    6.05830   83.01500     -0.209     0.0004     132042  0.000e+00
   5501.750  -39.33220   59.70664   1300.698   1317.202     3.7206     3.7208   3.282088   3.282156    97.5231    -0.0145     1.9031      98.78          5  1033.8101  1033.8105    34.9216    34.9221    1487.08    1487.08   5501.750    6.06909   83.16306     -0.214     0.0003     132043  0.000e+00
   5501.792  -39.33220   59.70664   1300.682   1317.186     3.7203     3.7206   3.282107   3.282122    97.5231    -0.0145     1.9006      98.78          5  1033.8105  1033.8103    34.9221    34.9220    1487.07    1487.08   5501.792    6.05825   83.01421     -0.224     0.0003     132044  0.000e+00
   5501.833  -39.33220   59.70664   1300.698   1317.202     3.7203     3.7207   3.282119   3.282064    97.5231    -0.0145     1.9006      98.78          5  1033.8107  1033.8098    34.9223    34.9212    1487.07    1487.08   5501.833    6.05826   83.01437     -0.223     0.0004     132045  0.000e+00
   5501.875  -39.33220   59.70664   1300.633   1317.136     3.7202     3.7206   3.282113   3.282156    97.5493    -0.0219     1.9006      98.78          5  1033.8104  1033.8104    34.9223    34.9224    1487.07    1487.08   5501.875    6.05821   83.01366     -0.232     0.0004     132046  0.000e+00
   5501.917  -39.33220   59.70664   1300.682   1317.186     3.7205     3.7207   3.282119   3.282122    97.5231    -0.0219     1.9006      98.78          5  1033.8105  1033.8103    34.9221    34.9219    1487.08    1487.08   5501.917    6.05822   83.01412     -0.235     0.0002     132047  0.000e+00
   5501.958  -39.33220   59.70664   1300.633   1317.136     3.7203     3.7208   3.282100   3.282150    97.5231    -0.0145     1.9006      98.78          5  1033.8102  1033.8102    34.9221    34.9221    1487.07    1487.08   5501.958    6.05821   83.01362     -0.242     0.0005     132048  0.000e+00
   5502.000  -39.33220   59.70664   1300.633   1317.136     3.7205     3.7208   3.282106   3.282122    97.5493    -0.0219     1.8994      98.78          5  1033.8101  1033.8100    34.9220    34.9218    1487.07    1487.08   5502.000    6.05276   82.93919     -0.245     0.0003     132049  0.000e+00
   5502.042  -39.33220   59.70664   1300.617   1317.120     3.7204     3.7207   3.282119   3.282093    97.5231    -0.0219     1.9006      98.78          5  1033.8102  1033.8097    34.9222    34.9216    1487.07    1487.07   5502.042    6.05817   83.01339     -0.248     0.0003     132050  0.000e+00
   5502.083  -39.33220   59.70664   1300.633   1317.136     3.7206     3.7208   3.282100   3.282122    97.5231    -0.0145     1.9006      98.78          5  1033.8100  1033.8100    34.9218    34.9218    1487.07    1487.08   5502.083    6.05817   83.01351     -0.252     0.0002     132051  0.000e+00
   5502.125  -39.33220   59.70664   1300.633   1317.136     3.7205     3.7207   3.282088   3.282093    97.5231    -0.0219     1.9006      98.78          5  1033.8100  1033.8098    34.9217    34.9216    1487.07    1487.07   5502.125    6.05819   83.01353     -0.251     0.0002     132052  0.000e+00
   5502.167  -39.33220   59.70664   1300.560   1317.062     3.7203     3.7207   3.282106   3.282156    97.5231    -0.0219     1.9006      98.78          5  1033.8100  1033.8101    34.9222    34.9224    1487.07    1487.07   5502.167    6.05814   83.01276     -0.258     0.0004     132053  0.000e+00
   5502.208  -39.33220   59.70664   1300.576   1317.078     3.7205     3.7206   3.282119   3.282093    97.5231    -0.0145     1.9006      98.78          5  1033.8100  1033.8096    34.9221    34.9217    1487.07    1487.07   5502.208    6.05813   83.01288     -0.262     0.0002     132054  0.000e+00
   5502.250  -39.33220   59.70664   1300.633   1317.136     3.7202     3.7207   3.282076   3.282122    97.4969    -0.0219     1.9006      98.78          5  1033.8101  1033.8101    34.9218    34.9219    1487.07    1487.07   5502.250    6.05822   83.01356     -0.261     0.0004     132055  0.000e+00
   5502.292  -39.33220   59.70664   1300.560   1317.062     3.7203     3.7209   3.282100   3.282093    97.5231    -0.0219     1.9006      98.78          5  1033.8099  1033.8092    34.9221    34.9213    1487.07    1487.07   5502.292    6.05814   83.01273     -0.264     0.0006     132056  0.000e+00
   5502.333  -39.33220   59.70664   1300.576   1317.078     3.7205     3.7205   3.282131   3.282179    97.5231    -0.0145     1.9006      98.78          5  1033.8101  1033.8105    34.9223    34.9228    1487.07    1487.07   5502.333    6.05812   83.01285     -0.261     0.0001     132057  0.000e+00
   5502.375  -39.33220   59.70664   1300.576   1317.078     3.7205     3.7205   3.282100   3.282093    97.5231    -0.0219     1.9006      98.78          5  1033.8098  1033.8097    34.9219    34.9218    1487.07    1487.07   5502.375    6.05813   83.01284     -0.260     0.0001     132058  0.000e+00
   5502.417  -39.33220   59.70664   1300.617   1317.120     3.7204     3.7206   3.282106   3.282093    97.5231    -0.0219     1.9006      98.78          5  1033.8101  1033.8098    34.9220    34.9216    1487.07    1487.07   5502.417    6.05817   83.01329     -0.259     0.0002     132059  0.000e+00
   5502.458  -39.33220   59.70664   1300.576   1317.078     3.7205     3.7205   3.282119   3.282122    97.5493    -0.0145     1.9006      98.78          5  1033.8100  1033.8100    34.9221    34.9221    1487.07    1487.07   5502.458    6.05812   83.01281     -0.257     0.0001     132060  0.000e+00
   5502.500  -39.33220   59.70664   1300.511   1317.012     3.7203     3.7205   3.282100   3.282093    97.5231    -0.0145     1.9006      98.78          5  1033.8097  1033.8095    34.9221    34.9219    1487.07    1487.07   5502.500    6.05810   83.01214     -0.256     0.0002     132061  0.000e+00
   5502.542  -39.33220   59.70664   1300.617   1317.120     3.7206     3.7207   3.282106   3.282122    97.5493    -0.0219     1.9006      98.78          5  1033.8100  1033.8100    34.9219    34.9219    1487.07    1487.07   5502.542    6.05815   83.01321     -0.252     0.0001     132062  0.000e+00
   5502.583  -39.33220   59.70664   1300.576   1317.079     3.7205     3.7207   3.282119   3.282093    97.4969    -0.0219     1.8993      98.78          5  1033.8100  1033.8096    34.9221    34.9216    1487.07    1487.07   5502.583    6.05269   82.93841     -0.246     0.0002     132063  0.000e+00
   5502.625  -39.33220   59.70664   1300.511   1317.012     3.7206     3.7208   3.282100   3.282179    97.4185    -0.0219     1.8993      98.78          5  1033.8095  1033.8100    34.9218    34.9225    1487.07    1487.07   5502.625    6.05263   82.93765     -0.246     0.0002     132064  0.000e+00
   5502.667  -39.33220   59.70664   1300.617   1317.120     3.7205     3.7207   3.282088   3.282122    97.3923    -0.0219     1.9006      98.78          5  1033.8099  1033.8100    34.9218    34.9219    1487.07    1487.07   5502.667    6.05817   83.01321     -0.239     0.0002     132065  0.000e+00
   5502.708  -39.33220   59.70664   1300.511   1317.012     3.7206     3.7206   3.282088   3.282122    97.3923    -0.0219     1.9006      98.78          5  1033.8093  1033.8096    34.9217    34.9220    1487.07    1487.07   5502.708    6.05807   83.01200     -0.237     0.0000     132066  0.000e+00
   5758.750  -39.33194   59.70684   1160.581   1174.911     3.4977     3.4981   3.251957   3.252016    97.5231    -0.0219     2.0263      98.78          6  1033.1529  1033.1531    34.8711    34.8714    1483.70    1483.71   5758.750    6.53281   89.00204     -0.175     0.0004     138211  0.000e+00
   5758.792  -39.33194   59.70684   1160.581   1174.911     3.4976     3.4980   3.251987   3.252016    97.5231    -0.0145     2.0263      98.78          6  1033.1533  1033.1531    34.8716    34.8715    1483.70    1483.71   5758.792    6.53281   89.00206     -0.180     0.0004     138212  0.000e+00
   5758.833  -39.33194   59.70684   1160.524   1174.853     3.4975     3.4982   3.251939   3.251982    97.5231    -0.0219     2.0263      98.78          6  1033.1526  1033.1523    34.8711    34.8709    1483.70    1483.71   5758.833    6.53279   89.00140     -0.192     0.0007     138213  0.000e+00
   5758.875  -39.33194   59.70684   1160.581   1174.911     3.4976     3.4979   3.251957   3.251959    97.5231    -0.0219     2.0263      98.78          6  1033.1530  1033.1527    34.8712    34.8709    1483.70    1483.70   5758.875    6.53283   89.00204     -0.200     0.0003     138214  0.000e+00
   5758.917  -39.33194   59.70684   1160.589   1174.919     3.4974     3.4982   3.251957   3.251982    97.4969    -0.0219     2.0263      98.78          6  1033.1532  1033.1526    34.8715    34.8708    1483.70    1483.71   5758.917    6.53286   89.00219     -0.206     0.0009     138215  0.000e+00
   5758.958  -39.33194   59.70684   1160.524   1174.853     3.4976     3.4982   3.251963   3.252016    97.4969    -0.0145     2.0263      98.78          6  1033.1528  1033.1527    34.8713    34.8713    1483.70    1483.71   5758.958    6.53277   89.00134     -0.212     0.0006     138216  0.000e+00
   5759.000  -39.33194   59.70684   1160.581   1174.911     3.4977     3.4979   3.251957   3.251988    97.5231    -0.0219     2.0263      98.78          6  1033.1529  1033.1529    34.8711    34.8712    1483.70    1483.71   5759.000    6.53281   89.00197     -0.217     0.0002     138217  0.000e+00
   5759.042  -39.33194   59.70684   1160.524   1174.853     3.4976     3.4981   3.251981   3.252016    97.4969    -0.0145     2.0263      98.78          6  1033.1530  1033.1528    34.8716    34.8714    1483.70    1483.71   5759.042    6.53276   89.00132     -0.224     0.0005     138218  0.000e+00
   5759.083  -39.33194   59.70684   1160.524   1174.853     3.4976     3.4980   3.251981   3.251988    97.5231    -0.0219     2.0263      98.78          6  1033.1530  1033.1526    34.8716    34.8712    1483.70    1483.70   5759.083    6.53276   89.00131     -0.227     0.0004     138219  0.000e+00
   5759.125  -39.33194   59.70684   1160.459   1174.787     3.4975     3.4979   3.251975   3.251982    97.5231    -0.0219     2.0263      98.78          6  1033.1527  1033.1524    34.8716    34.8712    1483.70    1483.70   5759.125    6.53271   89.00055     -0.233     0.0004     138220  0.000e+00
   5759.167  -39.33194   59.70684   1160.581   1174.911     3.4976     3.4979   3.251975   3.251988    97.5231    -0.0219     2.0263      98.78          6  1033.1531  1033.1529    34.8714    34.8712    1483.70    1483.71   5759.167    6.53281   89.00195     -0.234     0.0003     138221  0.000e+00
   5759.208  -39.33194   59.70684   1160.467   1174.795     3.4975     3.4976   3.251957   3.251982    97.5493    -0.0219     2.0263      98.78          6  1033.1526  1033.1527    34.8714    34.8716    1483.70    1483.70   5759.208    6.53273   89.00062     -0.238     0.0001     138222  0.000e+00
   5759.250  -39.33194   59.70684   1160.524   1174.853     3.4976     3.4980   3.251945   3.251959    97.5231    -0.0145     2.0263      98.78          6  1033.1526  1033.1523    34.8711    34.8708    1483.70    1483.70   5759.250    6.53277   89.00126     -0.240     0.0004     138223  0.000e+00
   5759.292  -39.33194   59.70684   1160.524   1174.853     3.4977     3.4979   3.251945   3.252016    97.5231    -0.0219     2.0263      98.78          6  1033.1525  1033.1530    34.8710    34.8716    1483.70    1483.70   5759.292    6.53276   89.00121     -0.241     0.0002     138224  0.000e+00
   5759.333  -39.33194   59.70684   1160.459   1174.787     3.4974     3.4979   3.251963   3.251982    97.5231    -0.0219     2.0263      98.78          6  1033.1527  1033.1524    34.8715    34.8712    1483.70    1483.70   5759.333    6.53273   89.00052     -0.242     0.0005     138225  0.000e+00
   5759.375  -39.33194   59.70684   1160.524   1174.853     3.4974     3.4978   3.251975   3.251988    97.5231    -0.0145     2.0263      98.78          6  1033.1531  1033.1529    34.8717    34.8714    1483.70    1483.70   5759.375    6.53278   89.00127     -0.241     0.0003     138226  0.000e+00
   5759.417  -39.33194   59.70684   1160.524   1174.853     3.4972     3.4979   3.251957   3.252016    97.5493    -0.0219     2.0250      98.78          6  1033.1531  1033.1530    34.8717    34.8717    1483.70    1483.70   5759.417    6.52746   88.92836     -0.236     0.0007     138227  0.000e+00
   5759.458  -39.33194   59.70684   1160.459   1174.787     3.4974     3.4978   3.251945   3.251988    97.5231    -0.0219     2.0263      98.78          6  1033.1525  1033.1526    34.8713    34.8715    1483.70    1483.70   5759.458    6.53273   89.00048     -0.237     0.0003     138228  0.000e+00
   5759.500  -39.33194   59.70684   1160.589   1174.919     3.4974     3.4979   3.251939   3.251982    97.5231    -0.0219     2.0263      98.78          6  1033.1531  1033.1529    34.8713    34.8712    1483.70    1483.71   5759.500    6.53286   89.00202     -0.226     0.0006     138229  0.000e+00
   5759.542  -39.33194   59.70684   1160.459   1174.787     3.4974     3.4980   3.251945   3.252016    97.5231    -0.0145     2.0263      98.78          6  1033.1525  1033.1526    34.8713    34.8715    1483.70    1483.70   5759.542    6.53273   89.00046     -0.229     0.0006     138230  0.000e+00
   5759.583  -39.33194   59.70684   1160.459   1174.787     3.4973     3.4981   3.251963   3.251982    97.4969    -0.0145     2.0263      98.78          6  1033.1528  1033.1522    34.8717    34.8711    1483.70    1483.70   5759.583    6.53275   89.00050     -0.224     0.0008     138231  0.000e+00
   5759.625  -39.33194   59.70684   1160.524   1174.853     3.4977     3.4978   3.251975   3.252016    97.4969    -0.0145     2.0263      98.78          6  1033.1528  1033.1531    34.8714    34.8718    1483.70    1483.70   5759.625    6.53273   89.00111     -0.218     0.0001     138232  0.000e+00
   5759.667  -39.33194   59.70684   1160.524   1174.853     3.4974     3.4978   3.251957   3.251982    97.5493    -0.0219     2.0263      98.78          6  1033.1529  1033.1528    34.8714    34.8714    1483.70    1483.70   5759.667    6.53278   89.00119     -0.210     0.0003     138233  0.000e+00
