Ship_data/Irminger/Irminger-2/ctd/process/at30_004.cnv
* Sea-Bird SBE 9 Data File:
* FileName = C:\data\ctd\at30_004.hdr
* Software Version Seasave V 7.21f
* Temperature SN = 2265
* Conductivity SN = 3021
* Number of Bytes Per Scan = 40
* Number of Voltage Words = 5
* Number of Scans Averaged by the Deck Unit = 1
* NMEA Latitude = 59 57.06 N
* NMEA Longitude = 039 25.14 W
* NMEA UTC (Time) = Aug 14 2015  14:16:48
# nquan = 36
# nvalues = 5372                        
# units = specified
# name 0 = timeS: Time, Elapsed [seconds]
# name 1 = longitude: Longitude [deg]
# name 2 = latitude: Latitude [deg]
# name 3 = depSM: Depth [salt water, m]
# name 4 = prDM: Pressure, Digiquartz [db]
# name 5 = t090C: Temperature [ITS-90, deg C]
# name 6 = t190C: Temperature, 2 [ITS-90, deg C]
# name 7 = c0S/m: Conductivity [S/m]
# name 8 = c1S/m: Conductivity, 2 [S/m]
# name 9 = CStarTr0: Beam Transmission, WET Labs C-Star [%]
# name 10 = flECO-AFL: Fluorescence, WET Labs ECO-AFL/FL [mg/m^3]
# name 11 = sbeox0V: Oxygen raw, SBE 43 [V]
# name 12 = altM: Altimeter [m]
# name 13 = nbf: Bottles Fired
# name 14 = density00: Density [density, Kg/m^3]
# name 15 = density11: Density, 2 [density, Kg/m^3]
# name 16 = sal00: Salinity, Practical [PSU]
# name 17 = sal11: Salinity, Practical, 2 [PSU]
# name 18 = svCM: Sound Velocity [Chen-Millero, m/s]
# name 19 = svCM1: Sound Velocity, 2 [Chen-Millero, m/s]
# name 20 = timeS: Time, Elapsed [seconds]
# name 21 = sbeox0ML/L: Oxygen, SBE 43 [ml/l]
# name 22 = sbeox0PS: Oxygen, SBE 43 [% saturation]
# name 23 = dz/dtM: Descent Rate [m/s]
# name 24 = T2-T190C: Temperature Difference, 2 - 1 [ITS-90, deg C]
# name 25 = depSM: Depth [salt water, m], lat = 59.951
# name 26 = density00: Density [density, Kg/m^3]
# name 27 = density11: Density, 2 [density, Kg/m^3]
# name 28 = sal00: Salinity, Practical [PSU]
# name 29 = sal11: Salinity, Practical, 2 [PSU]
# name 30 = svCM: Sound Velocity [Chen-Millero, m/s]
# name 31 = svCM1: Sound Velocity, 2 [Chen-Millero, m/s]
# name 32 = sbeox0ML/L: Oxygen, SBE 43 [ml/l], WS = 2
# name 33 = dz/dtM: Descent Rate [m/s], WS = 2
# name 34 = T2-T190C: Temperature Difference, 2 - 1 [ITS-90, deg C]
# name 35 = flag: flag
# span 0 =     37.745,   8015.878       
# span 1 =  -39.41887,  -39.41576       
# span 2 =   59.94830,   59.95096       
# span 3 =      1.000,   2689.001       
# span 4 =      1.010,   2732.219       
# span 5 =     1.4232,     8.2610       
# span 6 =     1.4242,     8.2793       
# span 7 =   3.134174,   3.631838       
# span 8 =   3.134192,   3.633563       
# span 9 =    93.6364,    97.4206       
# span 10 =    -0.0360,     1.6288      
# span 11 =     1.6879,     2.5407      
# span 12 =      10.96,     100.15      
# span 13 =          0,         11      
# span 14 =  1027.1241,  1040.4679      
# span 15 =  1027.1219,  1040.4671      
# span 16 =    34.8464,    34.9316      
# span 17 =    34.8304,    34.9311      
# span 18 =    1469.45,    1502.07      
# span 19 =    1469.45,    1502.06      
# span 20 =     37.745,   8015.878      
# span 21 =    6.01403,    7.04831      
# span 22 =   81.18976,  101.94126      
# span 23 =     -2.422,      1.541      
# span 24 =    -0.2385,     0.1528      
# span 25 =      1.000,   2689.000      
# span 26 =  1027.1240,  1040.4680      
# span 27 =  1027.1214,  1040.4672      
# span 28 =    34.8007,    34.9320      
# span 29 =    34.8468,    34.9320      
# span 30 =    1469.45,    1502.07      
# span 31 =    1469.44,    1502.06      
# span 32 =    6.01634,    7.10839      
# span 33 =     -2.430,      1.548      
# span 34 =    -0.2385,     0.1528      
# span 35 = 0.0000e+00, 0.0000e+00      
# interval = meters: 1                  
# start_time = Aug 14 2015 14:16:48 [NMEA time, header]
# bad_flag = -9.990e-29
*END*
[from data line 3789]
   4944.427  -39.41584   59.94836   1583.000   1604.207     3.4518     3.4527   3.270597   3.270651    97.3661    -0.0239     1.8351      98.78          0  1035.1490  1035.1487    34.9269    34.9267    1490.74    1490.74   4944.427    6.03220   82.12074     -1.435     0.0009   1583.000  1035.1489  1035.1486    34.9267    34.9264    1490.74    1490.74    6.03424     -1.390     0.0009 0.0000e+00
   4945.232  -39.41584   59.94836   1582.000   1603.190     3.4511     3.4518   3.270463   3.270511    97.3625    -0.0243     1.8350      98.78          0  1035.1444  1035.1440    34.9267    34.9264    1490.72    1490.72   4945.232    6.03319   82.13252     -1.421     0.0007   1582.000  1035.1442  1035.1439    34.9264    34.9262    1490.72    1490.72    6.03334     -1.091     0.0007 0.0000e+00
   4946.667  -39.41583   59.94836   1581.000   1602.172     3.4513     3.4521   3.270467   3.270534    97.3645    -0.0239     1.8355      98.78          0  1035.1398  1035.1396    34.9267    34.9266    1490.70    1490.70   4946.667    6.03212   82.11849     -0.879     0.0009   1581.000  1035.1398  1035.1396    34.9268    34.9266    1490.70    1490.70    6.03469     -0.569     0.0009 0.0000e+00
   4948.561  -39.41582   59.94836   1580.000   1601.155     3.4510     3.4520   3.270330   3.270429    97.3662    -0.0239     1.8363      98.78          0  1035.1348  1035.1348    34.9261    34.9263    1490.68    1490.68   4948.561    6.03349   82.13631     -0.474     0.0010   1580.000  1035.1346  1035.1346    34.9259    34.9261    1490.68    1490.68    6.03748     -0.758     0.0010 0.0000e+00
   4949.616  -39.41582   59.94836   1579.000   1600.138     3.4508     3.4515   3.270247   3.270281    97.3572    -0.0236     1.8365      98.78          0  1035.1298  1035.1295    34.9256    34.9254    1490.66    1490.66   4949.616    6.03637   82.17484     -0.798     0.0006   1579.000  1035.1298  1035.1295    34.9256    34.9254    1490.66    1490.66    6.03776     -1.162     0.0006 0.0000e+00
   4950.384  -39.41583   59.94836   1578.000   1599.121     3.4514     3.4528   3.270269   3.270303    97.3553    -0.0245     1.8371      98.78          0  1035.1252  1035.1241    34.9257    34.9246    1490.65    1490.65   4950.384    6.03549   82.16416     -1.082     0.0014   1578.000  1035.1252  1035.1243    34.9257    34.9247    1490.65    1490.65    6.03970     -1.429     0.0014 0.0000e+00
   4951.042  -39.41584   59.94836   1577.000   1598.103     3.4524     3.4536   3.270287   3.270332    97.3522    -0.0224     1.8374      98.78          0  1035.1202  1035.1195    34.9254    34.9246    1490.63    1490.64   4951.042    6.03558   82.16713     -1.328     0.0012   1577.000  1035.1202  1035.1195    34.9254    34.9247    1490.63    1490.64    6.04034     -1.566     0.0012 0.0000e+00
   4951.676  -39.41584   59.94836   1576.000   1597.086     3.4535     3.4539   3.270347   3.270321    97.3595    -0.0237     1.8375      98.78          0  1035.1155  1035.1149    34.9253    34.9247    1490.62    1490.62   4951.676    6.03492   82.16022     -1.507     0.0004   1576.000  1035.1156  1035.1149    34.9255    34.9247    1490.62    1490.62    6.03971     -1.556     0.0004 0.0000e+00
   4952.343  -39.41584   59.94835   1575.000   1596.069     3.4549     3.4549   3.270433   3.270387    97.3450    -0.0233     1.8382      98.78          0  1035.1107  1035.1101    34.9254    34.9247    1490.61    1490.61   4952.343    6.03661   82.18616     -1.581     0.0000   1575.000  1035.1108  1035.1104    34.9255    34.9250    1490.61    1490.61    6.04174     -1.374     0.0000 0.0000e+00
   4953.306  -39.41584   59.94834   1574.000   1595.052     3.4555     3.4555   3.270442   3.270420    97.3586    -0.0233     1.8387      98.78          0  1035.1061  1035.1058    34.9254    34.9252    1490.60    1490.60   4953.306    6.03755   82.20018     -1.334     0.0000   1574.000  1035.1061  1035.1058    34.9255    34.9252    1490.60    1490.60    6.04317     -0.848     0.0000 0.0000e+00
   4955.520  -39.41582   59.94834   1573.000   1594.035     3.4533     3.4537   3.270213   3.270223    97.3559    -0.0230     1.8391      98.78          0  1035.1019  1035.1016    34.9256    34.9252    1490.57    1490.57   4955.520    6.04334   82.27460     -0.370     0.0005   1573.000  1035.1019  1035.1016    34.9257    34.9253    1490.57    1490.57    6.04478     -0.412     0.0005 0.0000e+00
   4957.030  -39.41582   59.94834   1572.000   1593.017     3.4570     3.4568   3.270489   3.270430    97.3571    -0.0235     1.8393      98.78          0  1035.0967  1035.0963    34.9254    34.9249    1490.57    1490.57   4957.030    6.04301   82.27752     -0.621    -0.0002   1572.000  1035.0967  1035.0963    34.9255    34.9250    1490.57    1490.57    6.04404     -1.012    -0.0002 0.0000e+00
   4957.874  -39.41584   59.94836   1571.000   1592.000     3.4566     3.4566   3.270416   3.270367    97.3664    -0.0239     1.8399      98.78          0  1035.0922  1035.0916    34.9254    34.9248    1490.55    1490.55   4957.874    6.04384   82.28802     -0.965     0.0000   1571.000  1035.0923  1035.0918    34.9256    34.9250    1490.55    1490.55    6.04590     -1.315     0.0000 0.0000e+00
   4958.582  -39.41584   59.94835   1570.000   1590.983     3.4577     3.4588   3.270469   3.270499    97.3510    -0.0228     1.8399      98.78          0  1035.0873  1035.0865    34.9253    34.9246    1490.54    1490.54   4958.582    6.04208   82.26619     -1.224     0.0011   1570.000  1035.0875  1035.0867    34.9255    34.9247    1490.54    1490.54    6.04512     -1.499     0.0011 0.0000e+00
   4959.229  -39.41584   59.94834   1569.000   1589.966     3.4584     3.4592   3.270486   3.270502    97.3486    -0.0244     1.8403      98.78          0  1035.0826  1035.0820    34.9253    34.9246    1490.52    1490.53   4959.229    6.04131   82.25720     -1.426     0.0008   1569.000  1035.0826  1035.0820    34.9254    34.9248    1490.52    1490.53    6.04611     -1.537     0.0008 0.0000e+00
   4959.898  -39.41584   59.94834   1568.000   1588.949     3.4591     3.4596   3.270503   3.270507    97.3458    -0.0231     1.8404      98.78          0  1035.0779  1035.0774    34.9253    34.9248    1490.51    1490.51   4959.898    6.04349   82.28817     -1.533     0.0005   1568.000  1035.0780  1035.0775    34.9254    34.9249    1490.51    1490.51    6.04551     -1.388     0.0005 0.0000e+00
   4960.766  -39.41586   59.94834   1567.000   1587.932     3.4595     3.4597   3.270501   3.270483    97.3557    -0.0232     1.8408      98.78          0  1035.0732  1035.0730    34.9253    34.9250    1490.49    1490.49   4960.766    6.04346   82.28877     -1.400     0.0001   1567.000  1035.0734  1035.0731    34.9255    34.9251    1490.49    1490.49    6.04657     -0.971     0.0001 0.0000e+00
   4962.482  -39.41584   59.94834   1566.000   1586.914     3.4584     3.4588   3.270371   3.270382    97.3590    -0.0234     1.8407      98.78          0  1035.0690  1035.0687    34.9255    34.9252    1490.47    1490.47   4962.482    6.04538   82.31268     -0.646     0.0004   1566.000  1035.0690  1035.0687    34.9256    34.9253    1490.47    1490.47    6.04569     -0.502     0.0004 0.0000e+00
   4964.014  -39.41584   59.94834   1565.000   1585.897     3.4602     3.4604   3.270480   3.270466    97.3599    -0.0221     1.8412      98.78          0  1035.0640  1035.0636    34.9254    34.9249    1490.46    1490.46   4964.014    6.04385   82.29542     -0.588     0.0002   1565.000  1035.0641  1035.0638    34.9255    34.9251    1490.46    1490.46    6.04648     -0.963     0.0002 0.0000e+00
   4964.919  -39.41584   59.94834   1564.000   1584.880     3.4607     3.4610   3.270509   3.270456    97.3623    -0.0237     1.8416      98.78          0  1035.0594  1035.0587    34.9254    34.9246    1490.45    1490.45   4964.919    6.04482   82.30968     -0.943     0.0002   1564.000  1035.0597  1035.0590    34.9258    34.9249    1490.45    1490.45    6.04776     -1.203     0.0002 0.0000e+00
   4965.714  -39.41584   59.94834   1563.000   1583.863     3.4643     3.4650   3.270779   3.270782    97.3648    -0.0241     1.8420      98.78          0  1035.0543  1035.0536    34.9254    34.9246    1490.45    1490.45   4965.714    6.04420   82.30832     -1.165     0.0007   1563.000  1035.0546  1035.0540    34.9258    34.9250    1490.45    1490.45    6.04825     -1.237     0.0007 0.0000e+00
   4966.571  -39.41586   59.94834   1562.000   1582.846     3.4660     3.4662   3.270901   3.270869    97.3581    -0.0242     1.8423      98.78          0  1035.0496  1035.0492    34.9255    34.9250    1490.44    1490.44   4966.571    6.04436   82.31415     -1.238     0.0001   1562.000  1035.0498  1035.0494    34.9258    34.9253    1490.44    1490.44    6.04831     -1.087     0.0001 0.0000e+00
   4967.672  -39.41586   59.94836   1561.000   1581.828     3.4669     3.4665   3.270933   3.270855    97.3428    -0.0234     1.8424      98.78          0  1035.0449  1035.0447    34.9256    34.9251    1490.42    1490.42   4967.672    6.04634   82.34291     -1.053    -0.0004   1561.000  1035.0450  1035.0448    34.9258    34.9253    1490.42    1490.42    6.04790     -0.812    -0.0004 0.0000e+00
   4969.035  -39.41586   59.94836   1560.000   1580.811     3.4683     3.4663   3.271014   3.270821    97.3548    -0.0223     1.8428      98.78          0  1035.0402  1035.0403    34.9256    34.9254    1490.41    1490.40   4969.035    6.04655   82.34853     -0.750    -0.0020   1560.000  1035.0403  1035.0404    34.9258    34.9256    1490.41    1490.40    6.04848     -0.817    -0.0020 0.0000e+00
   4970.106  -39.41586   59.94836   1559.000   1579.794     3.4678     3.4680   3.270923   3.270912    97.3496    -0.0238     1.8435      98.78          0  1035.0355  1035.0352    34.9255    34.9251    1490.39    1490.39   4970.106    6.04656   82.34771     -0.843     0.0002   1559.000  1035.0356  1035.0354    34.9257    34.9253    1490.39    1490.39    6.05096     -1.063     0.0002 0.0000e+00
   4970.992  -39.41586   59.94834   1558.000   1578.777     3.4689     3.4709   3.270993   3.271129    97.3571    -0.0222     1.8436      98.78          0  1035.0309  1035.0302    34.9255    34.9250    1490.38    1490.39   4970.992    6.04701   82.35609     -1.045     0.0020   1558.000  1035.0311  1035.0304    34.9259    34.9254    1490.38    1490.39    6.05079     -1.162     0.0020 0.0000e+00
   4971.863  -39.41586   59.94834   1557.000   1577.760     3.4704     3.4722   3.271095   3.271198    97.3561    -0.0222     1.8436      98.78          0  1035.0261  1035.0254    34.9257    34.9250    1490.37    1490.38   4971.863    6.04863   82.38118     -1.158     0.0018   1557.000  1035.0265  1035.0256    34.9261    34.9253    1490.37    1490.38    6.04971     -1.120     0.0018 0.0000e+00
   4972.826  -39.41586   59.94834   1556.000   1576.743     3.4725     3.4726   3.271234   3.271203    97.3652    -0.0234     1.8435      98.78          0  1035.0212  1035.0209    34.9257    34.9253    1490.36    1490.36   4972.826    6.04850   82.38361     -1.120     0.0001   1556.000  1035.0215  1035.0211    34.9259    34.9255    1490.36    1490.36    6.04805     -0.997     0.0001 0.0000e+00
   4973.926  -39.41586   59.94834   1555.000   1575.726     3.4733     3.4730   3.271265   3.271202    97.3507    -0.0234     1.8436      98.78          0  1035.0166  1035.0164    34.9257    34.9253    1490.35    1490.35   4973.926    6.04776   82.37524     -0.982    -0.0003   1555.000  1035.0168  1035.0165    34.9260    34.9255    1490.35    1490.35    6.04758     -0.875    -0.0003 0.0000e+00
   4975.162  -39.41587   59.94835   1554.000   1574.709     3.4744     3.4737   3.271305   3.271225    97.3644    -0.0226     1.8438      98.78          0  1035.0117  1035.0116    34.9256    34.9253    1490.34    1490.33   4975.162    6.04622   82.35632     -0.854    -0.0007   1554.000  1035.0120  1035.0118    34.9258    34.9256    1490.34    1490.33    6.04713     -0.798    -0.0007 0.0000e+00
   4976.439  -39.41588   59.94836   1553.000   1573.692     3.4755     3.4751   3.271367   3.271290    97.3662    -0.0237     1.8436      98.78          0  1035.0070  1035.0067    34.9256    34.9252    1490.32    1490.32   4976.439    6.04619   82.35820     -0.792    -0.0005   1553.000  1035.0072  1035.0070    34.9258    34.9254    1490.33    1490.32    6.04555     -0.854    -0.0005 0.0000e+00
   4977.523  -39.41588   59.94836   1552.000   1572.674     3.4772     3.4779   3.271470   3.271495    97.3661    -0.0231     1.8436      98.78          0  1035.0021  1035.0015    34.9255    34.9249    1490.31    1490.32   4977.523    6.04538   82.35044     -0.867     0.0007   1552.000  1035.0024  1035.0020    34.9259    34.9254    1490.31    1490.32    6.04448     -1.030     0.0007 0.0000e+00
   4978.445  -39.41588   59.94835   1551.000   1571.657     3.4786     3.4806   3.271571   3.271688    97.3661    -0.0222     1.8437      98.78          0  1034.9974  1034.9966    34.9257    34.9249    1490.30    1490.31   4978.445    6.04327   82.32454     -1.022     0.0021   1551.000  1034.9978  1034.9968    34.9261    34.9253    1490.30    1490.31    6.04372     -1.127     0.0021 0.0000e+00
   4979.345  -39.41588   59.94834   1550.000   1570.640     3.4806     3.4814   3.271698   3.271725    97.3673    -0.0225     1.8438      98.78          0  1034.9926  1034.9919    34.9256    34.9250    1490.30    1490.30   4979.345    6.04245   82.31747     -1.118     0.0008   1550.000  1034.9928  1034.9923    34.9259    34.9254    1490.30    1490.30    6.04301     -1.058     0.0008 0.0000e+00
   4980.448  -39.41588   59.94834   1549.000   1569.623     3.4817     3.4817   3.271759   3.271725    97.3616    -0.0232     1.8436      98.78          0  1034.9879  1034.9877    34.9257    34.9254    1490.28    1490.28   4980.448    6.04161   82.30821     -1.022    -0.0000   1549.000  1034.9882  1034.9878    34.9260    34.9256    1490.28    1490.28    6.04129     -0.803    -0.0000 0.0000e+00
   4981.942  -39.41588   59.94836   1548.000   1568.606     3.4830     3.4819   3.271820   3.271699    97.3639    -0.0223     1.8433      98.78          0  1034.9830  1034.9830    34.9256    34.9254    1490.27    1490.27   4981.942    6.04091   82.30132     -0.702    -0.0011   1548.000  1034.9832  1034.9832    34.9258    34.9256    1490.27    1490.27    6.03901     -0.693    -0.0011 0.0000e+00
   4983.208  -39.41588   59.94836   1547.000   1567.589     3.4830     3.4828   3.271765   3.271725    97.3652    -0.0224     1.8436      98.78          0  1034.9784  1034.9781    34.9255    34.9252    1490.25    1490.25   4983.208    6.03869   82.27106     -0.736    -0.0002   1547.000  1034.9785  1034.9784    34.9257    34.9254    1490.25    1490.25    6.03921     -0.949    -0.0002 0.0000e+00
   4984.170  -39.41588   59.94836   1546.000   1566.572     3.4829     3.4839   3.271718   3.271784    97.3675    -0.0230     1.8435      98.78          0  1034.9738  1034.9733    34.9256    34.9251    1490.24    1490.24   4984.170    6.03794   82.26063     -0.946     0.0010   1546.000  1034.9740  1034.9735    34.9257    34.9254    1490.24    1490.24    6.03803     -1.140     0.0010 0.0000e+00
   4985.015  -39.41588   59.94836   1545.000   1565.555     3.4839     3.4847   3.271775   3.271808    97.3636    -0.0233     1.8442      98.78          0  1034.9691  1034.9686    34.9256    34.9251    1490.22    1490.23   4985.015    6.03755   82.25729     -1.118     0.0008   1545.000  1034.9694  1034.9689    34.9259    34.9254    1490.22    1490.23    6.04037     -1.198     0.0008 0.0000e+00
