Ship_data/Irminger/Irminger-2/ctd/process/at30_011.ros
* Sea-Bird SBE 9 Data File:
* FileName = C:\data\ctd\at30_011.hdr
* Software Version Seasave V 7.21f
* Temperature SN = 2265
* Conductivity SN = 3021
* Number of Bytes Per Scan = 40
* Number of Voltage Words = 5
* Number of Scans Averaged by the Deck Unit = 1
* NMEA Latitude = 59 41.19 N
* NMEA Longitude = 039 21.93 W
* NMEA UTC (Time) = Aug 21 2015  19:14:51
** cal val post deployment at FLMB2
# nquan = 27
# nvalues = 588                                   
# units = specified
# name 0 = timeS: Time, Elapsed [seconds]
# name 1 = longitude: Longitude [deg]
# name 2 = latitude: Latitude [deg]
# name 3 = depSM: Depth [salt water, m]
# name 4 = prDM: Pressure, Digiquartz [db]
# name 5 = t090C: Temperature [ITS-90, deg C]
# name 6 = t190C: Temperature, 2 [ITS-90, deg C]
# name 7 = c0S/m: Conductivity [S/m]
# name 8 = c1S/m: Conductivity, 2 [S/m]
# name 9 = CStarTr0: Beam Transmission, WET Labs C-Star [%]
# name 10 = flECO-AFL: Fluorescence, WET Labs ECO-AFL/FL [mg/m^3]
# name 11 = sbeox0V: Oxygen raw, SBE 43 [V]
# name 12 = altM: Altimeter [m]
# name 13 = nbf: Bottles Fired
# name 14 = density00: Density [density, Kg/m^3]
# name 15 = density11: Density, 2 [density, Kg/m^3]
# name 16 = sal00: Salinity, Practical [PSU]
# name 17 = sal11: Salinity, Practical, 2 [PSU]
# name 18 = svCM: Sound Velocity [Chen-Millero, m/s]
# name 19 = svCM1: Sound Velocity, 2 [Chen-Millero, m/s]
# name 20 = timeS: Time, Elapsed [seconds]
# name 21 = sbeox0ML/L: Oxygen, SBE 43 [ml/l]
# name 22 = sbeox0PS: Oxygen, SBE 43 [% saturation]
# name 23 = dz/dtM: Descent Rate [m/s]
# name 24 = T2-T190C: Temperature Difference, 2 - 1 [ITS-90, deg C]
# name 25 = scan: Scan Count
# name 26 = flag:  0.000e+00
# interval = seconds: 0.0416667
# start_time = Aug 21 2015 19:14:51 [NMEA time, header]
# bad_flag = -9.990e-29
*END*
   3409.583  -39.35288   59.68518   2807.598   2853.462     1.5280     1.5300   3.148726   3.148890    96.7906    -0.0585     1.6762      21.71          1  1040.9944  1040.9941    34.9008    34.9007    1503.48    1503.49   3409.583    6.60675   85.72378     -0.606     0.0020      81831  0.000e+00
   3409.625  -39.35288   59.68518   2807.548   2853.411     1.5275     1.5300   3.148672   3.148822    96.7645    -0.0585     1.6762      21.71          1  1040.9943  1040.9933    34.9008    34.8999    1503.47    1503.48   3409.625    6.60682   85.72350     -0.595     0.0025      81832  0.000e+00
   3409.667  -39.35288   59.68518   2807.598   2853.462     1.5273     1.5301   3.148672   3.148890    96.7645    -0.0585     1.6762      21.76          1  1040.9947  1040.9940    34.9009    34.9006    1503.47    1503.49   3409.667    6.60690   85.72418     -0.580     0.0028      81833  0.000e+00
   3409.708  -39.35288   59.68518   2807.548   2853.411     1.5271     1.5300   3.148660   3.148833    96.7645    -0.0658     1.6762      21.81          1  1040.9945  1040.9934    34.9010    34.9001    1503.47    1503.48   3409.708    6.60689   85.72371     -0.566     0.0028      81834  0.000e+00
   3409.750  -39.35288   59.68518   2807.598   2853.462     1.5269     1.5298   3.148666   3.148912    96.7906    -0.0585     1.6762      21.81          1  1040.9949  1040.9945    34.9012    34.9012    1503.47    1503.49   3409.750    6.60696   85.72439     -0.550     0.0029      81835  0.000e+00
   3409.792  -39.35288   59.68518   2807.548   2853.411     1.5269     1.5299   3.148660   3.148890    96.7906    -0.0585     1.6762      21.81          1  1040.9947  1040.9940    34.9012    34.9009    1503.47    1503.48   3409.792    6.60692   85.72385     -0.535     0.0029      81836  0.000e+00
   3409.833  -39.35288   59.68518   2807.598   2853.462     1.5267     1.5301   3.148637   3.148856    96.7645    -0.0585     1.6762      21.81          1  1040.9949  1040.9936    34.9012    34.9001    1503.47    1503.49   3409.833    6.60702   85.72458     -0.518     0.0035      81837  0.000e+00
   3409.875  -39.35288   59.68518   2807.606   2853.470     1.5268     1.5301   3.148643   3.148862    96.7906    -0.0585     1.6762      21.88          1  1040.9949  1040.9937    34.9011    34.9002    1503.47    1503.49   3409.875    6.60701   85.72466     -0.498     0.0034      81838  0.000e+00
   3409.917  -39.35288   59.68518   2807.532   2853.394     1.5268     1.5307   3.148631   3.148856    96.7906    -0.0585     1.6762      21.90          1  1040.9944  1040.9928    34.9009    34.8995    1503.47    1503.49   3409.917    6.60695   85.72380     -0.484     0.0039      81839  0.000e+00
   3409.958  -39.35288   59.68518   2807.548   2853.411     1.5268     1.5307   3.148643   3.148862    96.7906    -0.0585     1.6762      21.90          1  1040.9946  1040.9929    34.9011    34.8996    1503.47    1503.49   3409.958    6.60696   85.72403     -0.467     0.0039      81840  0.000e+00
   3410.000  -39.35288   59.68518   2807.656   2853.521     1.5268     1.5308   3.148654   3.148941    96.7906    -0.0658     1.6762      21.90          1  1040.9952  1040.9940    34.9012    34.9004    1503.47    1503.49   3410.000    6.60705   85.72530     -0.441     0.0040      81841  0.000e+00
   3410.042  -39.35288   59.68518   2807.548   2853.411     1.5269     1.5306   3.148631   3.148952    96.7906    -0.0585     1.6775      21.90          1  1040.9944  1040.9939    34.9008    34.9009    1503.47    1503.49   3410.042    6.61413   85.81724     -0.426     0.0036      81842  0.000e+00
   3410.083  -39.35288   59.68518   2807.598   2853.462     1.5268     1.5306   3.148625   3.148969    96.7906    -0.0585     1.6775      21.95          1  1040.9947  1040.9943    34.9008    34.9011    1503.47    1503.49   3410.083    6.61420   85.81790     -0.404     0.0037      81843  0.000e+00
   3410.125  -39.35288   59.68518   2807.606   2853.471     1.5268     1.5305   3.148643   3.148890    96.7906    -0.0585     1.6775      21.98          1  1040.9949  1040.9937    34.9010    34.9002    1503.47    1503.49   3410.125    6.61420   85.81802     -0.382     0.0036      81844  0.000e+00
   3410.167  -39.35288   59.68518   2807.606   2853.471     1.5268     1.5298   3.148654   3.148884    96.7906    -0.0585     1.6775      21.98          1  1040.9950  1040.9943    34.9012    34.9008    1503.47    1503.48   3410.167    6.61420   85.81805     -0.363     0.0030      81845  0.000e+00
   3410.208  -39.35288   59.68518   2807.598   2853.462     1.5267     1.5294   3.148648   3.148862    96.7906    -0.0585     1.6775      21.98          1  1040.9951  1040.9944    34.9013    34.9010    1503.47    1503.48   3410.208    6.61422   85.81806     -0.346     0.0027      81846  0.000e+00
   3410.250  -39.35288   59.68518   2807.673   2853.539     1.5269     1.5290   3.148672   3.148822    96.7645    -0.0585     1.6762      21.98          1  1040.9953  1040.9947    34.9013    34.9009    1503.47    1503.48   3410.250    6.60705   85.72562     -0.319     0.0021      81847  0.000e+00
   3410.292  -39.35288   59.68518   2807.598   2853.462     1.5269     1.5287   3.148684   3.148777    96.7906    -0.0585     1.6762      21.98          1  1040.9951  1040.9943    34.9014    34.9007    1503.47    1503.48   3410.292    6.60698   85.72479     -0.299     0.0018      81848  0.000e+00
   3410.333  -39.35288   59.68518   2807.673   2853.539     1.5269     1.5284   3.148660   3.148737    96.7645    -0.0585     1.6762      22.00          1  1040.9952  1040.9945    34.9011    34.9005    1503.47    1503.48   3410.333    6.60706   85.72568     -0.277     0.0014      81849  0.000e+00
   3410.375  -39.35288   59.68518   2807.656   2853.522     1.5273     1.5283   3.148666   3.148805    96.7645    -0.0585     1.6762      22.00          1  1040.9948  1040.9952    34.9008    34.9015    1503.47    1503.48   3410.375    6.60699   85.72536     -0.255     0.0010      81850  0.000e+00
   3410.417  -39.35288   59.68518   2807.673   2853.539     1.5275     1.5287   3.148678   3.148737    96.7645    -0.0585     1.6762      22.00          1  1040.9949  1040.9942    34.9008    34.9002    1503.48    1503.48   3410.417    6.60698   85.72550     -0.230     0.0012      81851  0.000e+00
   3410.458  -39.35288   59.68518   2807.656   2853.522     1.5276     1.5284   3.148702   3.148715    96.7645    -0.0585     1.6762      22.00          1  1040.9949  1040.9942    34.9009    34.9003    1503.48    1503.48   3410.458    6.60693   85.72529     -0.209     0.0008      81852  0.000e+00
   3410.500  -39.35288   59.68518   2807.731   2853.598     1.5278     1.5287   3.148726   3.148749    96.7645    -0.0658     1.6762      22.00          1  1040.9953  1040.9946    34.9010    34.9003    1503.48    1503.48   3410.500    6.60696   85.72610     -0.186     0.0009      81853  0.000e+00
   3410.542  -39.35288   59.68518   2807.723   2853.590     1.5280     1.5287   3.148738   3.148794    96.7906    -0.0585     1.6762      22.00          1  1040.9951  1040.9950    34.9009    34.9008    1503.48    1503.48   3410.542    6.60691   85.72591     -0.160     0.0007      81854  0.000e+00
   3410.583  -39.35288   59.68518   2807.731   2853.598     1.5284     1.5290   3.148785   3.148777    96.7906    -0.0585     1.6762      22.00          1  1040.9952  1040.9945    34.9011    34.9003    1503.48    1503.48   3410.583    6.60684   85.72588     -0.139     0.0006      81855  0.000e+00
   3410.625  -39.35288   59.68518   2807.723   2853.590     1.5287     1.5287   3.148815   3.148794    96.7645    -0.0585     1.6762      22.00          1  1040.9952  1040.9950    34.9011    34.9008    1503.48    1503.48   3410.625    6.60677   85.72568     -0.119     0.0000      81856  0.000e+00
   3410.667  -39.35288   59.68518   2807.798   2853.666     1.5287     1.5292   3.148803   3.148805    96.7645    -0.0585     1.6762      22.00          1  1040.9954  1040.9949    34.9009    34.9004    1503.48    1503.48   3410.667    6.60685   85.72657     -0.093     0.0005      81857  0.000e+00
   3410.708  -39.35288   59.68518   2807.789   2853.658     1.5290     1.5298   3.148839   3.148794    96.7906    -0.0585     1.6762      22.00          1  1040.9953  1040.9942    34.9010    34.8996    1503.48    1503.49   3410.708    6.60677   85.72635     -0.068     0.0008      81858  0.000e+00
   3410.750  -39.35288   59.68518   2807.798   2853.666     1.5289     1.5305   3.148874   3.148862    96.7906    -0.0585     1.6775      22.00          1  1040.9959  1040.9942    34.9016    34.8998    1503.49    1503.49   3410.750    6.61397   85.81977     -0.045     0.0016      81859  0.000e+00
   3410.792  -39.35288   59.68518   2807.798   2853.666     1.5290     1.5306   3.148839   3.148912    96.7906    -0.0585     1.6775      22.00          1  1040.9954  1040.9946    34.9010    34.9003    1503.48    1503.49   3410.792    6.61397   85.81972     -0.023     0.0015      81860  0.000e+00
   3410.833  -39.35288   59.68518   2807.848   2853.717     1.5293     1.5307   3.148862   3.148924    96.7906    -0.0585     1.6775      22.00          1  1040.9955  1040.9947    34.9010    34.9002    1503.49    1503.49   3410.833    6.61396   85.82019     -0.000     0.0014      81861  0.000e+00
   3410.875  -39.35288   59.68518   2807.864   2853.734     1.5295     1.5309   3.148862   3.148969    96.7906    -0.0585     1.6762      21.95          1  1040.9954  1040.9951    34.9008    34.9006    1503.49    1503.49   3410.875    6.60676   85.72713      0.026     0.0014      81862  0.000e+00
   3410.917  -39.35288   59.68518   2807.848   2853.717     1.5293     1.5295   3.148874   3.148952    96.7906    -0.0585     1.6762      21.95          1  1040.9956  1040.9962    34.9011    34.9019    1503.49    1503.49   3410.917    6.60677   85.72704      0.045     0.0001      81863  0.000e+00
   3410.958  -39.35288   59.68518   2807.864   2853.734     1.5293     1.5288   3.148862   3.148941    96.8168    -0.0585     1.6762      21.93          1  1040.9956  1040.9969    34.9010    34.9025    1503.49    1503.49   3410.958    6.60679   85.72726      0.065    -0.0006      81864  0.000e+00
   3411.000  -39.35288   59.68518   2807.914   2853.785     1.5294     1.5280   3.148874   3.148833    96.7906    -0.0585     1.6762      21.95          1  1040.9958  1040.9968    34.9010    34.9019    1503.49    1503.48   3411.000    6.60682   85.72781      0.086    -0.0014      81865  0.000e+00
   3411.042  -39.35288   59.68518   2807.989   2853.862     1.5293     1.5279   3.148886   3.148766    96.7645    -0.0512     1.6762      21.93          1  1040.9963  1040.9966    34.9012    34.9012    1503.49    1503.48   3411.042    6.60690   85.72875      0.109    -0.0014      81866  0.000e+00
   3411.083  -39.35288   59.68518   2807.914   2853.785     1.5295     1.5276   3.148898   3.148777    96.7645    -0.0585     1.6775      21.90          1  1040.9960  1040.9967    34.9012    34.9017    1503.49    1503.48   3411.083    6.61398   85.82106      0.130    -0.0019      81867  0.000e+00
   3411.125  -39.35288   59.68518   2807.989   2853.862     1.5300     1.5274   3.148892   3.148709    96.7645    -0.0585     1.6762      21.90          1  1040.9958  1040.9965    34.9006    34.9010    1503.49    1503.48   3411.125    6.60680   85.72853      0.151    -0.0025      81868  0.000e+00
   3411.167  -39.35288   59.68518   2808.039   2853.913     1.5298     1.5276   3.148904   3.148687    96.7383    -0.0585     1.6762      21.90          1  1040.9963  1040.9963    34.9009    34.9005    1503.49    1503.48   3411.167    6.60687   85.72921      0.174    -0.0022      81869  0.000e+00
   3411.208  -39.35288   59.68518   2807.989   2853.862     1.5298     1.5276   3.148892   3.148709    96.7383    -0.0585     1.6762      21.90          1  1040.9959  1040.9963    34.9008    34.9009    1503.49    1503.48   3411.208    6.60683   85.72867      0.191    -0.0022      81870  0.000e+00
   3411.250  -39.35288   59.68518   2808.039   2853.913     1.5296     1.5279   3.148880   3.148715    96.7383    -0.0585     1.6762      21.88          1  1040.9962  1040.9963    34.9008    34.9005    1503.49    1503.48   3411.250    6.60691   85.72935      0.208    -0.0017      81871  0.000e+00
   3411.292  -39.35288   59.68518   2808.055   2853.930     1.5295     1.5282   3.148880   3.148687    96.7121    -0.0585     1.6762      21.86          1  1040.9964  1040.9958    34.9009    34.8999    1503.49    1503.48   3411.292    6.60695   85.72962      0.230    -0.0013      81872  0.000e+00
   3411.333  -39.35288   59.68518   2808.105   2853.981     1.5301     1.5279   3.148904   3.148738    96.7383    -0.0585     1.6762      21.83          1  1040.9962  1040.9968    34.9005    34.9008    1503.49    1503.49   3411.333    6.60689   85.72994      0.250    -0.0022      81873  0.000e+00
   3411.375  -39.35288   59.68518   2808.114   2853.989     1.5307     1.5279   3.148993   3.148715    96.7383    -0.0585     1.6775      21.83          1  1040.9965  1040.9966    34.9010    34.9005    1503.50    1503.48   3411.375    6.61394   85.82302      0.266    -0.0028      81874  0.000e+00
   3411.417  -39.35288   59.68518   2808.114   2853.989     1.5317     1.5285   3.149065   3.148766    96.7383    -0.0585     1.6775      21.83          1  1040.9962  1040.9965    34.9008    34.9005    1503.50    1503.49   3411.417    6.61375   85.82261      0.280    -0.0032      81875  0.000e+00
   3411.458  -39.35288   59.68518   2808.172   2854.049     1.5322     1.5289   3.149148   3.148749    96.7645    -0.0585     1.6775      21.83          1  1040.9968  1040.9962    34.9013    34.8999    1503.51    1503.49   3411.458    6.61369   85.82310      0.301    -0.0033      81876  0.000e+00
   3411.500  -39.35288   59.68518   2808.180   2854.057     1.5323     1.5285   3.149154   3.148794    96.7906    -0.0585     1.6762      21.83          1  1040.9967  1040.9970    34.9012    34.9008    1503.51    1503.49   3411.500    6.60649   85.72994      0.317    -0.0038      81877  0.000e+00
   3411.542  -39.35288   59.68518   2808.172   2854.049     1.5323     1.5288   3.149160   3.148749    96.7906    -0.0585     1.6762      21.83          1  1040.9968  1040.9963    34.9012    34.9000    1503.51    1503.49   3411.542    6.60648   85.72987      0.331    -0.0036      81878  0.000e+00
   3411.583  -39.35288   59.68518   2808.246   2854.125     1.5325     1.5293   3.149172   3.148794    96.7906    -0.0585     1.6762      21.83          1  1040.9971  1040.9965    34.9012    34.8999    1503.51    1503.49   3411.583    6.60652   85.73071      0.348    -0.0032      81879  0.000e+00
   3970.833  -39.35032   59.68490   2398.674   2435.497     2.7755     2.7771   3.244183   3.244215    97.4969    -0.0439     1.6884      98.71          2  1038.9719  1038.9707    34.9274    34.9260    1501.83    1501.84   3970.833    6.08951   81.53408      0.007     0.0016      95301  0.000e+00
   3970.875  -39.35032   59.68490   2398.691   2435.514     2.7758     2.7769   3.244153   3.244244    97.4969    -0.0439     1.6884      98.73          2  1038.9714  1038.9712    34.9266    34.9265    1501.83    1501.84   3970.875    6.08950   81.53414      0.004     0.0011      95302  0.000e+00
   3970.917  -39.35032   59.68490   2398.675   2435.497     2.7757     2.7769   3.244159   3.244215    97.4969    -0.0439     1.6884      98.73          2  1038.9716  1038.9708    34.9269    34.9262    1501.83    1501.84   3970.917    6.08951   81.53403     -0.002     0.0013      95303  0.000e+00
   3970.958  -39.35032   59.68490   2398.691   2435.514     2.7758     2.7768   3.244171   3.244215    97.5231    -0.0439     1.6884      98.73          2  1038.9716  1038.9710    34.9269    34.9264    1501.83    1501.84   3970.958    6.08949   81.53416     -0.005     0.0010      95304  0.000e+00
