Ship_data/Irminger/Irminger-2/ctd/process/at30_011.ros
* Sea-Bird SBE 9 Data File:
* FileName = C:\data\ctd\at30_011.hdr
* Software Version Seasave V 7.21f
* Temperature SN = 2265
* Conductivity SN = 3021
* Number of Bytes Per Scan = 40
* Number of Voltage Words = 5
* Number of Scans Averaged by the Deck Unit = 1
* NMEA Latitude = 59 41.19 N
* NMEA Longitude = 039 21.93 W
* NMEA UTC (Time) = Aug 21 2015  19:14:51
** cal val post deployment at FLMB2
# nquan = 27
# nvalues = 588                                   
# units = specified
# name 0 = timeS: Time, Elapsed [seconds]
# name 1 = longitude: Longitude [deg]
# name 2 = latitude: Latitude [deg]
# name 3 = depSM: Depth [salt water, m]
# name 4 = prDM: Pressure, Digiquartz [db]
# name 5 = t090C: Temperature [ITS-90, deg C]
# name 6 = t190C: Temperature, 2 [ITS-90, deg C]
# name 7 = c0S/m: Conductivity [S/m]
# name 8 = c1S/m: Conductivity, 2 [S/m]
# name 9 = CStarTr0: Beam Transmission, WET Labs C-Star [%]
# name 10 = flECO-AFL: Fluorescence, WET Labs ECO-AFL/FL [mg/m^3]
# name 11 = sbeox0V: Oxygen raw, SBE 43 [V]
# name 12 = altM: Altimeter [m]
# name 13 = nbf: Bottles Fired
# name 14 = density00: Density [density, Kg/m^3]
# name 15 = density11: Density, 2 [density, Kg/m^3]
# name 16 = sal00: Salinity, Practical [PSU]
# name 17 = sal11: Salinity, Practical, 2 [PSU]
# name 18 = svCM: Sound Velocity [Chen-Millero, m/s]
# name 19 = svCM1: Sound Velocity, 2 [Chen-Millero, m/s]
# name 20 = timeS: Time, Elapsed [seconds]
# name 21 = sbeox0ML/L: Oxygen, SBE 43 [ml/l]
# name 22 = sbeox0PS: Oxygen, SBE 43 [% saturation]
# name 23 = dz/dtM: Descent Rate [m/s]
# name 24 = T2-T190C: Temperature Difference, 2 - 1 [ITS-90, deg C]
# name 25 = scan: Scan Count
# name 26 = flag:  0.000e+00
# interval = seconds: 0.0416667
# start_time = Aug 21 2015 19:14:51 [NMEA time, header]
# bad_flag = -9.990e-29
*END*
[from data line 376]
   6194.625  -39.33888   59.68370    800.411    809.586     3.6088     3.6094   3.247043   3.247127    97.4185    -0.0439     2.1278      98.73          8  1031.4788  1031.4790    34.8829    34.8833    1478.14    1478.14   6194.625    6.62967   90.57399     -0.501     0.0006     148672  0.000e+00
   6194.667  -39.33888   59.68370    800.403    809.578     3.6087     3.6091   3.247049   3.247121    97.4446    -0.0439     2.1291      98.73          8  1031.4789  1031.4792    34.8831    34.8836    1478.14    1478.14   6194.667    6.63476   90.64328     -0.500     0.0004     148673  0.000e+00
   6194.708  -39.33888   59.68370    800.354    809.529     3.6087     3.6091   3.247049   3.247098    97.4185    -0.0439     2.1291      98.73          8  1031.4787  1031.4788    34.8831    34.8833    1478.13    1478.14   6194.708    6.63471   90.64269     -0.503     0.0004     148674  0.000e+00
   6194.750  -39.33888   59.68370    800.411    809.586     3.6087     3.6092   3.247031   3.247127    97.4446    -0.0439     2.1291      98.73          8  1031.4788  1031.4792    34.8829    34.8835    1478.13    1478.14   6194.750    6.63477   90.64335     -0.497     0.0006     148675  0.000e+00
   6194.792  -39.33888   59.68370    800.346    809.521     3.6087     3.6091   3.247018   3.247127    97.4446    -0.0439     2.1291      98.73          8  1031.4784  1031.4791    34.8828    34.8837    1478.13    1478.14   6194.792    6.63472   90.64256     -0.500     0.0004     148676  0.000e+00
   6194.833  -39.33888   59.68370    800.298    809.471     3.6087     3.6091   3.247036   3.247093    97.4185    -0.0439     2.1291      98.73          8  1031.4784  1031.4785    34.8830    34.8833    1478.13    1478.14   6194.833    6.63467   90.64197     -0.499     0.0004     148677  0.000e+00
   6194.875  -39.33888   59.68370    800.354    809.529     3.6087     3.6092   3.247049   3.247127    97.4185    -0.0439     2.1291      98.73          8  1031.4787  1031.4789    34.8831    34.8835    1478.13    1478.14   6194.875    6.63471   90.64263     -0.493     0.0006     148678  0.000e+00
   6194.917  -39.33888   59.68370    800.346    809.521     3.6087     3.6092   3.247049   3.247127    97.4446    -0.0439     2.1291      98.73          8  1031.4787  1031.4789    34.8832    34.8835    1478.13    1478.14   6194.917    6.63470   90.64252     -0.492     0.0006     148679  0.000e+00
   6194.958  -39.33888   59.68370    800.298    809.471     3.6088     3.6092   3.247030   3.247121    97.4185    -0.0439     2.1291      98.73          8  1031.4782  1031.4786    34.8828    34.8835    1478.13    1478.14   6194.958    6.63464   90.64188     -0.484     0.0004     148680  0.000e+00
   6195.000  -39.33888   59.68370    800.233    809.406     3.6087     3.6094   3.247036   3.247127    97.4185    -0.0439     2.1291      98.73          8  1031.4781  1031.4783    34.8831    34.8834    1478.13    1478.14   6195.000    6.63460   90.64114     -0.486     0.0007     148681  0.000e+00
   6195.042  -39.33888   59.68370    800.281    809.455     3.6088     3.6091   3.247049   3.247155    97.3923    -0.0439     2.1291      98.73          8  1031.4783  1031.4790    34.8830    34.8840    1478.13    1478.14   6195.042    6.63462   90.64166     -0.482     0.0002     148682  0.000e+00
   6195.083  -39.33888   59.68370    800.298    809.472     3.6088     3.6092   3.247049   3.247121    97.3661    -0.0439     2.1291      98.73          8  1031.4783  1031.4786    34.8830    34.8835    1478.13    1478.14   6195.083    6.63463   90.64184     -0.474     0.0004     148683  0.000e+00
   6195.125  -39.33888   59.68370    800.233    809.406     3.6087     3.6091   3.247067   3.247098    97.3923    -0.0439     2.1291      98.73          8  1031.4784  1031.4783    34.8834    34.8834    1478.13    1478.13   6195.125    6.63458   90.64110     -0.469     0.0004     148684  0.000e+00
   6195.167  -39.33888   59.68370    800.282    809.455     3.6088     3.6091   3.247061   3.247098    97.3923    -0.0439     2.1291      98.73          8  1031.4784  1031.4785    34.8832    34.8834    1478.13    1478.14   6195.167    6.63461   90.64161     -0.462     0.0002     148685  0.000e+00
   6195.208  -39.33888   59.68370    800.233    809.406     3.6085     3.6089   3.247048   3.247121    97.4185    -0.0439     2.1291      98.73          8  1031.4784  1031.4787    34.8834    34.8839    1478.13    1478.13   6195.208    6.63461   90.64112     -0.455     0.0004     148686  0.000e+00
   6195.250  -39.33888   59.68370    800.233    809.406     3.6088     3.6089   3.247048   3.247070    97.4185    -0.0439     2.1291      98.73          8  1031.4781  1031.4782    34.8830    34.8832    1478.13    1478.13   6195.250    6.63457   90.64101     -0.451     0.0001     148687  0.000e+00
   6530.000  -39.33702   59.68346    601.510    608.112     3.6460     3.6461   3.241876   3.241915    97.4185    -0.0439     2.1785      98.73          9  1030.5522  1030.5524    34.8877    34.8880    1474.97    1474.97   6530.000    6.65513   91.00723      0.538     0.0001     156721  0.000e+00
   6530.042  -39.33702   59.68346    601.534    608.136     3.6460     3.6461   3.241888   3.241887    97.4185    -0.0439     2.1785      98.73          9  1030.5524  1030.5523    34.8878    34.8877    1474.97    1474.97   6530.042    6.65515   91.00751      0.544     0.0001     156722  0.000e+00
   6530.083  -39.33702   59.68346    601.567    608.169     3.6462     3.6461   3.241888   3.241898    97.4185    -0.0439     2.1797      98.41          9  1030.5523  1030.5525    34.8876    34.8878    1474.98    1474.98   6530.083    6.66009   91.07529      0.555    -0.0001     156723  0.000e+00
   6530.125  -39.33702   59.68346    601.632    608.235     3.6460     3.6461   3.241870   3.241973    97.4446    -0.0658     2.1797      52.50          9  1030.5526  1030.5535    34.8875    34.8886    1474.98    1474.98   6530.125    6.66018   91.07610      0.567     0.0001     156724  0.000e+00
   6530.167  -39.33702   59.68346    601.534    608.136     3.6460     3.6461   3.241858   3.241887    97.4185    -0.0585     2.1785      18.80          9  1030.5521  1030.5523    34.8874    34.8877    1474.97    1474.97   6530.167    6.65516   91.00747      0.568     0.0001     156725  0.000e+00
   6530.208  -39.33702   59.68346    601.632    608.235     3.6462     3.6461   3.241876   3.241887    97.4185    -0.0512     2.1797      12.84          9  1030.5525  1030.5527    34.8874    34.8876    1474.98    1474.98   6530.208    6.66015   91.07602      0.575    -0.0001     156726  0.000e+00
   6530.250  -39.33702   59.68346    601.632    608.235     3.6460     3.6465   3.241888   3.241973    97.4446    -0.0585     2.1785      15.07          9  1030.5528  1030.5532    34.8877    34.8883    1474.98    1474.98   6530.250    6.65523   91.00860      0.579     0.0004     156727  0.000e+00
   6530.292  -39.33702   59.68346    601.656    608.259     3.6460     3.6461   3.241888   3.241887    97.4446    -0.0585     2.1797      16.58          9  1030.5529  1030.5528    34.8877    34.8876    1474.98    1474.98   6530.292    6.66018   91.07633      0.584     0.0001     156728  0.000e+00
   6530.333  -39.33702   59.68346    601.688    608.292     3.6460     3.6461   3.241888   3.241933    97.4446    -0.0585     2.1785      16.83          9  1030.5530  1030.5533    34.8877    34.8881    1474.98    1474.98   6530.333    6.65528   91.00925      0.590     0.0001     156729  0.000e+00
   6530.375  -39.33702   59.68346    601.688    608.292     3.6459     3.6461   3.241888   3.241916    97.4446    -0.0585     2.1797      16.73          9  1030.5532  1030.5532    34.8879    34.8879    1474.98    1474.98   6530.375    6.66023   91.07674      0.589     0.0003     156730  0.000e+00
   6530.417  -39.33702   59.68346    601.713    608.317     3.6460     3.6463   3.241870   3.241944    97.4446    -0.0585     2.1785      16.65          9  1030.5530  1030.5534    34.8875    34.8881    1474.98    1474.98   6530.417    6.65531   91.00952      0.589     0.0003     156731  0.000e+00
   6530.458  -39.33702   59.68346    601.688    608.292     3.6459     3.6461   3.241900   3.241887    97.4446    -0.0585     2.1785      16.65          9  1030.5533  1030.5529    34.8880    34.8876    1474.98    1474.98   6530.458    6.65529   91.00926      0.590     0.0003     156732  0.000e+00
   6530.500  -39.33700   59.68346    601.753    608.358     3.6459     3.6460   3.241900   3.241916    97.4446    -0.0585     2.1797      16.65          9  1030.5536  1030.5536    34.8880    34.8881    1474.98    1474.98   6530.500    6.66028   91.07747      0.591     0.0001     156733  0.000e+00
   6530.542  -39.33700   59.68346    601.713    608.317     3.6459     3.6461   3.241870   3.241944    97.4446    -0.0585     2.1797      16.65          9  1030.5531  1030.5536    34.8877    34.8882    1474.98    1474.98   6530.542    6.66026   91.07697      0.584     0.0003     156734  0.000e+00
   6530.583  -39.33700   59.68346    601.753    608.358     3.6458     3.6461   3.241876   3.241898    97.4446    -0.0585     2.1797      16.65          9  1030.5535  1030.5533    34.8878    34.8877    1474.98    1474.98   6530.583    6.66031   91.07748      0.581     0.0004     156735  0.000e+00
   6530.625  -39.33700   59.68346    601.753    608.358     3.6459     3.6463   3.241846   3.241944    97.4446    -0.0585     2.1797      16.65          9  1030.5531  1030.5536    34.8873    34.8881    1474.98    1474.98   6530.625    6.66031   91.07743      0.577     0.0004     156736  0.000e+00
   6530.667  -39.33700   59.68346    601.753    608.358     3.6459     3.6461   3.241894   3.241916    97.4708    -0.0585     2.1797      16.65          9  1030.5535  1030.5535    34.8879    34.8879    1474.98    1474.98   6530.667    6.66028   91.07742      0.569     0.0003     156737  0.000e+00
   6530.708  -39.33700   59.68346    601.777    608.382     3.6459     3.6463   3.241900   3.241916    97.4446    -0.0585     2.1797      16.65          9  1030.5537  1030.5534    34.8880    34.8877    1474.98    1474.98   6530.708    6.66030   91.07769      0.563     0.0004     156738  0.000e+00
   6530.750  -39.33700   59.68346    601.810    608.415     3.6458     3.6463   3.241888   3.241944    97.4446    -0.0585     2.1785      16.65          9  1030.5538  1030.5538    34.8879    34.8880    1474.98    1474.98   6530.750    6.65542   91.01065      0.558     0.0005     156739  0.000e+00
   6530.792  -39.33700   59.68346    601.753    608.358     3.6459     3.6463   3.241888   3.241916    97.4708    -0.0585     2.1797      16.78          9  1030.5535  1030.5533    34.8878    34.8877    1474.98    1474.98   6530.792    6.66028   91.07738      0.546     0.0004     156740  0.000e+00
   6530.833  -39.33700   59.68346    601.834    608.440     3.6458     3.6461   3.241870   3.241898    97.4708    -0.0658     2.1785      61.54          9  1030.5537  1030.5536    34.8877    34.8876    1474.98    1474.98   6530.833    6.65545   91.01091      0.539     0.0004     156741  0.000e+00
   6530.875  -39.33700   59.68346    601.753    608.358     3.6460     3.6460   3.241876   3.241973    97.4446    -0.0439     2.1785      96.21          9  1030.5532  1030.5542    34.8875    34.8887    1474.98    1474.98   6530.875    6.65533   91.00985      0.527    -0.0001     156742  0.000e+00
   6530.917  -39.33700   59.68346    601.810    608.415     3.6459     3.6461   3.241888   3.241944    97.4446    -0.0439     2.1785     100.00          9  1030.5537  1030.5540    34.8878    34.8882    1474.98    1474.98   6530.917    6.65540   91.01056      0.514     0.0003     156743  0.000e+00
   6530.958  -39.33700   59.68346    601.777    608.382     3.6458     3.6460   3.241870   3.241944    97.4185    -0.0439     2.1785     100.00          9  1030.5535  1030.5540    34.8877    34.8884    1474.98    1474.98   6530.958    6.65539   91.01019      0.501     0.0002     156744  0.000e+00
   6531.000  -39.33700   59.68346    601.866    608.472     3.6458     3.6460   3.241858   3.241944    97.4446    -0.0439     2.1773      98.78          9  1030.5538  1030.5544    34.8875    34.8883    1474.98    1474.98   6531.000    6.65054   90.94379      0.492     0.0002     156745  0.000e+00
   6531.042  -39.33700   59.68346    601.753    608.358     3.6459     3.6461   3.241858   3.241887    97.4446    -0.0439     2.1773      98.63          9  1030.5532  1030.5532    34.8875    34.8875    1474.98    1474.98   6531.042    6.65043   90.94238      0.476     0.0003     156746  0.000e+00
   6531.083  -39.33700   59.68346    601.834    608.440     3.6459     3.6460   3.241858   3.241933    97.4446    -0.0439     2.1773      98.68          9  1030.5535  1030.5541    34.8874    34.8882    1474.98    1474.98   6531.083    6.65050   90.94334      0.463     0.0001     156747  0.000e+00
   6531.125  -39.33700   59.68346    601.753    608.358     3.6459     3.6461   3.241858   3.241916    97.3923    -0.0439     2.1773      98.73          9  1030.5532  1030.5535    34.8875    34.8879    1474.98    1474.98   6531.125    6.65042   90.94236      0.444     0.0003     156748  0.000e+00
   6531.167  -39.33700   59.68346    601.810    608.415     3.6458     3.6461   3.241876   3.241916    97.3923    -0.0512     2.1773      98.73          9  1030.5537  1030.5537    34.8878    34.8879    1474.98    1474.98   6531.167    6.65048   90.94305      0.428     0.0004     156749  0.000e+00
   6531.208  -39.33700   59.68346    601.778    608.382     3.6459     3.6461   3.241870   3.241916    97.3661    -0.0439     2.1773      98.73          9  1030.5534  1030.5536    34.8876    34.8879    1474.98    1474.98   6531.208    6.65044   90.94262      0.409     0.0003     156750  0.000e+00
   6531.250  -39.33700   59.68346    601.810    608.415     3.6459     3.6463   3.241876   3.241944    97.4185    -0.0439     2.1773      98.73          9  1030.5536  1030.5538    34.8877    34.8880    1474.98    1474.98   6531.250    6.65046   90.94299      0.395     0.0004     156751  0.000e+00
   6531.292  -39.33700   59.68346    601.753    608.358     3.6459     3.6460   3.241906   3.241916    97.4185    -0.0512     2.1785      98.73          9  1030.5536  1030.5536    34.8880    34.8881    1474.98    1474.98   6531.292    6.65532   91.00974      0.374     0.0001     156752  0.000e+00
   6531.333  -39.33700   59.68346    601.778    608.382     3.6459     3.6463   3.241852   3.241898    97.4185    -0.0439     2.1773      98.73          9  1030.5532  1030.5532    34.8874    34.8875    1474.98    1474.98   6531.333    6.65044   90.94258      0.357     0.0004     156753  0.000e+00
   6531.375  -39.33700   59.68346    601.753    608.358     3.6460     3.6463   3.241870   3.241916    97.4446    -0.0439     2.1773      98.73          9  1030.5531  1030.5533    34.8875    34.8877    1474.98    1474.98   6531.375    6.65039   90.94222      0.337     0.0003     156754  0.000e+00
   6531.417  -39.33700   59.68346    601.810    608.415     3.6459     3.6463   3.241870   3.241916    97.4446    -0.0439     2.1773      98.73          9  1030.5535  1030.5535    34.8876    34.8877    1474.98    1474.98   6531.417    6.65046   90.94293      0.318     0.0004     156755  0.000e+00
   6531.458  -39.33700   59.68346    601.713    608.317     3.6460     3.6461   3.241876   3.241944    97.4446    -0.0439     2.1773      98.73          9  1030.5530  1030.5536    34.8875    34.8882    1474.98    1474.98   6531.458    6.65035   90.94171      0.296     0.0001     156756  0.000e+00
   6531.500  -39.33700   59.68346    601.753    608.358     3.6459     3.6463   3.241906   3.241944    97.4446    -0.0439     2.1773      98.73          9  1030.5536  1030.5536    34.8881    34.8881    1474.98    1474.98   6531.500    6.65039   90.94223      0.276     0.0004     156757  0.000e+00
