Ship_data/Irminger/Irminger-2/ctd/process/at30_004_SV.cnv
* Sea-Bird SBE 9 Data File:
* FileName = C:\data\ctd\at30_004.hdr
* Software Version Seasave V 7.21f
* Temperature SN = 2265
* Conductivity SN = 3021
* Number of Bytes Per Scan = 40
* Number of Voltage Words = 5
* Number of Scans Averaged by the Deck Unit = 1
* NMEA Latitude = 59 57.06 N
* NMEA Longitude = 039 25.14 W
* NMEA UTC (Time) = Aug 14 2015  14:16:48
# nquan = 15
# nvalues = 2684                        
# units = specified
# name 0 = depSM: Depth [salt water, m]
# name 1 = svCM: Sound Velocity [Chen-Millero, m/s]
# name 2 = svCM1: Sound Velocity, 2 [Chen-Millero, m/s]
# name 3 = timeS: Time, Elapsed [seconds]
# name 4 = depSM: Depth [salt water, m]
# name 5 = density00: Density [density, Kg/m^3]
# name 6 = density11: Density, 2 [density, Kg/m^3]
# name 7 = sal00: Salinity, Practical [PSU]
# name 8 = sal11: Salinity, Practical, 2 [PSU]
# name 9 = svCM: Sound Velocity [Chen-Millero, m/s]
# name 10 = svCM1: Sound Velocity, 2 [Chen-Millero, m/s]
# name 11 = sbeox0ML/L: Oxygen, SBE 43 [ml/l]
# name 12 = dz/dtM: Descent Rate [m/s]
# name 13 = T2-T190C: Temperature Difference, 2 - 1 [ITS-90, deg C]
# name 14 = flag:
# span 0 =      6.000,   2689.001       
# span 1 =    1469.45,    1502.07       
# span 2 =    1469.45,    1502.06       
# span 3 =     37.745,   3601.679       
# span 4 =      6.000,   2689.000       
# span 5 =  1027.1639,  1040.4680       
# span 6 =  1027.1632,  1040.4672       
# span 7 =    34.8007,    34.9315       
# span 8 =    34.8469,    34.9308       
# span 9 =    1469.45,    1502.07       
# span 10 =    1469.44,    1502.06      
# span 11 =    6.01700,    7.10839      
# span 12 =     -0.115,      1.548      
# span 13 =    -0.1488,     0.1528      
# span 14 = 0.0000e+00, 0.0000e+00      
# interval = meters: 1                  
# start_time = Aug 14 2015 14:16:48 [NMEA time, header]
# bad_flag = -9.990e-29
*END*
[from data line 2121]
   2127.000    1498.09    1498.09   2865.582   2127.000  1037.7047  1037.7041    34.9292    34.9286    1498.09    1498.09    6.05288      0.751     0.0005 0.0000e+00
   2128.000    1498.11    1498.11   2867.127   2128.000  1037.7091  1037.7087    34.9289    34.9285    1498.11    1498.11    6.05152      0.680     0.0003 0.0000e+00
   2129.000    1498.11    1498.11   2868.417   2129.000  1037.7142  1037.7136    34.9290    34.9284    1498.11    1498.11    6.05381      0.992     0.0008 0.0000e+00
   2130.000    1498.12    1498.12   2869.309   2130.000  1037.7188  1037.7184    34.9287    34.9283    1498.12    1498.12    6.05418      1.268     0.0007 0.0000e+00
   2131.000    1498.13    1498.13   2870.044   2131.000  1037.7238  1037.7233    34.9289    34.9284    1498.13    1498.13    6.05425      1.431     0.0008 0.0000e+00
   2132.000    1498.14    1498.14   2870.728   2132.000  1037.7285  1037.7281    34.9288    34.9284    1498.14    1498.14    6.05658      1.488     0.0007 0.0000e+00
   2133.000    1498.15    1498.15   2871.409   2133.000  1037.7333  1037.7328    34.9287    34.9283    1498.15    1498.15    6.05535      1.460     0.0008 0.0000e+00
   2134.000    1498.16    1498.16   2872.130   2134.000  1037.7380  1037.7373    34.9289    34.9280    1498.16    1498.16    6.05226      1.348     0.0002 0.0000e+00
   2135.000    1498.18    1498.17   2872.951   2135.000  1037.7424  1037.7419    34.9286    34.9280    1498.18    1498.17    6.05373      1.020    -0.0005 0.0000e+00
   2136.000    1498.19    1498.20   2875.675   2136.000  1037.7469  1037.7463    34.9285    34.9281    1498.19    1498.20    6.05353      0.192     0.0023 0.0000e+00
   2137.000    1498.19    1498.19   2877.579   2137.000  1037.7521  1037.7517    34.9284    34.9280    1498.19    1498.19    6.05530      1.150     0.0006 0.0000e+00
   2138.000    1498.20    1498.20   2878.311   2138.000  1037.7572  1037.7566    34.9288    34.9281    1498.20    1498.20    6.05710      1.375     0.0006 0.0000e+00
   2139.000    1498.21    1498.22   2879.005   2139.000  1037.7620  1037.7614    34.9289    34.9282    1498.21    1498.21    6.05855      1.475     0.0005 0.0000e+00
   2140.000    1498.23    1498.23   2879.684   2140.000  1037.7665  1037.7661    34.9287    34.9283    1498.23    1498.23    6.05905      1.490     0.0006 0.0000e+00
   2141.000    1498.24    1498.25   2880.377   2141.000  1037.7712  1037.7708    34.9289    34.9283    1498.24    1498.25    6.05992      1.457     0.0007 0.0000e+00
   2142.000    1498.26    1498.26   2881.087   2142.000  1037.7758  1037.7751    34.9289    34.9282    1498.26    1498.26    6.06293      1.426     0.0006 0.0000e+00
   2143.000    1498.28    1498.27   2881.810   2143.000  1037.7804  1037.7799    34.9289    34.9283    1498.28    1498.27    6.06145      1.403    -0.0000 0.0000e+00
   2144.000    1498.29    1498.29   2882.541   2144.000  1037.7850  1037.7847    34.9289    34.9282    1498.29    1498.29    6.06228      1.360    -0.0005 0.0000e+00
   2145.000    1498.31    1498.30   2883.317   2145.000  1037.7897  1037.7893    34.9288    34.9283    1498.30    1498.30    6.06354      1.193    -0.0006 0.0000e+00
   2146.000    1498.32    1498.32   2885.371   2146.000  1037.7943  1037.7937    34.9288    34.9282    1498.32    1498.32    6.05984      0.440     0.0009 0.0000e+00
   2147.000    1498.33    1498.33   2888.475   2147.000  1037.7993  1037.7987    34.9290    34.9284    1498.33    1498.33    6.06082      1.026     0.0010 0.0000e+00
   2148.000    1498.35    1498.35   2889.208   2148.000  1037.8040  1037.8032    34.9291    34.9284    1498.35    1498.35    6.06231      1.353     0.0007 0.0000e+00
   2149.000    1498.36    1498.36   2889.915   2149.000  1037.8085  1037.8080    34.9289    34.9285    1498.36    1498.36    6.06260      1.464     0.0007 0.0000e+00
   2150.000    1498.37    1498.37   2890.596   2150.000  1037.8134  1037.8129    34.9291    34.9286    1498.37    1498.37    6.06255      1.489     0.0005 0.0000e+00
   2151.000    1498.39    1498.39   2891.281   2151.000  1037.8180  1037.8176    34.9292    34.9288    1498.39    1498.39    6.06303      1.466     0.0006 0.0000e+00
   2152.000    1498.41    1498.41   2891.991   2152.000  1037.8228  1037.8220    34.9295    34.9287    1498.41    1498.41    6.06385      1.417     0.0008 0.0000e+00
   2153.000    1498.42    1498.43   2892.723   2153.000  1037.8274  1037.8268    34.9295    34.9289    1498.42    1498.43    6.06427      1.372     0.0010 0.0000e+00
   2154.000    1498.44    1498.44   2893.478   2154.000  1037.8318  1037.8314    34.9293    34.9290    1498.44    1498.44    6.06481      1.354     0.0004 0.0000e+00
   2155.000    1498.45    1498.45   2894.237   2155.000  1037.8365  1037.8362    34.9292    34.9290    1498.45    1498.45    6.06107      1.181     0.0010 0.0000e+00
   2156.000    1498.47    1498.47   2896.334   2156.000  1037.8411  1037.8405    34.9293    34.9287    1498.47    1498.47    6.06151      0.372     0.0017 0.0000e+00
   2157.000    1498.48    1498.48   2898.868   2157.000  1037.8457  1037.8456    34.9291    34.9288    1498.48    1498.48    6.06217      1.125    -0.0002 0.0000e+00
   2158.000    1498.49    1498.49   2899.545   2158.000  1037.8508  1037.8502    34.9295    34.9289    1498.49    1498.49    6.06359      1.400     0.0006 0.0000e+00
   2159.000    1498.50    1498.50   2900.239   2159.000  1037.8555  1037.8550    34.9294    34.9289    1498.50    1498.50    6.06533      1.482     0.0006 0.0000e+00
   2160.000    1498.52    1498.52   2900.920   2160.000  1037.8601  1037.8596    34.9294    34.9289    1498.52    1498.52    6.06454      1.489     0.0007 0.0000e+00
   2161.000    1498.52    1498.52   2901.604   2161.000  1037.8647  1037.8643    34.9290    34.9285    1498.52    1498.52    6.06561      1.457     0.0010 0.0000e+00
   2162.000    1498.53    1498.53   2902.314   2162.000  1037.8700  1037.8694    34.9294    34.9287    1498.53    1498.53    6.06540      1.403     0.0005 0.0000e+00
   2163.000    1498.54    1498.54   2903.067   2163.000  1037.8741  1037.8741    34.9288    34.9286    1498.54    1498.54    6.06452      1.357    -0.0009 0.0000e+00
   2164.000    1498.55    1498.55   2903.824   2164.000  1037.8793  1037.8788    34.9290    34.9285    1498.55    1498.55    6.06361      1.235     0.0002 0.0000e+00
   2165.000    1498.56    1498.56   2904.808   2165.000  1037.8840  1037.8834    34.9291    34.9285    1498.56    1498.56    6.06515      0.872     0.0009 0.0000e+00
   2166.000    1498.58    1498.58   2906.262   2166.000  1037.8885  1037.8881    34.9290    34.9284    1498.58    1498.58    6.06632      0.713     0.0006 0.0000e+00
   2167.000    1498.59    1498.59   2907.536   2167.000  1037.8933  1037.8927    34.9290    34.9285    1498.59    1498.59    6.06595      0.916     0.0008 0.0000e+00
   2168.000    1498.60    1498.61   2908.548   2168.000  1037.8981  1037.8975    34.9292    34.9285    1498.60    1498.61    6.06730      1.074     0.0008 0.0000e+00
   2169.000    1498.62    1498.62   2909.441   2169.000  1037.9027  1037.9021    34.9294    34.9287    1498.62    1498.62    6.06620      1.182     0.0007 0.0000e+00
   2170.000    1498.64    1498.64   2910.279   2170.000  1037.9072  1037.9067    34.9293    34.9287    1498.64    1498.64    6.06616      1.257     0.0007 0.0000e+00
   2171.000    1498.65    1498.66   2911.069   2171.000  1037.9121  1037.9115    34.9295    34.9288    1498.65    1498.66    6.06520      1.292     0.0007 0.0000e+00
   2172.000    1498.67    1498.67   2911.860   2172.000  1037.9167  1037.9161    34.9295    34.9288    1498.67    1498.67    6.06580      1.242     0.0008 0.0000e+00
   2173.000    1498.68    1498.68   2912.731   2173.000  1037.9214  1037.9208    34.9293    34.9288    1498.68    1498.68    6.06598      1.077     0.0007 0.0000e+00
   2174.000    1498.69    1498.70   2913.806   2174.000  1037.9261  1037.9255    34.9294    34.9288    1498.69    1498.70    6.06642      0.880     0.0007 0.0000e+00
   2175.000    1498.70    1498.71   2914.979   2175.000  1037.9309  1037.9302    34.9293    34.9287    1498.70    1498.71    6.06438      0.973     0.0008 0.0000e+00
   2176.000    1498.71    1498.72   2915.916   2176.000  1037.9358  1037.9352    34.9295    34.9289    1498.71    1498.72    6.06542      1.214     0.0007 0.0000e+00
   2177.000    1498.73    1498.73   2916.688   2177.000  1037.9404  1037.9399    34.9294    34.9290    1498.73    1498.73    6.06293      1.366     0.0007 0.0000e+00
   2178.000    1498.74    1498.74   2917.405   2178.000  1037.9452  1037.9446    34.9295    34.9289    1498.74    1498.74    6.06514      1.384     0.0007 0.0000e+00
   2179.000    1498.76    1498.76   2918.167   2179.000  1037.9498  1037.9491    34.9295    34.9288    1498.76    1498.76    6.06610      1.207     0.0007 0.0000e+00
   2180.000    1498.78    1498.78   2920.027   2180.000  1037.9541  1037.9535    34.9294    34.9287    1498.78    1498.78    6.06365      0.471     0.0010 0.0000e+00
   2181.000    1498.78    1498.79   2922.762   2181.000  1037.9589  1037.9585    34.9293    34.9289    1498.78    1498.79    6.06644      1.007     0.0008 0.0000e+00
   2182.000    1498.80    1498.80   2923.484   2182.000  1037.9639  1037.9633    34.9297    34.9291    1498.80    1498.80    6.06524      1.366     0.0006 0.0000e+00
   2183.000    1498.81    1498.82   2924.184   2183.000  1037.9684  1037.9680    34.9294    34.9291    1498.81    1498.81    6.06771      1.489     0.0007 0.0000e+00
   2184.000    1498.82    1498.82   2924.850   2184.000  1037.9730  1037.9727    34.9293    34.9290    1498.82    1498.82    6.06651      1.521     0.0006 0.0000e+00
   2185.000    1498.84    1498.84   2925.521   2185.000  1037.9778  1037.9773    34.9293    34.9288    1498.83    1498.84    6.06818      1.500     0.0007 0.0000e+00
   2186.000    1498.85    1498.85   2926.210   2186.000  1037.9827  1037.9819    34.9294    34.9288    1498.85    1498.85    6.06823      1.447     0.0008 0.0000e+00
   2187.000    1498.86    1498.86   2926.937   2187.000  1037.9872  1037.9867    34.9293    34.9287    1498.86    1498.86    6.06805      1.325     0.0002 0.0000e+00
   2188.000    1498.88    1498.88   2927.837   2188.000  1037.9916  1037.9912    34.9290    34.9287    1498.88    1498.88    6.06452      0.873     0.0008 0.0000e+00
   2189.000    1498.89    1498.90   2930.208   2189.000  1037.9962  1037.9955    34.9291    34.9284    1498.89    1498.90    6.06683      0.386     0.0015 0.0000e+00
   2190.000    1498.90    1498.91   2931.292   2190.000  1038.0011  1038.0005    34.9292    34.9287    1498.90    1498.91    6.06668      1.251     0.0007 0.0000e+00
   2191.000    1498.92    1498.92   2932.015   2191.000  1038.0059  1038.0052    34.9294    34.9288    1498.92    1498.92    6.06633      1.418     0.0006 0.0000e+00
   2192.000    1498.94    1498.94   2932.710   2192.000  1038.0105  1038.0099    34.9295    34.9289    1498.94    1498.94    6.06685      1.463     0.0007 0.0000e+00
   2193.000    1498.95    1498.95   2933.405   2193.000  1038.0150  1038.0145    34.9294    34.9288    1498.95    1498.95    6.06417      1.447     0.0008 0.0000e+00
   2194.000    1498.97    1498.97   2934.120   2194.000  1038.0198  1038.0190    34.9295    34.9288    1498.97    1498.97    6.06349      1.392     0.0005 0.0000e+00
   2195.000    1498.98    1498.98   2934.878   2195.000  1038.0242  1038.0237    34.9293    34.9287    1498.98    1498.98    6.06201      1.284    -0.0002 0.0000e+00
   2196.000    1499.00    1498.99   2935.742   2196.000  1038.0287  1038.0284    34.9291    34.9287    1498.99    1498.99    6.06319      1.059    -0.0003 0.0000e+00
   2197.000    1499.00    1499.01   2936.871   2197.000  1038.0337  1038.0332    34.9292    34.9287    1499.00    1499.01    6.06337      0.834     0.0007 0.0000e+00
   2198.000    1499.02    1499.02   2938.137   2198.000  1038.0386  1038.0378    34.9295    34.9288    1499.02    1499.02    6.06434      0.848     0.0007 0.0000e+00
   2199.000    1499.04    1499.04   2939.255   2199.000  1038.0432  1038.0426    34.9296    34.9289    1499.04    1499.04    6.06308      0.986     0.0007 0.0000e+00
   2200.000    1499.05    1499.05   2940.225   2200.000  1038.0479  1038.0472    34.9297    34.9290    1499.05    1499.05    6.06471      1.066     0.0007 0.0000e+00
   2201.000    1499.07    1499.07   2941.175   2201.000  1038.0525  1038.0519    34.9297    34.9290    1499.07    1499.07    6.06407      1.055     0.0008 0.0000e+00
   2202.000    1499.08    1499.08   2942.179   2202.000  1038.0573  1038.0566    34.9297    34.9291    1499.08    1499.08    6.06444      0.955     0.0006 0.0000e+00
   2203.000    1499.09    1499.10   2943.342   2203.000  1038.0618  1038.0612    34.9296    34.9289    1499.09    1499.10    6.06550      0.846     0.0007 0.0000e+00
   2204.000    1499.11    1499.11   2944.542   2204.000  1038.0662  1038.0657    34.9293    34.9287    1499.11    1499.11    6.06589      0.948     0.0007 0.0000e+00
   2205.000    1499.11    1499.11   2945.504   2205.000  1038.0710  1038.0706    34.9290    34.9285    1499.11    1499.11    6.06766      1.174     0.0006 0.0000e+00
   2206.000    1499.13    1499.13   2946.305   2206.000  1038.0759  1038.0753    34.9294    34.9288    1499.13    1499.13    6.06782      1.321     0.0008 0.0000e+00
   2207.000    1499.15    1499.15   2947.049   2207.000  1038.0806  1038.0798    34.9298    34.9290    1499.15    1499.15    6.06813      1.343     0.0007 0.0000e+00
   2208.000    1499.17    1499.17   2947.827   2208.000  1038.0850  1038.0845    34.9296    34.9291    1499.17    1499.17    6.06738      1.244     0.0006 0.0000e+00
   2209.000    1499.18    1499.18   2948.726   2209.000  1038.0897  1038.0891    34.9297    34.9291    1499.18    1499.18    6.06591      1.013     0.0007 0.0000e+00
   2210.000    1499.20    1499.20   2949.919   2210.000  1038.0945  1038.0939    34.9298    34.9292    1499.20    1499.20    6.06534      0.803     0.0007 0.0000e+00
   2211.000    1499.21    1499.21   2951.182   2211.000  1038.0991  1038.0985    34.9299    34.9292    1499.21    1499.21    6.06575      0.916     0.0008 0.0000e+00
   2212.000    1499.23    1499.23   2952.173   2212.000  1038.1038  1038.1031    34.9298    34.9293    1499.23    1499.23    6.06692      1.084     0.0008 0.0000e+00
   2213.000    1499.24    1499.24   2953.092   2213.000  1038.1084  1038.1077    34.9298    34.9291    1499.24    1499.24    6.06679      1.058     0.0009 0.0000e+00
   2214.000    1499.26    1499.26   2954.167   2214.000  1038.1130  1038.1124    34.9298    34.9292    1499.26    1499.26    6.06824      0.829     0.0005 0.0000e+00
   2215.000    1499.27    1499.27   2955.583   2215.000  1038.1176  1038.1169    34.9297    34.9290    1499.27    1499.27    6.06835      0.773     0.0005 0.0000e+00
   2216.000    1499.28    1499.28   2956.701   2216.000  1038.1222  1038.1217    34.9294    34.9291    1499.28    1499.28    6.06978      1.125     0.0009 0.0000e+00
   2217.000    1499.28    1499.28   2957.497   2217.000  1038.1272  1038.1268    34.9294    34.9290    1499.28    1499.28    6.06921      1.360     0.0007 0.0000e+00
   2218.000    1499.28    1499.29   2958.208   2218.000  1038.1316  1038.1315    34.9286    34.9284    1499.28    1499.28    6.06866      1.462     0.0007 0.0000e+00
   2219.000    1499.29    1499.29   2958.888   2219.000  1038.1370  1038.1364    34.9291    34.9283    1499.29    1499.29    6.06766      1.459     0.0007 0.0000e+00
   2220.000    1499.30    1499.31   2959.604   2220.000  1038.1415  1038.1409    34.9290    34.9283    1499.30    1499.31    6.07116      1.365     0.0007 0.0000e+00
   2221.000    1499.33    1499.33   2960.403   2221.000  1038.1461  1038.1455    34.9291    34.9285    1499.32    1499.33    6.07143      1.137     0.0007 0.0000e+00
