Ship_data/Irminger/Irminger-2/ctd/process/at30_012_SV.cnv
* Sea-Bird SBE 9 Data File:
* FileName = C:\data\ctd\at30_012.hdr
* Software Version Seasave V 7.21f
* Temperature SN = 2265
* Conductivity SN = 3021
* Number of Bytes Per Scan = 40
* Number of Voltage Words = 5
* Number of Scans Averaged by the Deck Unit = 1
* NMEA Latitude = 59 59.98 N
* NMEA Longitude = 039 28.96 W
* NMEA UTC (Time) = Aug 23 2015  16:50:38
** Cal/Val for HYPM-2
# nquan = 15
# nvalues = 2646                        
# units = specified
# name 0 = depSM: Depth [salt water, m]
# name 1 = svCM: Sound Velocity [Chen-Millero, m/s]
# name 2 = svCM1: Sound Velocity, 2 [Chen-Millero, m/s]
# name 3 = timeS: Time, Elapsed [seconds]
# name 4 = depSM: Depth [salt water, m]
# name 5 = density00: Density [density, Kg/m^3]
# name 6 = density11: Density, 2 [density, Kg/m^3]
# name 7 = sal00: Salinity, Practical [PSU]
# name 8 = sal11: Salinity, Practical, 2 [PSU]
# name 9 = svCM: Sound Velocity [Chen-Millero, m/s]
# name 10 = svCM1: Sound Velocity, 2 [Chen-Millero, m/s]
# name 11 = sbeox0ML/L: Oxygen, SBE 43 [ml/l]
# name 12 = dz/dtM: Descent Rate [m/s]
# name 13 = T2-T190C: Temperature Difference, 2 - 1 [ITS-90, deg C]
# name 14 = flag:
# span 0 =      7.000,   2652.000       
# span 1 =    1470.39,    1501.01       
# span 2 =    1470.39,    1501.00       
# span 3 =     44.566,   3224.033       
# span 4 =      7.000,   2652.000       
# span 5 =  1027.1449,  1040.3141       
# span 6 =  1027.1443,  1040.3137       
# span 7 =    34.8274,    34.9557       
# span 8 =    34.8265,    34.9565       
# span 9 =    1470.38,    1501.01       
# span 10 =    1470.38,    1501.00      
# span 11 =    6.00000,    6.85558      
# span 12 =     -0.445,      1.744      
# span 13 =    -0.0197,     0.1179      
# span 14 = 0.0000e+00, 0.0000e+00      
# interval = meters: 1                  
# start_time = Aug 23 2015 16:50:38 [NMEA time, header]
# bad_flag = -9.990e-29
*END*
[from data line 1543]
   1550.000    1490.48    1490.48   1901.987   1550.000  1034.9885  1034.9883    34.9279    34.9276    1490.48    1490.48    6.02102      0.913     0.0004 0.0000e+00
   1551.000    1490.48    1490.48   1902.995   1551.000  1034.9937  1034.9932    34.9280    34.9276    1490.48    1490.48    6.01776      1.058     0.0005 0.0000e+00
   1552.000    1490.50    1490.50   1903.930   1552.000  1034.9980  1034.9978    34.9279    34.9275    1490.50    1490.50    6.01736      1.049     0.0003 0.0000e+00
   1553.000    1490.51    1490.51   1904.981   1553.000  1035.0028  1035.0024    34.9278    34.9274    1490.51    1490.51    6.01474      0.869     0.0003 0.0000e+00
   1554.000    1490.52    1490.52   1906.316   1554.000  1035.0074  1035.0071    34.9277    34.9272    1490.52    1490.52    6.01543      0.765     0.0005 0.0000e+00
   1555.000    1490.54    1490.54   1907.526   1555.000  1035.0123  1035.0121    34.9279    34.9276    1490.53    1490.54    6.01645      0.973     0.0004 0.0000e+00
   1556.000    1490.55    1490.55   1908.468   1556.000  1035.0170  1035.0166    34.9279    34.9275    1490.55    1490.55    6.01755      1.155     0.0004 0.0000e+00
   1557.000    1490.57    1490.57   1909.301   1557.000  1035.0216  1035.0212    34.9280    34.9276    1490.57    1490.57    6.01810      1.261     0.0004 0.0000e+00
   1558.000    1490.59    1490.59   1910.081   1558.000  1035.0264  1035.0259    34.9281    34.9275    1490.59    1490.59    6.01893      1.343     0.0004 0.0000e+00
   1559.000    1490.60    1490.60   1910.817   1559.000  1035.0311  1035.0306    34.9283    34.9279    1490.60    1490.60    6.01904      1.409     0.0004 0.0000e+00
   1560.000    1490.62    1490.62   1911.523   1560.000  1035.0359  1035.0354    34.9284    34.9279    1490.62    1490.62    6.01563      1.432     0.0004 0.0000e+00
   1561.000    1490.63    1490.63   1912.235   1561.000  1035.0404  1035.0402    34.9283    34.9280    1490.63    1490.63    6.01449      1.327     0.0004 0.0000e+00
   1562.000    1490.64    1490.64   1913.117   1562.000  1035.0452  1035.0449    34.9282    34.9279    1490.64    1490.64    6.01210      0.924     0.0004 0.0000e+00
   1563.000    1490.67    1490.67   1916.006   1563.000  1035.0492  1035.0490    34.9280    34.9276    1490.67    1490.67    6.01785      0.187    -0.0003 0.0000e+00
   1564.000    1490.68    1490.68   1917.673   1564.000  1035.0542  1035.0541    34.9281    34.9279    1490.68    1490.68    6.02091      1.185     0.0006 0.0000e+00
   1565.000    1490.69    1490.69   1918.383   1565.000  1035.0593  1035.0588    34.9284    34.9279    1490.69    1490.69    6.02527      1.426     0.0004 0.0000e+00
   1566.000    1490.70    1490.70   1919.048   1566.000  1035.0638  1035.0637    34.9283    34.9281    1490.70    1490.70    6.02453      1.581     0.0001 0.0000e+00
   1567.000    1490.72    1490.72   1919.668   1567.000  1035.0684  1035.0681    34.9282    34.9279    1490.72    1490.72    6.02277      1.657     0.0002 0.0000e+00
   1568.000    1490.73    1490.73   1920.271   1568.000  1035.0732  1035.0729    34.9284    34.9279    1490.73    1490.73    6.02343      1.657     0.0004 0.0000e+00
   1569.000    1490.75    1490.75   1920.892   1569.000  1035.0779  1035.0775    34.9282    34.9279    1490.75    1490.75    6.02425      1.579     0.0005 0.0000e+00
   1570.000    1490.76    1490.76   1921.562   1570.000  1035.0825  1035.0823    34.9281    34.9279    1490.76    1490.76    6.02454      1.424     0.0006 0.0000e+00
   1571.000    1490.77    1490.78   1922.349   1571.000  1035.0872  1035.0868    34.9281    34.9277    1490.77    1490.77    6.02362      1.158     0.0006 0.0000e+00
   1572.000    1490.79    1490.79   1923.702   1572.000  1035.0918  1035.0912    34.9281    34.9276    1490.79    1490.79    6.02212      0.562     0.0011 0.0000e+00
   1573.000    1490.81    1490.81   1926.834   1573.000  1035.0959  1035.0957    34.9280    34.9276    1490.81    1490.81    6.02203      0.563     0.0004 0.0000e+00
   1574.000    1490.81    1490.81   1927.681   1574.000  1035.1010  1035.1008    34.9277    34.9276    1490.81    1490.81    6.02824      1.169     0.0008 0.0000e+00
   1575.000    1490.82    1490.82   1928.460   1575.000  1035.1060  1035.1057    34.9278    34.9274    1490.82    1490.82    6.02743      1.386     0.0004 0.0000e+00
   1576.000    1490.83    1490.83   1929.157   1576.000  1035.1107  1035.1102    34.9277    34.9273    1490.83    1490.83    6.02684      1.498     0.0002 0.0000e+00
   1577.000    1490.84    1490.85   1929.815   1577.000  1035.1152  1035.1150    34.9276    34.9274    1490.84    1490.85    6.02640      1.524     0.0003 0.0000e+00
   1578.000    1490.86    1490.86   1930.486   1578.000  1035.1200  1035.1196    34.9275    34.9272    1490.86    1490.86    6.02633      1.462     0.0006 0.0000e+00
   1579.000    1490.86    1490.86   1931.214   1579.000  1035.1248  1035.1245    34.9273    34.9271    1490.86    1490.86    6.02602      1.315     0.0005 0.0000e+00
   1580.000    1490.87    1490.87   1932.063   1580.000  1035.1295  1035.1293    34.9274    34.9271    1490.87    1490.87    6.02530      1.091     0.0003 0.0000e+00
   1581.000    1490.88    1490.88   1933.157   1581.000  1035.1344  1035.1342    34.9272    34.9270    1490.88    1490.88    6.02456      0.824     0.0004 0.0000e+00
   1582.000    1490.89    1490.89   1934.591   1582.000  1035.1392  1035.1388    34.9273    34.9268    1490.89    1490.89    6.02459      0.676     0.0002 0.0000e+00
   1583.000    1490.90    1490.90   1936.062   1583.000  1035.1442  1035.1436    34.9274    34.9268    1490.90    1490.90    6.02581      0.727     0.0005 0.0000e+00
   1584.000    1490.92    1490.92   1937.386   1584.000  1035.1488  1035.1483    34.9274    34.9270    1490.92    1490.92    6.02639      0.836     0.0005 0.0000e+00
   1585.000    1490.93    1490.93   1938.491   1585.000  1035.1534  1035.1530    34.9275    34.9270    1490.93    1490.93    6.02419      1.039     0.0005 0.0000e+00
   1586.000    1490.95    1490.95   1939.381   1586.000  1035.1580  1035.1578    34.9274    34.9272    1490.95    1490.95    6.02663      1.235     0.0004 0.0000e+00
   1587.000    1490.96    1490.96   1940.154   1587.000  1035.1630  1035.1625    34.9277    34.9271    1490.96    1490.96    6.02454      1.341     0.0004 0.0000e+00
   1588.000    1490.98    1490.98   1940.897   1588.000  1035.1676  1035.1671    34.9277    34.9271    1490.98    1490.98    6.02552      1.319     0.0005 0.0000e+00
   1589.000    1490.99    1490.99   1941.702   1589.000  1035.1721  1035.1719    34.9274    34.9271    1490.99    1490.99    6.02679      1.202     0.0005 0.0000e+00
   1590.000    1491.00    1491.00   1942.608   1590.000  1035.1770  1035.1766    34.9276    34.9272    1491.00    1491.00    6.02545      1.064     0.0005 0.0000e+00
   1591.000    1491.02    1491.02   1943.620   1591.000  1035.1816  1035.1813    34.9276    34.9272    1491.02    1491.02    6.02344      0.988     0.0004 0.0000e+00
   1592.000    1491.04    1491.04   1944.664   1592.000  1035.1862  1035.1858    34.9276    34.9271    1491.04    1491.04    6.02299      0.951     0.0004 0.0000e+00
   1593.000    1491.05    1491.05   1945.788   1593.000  1035.1908  1035.1904    34.9276    34.9271    1491.05    1491.05    6.02042      0.832     0.0005 0.0000e+00
   1594.000    1491.07    1491.07   1947.208   1594.000  1035.1953  1035.1949    34.9275    34.9270    1491.07    1491.07    6.02078      0.646     0.0005 0.0000e+00
   1595.000    1491.08    1491.08   1948.783   1595.000  1035.2002  1035.1996    34.9275    34.9270    1491.08    1491.08    6.02210      0.717     0.0006 0.0000e+00
   1596.000    1491.09    1491.09   1950.041   1596.000  1035.2048  1035.2043    34.9275    34.9270    1491.09    1491.09    6.02306      0.901     0.0005 0.0000e+00
   1597.000    1491.10    1491.11   1951.068   1597.000  1035.2095  1035.2092    34.9273    34.9271    1491.10    1491.11    6.02350      1.097     0.0002 0.0000e+00
   1598.000    1491.11    1491.11   1951.921   1598.000  1035.2144  1035.2140    34.9273    34.9269    1491.11    1491.11    6.02443      1.288     0.0003 0.0000e+00
   1599.000    1491.12    1491.13   1952.658   1599.000  1035.2191  1035.2188    34.9273    34.9270    1491.12    1491.13    6.02549      1.443     0.0004 0.0000e+00
   1600.000    1491.14    1491.14   1953.334   1600.000  1035.2235  1035.2234    34.9271    34.9269    1491.14    1491.14    6.02636      1.539     0.0003 0.0000e+00
   1601.000    1491.15    1491.15   1953.977   1601.000  1035.2283  1035.2281    34.9269    34.9269    1491.15    1491.15    6.02753      1.554     0.0003 0.0000e+00
   1602.000    1491.15    1491.15   1954.639   1602.000  1035.2335  1035.2332    34.9272    34.9269    1491.15    1491.15    6.02853      1.479     0.0004 0.0000e+00
   1603.000    1491.17    1491.17   1955.362   1603.000  1035.2382  1035.2378    34.9272    34.9268    1491.17    1491.17    6.02640      1.275     0.0006 0.0000e+00
   1604.000    1491.18    1491.18   1956.327   1604.000  1035.2429  1035.2426    34.9270    34.9267    1491.18    1491.18    6.02332      0.871     0.0005 0.0000e+00
   1605.000    1491.21    1491.21   1958.844   1605.000  1035.2472  1035.2466    34.9272    34.9265    1491.21    1491.21    6.02042      0.276     0.0001 0.0000e+00
   1606.000    1491.21    1491.21   1960.949   1606.000  1035.2520  1035.2518    34.9267    34.9267    1491.21    1491.21    6.02728      0.981     0.0004 0.0000e+00
   1607.000    1491.20    1491.21   1961.777   1607.000  1035.2573  1035.2571    34.9269    34.9267    1491.20    1491.21    6.02789      1.226     0.0004 0.0000e+00
   1608.000    1491.22    1491.22   1962.552   1608.000  1035.2622  1035.2617    34.9272    34.9266    1491.22    1491.22    6.02965      1.376     0.0003 0.0000e+00
   1609.000    1491.24    1491.24   1963.260   1609.000  1035.2667  1035.2664    34.9271    34.9267    1491.24    1491.24    6.02974      1.470     0.0004 0.0000e+00
   1610.000    1491.25    1491.25   1963.934   1610.000  1035.2714  1035.2710    34.9271    34.9267    1491.25    1491.25    6.02796      1.512     0.0003 0.0000e+00
   1611.000    1491.26    1491.27   1964.601   1611.000  1035.2760  1035.2756    34.9271    34.9267    1491.26    1491.27    6.02680      1.498     0.0004 0.0000e+00
   1612.000    1491.28    1491.28   1965.289   1612.000  1035.2808  1035.2804    34.9271    34.9268    1491.28    1491.28    6.02764      1.416     0.0004 0.0000e+00
   1613.000    1491.29    1491.29   1966.046   1613.000  1035.2855  1035.2853    34.9272    34.9269    1491.29    1491.29    6.02866      1.283     0.0004 0.0000e+00
   1614.000    1491.30    1491.30   1966.890   1614.000  1035.2904  1035.2900    34.9272    34.9268    1491.30    1491.30    6.02948      1.117     0.0005 0.0000e+00
   1615.000    1491.31    1491.31   1967.932   1615.000  1035.2950  1035.2948    34.9271    34.9267    1491.31    1491.31    6.03086      0.843     0.0006 0.0000e+00
   1616.000    1491.33    1491.32   1969.637   1616.000  1035.2994  1035.2994    34.9271    34.9266    1491.33    1491.32    6.03379      0.492    -0.0029 0.0000e+00
   1617.000    1491.34    1491.33   1971.664   1617.000  1035.3042  1035.3043    34.9266    34.9265    1491.34    1491.33    6.03809      0.661    -0.0016 0.0000e+00
   1618.000    1491.33    1491.33   1972.871   1618.000  1035.3097  1035.3093    34.9269    34.9265    1491.33    1491.33    6.04015      1.015     0.0003 0.0000e+00
   1619.000    1491.35    1491.35   1973.754   1619.000  1035.3145  1035.3141    34.9270    34.9266    1491.35    1491.35    6.04096      1.263     0.0004 0.0000e+00
   1620.000    1491.36    1491.36   1974.500   1620.000  1035.3188  1035.3186    34.9268    34.9265    1491.36    1491.36    6.03882      1.414     0.0005 0.0000e+00
   1621.000    1491.37    1491.37   1975.193   1621.000  1035.3235  1035.3234    34.9264    34.9264    1491.37    1491.37    6.03833      1.451     0.0003 0.0000e+00
   1622.000    1491.37    1491.38   1975.901   1622.000  1035.3285  1035.3281    34.9264    34.9261    1491.37    1491.38    6.03804      1.368     0.0005 0.0000e+00
   1623.000    1491.39    1491.39   1976.696   1623.000  1035.3335  1035.3331    34.9267    34.9262    1491.39    1491.39    6.03486      1.194     0.0003 0.0000e+00
   1624.000    1491.40    1491.40   1977.635   1624.000  1035.3381  1035.3378    34.9268    34.9264    1491.40    1491.40    6.03444      1.015     0.0004 0.0000e+00
   1625.000    1491.42    1491.42   1978.728   1625.000  1035.3428  1035.3423    34.9269    34.9265    1491.42    1491.42    6.03221      0.861     0.0004 0.0000e+00
   1626.000    1491.44    1491.44   1980.039   1626.000  1035.3474  1035.3468    34.9270    34.9265    1491.44    1491.44    6.03144      0.730     0.0006 0.0000e+00
   1627.000    1491.46    1491.46   1981.449   1627.000  1035.3519  1035.3514    34.9271    34.9265    1491.46    1491.46    6.02755      0.764     0.0006 0.0000e+00
   1628.000    1491.48    1491.48   1982.670   1628.000  1035.3567  1035.3563    34.9273    34.9269    1491.48    1491.48    6.02677      0.930     0.0005 0.0000e+00
   1629.000    1491.50    1491.50   1983.668   1629.000  1035.3618  1035.3610    34.9281    34.9271    1491.50    1491.50    6.02560      1.115     0.0005 0.0000e+00
   1630.000    1491.53    1491.53   1984.514   1630.000  1035.3666  1035.3662    34.9287    34.9284    1491.53    1491.53    6.02211      1.260     0.0004 0.0000e+00
   1631.000    1491.54    1491.54   1985.288   1631.000  1035.3713  1035.3710    34.9290    34.9286    1491.54    1491.54    6.02266      1.313     0.0004 0.0000e+00
   1632.000    1491.56    1491.56   1986.067   1632.000  1035.3760  1035.3756    34.9289    34.9286    1491.56    1491.56    6.01842      1.230     0.0004 0.0000e+00
   1633.000    1491.57    1491.57   1986.986   1633.000  1035.3805  1035.3802    34.9288    34.9286    1491.57    1491.57    6.01953      0.969     0.0003 0.0000e+00
   1634.000    1491.59    1491.59   1988.332   1634.000  1035.3851  1035.3846    34.9287    34.9283    1491.59    1491.59    6.02064      0.659     0.0003 0.0000e+00
   1635.000    1491.60    1491.60   1989.816   1635.000  1035.3896  1035.3894    34.9284    34.9281    1491.60    1491.60    6.02191      0.837     0.0004 0.0000e+00
   1636.000    1491.60    1491.60   1990.856   1636.000  1035.3945  1035.3943    34.9282    34.9279    1491.60    1491.60    6.02277      1.060     0.0005 0.0000e+00
   1637.000    1491.61    1491.61   1991.763   1637.000  1035.3992  1035.3989    34.9279    34.9276    1491.61    1491.61    6.02297      1.127     0.0004 0.0000e+00
   1638.000    1491.62    1491.62   1992.662   1638.000  1035.4039  1035.4036    34.9278    34.9274    1491.62    1491.62    6.02112      1.130     0.0005 0.0000e+00
   1639.000    1491.63    1491.63   1993.565   1639.000  1035.4086  1035.4082    34.9277    34.9272    1491.63    1491.63    6.02188      1.150     0.0005 0.0000e+00
   1640.000    1491.64    1491.64   1994.426   1640.000  1035.4132  1035.4131    34.9273    34.9271    1491.64    1491.64    6.02147      1.200     0.0004 0.0000e+00
   1641.000    1491.64    1491.64   1995.262   1641.000  1035.4185  1035.4181    34.9274    34.9271    1491.64    1491.64    6.02320      1.214     0.0004 0.0000e+00
   1642.000    1491.65    1491.65   1996.110   1642.000  1035.4233  1035.4229    34.9276    34.9272    1491.65    1491.65    6.02392      1.121     0.0005 0.0000e+00
   1643.000    1491.67    1491.67   1997.156   1643.000  1035.4279  1035.4275    34.9275    34.9270    1491.66    1491.67    6.02417      0.806     0.0004 0.0000e+00
   1644.000    1491.69    1491.69   1999.203   1644.000  1035.4321  1035.4319    34.9274    34.9269    1491.69    1491.69    6.02518      0.415    -0.0007 0.0000e+00
