Ship_data/Irminger/Irminger-2/ctd/process/at30_007.ros
* Sea-Bird SBE 9 Data File:
* FileName = C:\data\ctd\at30_007.hdr
* Software Version Seasave V 7.21f
* Temperature SN = 2265
* Conductivity SN = 3021
* Number of Bytes Per Scan = 40
* Number of Voltage Words = 5
* Number of Scans Averaged by the Deck Unit = 1
* NMEA Latitude = 59 46.29 N
* NMEA Longitude = 039 52.92 W
* NMEA UTC (Time) = Aug 17 2015  23:01:49
** Site of FLMA 2015 -- need to confirm bottom depth
# nquan = 27
# nvalues = 1176                                  
# units = specified
# name 0 = timeS: Time, Elapsed [seconds]
# name 1 = longitude: Longitude [deg]
# name 2 = latitude: Latitude [deg]
# name 3 = depSM: Depth [salt water, m]
# name 4 = prDM: Pressure, Digiquartz [db]
# name 5 = t090C: Temperature [ITS-90, deg C]
# name 6 = t190C: Temperature, 2 [ITS-90, deg C]
# name 7 = c0S/m: Conductivity [S/m]
# name 8 = c1S/m: Conductivity, 2 [S/m]
# name 9 = CStarTr0: Beam Transmission, WET Labs C-Star [%]
# name 10 = flECO-AFL: Fluorescence, WET Labs ECO-AFL/FL [mg/m^3]
# name 11 = sbeox0V: Oxygen raw, SBE 43 [V]
# name 12 = altM: Altimeter [m]
# name 13 = nbf: Bottles Fired
# name 14 = density00: Density [density, Kg/m^3]
# name 15 = density11: Density, 2 [density, Kg/m^3]
# name 16 = sal00: Salinity, Practical [PSU]
# name 17 = sal11: Salinity, Practical, 2 [PSU]
# name 18 = svCM: Sound Velocity [Chen-Millero, m/s]
# name 19 = svCM1: Sound Velocity, 2 [Chen-Millero, m/s]
# name 20 = timeS: Time, Elapsed [seconds]
# name 21 = sbeox0ML/L: Oxygen, SBE 43 [ml/l]
# name 22 = sbeox0PS: Oxygen, SBE 43 [% saturation]
# name 23 = dz/dtM: Descent Rate [m/s]
# name 24 = T2-T190C: Temperature Difference, 2 - 1 [ITS-90, deg C]
# name 25 = scan: Scan Count
# name 26 = flag:  0.000e+00
# interval = seconds: 0.0416667
# start_time = Aug 17 2015 23:01:49 [NMEA time, header]
# bad_flag = -9.990e-29
*END*
[from data line 752]
   5628.208  -39.88164   59.77140    423.649    428.116     3.7131     3.7127   3.240407   3.240433    97.7324    -0.0219     2.2155      98.78         16  1029.7197  1029.7203    34.8947    34.8955    1472.30    1472.30   5628.208    6.63386   90.86889     -1.019    -0.0004     135078  0.000e+00
   5628.250  -39.88164   59.77140    423.649    428.116     3.7128     3.7128   3.240431   3.240398    97.7585    -0.0219     2.2167      98.78         16  1029.7202  1029.7199    34.8953    34.8949    1472.30    1472.30   5628.250    6.63870   90.93475     -1.026     0.0000     135079  0.000e+00
   5628.292  -39.88164   59.77140    423.584    428.051     3.7126     3.7127   3.240449   3.240490    97.7585    -0.0219     2.2155      98.78         16  1029.7203  1029.7206    34.8958    34.8962    1472.30    1472.30   5628.292    6.63385   90.86822     -1.034     0.0001     135080  0.000e+00
   5628.333  -39.88164   59.77140    423.463    427.928     3.7130     3.7130   3.240443   3.240433    97.7585    -0.0219     2.2155      98.75         16  1029.7194  1029.7192    34.8954    34.8952    1472.30    1472.30   5628.333    6.63370   90.86667     -1.048     0.0000     135081  0.000e+00
   5628.375  -39.88164   59.77140    423.463    427.928     3.7130     3.7130   3.240443   3.240461    97.7324    -0.0219     2.2155      98.78         16  1029.7194  1029.7195    34.8954    34.8956    1472.30    1472.30   5628.375    6.63369   90.86665     -1.061     0.0000     135082  0.000e+00
   5628.417  -39.88164   59.77140    423.407    427.871     3.7130     3.7130   3.240449   3.240432    97.7062    -0.0219     2.2155      98.78         16  1029.7192  1029.7190    34.8955    34.8953    1472.30    1472.30   5628.417    6.63364   90.86595     -1.068     0.0000     135083  0.000e+00
   5628.458  -39.88164   59.77140    423.350    427.814     3.7128     3.7130   3.240467   3.240461    97.7324    -0.0292     2.2155      98.78         16  1029.7193  1029.7190    34.8959    34.8956    1472.30    1472.30   5628.458    6.63360   90.86531     -1.079     0.0002     135084  0.000e+00
   5628.500  -39.88164   59.77140    423.350    427.814     3.7131     3.7128   3.240449   3.240421    97.7324    -0.0219     2.2155      98.78         16  1029.7188  1029.7188    34.8954    34.8953    1472.30    1472.30   5628.500    6.63356   90.86520     -1.086    -0.0003     135085  0.000e+00
   5628.542  -39.88164   59.77140    423.229    427.691     3.7131     3.7128   3.240467   3.240461    97.7324    -0.0219     2.2155      98.78         16  1029.7185  1029.7187    34.8956    34.8959    1472.30    1472.30   5628.542    6.63344   90.86373     -1.098    -0.0003     135086  0.000e+00
   5628.583  -39.88164   59.77140    423.165    427.626     3.7133     3.7128   3.240461   3.240398    97.7062    -0.0219     2.2155      98.78         16  1029.7180  1029.7178    34.8954    34.8951    1472.30    1472.29   5628.583    6.63337   90.86290     -1.110    -0.0005     135087  0.000e+00
   5628.625  -39.88164   59.77140    423.108    427.569     3.7133     3.7130   3.240449   3.240432    97.7062    -0.0219     2.2155      98.78         16  1029.7176  1029.7177    34.8953    34.8954    1472.30    1472.29   5628.625    6.63332   90.86220     -1.122    -0.0003     135088  0.000e+00
   5628.667  -39.88164   59.77140    423.092    427.553     3.7130     3.7130   3.240449   3.240432    97.7062    -0.0219     2.2155      98.78         16  1029.7179  1029.7177    34.8957    34.8954    1472.29    1472.29   5628.667    6.63335   90.86209     -1.130     0.0000     135089  0.000e+00
   5628.708  -39.88164   59.77140    422.987    427.447     3.7134     3.7130   3.240461   3.240432    97.7324    -0.0219     2.2155      98.75         16  1029.7171  1029.7172    34.8954    34.8955    1472.29    1472.29   5628.708    6.63319   90.86069     -1.142    -0.0004     135090  0.000e+00
   5628.750  -39.88164   59.77140    422.930    427.389     3.7133     3.7132   3.240455   3.240398    97.7324    -0.0219     2.2167      98.78         16  1029.7169  1029.7165    34.8955    34.8949    1472.29    1472.29   5628.750    6.63796   90.92581     -1.155    -0.0001     135091  0.000e+00
   5628.792  -39.88164   59.77140    422.930    427.389     3.7131     3.7133   3.240449   3.240461    97.7324    -0.0219     2.2155      98.78         16  1029.7170  1029.7170    34.8956    34.8955    1472.29    1472.29   5628.792    6.63318   90.86006     -1.165     0.0002     135092  0.000e+00
   5628.833  -39.88164   59.77140    422.874    427.332     3.7133     3.7133   3.240449   3.240449    97.7324    -0.0219     2.2155      98.78         16  1029.7166  1029.7166    34.8954    34.8954    1472.29    1472.29   5628.833    6.63310   90.85932     -1.171     0.0000     135093  0.000e+00
   5628.875  -39.88164   59.77140    422.809    427.267     3.7133     3.7130   3.240467   3.240432    97.7324    -0.0292     2.2155      98.78         16  1029.7165  1029.7165    34.8957    34.8956    1472.29    1472.29   5628.875    6.63303   90.85853     -1.181    -0.0003     135094  0.000e+00
   5628.917  -39.88164   59.77140    422.688    427.144     3.7136     3.7133   3.240473   3.240398    97.7324    -0.0219     2.2155      98.75         16  1029.7158  1029.7153    34.8955    34.8949    1472.29    1472.29   5628.917    6.63288   90.85699     -1.196    -0.0003     135095  0.000e+00
   5628.958  -39.88164   59.77140    422.688    427.144     3.7137     3.7130   3.240473   3.240461    97.7324    -0.0219     2.2167      98.78         16  1029.7156  1029.7162    34.8953    34.8960    1472.29    1472.29   5628.958    6.63766   90.92270     -1.203    -0.0007     135096  0.000e+00
   5629.000  -39.88164   59.77140    422.632    427.087     3.7137     3.7132   3.240497   3.240461    97.7324    -0.0219     2.2167      98.78         16  1029.7156  1029.7158    34.8957    34.8958    1472.29    1472.29   5629.000    6.63760   90.92201     -1.210    -0.0006     135097  0.000e+00
   5629.042  -39.88164   59.77140    422.575    427.030     3.7137     3.7132   3.240467   3.240432    97.7324    -0.0219     2.2167      98.78         16  1029.7151  1029.7153    34.8953    34.8955    1472.29    1472.29   5629.042    6.63756   90.92131     -1.222    -0.0006     135098  0.000e+00
   5629.083  -39.88164   59.77140    422.454    426.908     3.7139     3.7130   3.240491   3.240398    97.7585    -0.0219     2.2167      98.78         16  1029.7146  1029.7146    34.8955    34.8954    1472.29    1472.28   5629.083    6.63742   90.91980     -1.231    -0.0009     135099  0.000e+00
   5629.125  -39.88164   59.77140    422.454    426.908     3.7139     3.7133   3.240503   3.240398    97.7324    -0.0219     2.2167      98.78         16  1029.7148  1029.7143    34.8956    34.8950    1472.29    1472.28   5629.125    6.63741   90.91978     -1.241    -0.0006     135100  0.000e+00
   5629.167  -39.88164   59.77140    422.333    426.785     3.7142     3.7132   3.240485   3.240449    97.7324    -0.0219     2.2167      98.78         16  1029.7138  1029.7145    34.8951    34.8959    1472.29    1472.28   5629.167    6.63726   90.91822     -1.252    -0.0011     135101  0.000e+00
   5629.208  -39.88164   59.77140    422.390    426.842     3.7141     3.7133   3.240497   3.240398    97.7324    -0.0219     2.2167      98.78         16  1029.7143  1029.7141    34.8954    34.8951    1472.29    1472.28   5629.208    6.63733   90.91893     -1.258    -0.0008     135102  0.000e+00
   5629.250  -39.88164   59.77140    422.277    426.728     3.7142     3.7133   3.240491   3.240461    97.7324    -0.0219     2.2167      98.78         16  1029.7136  1029.7142    34.8952    34.8959    1472.29    1472.28   5629.250    6.63721   90.91751     -1.267    -0.0009     135103  0.000e+00
   5629.292  -39.88164   59.77140    422.212    426.663     3.7142     3.7135   3.240479   3.240432    97.7324    -0.0219     2.2167      98.78         16  1029.7132  1029.7135    34.8951    34.8954    1472.28    1472.28   5629.292    6.63715   90.91672     -1.275    -0.0008     135104  0.000e+00
   5629.333  -39.88164   59.77140    422.139    426.589     3.7144     3.7135   3.240515   3.240432    97.7324    -0.0219     2.2167      98.78         16  1029.7131  1029.7132    34.8955    34.8954    1472.28    1472.28   5629.333    6.63705   90.91581     -1.285    -0.0009     135105  0.000e+00
   5629.375  -39.88164   59.77140    422.099    426.548     3.7145     3.7133   3.240515   3.240432    97.7585    -0.0292     2.2167      98.75         16  1029.7128  1029.7131    34.8953    34.8956    1472.28    1472.28   5629.375    6.63699   90.91526     -1.294    -0.0012     135106  0.000e+00
   5629.417  -39.88164   59.77140    422.035    426.483     3.7145     3.7136   3.240509   3.240432    97.7324    -0.0219     2.2167      98.78         16  1029.7124  1029.7126    34.8953    34.8953    1472.28    1472.28   5629.417    6.63694   90.91447     -1.300    -0.0009     135107  0.000e+00
   5629.458  -39.88164   59.77140    421.978    426.426     3.7149     3.7136   3.240527   3.240489    97.7324    -0.0219     2.2167      98.78         16  1029.7121  1029.7129    34.8952    34.8960    1472.28    1472.28   5629.458    6.63683   90.91368     -1.307    -0.0012     135108  0.000e+00
   5629.500  -39.88164   59.77140    421.913    426.361     3.7149     3.7136   3.240539   3.240421    97.7324    -0.0292     2.2167      98.78         16  1029.7119  1029.7119    34.8954    34.8952    1472.28    1472.28   5629.500    6.63676   90.91289     -1.318    -0.0012     135109  0.000e+00
   5654.917  -39.88164   59.77140    397.129    401.291     3.7265     3.7258   3.240543   3.240453    97.7324    -0.0292     2.2226      98.78         17  1029.5956  1029.5954    34.8965    34.8961    1471.92    1471.92   5654.917    6.63614   90.93072     -0.899    -0.0007     135719  0.000e+00
   5654.958  -39.88164   59.77140    397.073    401.234     3.7268     3.7255   3.240555   3.240538    97.7324    -0.0219     2.2226      98.78         17  1029.5951  1029.5962    34.8963    34.8975    1471.92    1471.92   5654.958    6.63603   90.92993     -0.904    -0.0013     135720  0.000e+00
   5655.000  -39.88164   59.77140    397.073    401.234     3.7265     3.7258   3.240555   3.240481    97.7324    -0.0219     2.2214      98.78         17  1029.5954  1029.5954    34.8966    34.8965    1471.92    1471.92   5655.000    6.63129   90.86446     -0.910    -0.0007     135721  0.000e+00
   5655.042  -39.88164   59.77140    396.952    401.111     3.7266     3.7258   3.240561   3.240504    97.7062    -0.0219     2.2214      98.78         17  1029.5949  1029.5952    34.8967    34.8969    1471.92    1471.92   5655.042    6.63117   90.86298     -0.920    -0.0008     135722  0.000e+00
   5655.083  -39.88164   59.77140    396.895    401.054     3.7267     3.7257   3.240561   3.240481    97.7324    -0.0219     2.2214      98.78         17  1029.5946  1029.5948    34.8966    34.8968    1471.92    1471.91   5655.083    6.63111   90.86226     -0.928    -0.0010     135723  0.000e+00
   5655.125  -39.88164   59.77140    396.952    401.111     3.7267     3.7261   3.240573   3.240481    97.7324    -0.0219     2.2226      98.78         17  1029.5949  1029.5947    34.8967    34.8963    1471.92    1471.92   5655.125    6.63593   90.92846     -0.936    -0.0006     135724  0.000e+00
   5655.167  -39.88164   59.77140    396.774    400.932     3.7270     3.7264   3.240567   3.240510    97.7324    -0.0219     2.2226      98.78         17  1029.5939  1029.5938    34.8965    34.8963    1471.92    1471.91   5655.167    6.63574   90.92624     -0.945    -0.0005     135725  0.000e+00
   5655.208  -39.88164   59.77140    396.831    400.989     3.7270     3.7264   3.240579   3.240510    97.7324    -0.0219     2.2214      98.78         17  1029.5942  1029.5941    34.8966    34.8963    1471.92    1471.92   5655.208    6.63100   90.86136     -0.954    -0.0005     135726  0.000e+00
   5655.250  -39.88164   59.77140    396.710    400.866     3.7272     3.7264   3.240603   3.240538    97.7324    -0.0292     2.2214      98.78         17  1029.5937  1029.5939    34.8967    34.8968    1471.92    1471.91   5655.250    6.63084   90.85983     -0.962    -0.0008     135727  0.000e+00
   5655.292  -39.88164   59.77140    396.718    400.875     3.7268     3.7266   3.240579   3.240538    97.7324    -0.0219     2.2226      98.78         17  1029.5938  1029.5937    34.8968    34.8965    1471.92    1471.91   5655.292    6.63569   90.92555     -0.967    -0.0002     135728  0.000e+00
   5655.333  -39.88164   59.77140    396.653    400.809     3.7270     3.7265   3.240531   3.240481    97.7324    -0.0292     2.2226      98.78         17  1029.5930  1029.5929    34.8961    34.8959    1471.91    1471.91   5655.333    6.63564   90.92473     -0.976    -0.0004     135729  0.000e+00
   5655.375  -39.88164   59.77140    396.597    400.752     3.7268     3.7266   3.240549   3.240561    97.7324    -0.0292     2.2214      98.78         17  1029.5930  1029.5934    34.8965    34.8969    1471.91    1471.91   5655.375    6.63081   90.85853     -0.986    -0.0002     135730  0.000e+00
   5655.417  -39.88164   59.77140    396.532    400.687     3.7269     3.7272   3.240561   3.240509    97.7324    -0.0219     2.2226      98.75         17  1029.5928  1029.5921    34.8966    34.8957    1471.91    1471.91   5655.417    6.63552   90.92326     -0.996     0.0003     135731  0.000e+00
   5655.458  -39.88164   59.77140    396.476    400.630     3.7270     3.7271   3.240543   3.240601    97.7585    -0.0292     2.2214      98.78         17  1029.5924  1029.5928    34.8963    34.8969    1471.91    1471.91   5655.458    6.63069   90.85701     -1.011     0.0001     135732  0.000e+00
   5655.500  -39.88164   59.77140    396.419    400.573     3.7270     3.7271   3.240567   3.240572    97.7324    -0.0219     2.2214      98.78         17  1029.5924  1029.5923    34.8966    34.8966    1471.91    1471.91   5655.500    6.63063   90.85632     -1.014     0.0001     135733  0.000e+00
   5655.542  -39.88164   59.77140    396.355    400.508     3.7273     3.7270   3.240561   3.240572    97.7324    -0.0219     2.2214      98.78         17  1029.5917  1029.5921    34.8963    34.8967    1471.91    1471.91   5655.542    6.63053   90.85544     -1.026    -0.0003     135734  0.000e+00
   5655.583  -39.88164   59.77140    396.355    400.508     3.7272     3.7269   3.240573   3.240601    97.7062    -0.0219     2.2214      98.78         17  1029.5919  1029.5924    34.8965    34.8971    1471.91    1471.91   5655.583    6.63053   90.85545     -1.037    -0.0003     135735  0.000e+00
   5655.625  -39.88164   59.77140    396.298    400.451     3.7273     3.7273   3.240567   3.240601    97.7324    -0.0219     2.2214      98.78         17  1029.5915  1029.5918    34.8964    34.8967    1471.91    1471.91   5655.625    6.63047   90.85473     -1.046     0.0000     135736  0.000e+00
   5655.667  -39.88164   59.77140    396.121    400.271     3.7275     3.7271   3.240579   3.240572    97.7062    -0.0219     2.2214      98.78         17  1029.5907  1029.5910    34.8964    34.8967    1471.91    1471.91   5655.667    6.63028   90.85254     -1.061    -0.0004     135737  0.000e+00
   5655.708  -39.88164   59.77140    396.177    400.328     3.7273     3.7273   3.240585   3.240623    97.7062    -0.0219     2.2214      98.78         17  1029.5912  1029.5915    34.8966    34.8970    1471.91    1471.91   5655.708    6.63035   90.85325     -1.074     0.0000     135738  0.000e+00
   5655.750  -39.88164   59.77140    396.121    400.271     3.7272     3.7272   3.240561   3.240601    97.7324    -0.0219     2.2214      98.78         17  1029.5908  1029.5911    34.8965    34.8969    1471.91    1471.91   5655.750    6.63032   90.85259     -1.081     0.0001     135739  0.000e+00
