Ship_data/Irminger/Irminger-2/ctd/process/at30_012_SV.cnv
* Sea-Bird SBE 9 Data File:
* FileName = C:\data\ctd\at30_012.hdr
* Software Version Seasave V 7.21f
* Temperature SN = 2265
* Conductivity SN = 3021
* Number of Bytes Per Scan = 40
* Number of Voltage Words = 5
* Number of Scans Averaged by the Deck Unit = 1
* NMEA Latitude = 59 59.98 N
* NMEA Longitude = 039 28.96 W
* NMEA UTC (Time) = Aug 23 2015  16:50:38
** Cal/Val for HYPM-2
# nquan = 15
# nvalues = 2646                        
# units = specified
# name 0 = depSM: Depth [salt water, m]
# name 1 = svCM: Sound Velocity [Chen-Millero, m/s]
# name 2 = svCM1: Sound Velocity, 2 [Chen-Millero, m/s]
# name 3 = timeS: Time, Elapsed [seconds]
# name 4 = depSM: Depth [salt water, m]
# name 5 = density00: Density [density, Kg/m^3]
# name 6 = density11: Density, 2 [density, Kg/m^3]
# name 7 = sal00: Salinity, Practical [PSU]
# name 8 = sal11: Salinity, Practical, 2 [PSU]
# name 9 = svCM: Sound Velocity [Chen-Millero, m/s]
# name 10 = svCM1: Sound Velocity, 2 [Chen-Millero, m/s]
# name 11 = sbeox0ML/L: Oxygen, SBE 43 [ml/l]
# name 12 = dz/dtM: Descent Rate [m/s]
# name 13 = T2-T190C: Temperature Difference, 2 - 1 [ITS-90, deg C]
# name 14 = flag:
# span 0 =      7.000,   2652.000       
# span 1 =    1470.39,    1501.01       
# span 2 =    1470.39,    1501.00       
# span 3 =     44.566,   3224.033       
# span 4 =      7.000,   2652.000       
# span 5 =  1027.1449,  1040.3141       
# span 6 =  1027.1443,  1040.3137       
# span 7 =    34.8274,    34.9557       
# span 8 =    34.8265,    34.9565       
# span 9 =    1470.38,    1501.01       
# span 10 =    1470.38,    1501.00      
# span 11 =    6.00000,    6.85558      
# span 12 =     -0.445,      1.744      
# span 13 =    -0.0197,     0.1179      
# span 14 = 0.0000e+00, 0.0000e+00      
# interval = meters: 1                  
# start_time = Aug 23 2015 16:50:38 [NMEA time, header]
# bad_flag = -9.990e-29
*END*
[from data line 1639]
   1646.000    1491.71    1491.71   2001.951   1646.000  1035.4418  1035.4415    34.9275    34.9272    1491.71    1491.71    6.02770      1.183     0.0002 0.0000e+00
   1647.000    1491.72    1491.73   2002.734   1647.000  1035.4465  1035.4462    34.9275    34.9271    1491.72    1491.73    6.02931      1.410     0.0005 0.0000e+00
   1648.000    1491.74    1491.74   2003.406   1648.000  1035.4514  1035.4509    34.9279    34.9273    1491.74    1491.74    6.02945      1.575     0.0003 0.0000e+00
   1649.000    1491.76    1491.76   2004.022   1649.000  1035.4559  1035.4557    34.9278    34.9276    1491.76    1491.76    6.03028      1.671     0.0003 0.0000e+00
   1650.000    1491.77    1491.77   2004.615   1650.000  1035.4609  1035.4606    34.9281    34.9276    1491.77    1491.77    6.03135      1.687     0.0004 0.0000e+00
   1651.000    1491.78    1491.78   2005.226   1651.000  1035.4656  1035.4653    34.9280    34.9277    1491.78    1491.78    6.03235      1.595     0.0004 0.0000e+00
   1652.000    1491.80    1491.80   2005.898   1652.000  1035.4705  1035.4701    34.9281    34.9278    1491.80    1491.80    6.03331      1.361     0.0006 0.0000e+00
   1653.000    1491.81    1491.81   2006.832   1653.000  1035.4750  1035.4746    34.9280    34.9275    1491.81    1491.81    6.03318      0.865     0.0005 0.0000e+00
   1654.000    1491.83    1491.84   2009.209   1654.000  1035.4795  1035.4789    34.9280    34.9274    1491.83    1491.84    6.03299      0.338     0.0017 0.0000e+00
   1655.000    1491.84    1491.83   2010.943   1655.000  1035.4844  1035.4843    34.9279    34.9277    1491.84    1491.83    6.03383      0.829    -0.0007 0.0000e+00
   1656.000    1491.84    1491.85   2012.135   1656.000  1035.4895  1035.4890    34.9282    34.9277    1491.84    1491.84    6.03477      0.843     0.0004 0.0000e+00
   1657.000    1491.86    1491.86   2013.327   1657.000  1035.4940  1035.4935    34.9280    34.9276    1491.86    1491.86    6.03334      0.935     0.0005 0.0000e+00
   1658.000    1491.87    1491.87   2014.306   1658.000  1035.4989  1035.4984    34.9282    34.9277    1491.87    1491.87    6.03341      1.176     0.0003 0.0000e+00
   1659.000    1491.89    1491.89   2015.091   1659.000  1035.5032  1035.5029    34.9278    34.9277    1491.89    1491.89    6.03459      1.406     0.0005 0.0000e+00
   1660.000    1491.89    1491.89   2015.765   1660.000  1035.5081  1035.5078    34.9275    34.9274    1491.89    1491.89    6.03608      1.567     0.0005 0.0000e+00
   1661.000    1491.90    1491.90   2016.391   1661.000  1035.5128  1035.5126    34.9275    34.9271    1491.90    1491.90    6.03479      1.664     0.0001 0.0000e+00
   1662.000    1491.91    1491.91   2016.982   1662.000  1035.5175  1035.5172    34.9272    34.9269    1491.91    1491.91    6.03344      1.701     0.0005 0.0000e+00
   1663.000    1491.92    1491.92   2017.578   1663.000  1035.5225  1035.5220    34.9274    34.9268    1491.92    1491.92    6.03335      1.647     0.0002 0.0000e+00
   1664.000    1491.93    1491.93   2018.217   1664.000  1035.5270  1035.5265    34.9272    34.9267    1491.93    1491.93    6.03540      1.471     0.0004 0.0000e+00
   1665.000    1491.95    1491.95   2019.010   1665.000  1035.5316  1035.5311    34.9272    34.9267    1491.95    1491.95    6.03649      1.077     0.0003 0.0000e+00
   1666.000    1491.97    1491.98   2022.093   1666.000  1035.5359  1035.5352    34.9273    34.9267    1491.97    1491.98    6.04505      0.134     0.0021 0.0000e+00
   1667.000    1491.98    1491.98   2024.318   1667.000  1035.5411  1035.5406    34.9274    34.9269    1491.98    1491.98    6.04892      1.258     0.0007 0.0000e+00
   1668.000    1491.99    1492.00   2024.972   1668.000  1035.5460  1035.5457    34.9280    34.9275    1491.99    1492.00    6.04946      1.500     0.0006 0.0000e+00
   1669.000    1492.02    1492.02   2025.611   1669.000  1035.5507  1035.5503    34.9282    34.9276    1492.02    1492.02    6.05049      1.629     0.0002 0.0000e+00
   1670.000    1492.04    1492.04   2026.215   1670.000  1035.5553  1035.5549    34.9283    34.9279    1492.04    1492.04    6.04762      1.664     0.0003 0.0000e+00
   1671.000    1492.05    1492.05   2026.829   1671.000  1035.5599  1035.5597    34.9283    34.9280    1492.05    1492.05    6.04646      1.618     0.0005 0.0000e+00
   1672.000    1492.07    1492.07   2027.468   1672.000  1035.5647  1035.5642    34.9285    34.9279    1492.07    1492.07    6.04432      1.478     0.0004 0.0000e+00
   1673.000    1492.08    1492.08   2028.226   1673.000  1035.5695  1035.5690    34.9284    34.9279    1492.08    1492.08    6.04049      1.235     0.0006 0.0000e+00
   1674.000    1492.09    1492.09   2029.179   1674.000  1035.5741  1035.5737    34.9283    34.9279    1492.09    1492.09    6.03846      0.960     0.0004 0.0000e+00
   1675.000    1492.11    1492.11   2030.450   1675.000  1035.5787  1035.5784    34.9283    34.9278    1492.10    1492.11    6.03522      0.711     0.0004 0.0000e+00
   1676.000    1492.12    1492.12   2031.982   1676.000  1035.5835  1035.5830    34.9283    34.9278    1492.12    1492.12    6.03240      0.720     0.0005 0.0000e+00
   1677.000    1492.13    1492.13   2033.219   1677.000  1035.5884  1035.5879    34.9285    34.9280    1492.13    1492.13    6.03012      0.960     0.0006 0.0000e+00
   1678.000    1492.14    1492.15   2034.174   1678.000  1035.5930  1035.5927    34.9284    34.9281    1492.14    1492.15    6.02949      1.176     0.0005 0.0000e+00
   1679.000    1492.15    1492.15   2034.972   1679.000  1035.5980  1035.5975    34.9286    34.9282    1492.15    1492.15    6.02643      1.276     0.0005 0.0000e+00
   1680.000    1492.17    1492.17   2035.764   1680.000  1035.6028  1035.6023    34.9286    34.9282    1492.17    1492.17    6.02654      1.223     0.0005 0.0000e+00
   1681.000    1492.18    1492.18   2036.673   1681.000  1035.6074  1035.6069    34.9286    34.9281    1492.18    1492.18    6.02703      0.983     0.0005 0.0000e+00
   1682.000    1492.20    1492.19   2038.049   1682.000  1035.6118  1035.6115    34.9284    34.9279    1492.19    1492.19    6.02718      0.615    -0.0001 0.0000e+00
   1683.000    1492.20    1492.20   2039.786   1683.000  1035.6167  1035.6163    34.9283    34.9278    1492.20    1492.20    6.02903      0.726     0.0001 0.0000e+00
   1684.000    1492.21    1492.21   2040.914   1684.000  1035.6216  1035.6213    34.9282    34.9279    1492.21    1492.21    6.02862      1.022     0.0003 0.0000e+00
   1685.000    1492.22    1492.22   2041.821   1685.000  1035.6265  1035.6260    34.9284    34.9279    1492.22    1492.22    6.03141      1.198     0.0003 0.0000e+00
   1686.000    1492.22    1492.23   2042.618   1686.000  1035.6310  1035.6309    34.9276    34.9277    1492.22    1492.22    6.03089      1.320     0.0009 0.0000e+00
   1687.000    1492.23    1492.23   2043.366   1687.000  1035.6362  1035.6356    34.9281    34.9274    1492.23    1492.23    6.03146      1.385     0.0005 0.0000e+00
   1688.000    1492.25    1492.25   2044.088   1688.000  1035.6406  1035.6404    34.9279    34.9276    1492.25    1492.25    6.02949      1.395     0.0003 0.0000e+00
   1689.000    1492.26    1492.26   2044.821   1689.000  1035.6454  1035.6451    34.9278    34.9275    1492.26    1492.26    6.02844      1.327     0.0004 0.0000e+00
   1690.000    1492.27    1492.27   2045.637   1690.000  1035.6503  1035.6498    34.9281    34.9276    1492.27    1492.27    6.02696      1.128     0.0005 0.0000e+00
   1691.000    1492.29    1492.29   2046.737   1691.000  1035.6548  1035.6544    34.9279    34.9275    1492.29    1492.29    6.02709      0.771     0.0005 0.0000e+00
   1692.000    1492.30    1492.30   2048.459   1692.000  1035.6593  1035.6591    34.9277    34.9273    1492.30    1492.30    6.02794      0.581    -0.0005 0.0000e+00
   1693.000    1492.31    1492.31   2049.878   1693.000  1035.6641  1035.6636    34.9278    34.9272    1492.31    1492.31    6.02893      0.892     0.0006 0.0000e+00
   1694.000    1492.33    1492.33   2050.902   1694.000  1035.6687  1035.6683    34.9277    34.9273    1492.33    1492.33    6.02989      1.047     0.0004 0.0000e+00
   1695.000    1492.34    1492.34   2051.847   1695.000  1035.6731  1035.6730    34.9273    34.9272    1492.34    1492.34    6.03065      1.071     0.0003 0.0000e+00
   1696.000    1492.33    1492.33   2052.803   1696.000  1035.6779  1035.6779    34.9264    34.9264    1492.33    1492.33    6.03285      1.069     0.0003 0.0000e+00
   1697.000    1492.33    1492.33   2053.745   1697.000  1035.6827  1035.6826    34.9259    34.9258    1492.32    1492.33    6.03424      1.111     0.0003 0.0000e+00
   1698.000    1492.30    1492.31   2054.637   1698.000  1035.6875  1035.6877    34.9246    34.9250    1492.30    1492.30    6.03668      1.155     0.0007 0.0000e+00
   1699.000    1492.30    1492.31   2055.510   1699.000  1035.6930  1035.6926    34.9251    34.9248    1492.30    1492.31    6.03837      1.143     0.0006 0.0000e+00
   1700.000    1492.32    1492.32   2056.425   1700.000  1035.6978  1035.6974    34.9252    34.9249    1492.32    1492.32    6.03933      1.059     0.0008 0.0000e+00
   1701.000    1492.32    1492.33   2057.460   1701.000  1035.7024  1035.7021    34.9248    34.9246    1492.32    1492.33    6.04040      0.916     0.0004 0.0000e+00
   1702.000    1492.33    1492.33   2058.666   1702.000  1035.7070  1035.7067    34.9244    34.9240    1492.33    1492.33    6.03829      0.820     0.0005 0.0000e+00
   1703.000    1492.34    1492.34   2059.908   1703.000  1035.7119  1035.7114    34.9242    34.9237    1492.34    1492.34    6.03798      0.835     0.0006 0.0000e+00
   1704.000    1492.36    1492.36   2061.099   1704.000  1035.7167  1035.7162    34.9246    34.9240    1492.35    1492.36    6.03990      0.889     0.0006 0.0000e+00
   1705.000    1492.37    1492.37   2062.196   1705.000  1035.7213  1035.7209    34.9247    34.9242    1492.37    1492.37    6.04276      0.985     0.0005 0.0000e+00
   1706.000    1492.39    1492.39   2063.162   1706.000  1035.7262  1035.7257    34.9251    34.9246    1492.39    1492.39    6.04393      1.093     0.0004 0.0000e+00
   1707.000    1492.41    1492.41   2064.065   1707.000  1035.7307  1035.7303    34.9252    34.9248    1492.41    1492.41    6.04256      1.135     0.0005 0.0000e+00
   1708.000    1492.42    1492.42   2064.969   1708.000  1035.7354  1035.7352    34.9249    34.9248    1492.42    1492.42    6.04219      1.086     0.0006 0.0000e+00
   1709.000    1492.42    1492.42   2065.952   1709.000  1035.7402  1035.7400    34.9246    34.9244    1492.42    1492.42    6.04314      1.003     0.0006 0.0000e+00
   1710.000    1492.43    1492.43   2066.989   1710.000  1035.7450  1035.7448    34.9243    34.9241    1492.42    1492.43    6.04429      0.981     0.0006 0.0000e+00
   1711.000    1492.43    1492.43   2068.029   1711.000  1035.7499  1035.7495    34.9241    34.9237    1492.43    1492.43    6.04499      0.965     0.0004 0.0000e+00
   1712.000    1492.44    1492.44   2069.110   1712.000  1035.7546  1035.7542    34.9242    34.9236    1492.44    1492.44    6.04262      0.909     0.0006 0.0000e+00
   1713.000    1492.46    1492.46   2070.269   1713.000  1035.7592  1035.7588    34.9241    34.9236    1492.46    1492.46    6.04241      0.884     0.0006 0.0000e+00
   1714.000    1492.48    1492.48   2071.391   1714.000  1035.7638  1035.7634    34.9242    34.9238    1492.47    1492.48    6.04327      0.954     0.0005 0.0000e+00
   1715.000    1492.49    1492.49   2072.401   1715.000  1035.7684  1035.7679    34.9242    34.9238    1492.49    1492.49    6.04437      1.057     0.0004 0.0000e+00
   1716.000    1492.51    1492.51   2073.325   1716.000  1035.7729  1035.7727    34.9242    34.9239    1492.51    1492.51    6.04444      1.120     0.0003 0.0000e+00
   1717.000    1492.52    1492.52   2074.221   1717.000  1035.7776  1035.7772    34.9240    34.9236    1492.52    1492.52    6.04583      1.121     0.0003 0.0000e+00
   1718.000    1492.53    1492.53   2075.151   1718.000  1035.7820  1035.7819    34.9233    34.9232    1492.53    1492.53    6.04661      1.035     0.0006 0.0000e+00
   1719.000    1492.52    1492.52   2076.254   1719.000  1035.7869  1035.7865    34.9228    34.9224    1492.52    1492.52    6.04873      0.807     0.0004 0.0000e+00
   1720.000    1492.53    1492.53   2077.822   1720.000  1035.7913  1035.7913    34.9224    34.9220    1492.53    1492.52    6.05362      0.621    -0.0013 0.0000e+00
   1721.000    1492.53    1492.53   2079.250   1721.000  1035.7966  1035.7960    34.9224    34.9218    1492.53    1492.53    6.06184      0.929     0.0004 0.0000e+00
   1722.000    1492.54    1492.54   2080.187   1722.000  1035.8013  1035.8009    34.9223    34.9219    1492.54    1492.54    6.06690      1.236     0.0004 0.0000e+00
   1723.000    1492.56    1492.56   2080.936   1723.000  1035.8060  1035.8055    34.9224    34.9219    1492.56    1492.56    6.07089      1.410     0.0002 0.0000e+00
   1724.000    1492.57    1492.57   2081.626   1724.000  1035.8105  1035.8102    34.9222    34.9220    1492.57    1492.57    6.07240      1.455     0.0003 0.0000e+00
   1725.000    1492.58    1492.59   2082.332   1725.000  1035.8153  1035.8149    34.9224    34.9219    1492.58    1492.59    6.07521      1.350     0.0005 0.0000e+00
   1726.000    1492.60    1492.60   2083.168   1726.000  1035.8199  1035.8195    34.9223    34.9218    1492.60    1492.60    6.07717      1.060     0.0004 0.0000e+00
   1727.000    1492.61    1492.61   2084.481   1727.000  1035.8246  1035.8242    34.9223    34.9218    1492.61    1492.61    6.08225      0.634     0.0000 0.0000e+00
   1728.000    1492.63    1492.62   2086.243   1728.000  1035.8292  1035.8290    34.9222    34.9218    1492.63    1492.62    6.08749      0.714    -0.0001 0.0000e+00
   1729.000    1492.63    1492.63   2087.376   1729.000  1035.8342  1035.8340    34.9222    34.9220    1492.63    1492.63    6.08899      1.031     0.0005 0.0000e+00
   1730.000    1492.64    1492.64   2088.278   1730.000  1035.8391  1035.8386    34.9223    34.9219    1492.64    1492.64    6.08972      1.151     0.0004 0.0000e+00
   1731.000    1492.66    1492.66   2089.134   1731.000  1035.8436  1035.8434    34.9222    34.9220    1492.66    1492.66    6.09036      1.226     0.0005 0.0000e+00
   1732.000    1492.67    1492.67   2089.938   1732.000  1035.8485  1035.8480    34.9224    34.9219    1492.67    1492.67    6.09162      1.250     0.0004 0.0000e+00
   1733.000    1492.69    1492.69   2090.763   1733.000  1035.8530  1035.8527    34.9223    34.9219    1492.69    1492.69    6.09047      1.207     0.0004 0.0000e+00
   1734.000    1492.70    1492.70   2091.646   1734.000  1035.8577  1035.8573    34.9221    34.9219    1492.70    1492.70    6.09004      1.050     0.0007 0.0000e+00
   1735.000    1492.71    1492.71   2092.814   1735.000  1035.8624  1035.8621    34.9221    34.9217    1492.71    1492.71    6.08932      0.731     0.0006 0.0000e+00
   1736.000    1492.72    1492.72   2094.594   1736.000  1035.8669  1035.8667    34.9219    34.9215    1492.72    1492.72    6.09275      0.554    -0.0010 0.0000e+00
   1737.000    1492.73    1492.73   2096.074   1737.000  1035.8723  1035.8718    34.9223    34.9218    1492.73    1492.73    6.09701      0.879     0.0006 0.0000e+00
   1738.000    1492.75    1492.75   2097.072   1738.000  1035.8773  1035.8767    34.9229    34.9222    1492.75    1492.75    6.09486      1.146     0.0004 0.0000e+00
   1739.000    1492.77    1492.77   2097.889   1739.000  1035.8822  1035.8818    34.9235    34.9230    1492.77    1492.77    6.09439      1.335     0.0004 0.0000e+00
   1740.000    1492.78    1492.78   2098.606   1740.000  1035.8867  1035.8864    34.9233    34.9230    1492.78    1492.78    6.08940      1.438     0.0004 0.0000e+00
