Ship_data/Irminger/Irminger-2/ctd/process/at30_006.ros
* Sea-Bird SBE 9 Data File:
* FileName = C:\data\ctd\at30_006.hdr
* Software Version Seasave V 7.21f
* Temperature SN = 2265
* Conductivity SN = 3021
* Number of Bytes Per Scan = 40
* Number of Voltage Words = 5
* Number of Scans Averaged by the Deck Unit = 1
* NMEA Latitude = 59 51.06 N
* NMEA Longitude = 039 05.71 W
* NMEA UTC (Time) = Aug 17 2015  17:02:11
# nquan = 27
# nvalues = 588                                   
# units = specified
# name 0 = timeS: Time, Elapsed [seconds]
# name 1 = longitude: Longitude [deg]
# name 2 = latitude: Latitude [deg]
# name 3 = depSM: Depth [salt water, m]
# name 4 = prDM: Pressure, Digiquartz [db]
# name 5 = t090C: Temperature [ITS-90, deg C]
# name 6 = t190C: Temperature, 2 [ITS-90, deg C]
# name 7 = c0S/m: Conductivity [S/m]
# name 8 = c1S/m: Conductivity, 2 [S/m]
# name 9 = CStarTr0: Beam Transmission, WET Labs C-Star [%]
# name 10 = flECO-AFL: Fluorescence, WET Labs ECO-AFL/FL [mg/m^3]
# name 11 = sbeox0V: Oxygen raw, SBE 43 [V]
# name 12 = altM: Altimeter [m]
# name 13 = nbf: Bottles Fired
# name 14 = density00: Density [density, Kg/m^3]
# name 15 = density11: Density, 2 [density, Kg/m^3]
# name 16 = sal00: Salinity, Practical [PSU]
# name 17 = sal11: Salinity, Practical, 2 [PSU]
# name 18 = svCM: Sound Velocity [Chen-Millero, m/s]
# name 19 = svCM1: Sound Velocity, 2 [Chen-Millero, m/s]
# name 20 = timeS: Time, Elapsed [seconds]
# name 21 = sbeox0ML/L: Oxygen, SBE 43 [ml/l]
# name 22 = sbeox0PS: Oxygen, SBE 43 [% saturation]
# name 23 = dz/dtM: Descent Rate [m/s]
# name 24 = T2-T190C: Temperature Difference, 2 - 1 [ITS-90, deg C]
# name 25 = scan: Scan Count
# name 26 = flag:  0.000e+00
# interval = seconds: 0.0416667
# start_time = Aug 17 2015 17:02:11 [NMEA time, header]
# bad_flag = -9.990e-29
*END*
[from data line 430]
   3328.042  -39.09562   59.85478     31.256     31.556     7.9911     7.9935   3.609671   3.609815    93.9131    -0.0292     2.5279      98.75          9  1027.3171  1027.3160    34.8699    34.8690    1482.80    1482.81   3328.042    6.69615  101.35472     -0.023     0.0025      79874  0.000e+00
   3328.083  -39.09562   59.85478     31.200     31.499     7.9913     7.9930   3.609696   3.609791    93.6776    -0.0219     2.5291      98.78          9  1027.3169  1027.3160    34.8700    34.8693    1482.80    1482.80   3328.083    6.70014  101.41572     -0.019     0.0018      79875  0.000e+00
   3328.125  -39.09562   59.85478     31.256     31.556     7.9913     7.9929   3.609715   3.609791    93.5992    -0.0219     2.5279      98.75          9  1027.3173  1027.3164    34.8702    34.8694    1482.80    1482.80   3328.125    6.69610  101.35469     -0.012     0.0016      79876  0.000e+00
   3328.167  -39.09562   59.85478     31.232     31.531     7.9911     7.9930   3.609721   3.609756    93.7038    -0.0219     2.5279      98.75          9  1027.3174  1027.3159    34.8705    34.8689    1482.80    1482.80   3328.167    6.69610  101.35439     -0.012     0.0020      79877  0.000e+00
   3328.208  -39.09562   59.85478     31.256     31.556     7.9911     7.9925   3.609696   3.609756    93.8346    -0.0219     2.5279      98.78          9  1027.3173  1027.3164    34.8702    34.8694    1482.80    1482.80   3328.208    6.69614  101.35470     -0.005     0.0015      79878  0.000e+00
   3328.250  -39.09562   59.85478     31.256     31.556     7.9911     7.9927   3.609690   3.609785    93.9392    -0.0219     2.5279      98.78          9  1027.3173  1027.3166    34.8701    34.8695    1482.80    1482.80   3328.250    6.69614  101.35470     -0.002     0.0016      79879  0.000e+00
   3328.292  -39.09562   59.85478     31.320     31.621     7.9913     7.9924   3.609665   3.609726    94.0177    -0.0219     2.5279      98.78          9  1027.3171  1027.3166    34.8696    34.8692    1482.80    1482.80   3328.292    6.69618  101.35551      0.005     0.0011      79880  0.000e+00
   3328.333  -39.09562   59.85478     31.200     31.499     7.9913     7.9925   3.609702   3.609756    94.0962    -0.0219     2.5279      98.78          9  1027.3169  1027.3162    34.8701    34.8694    1482.80    1482.80   3328.333    6.69606  101.35392      0.005     0.0013      79881  0.000e+00
   3328.375  -39.09562   59.85478     31.288     31.588     7.9914     7.9924   3.609696   3.609690    94.1223    -0.0219     2.5291      98.75          9  1027.3171  1027.3162    34.8698    34.8688    1482.80    1482.80   3328.375    6.70020  101.41683      0.010     0.0010      79882  0.000e+00
   3328.417  -39.09562   59.85478     31.256     31.556     7.9913     7.9925   3.609709   3.609720    94.1485    -0.0219     2.5291      98.78          9  1027.3172  1027.3161    34.8701    34.8690    1482.80    1482.80   3328.417    6.70018  101.41642      0.016     0.0013      79883  0.000e+00
   3328.458  -39.09562   59.85478     31.256     31.556     7.9914     7.9929   3.609671   3.609726    94.1747    -0.0219     2.5291      98.75          9  1027.3168  1027.3159    34.8696    34.8687    1482.80    1482.80   3328.458    6.70018  101.41639      0.016     0.0014      79884  0.000e+00
   3334.417  -39.09562   59.85480     31.259     31.559     7.9913     7.9926   3.609677   3.609726    94.1747    -0.0219     2.5254      98.75         10  1027.3170  1027.3161    34.8698    34.8689    1482.80    1482.80   3334.417    6.68791  101.23038     -0.181     0.0014      80027  0.000e+00
   3334.458  -39.09562   59.85480     31.323     31.624     7.9914     7.9930   3.609684   3.609756    94.1485    -0.0219     2.5267      98.75         10  1027.3171  1027.3163    34.8697    34.8688    1482.80    1482.81   3334.458    6.69203  101.29297     -0.190     0.0016      80028  0.000e+00
   3334.500  -39.09562   59.85480     31.347     31.648     7.9913     7.9932   3.609690   3.609726    94.1485    -0.0219     2.5254      98.78         10  1027.3174  1027.3160    34.8699    34.8684    1482.80    1482.81   3334.500    6.68798  101.23153     -0.192     0.0019      80029  0.000e+00
   3334.542  -39.09562   59.85480     31.323     31.624     7.9914     7.9935   3.609665   3.609791    94.1485    -0.0219     2.5267      98.78         10  1027.3170  1027.3161    34.8695    34.8687    1482.80    1482.81   3334.542    6.69203  101.29296     -0.194     0.0021      80030  0.000e+00
   3334.583  -39.09562   59.85480     31.259     31.559     7.9914     7.9933   3.609652   3.609756    94.1485    -0.0219     2.5218      98.75         10  1027.3166  1027.3157    34.8694    34.8686    1482.80    1482.81   3334.583    6.67566  101.04503     -0.202     0.0019      80031  0.000e+00
   3334.625  -39.09562   59.85480     31.259     31.559     7.9914     7.9933   3.609677   3.609821    94.1485    -0.0219     2.5254      98.78         10  1027.3168  1027.3163    34.8696    34.8693    1482.80    1482.81   3334.625    6.68789  101.23034     -0.207     0.0019      80032  0.000e+00
   3334.667  -39.09562   59.85480     31.323     31.624     7.9914     7.9933   3.609640   3.609785    94.1485    -0.0219     2.5254      98.75         10  1027.3168  1027.3162    34.8692    34.8689    1482.80    1482.81   3334.667    6.68796  101.23117     -0.207     0.0019      80033  0.000e+00
   3334.708  -39.09562   59.85480     31.235     31.534     7.9914     7.9938   3.609671   3.609791    94.1485    -0.0219     2.5254      98.78         10  1027.3167  1027.3154    34.8696    34.8685    1482.80    1482.81   3334.708    6.68788  101.23002     -0.211     0.0024      80034  0.000e+00
   3334.750  -39.09562   59.85480     31.259     31.559     7.9914     7.9938   3.609690   3.609815    94.1485    -0.0219     2.5254      98.78         10  1027.3169  1027.3158    34.8698    34.8687    1482.80    1482.81   3334.750    6.68788  101.23032     -0.213     0.0024      80035  0.000e+00
   3334.792  -39.09562   59.85480     31.259     31.559     7.9917     7.9937   3.609665   3.609857    94.1485    -0.0292     2.5279      98.78         10  1027.3164  1027.3162    34.8692    34.8693    1482.80    1482.81   3334.792    6.69602  101.35382     -0.215     0.0019      80036  0.000e+00
   3334.833  -39.09562   59.85480     31.203     31.502     7.9916     7.9938   3.609696   3.609815    94.1485    -0.0219     2.5254      98.78         10  1027.3166  1027.3155    34.8697    34.8687    1482.80    1482.81   3334.833    6.68781  101.22956     -0.218     0.0022      80037  0.000e+00
   3334.875  -39.09562   59.85480     31.259     31.559     7.9917     7.9937   3.609677   3.609821    94.1747    -0.0292     2.5254      98.78         10  1027.3165  1027.3159    34.8693    34.8689    1482.80    1482.81   3334.875    6.68785  101.23027     -0.221     0.0019      80038  0.000e+00
   3334.917  -39.09562   59.85480     31.203     31.502     7.9916     7.9937   3.609696   3.609815    94.1747    -0.0219     2.5254      98.78         10  1027.3166  1027.3157    34.8697    34.8689    1482.80    1482.81   3334.917    6.68781  101.22955     -0.226     0.0021      80039  0.000e+00
   3334.958  -39.09562   59.85480     31.235     31.535     7.9917     7.9938   3.609740   3.609821    94.1747    -0.0219     2.5254      98.75         10  1027.3170  1027.3157    34.8700    34.8688    1482.80    1482.81   3334.958    6.68780  101.22994     -0.224     0.0021      80040  0.000e+00
   3335.000  -39.09562   59.85480     31.203     31.502     7.9919     7.9940   3.609709   3.609887    94.1747    -0.0219     2.5254      98.78         10  1027.3164  1027.3159    34.8695    34.8693    1482.80    1482.81   3335.000    6.68777  101.22949     -0.225     0.0021      80041  0.000e+00
   3335.042  -39.09562   59.85480     31.203     31.502     7.9917     7.9940   3.609690   3.609851    94.1747    -0.0219     2.5254      98.75         10  1027.3164  1027.3156    34.8695    34.8689    1482.80    1482.81   3335.042    6.68779  101.22951     -0.227     0.0023      80042  0.000e+00
   3335.083  -39.09562   59.85480     31.203     31.502     7.9917     7.9938   3.609684   3.609857    94.1747    -0.0219     2.5254      98.75         10  1027.3163  1027.3159    34.8694    34.8692    1482.80    1482.81   3335.083    6.68780  101.22951     -0.228     0.0021      80043  0.000e+00
   3335.125  -39.09562   59.85480     31.203     31.502     7.9917     7.9938   3.609709   3.609815    94.1747    -0.0219     2.5267      98.78         10  1027.3166  1027.3155    34.8697    34.8687    1482.80    1482.81   3335.125    6.69186  101.29127     -0.227     0.0021      80044  0.000e+00
   3335.167  -39.09562   59.85480     31.235     31.535     7.9919     7.9940   3.609715   3.609821    94.1747    -0.0219     2.5254      98.75         10  1027.3166  1027.3155    34.8696    34.8686    1482.80    1482.81   3335.167    6.68779  101.22990     -0.224     0.0021      80045  0.000e+00
   3335.208  -39.09562   59.85480     31.203     31.502     7.9917     7.9938   3.609702   3.609881    94.1747    -0.0219     2.5254      98.78         10  1027.3165  1027.3161    34.8696    34.8694    1482.80    1482.81   3335.208    6.68779  101.22949     -0.220     0.0021      80046  0.000e+00
   3335.250  -39.09562   59.85480     31.203     31.502     7.9919     7.9940   3.609709   3.609821    94.1747    -0.0219     2.5254      98.78         10  1027.3164  1027.3154    34.8695    34.8686    1482.80    1482.81   3335.250    6.68777  101.22946     -0.217     0.0021      80047  0.000e+00
   3335.292  -39.09562   59.85480     31.203     31.502     7.9917     7.9937   3.609677   3.609881    94.1485    -0.0219     2.5254      98.75         10  1027.3163  1027.3162    34.8693    34.8696    1482.80    1482.81   3335.292    6.68780  101.22948     -0.216     0.0019      80048  0.000e+00
   3335.333  -39.09562   59.85480     31.147     31.446     7.9914     7.9935   3.609658   3.609821    94.1485    -0.0219     2.5242      98.78         10  1027.3162  1027.3156    34.8695    34.8691    1482.80    1482.81   3335.333    6.68371  101.16701     -0.214     0.0021      80049  0.000e+00
   3335.375  -39.09562   59.85480     31.235     31.535     7.9913     7.9933   3.609633   3.609791    94.1747    -0.0219     2.5254      98.78         10  1027.3165  1027.3159    34.8693    34.8690    1482.80    1482.81   3335.375    6.68790  101.22995     -0.210     0.0021      80050  0.000e+00
   3335.417  -39.09562   59.85480     31.203     31.502     7.9911     7.9932   3.609621   3.609785    94.2008    -0.0219     2.5254      95.82         10  1027.3165  1027.3159    34.8694    34.8691    1482.80    1482.80   3335.417    6.68790  101.22955     -0.206     0.0021      80051  0.000e+00
   3335.458  -39.09562   59.85480     31.147     31.446     7.9906     7.9932   3.609577   3.609791    94.1747    -0.0219     2.5254      90.23         10  1027.3163  1027.3157    34.8694    34.8692    1482.79    1482.80   3335.458    6.68793  101.22887     -0.203     0.0026      80052  0.000e+00
   3335.500  -39.09562   59.85480     31.203     31.502     7.9904     7.9932   3.609539   3.609720    94.2008    -0.0219     2.5254      88.45         10  1027.3164  1027.3153    34.8692    34.8684    1482.79    1482.80   3335.500    6.68801  101.22962     -0.197     0.0027      80053  0.000e+00
   3335.542  -39.09562   59.85480     31.203     31.502     7.9904     7.9930   3.609546   3.609756    94.2008    -0.0219     2.5254      88.55         10  1027.3164  1027.3158    34.8692    34.8689    1482.79    1482.80   3335.542    6.68801  101.22962     -0.191     0.0026      80054  0.000e+00
   3335.583  -39.09562   59.85480     31.147     31.446     7.9900     7.9929   3.609539   3.609756    94.2008    -0.0219     2.5254      88.79         10  1027.3166  1027.3157    34.8697    34.8691    1482.79    1482.80   3335.583    6.68802  101.22894     -0.187     0.0029      80055  0.000e+00
   3335.625  -39.09562   59.85480     31.236     31.535     7.9903     7.9925   3.609527   3.609726    94.2008    -0.0219     2.5254      88.86         10  1027.3165  1027.3161    34.8692    34.8691    1482.79    1482.80   3335.625    6.68806  101.23005     -0.180     0.0023      80056  0.000e+00
   3335.667  -39.09562   59.85480     31.203     31.502     7.9900     7.9927   3.609527   3.609756    94.2008    -0.0219     2.5267      88.86         10  1027.3167  1027.3161    34.8695    34.8692    1482.79    1482.80   3335.667    6.69215  101.29143     -0.173     0.0027      80057  0.000e+00
   3335.708  -39.09562   59.85480     31.203     31.502     7.9901     7.9925   3.609527   3.609726    94.2270    -0.0219     2.5242      88.86         10  1027.3165  1027.3160    34.8693    34.8691    1482.79    1482.80   3335.708    6.68397  101.16787     -0.167     0.0024      80058  0.000e+00
   3335.750  -39.09562   59.85480     31.203     31.503     7.9900     7.9925   3.609527   3.609726    94.2270    -0.0219     2.5254      88.84         10  1027.3167  1027.3160    34.8695    34.8691    1482.79    1482.80   3335.750    6.68807  101.22965     -0.160     0.0026      80059  0.000e+00
   3335.792  -39.09562   59.85480     31.203     31.503     7.9901     7.9925   3.609527   3.609756    94.2270    -0.0292     2.5254      88.84         10  1027.3165  1027.3162    34.8693    34.8694    1482.79    1482.80   3335.792    6.68805  101.22963     -0.152     0.0024      80060  0.000e+00
   3335.833  -39.09562   59.85480     31.236     31.535     7.9900     7.9927   3.609527   3.609690    94.2270    -0.0219     2.5254      88.84         10  1027.3168  1027.3157    34.8695    34.8685    1482.79    1482.80   3335.833    6.68810  101.23006     -0.141     0.0027      80061  0.000e+00
   3335.875  -39.09562   59.85480     31.260     31.559     7.9901     7.9925   3.609546   3.609756    94.2270    -0.0219     2.5254      88.84         10  1027.3169  1027.3165    34.8695    34.8694    1482.79    1482.80   3335.875    6.68809  101.23035     -0.131     0.0024      80062  0.000e+00
   3335.917  -39.09562   59.85480     31.204     31.503     7.9901     7.9922   3.609558   3.609661    94.2270    -0.0219     2.5254      88.86         10  1027.3168  1027.3157    34.8697    34.8687    1482.79    1482.80   3335.917    6.68804  101.22961     -0.125     0.0021      80063  0.000e+00
   3335.958  -39.09562   59.85480     31.204     31.503     7.9901     7.9919   3.609539   3.609690    94.1747    -0.0292     2.5254      88.86         10  1027.3166  1027.3163    34.8695    34.8693    1482.79    1482.80   3335.958    6.68804  101.22961     -0.119     0.0018      80064  0.000e+00
   3336.000  -39.09562   59.85480     31.260     31.559     7.9901     7.9919   3.609527   3.609661    94.1485    -0.0219     2.5254      88.86         10  1027.3168  1027.3163    34.8693    34.8690    1482.79    1482.80   3336.000    6.68810  101.23034     -0.105     0.0018      80065  0.000e+00
   3336.042  -39.09562   59.85480     31.236     31.535     7.9901     7.9915   3.609527   3.609655    94.1485    -0.0292     2.5254      93.92         10  1027.3167  1027.3164    34.8693    34.8693    1482.79    1482.80   3336.042    6.68808  101.23002     -0.099     0.0014      80066  0.000e+00
   3336.083  -39.09562   59.85480     31.260     31.559     7.9901     7.9914   3.609546   3.609595    94.1485    -0.0219     2.5267      98.34         10  1027.3169  1027.3162    34.8695    34.8688    1482.79    1482.80   3336.083    6.69217  101.29210     -0.086     0.0013      80067  0.000e+00
   3336.125  -39.09562   59.85480     31.260     31.560     7.9901     7.9912   3.609558   3.609631    94.1747    -0.0219     2.5267      99.24         10  1027.3170  1027.3167    34.8696    34.8694    1482.79    1482.80   3336.125    6.69217  101.29209     -0.074     0.0011      80068  0.000e+00
