Ship_data/Irminger/Irminger-2/ctd/process/at30_011_SV.cnv
* Sea-Bird SBE 9 Data File:
* FileName = C:\data\ctd\at30_011.hdr
* Software Version Seasave V 7.21f
* Temperature SN = 2265
* Conductivity SN = 3021
* Number of Bytes Per Scan = 40
* Number of Voltage Words = 5
* Number of Scans Averaged by the Deck Unit = 1
* NMEA Latitude = 59 41.19 N
* NMEA Longitude = 039 21.93 W
* NMEA UTC (Time) = Aug 21 2015  19:14:51
** cal val post deployment at FLMB2
# nquan = 15
# nvalues = 2810                        
# units = specified
# name 0 = depSM: Depth [salt water, m]
# name 1 = svCM: Sound Velocity [Chen-Millero, m/s]
# name 2 = svCM1: Sound Velocity, 2 [Chen-Millero, m/s]
# name 3 = timeS: Time, Elapsed [seconds]
# name 4 = depSM: Depth [salt water, m]
# name 5 = density00: Density [density, Kg/m^3]
# name 6 = density11: Density, 2 [density, Kg/m^3]
# name 7 = sal00: Salinity, Practical [PSU]
# name 8 = sal11: Salinity, Practical, 2 [PSU]
# name 9 = svCM: Sound Velocity [Chen-Millero, m/s]
# name 10 = svCM1: Sound Velocity, 2 [Chen-Millero, m/s]
# name 11 = sbeox0ML/L: Oxygen, SBE 43 [ml/l]
# name 12 = dz/dtM: Descent Rate [m/s]
# name 13 = T2-T190C: Temperature Difference, 2 - 1 [ITS-90, deg C]
# name 14 = flag:
# span 0 =      2.000,   2811.000       
# span 1 =    1469.10,    1503.53       
# span 2 =    1469.11,    1503.53       
# span 3 =     30.320,   3392.229       
# span 4 =      2.000,   2811.000       
# span 5 =  1027.0731,  1041.0105       
# span 6 =  1027.0732,  1041.0100       
# span 7 =    34.8341,    34.9384       
# span 8 =    34.8459,    34.9405       
# span 9 =    1469.10,    1503.53       
# span 10 =    1469.10,    1503.53      
# span 11 =    6.00379,    7.01181      
# span 12 =     -0.023,      1.738      
# span 13 =    -0.2827,     0.0288      
# span 14 = 0.0000e+00, 0.0000e+00      
# interval = meters: 1                  
# start_time = Aug 21 2015 19:14:51 [NMEA time, header]
# bad_flag = -9.990e-29
*END*
[from data line 2121]
   2123.000    1498.20    1498.21   2512.672   2123.000  1037.6799  1037.6794    34.9291    34.9286    1498.20    1498.21    6.04928      0.920     0.0007 0.0000e+00
   2124.000    1498.22    1498.22   2513.730   2124.000  1037.6846  1037.6842    34.9290    34.9287    1498.21    1498.22    6.04865      0.978     0.0007 0.0000e+00
   2125.000    1498.23    1498.23   2514.766   2125.000  1037.6893  1037.6890    34.9289    34.9287    1498.23    1498.23    6.04853      0.986     0.0010 0.0000e+00
   2126.000    1498.24    1498.25   2515.796   2126.000  1037.6940  1037.6935    34.9291    34.9286    1498.24    1498.25    6.04646      1.006     0.0007 0.0000e+00
   2127.000    1498.25    1498.26   2516.786   2127.000  1037.6985  1037.6981    34.9287    34.9284    1498.25    1498.26    6.04746      1.056     0.0006 0.0000e+00
   2128.000    1498.27    1498.27   2517.732   2128.000  1037.7032  1037.7028    34.9288    34.9284    1498.27    1498.27    6.04848      1.081     0.0006 0.0000e+00
   2129.000    1498.28    1498.29   2518.678   2129.000  1037.7078  1037.7075    34.9288    34.9285    1498.28    1498.29    6.04935      1.072     0.0006 0.0000e+00
   2130.000    1498.30    1498.30   2519.638   2130.000  1037.7124  1037.7120    34.9287    34.9284    1498.30    1498.30    6.05031      1.050     0.0006 0.0000e+00
   2131.000    1498.31    1498.31   2520.620   2131.000  1037.7170  1037.7168    34.9287    34.9284    1498.31    1498.31    6.05104      1.020     0.0006 0.0000e+00
   2132.000    1498.33    1498.33   2521.643   2132.000  1037.7217  1037.7213    34.9288    34.9284    1498.33    1498.33    6.05194      0.968     0.0006 0.0000e+00
   2133.000    1498.34    1498.35   2522.745   2133.000  1037.7263  1037.7260    34.9288    34.9284    1498.34    1498.35    6.04846      0.873     0.0006 0.0000e+00
   2134.000    1498.36    1498.36   2523.967   2134.000  1037.7310  1037.7305    34.9289    34.9285    1498.36    1498.36    6.04775      0.837     0.0006 0.0000e+00
   2135.000    1498.37    1498.37   2525.159   2135.000  1037.7355  1037.7352    34.9286    34.9283    1498.37    1498.37    6.04894      0.905     0.0006 0.0000e+00
   2136.000    1498.38    1498.39   2526.239   2136.000  1037.7402  1037.7399    34.9287    34.9282    1498.38    1498.39    6.04894      0.965     0.0006 0.0000e+00
   2137.000    1498.40    1498.40   2527.287   2137.000  1037.7449  1037.7445    34.9288    34.9284    1498.40    1498.40    6.05021      0.959     0.0005 0.0000e+00
   2138.000    1498.42    1498.42   2528.362   2138.000  1037.7494  1037.7490    34.9288    34.9284    1498.42    1498.42    6.05126      0.967     0.0005 0.0000e+00
   2139.000    1498.44    1498.44   2529.382   2139.000  1037.7540  1037.7537    34.9288    34.9285    1498.44    1498.44    6.05149      1.068     0.0006 0.0000e+00
   2140.000    1498.46    1498.46   2530.280   2140.000  1037.7587  1037.7583    34.9290    34.9286    1498.46    1498.46    6.04986      1.191     0.0006 0.0000e+00
   2141.000    1498.47    1498.47   2531.099   2141.000  1037.7633  1037.7629    34.9290    34.9286    1498.47    1498.47    6.04816      1.257     0.0006 0.0000e+00
   2142.000    1498.49    1498.49   2531.907   2142.000  1037.7678  1037.7675    34.9290    34.9286    1498.49    1498.49    6.04872      1.210     0.0005 0.0000e+00
   2143.000    1498.50    1498.50   2532.818   2143.000  1037.7725  1037.7720    34.9289    34.9285    1498.50    1498.50    6.04483      0.999     0.0006 0.0000e+00
   2144.000    1498.52    1498.52   2534.133   2144.000  1037.7769  1037.7764    34.9287    34.9283    1498.52    1498.52    6.04398      0.658     0.0006 0.0000e+00
   2145.000    1498.53    1498.53   2535.772   2145.000  1037.7814  1037.7811    34.9286    34.9283    1498.53    1498.53    6.04324      0.776     0.0005 0.0000e+00
   2146.000    1498.54    1498.55   2536.836   2146.000  1037.7861  1037.7859    34.9286    34.9283    1498.54    1498.55    6.04257      1.096     0.0006 0.0000e+00
   2147.000    1498.56    1498.56   2537.691   2147.000  1037.7908  1037.7903    34.9286    34.9282    1498.56    1498.56    6.04502      1.242     0.0006 0.0000e+00
   2148.000    1498.58    1498.58   2538.485   2148.000  1037.7953  1037.7950    34.9285    34.9283    1498.58    1498.58    6.04466      1.251     0.0006 0.0000e+00
   2149.000    1498.59    1498.59   2539.327   2149.000  1037.8003  1037.8000    34.9288    34.9285    1498.59    1498.59    6.04612      1.158     0.0004 0.0000e+00
   2150.000    1498.60    1498.60   2540.273   2150.000  1037.8051  1037.8048    34.9287    34.9285    1498.60    1498.60    6.04795      0.987     0.0006 0.0000e+00
   2151.000    1498.61    1498.61   2541.440   2151.000  1037.8098  1037.8094    34.9286    34.9282    1498.61    1498.61    6.05062      0.819     0.0006 0.0000e+00
   2152.000    1498.62    1498.62   2542.679   2152.000  1037.8145  1037.8141    34.9287    34.9282    1498.62    1498.62    6.04931      0.936     0.0006 0.0000e+00
   2153.000    1498.63    1498.63   2543.638   2153.000  1037.8190  1037.8187    34.9284    34.9281    1498.63    1498.63    6.05047      1.157     0.0005 0.0000e+00
   2154.000    1498.65    1498.65   2544.465   2154.000  1037.8237  1037.8234    34.9285    34.9282    1498.65    1498.65    6.04941      1.227     0.0006 0.0000e+00
   2155.000    1498.66    1498.67   2545.308   2155.000  1037.8284  1037.8279    34.9285    34.9281    1498.66    1498.67    6.04959      1.096     0.0006 0.0000e+00
   2156.000    1498.68    1498.68   2546.475   2156.000  1037.8328  1037.8324    34.9283    34.9280    1498.68    1498.68    6.05039      0.703     0.0006 0.0000e+00
   2157.000    1498.70    1498.70   2548.345   2157.000  1037.8373  1037.8369    34.9283    34.9279    1498.70    1498.70    6.05173      0.611     0.0005 0.0000e+00
   2158.000    1498.71    1498.72   2549.577   2158.000  1037.8419  1037.8417    34.9284    34.9281    1498.71    1498.72    6.05195      1.015     0.0004 0.0000e+00
   2159.000    1498.72    1498.72   2550.474   2159.000  1037.8467  1037.8463    34.9283    34.9279    1498.72    1498.72    6.05315      1.214     0.0005 0.0000e+00
   2160.000    1498.74    1498.74   2551.269   2160.000  1037.8516  1037.8511    34.9286    34.9281    1498.74    1498.74    6.05409      1.319     0.0006 0.0000e+00
   2161.000    1498.75    1498.76   2552.024   2161.000  1037.8563  1037.8560    34.9288    34.9283    1498.75    1498.76    6.05456      1.391     0.0007 0.0000e+00
   2162.000    1498.77    1498.77   2552.733   2162.000  1037.8611  1037.8606    34.9290    34.9286    1498.77    1498.77    6.05393      1.424     0.0006 0.0000e+00
   2163.000    1498.79    1498.79   2553.451   2163.000  1037.8656  1037.8651    34.9290    34.9284    1498.79    1498.79    6.05205      1.374     0.0007 0.0000e+00
   2164.000    1498.81    1498.81   2554.229   2164.000  1037.8701  1037.8696    34.9290    34.9285    1498.81    1498.81    6.05120      1.183     0.0006 0.0000e+00
   2165.000    1498.82    1498.83   2555.354   2165.000  1037.8746  1037.8741    34.9288    34.9284    1498.82    1498.83    6.04856      0.705     0.0007 0.0000e+00
   2166.000    1498.84    1498.84   2557.933   2166.000  1037.8789  1037.8787    34.9287    34.9283    1498.84    1498.84    6.04626      0.389     0.0005 0.0000e+00
   2167.000    1498.86    1498.86   2559.257   2167.000  1037.8840  1037.8837    34.9293    34.9290    1498.86    1498.86    6.04840      1.105     0.0005 0.0000e+00
   2168.000    1498.88    1498.88   2560.047   2168.000  1037.8887  1037.8882    34.9296    34.9290    1498.88    1498.88    6.04859      1.368     0.0005 0.0000e+00
   2169.000    1498.90    1498.90   2560.738   2169.000  1037.8932  1037.8929    34.9294    34.9293    1498.90    1498.90    6.04912      1.501     0.0004 0.0000e+00
   2170.000    1498.91    1498.91   2561.403   2170.000  1037.8978  1037.8976    34.9293    34.9292    1498.91    1498.91    6.04897      1.532     0.0005 0.0000e+00
   2171.000    1498.92    1498.93   2562.065   2171.000  1037.9026  1037.9021    34.9295    34.9290    1498.92    1498.93    6.04718      1.463     0.0007 0.0000e+00
   2172.000    1498.94    1498.94   2562.802   2172.000  1037.9072  1037.9069    34.9295    34.9291    1498.94    1498.94    6.04575      1.278     0.0006 0.0000e+00
   2173.000    1498.95    1498.95   2563.718   2173.000  1037.9117  1037.9115    34.9293    34.9290    1498.95    1498.95    6.04680      0.989     0.0005 0.0000e+00
   2174.000    1498.96    1498.97   2565.014   2174.000  1037.9164  1037.9160    34.9292    34.9289    1498.96    1498.97    6.04548      0.676     0.0007 0.0000e+00
   2175.000    1498.98    1498.98   2566.656   2175.000  1037.9209  1037.9207    34.9291    34.9289    1498.98    1498.98    6.04562      0.691     0.0005 0.0000e+00
   2176.000    1498.99    1499.00   2567.909   2176.000  1037.9257  1037.9254    34.9293    34.9290    1498.99    1499.00    6.04919      0.930     0.0006 0.0000e+00
   2177.000    1499.01    1499.01   2568.908   2177.000  1037.9303  1037.9299    34.9292    34.9290    1499.01    1499.01    6.04911      1.050     0.0007 0.0000e+00
   2178.000    1499.02    1499.02   2569.847   2178.000  1037.9351  1037.9347    34.9292    34.9289    1499.02    1499.02    6.04986      1.117     0.0006 0.0000e+00
   2179.000    1499.03    1499.03   2570.735   2179.000  1037.9398  1037.9395    34.9292    34.9288    1499.03    1499.03    6.04884      1.192     0.0006 0.0000e+00
   2180.000    1499.04    1499.05   2571.562   2180.000  1037.9443  1037.9442    34.9289    34.9289    1499.04    1499.05    6.04798      1.263     0.0005 0.0000e+00
   2181.000    1499.05    1499.05   2572.351   2181.000  1037.9493  1037.9490    34.9292    34.9287    1499.05    1499.05    6.04886      1.284     0.0005 0.0000e+00
   2182.000    1499.07    1499.07   2573.159   2182.000  1037.9539  1037.9535    34.9291    34.9287    1499.07    1499.07    6.04920      1.182     0.0005 0.0000e+00
   2183.000    1499.08    1499.08   2574.138   2183.000  1037.9585  1037.9583    34.9290    34.9288    1499.08    1499.08    6.04814      0.877     0.0005 0.0000e+00
   2184.000    1499.10    1499.10   2575.921   2184.000  1037.9630  1037.9626    34.9290    34.9285    1499.10    1499.10    6.04712      0.477     0.0001 0.0000e+00
   2185.000    1499.11    1499.12   2577.648   2185.000  1037.9678  1037.9674    34.9291    34.9287    1499.11    1499.12    6.05017      0.905     0.0003 0.0000e+00
   2186.000    1499.13    1499.13   2578.564   2186.000  1037.9724  1037.9722    34.9289    34.9287    1499.13    1499.13    6.05153      1.252     0.0005 0.0000e+00
   2187.000    1499.13    1499.13   2579.297   2187.000  1037.9774  1037.9772    34.9289    34.9288    1499.13    1499.13    6.05069      1.461     0.0005 0.0000e+00
   2188.000    1499.13    1499.14   2579.956   2188.000  1037.9822  1037.9821    34.9286    34.9285    1499.13    1499.13    6.05023      1.563     0.0005 0.0000e+00
   2189.000    1499.14    1499.14   2580.595   2189.000  1037.9873  1037.9869    34.9289    34.9286    1499.14    1499.14    6.04914      1.554     0.0005 0.0000e+00
   2190.000    1499.16    1499.16   2581.266   2190.000  1037.9919  1037.9916    34.9289    34.9285    1499.15    1499.16    6.04662      1.418     0.0006 0.0000e+00
   2191.000    1499.17    1499.17   2582.060   2191.000  1037.9966  1037.9962    34.9288    34.9285    1499.17    1499.17    6.04625      1.137     0.0005 0.0000e+00
   2192.000    1499.19    1499.19   2583.312   2192.000  1038.0012  1038.0007    34.9289    34.9284    1499.19    1499.19    6.04649      0.624     0.0007 0.0000e+00
   2193.000    1499.21    1499.20   2585.675   2193.000  1038.0052  1038.0052    34.9285    34.9284    1499.21    1499.20    6.04553      0.538    -0.0005 0.0000e+00
   2194.000    1499.21    1499.21   2586.975   2194.000  1038.0106  1038.0103    34.9289    34.9286    1499.21    1499.21    6.04511      0.947     0.0005 0.0000e+00
   2195.000    1499.23    1499.23   2587.952   2195.000  1038.0153  1038.0149    34.9290    34.9287    1499.23    1499.23    6.04848      1.111     0.0005 0.0000e+00
   2196.000    1499.24    1499.25   2588.822   2196.000  1038.0199  1038.0195    34.9291    34.9287    1499.24    1499.25    6.05147      1.231     0.0005 0.0000e+00
   2197.000    1499.26    1499.26   2589.616   2197.000  1038.0245  1038.0240    34.9291    34.9285    1499.26    1499.26    6.05281      1.345     0.0006 0.0000e+00
   2198.000    1499.28    1499.28   2590.342   2198.000  1038.0291  1038.0286    34.9290    34.9286    1499.28    1499.28    6.05332      1.438     0.0005 0.0000e+00
   2199.000    1499.29    1499.29   2591.035   2199.000  1038.0336  1038.0331    34.9289    34.9284    1499.29    1499.29    6.05165      1.491     0.0005 0.0000e+00
   2200.000    1499.30    1499.31   2591.709   2200.000  1038.0381  1038.0381    34.9287    34.9287    1499.30    1499.30    6.04953      1.464     0.0005 0.0000e+00
   2201.000    1499.31    1499.31   2592.426   2201.000  1038.0431  1038.0428    34.9288    34.9285    1499.31    1499.31    6.05089      1.320     0.0005 0.0000e+00
   2202.000    1499.33    1499.33   2593.289   2202.000  1038.0479  1038.0474    34.9289    34.9285    1499.33    1499.33    6.05104      1.057     0.0007 0.0000e+00
   2203.000    1499.34    1499.34   2594.582   2203.000  1038.0524  1038.0519    34.9288    34.9283    1499.34    1499.34    6.05164      0.612     0.0009 0.0000e+00
   2204.000    1499.36    1499.36   2597.321   2204.000  1038.0565  1038.0565    34.9285    34.9282    1499.36    1499.36    6.04840      0.391    -0.0010 0.0000e+00
   2205.000    1499.35    1499.35   2598.768   2205.000  1038.0618  1038.0618    34.9280    34.9280    1499.35    1499.35    6.05084      0.991     0.0002 0.0000e+00
   2206.000    1499.36    1499.36   2599.650   2206.000  1038.0669  1038.0665    34.9283    34.9279    1499.36    1499.36    6.05393      1.299     0.0005 0.0000e+00
   2207.000    1499.37    1499.38   2600.365   2207.000  1038.0717  1038.0713    34.9287    34.9282    1499.37    1499.38    6.05428      1.511     0.0005 0.0000e+00
   2208.000    1499.39    1499.39   2601.003   2208.000  1038.0763  1038.0762    34.9287    34.9287    1499.39    1499.39    6.05491      1.629     0.0004 0.0000e+00
   2209.000    1499.40    1499.41   2601.611   2209.000  1038.0813  1038.0809    34.9291    34.9288    1499.40    1499.41    6.05357      1.666     0.0005 0.0000e+00
   2210.000    1499.42    1499.42   2602.222   2210.000  1038.0858  1038.0856    34.9290    34.9288    1499.42    1499.42    6.05433      1.625     0.0005 0.0000e+00
   2211.000    1499.43    1499.44   2602.864   2211.000  1038.0906  1038.0903    34.9291    34.9288    1499.43    1499.44    6.05521      1.490     0.0006 0.0000e+00
   2212.000    1499.44    1499.45   2603.614   2212.000  1038.0953  1038.0950    34.9291    34.9288    1499.44    1499.45    6.05476      1.234     0.0006 0.0000e+00
   2213.000    1499.46    1499.46   2604.612   2213.000  1038.1001  1038.0997    34.9292    34.9287    1499.46    1499.46    6.05197      0.869     0.0006 0.0000e+00
   2214.000    1499.47    1499.47   2606.443   2214.000  1038.1045  1038.1041    34.9289    34.9285    1499.47    1499.47    6.04961      0.451     0.0000 0.0000e+00
   2215.000    1499.48    1499.48   2608.404   2215.000  1038.1094  1038.1091    34.9290    34.9287    1499.48    1499.48    6.04971      0.762     0.0004 0.0000e+00
   2216.000    1499.49    1499.50   2609.521   2216.000  1038.1141  1038.1139    34.9289    34.9287    1499.49    1499.50    6.04895      1.029     0.0004 0.0000e+00
   2217.000    1499.50    1499.51   2610.426   2217.000  1038.1188  1038.1187    34.9288    34.9286    1499.50    1499.51    6.04997      1.166     0.0004 0.0000e+00
