Ship_data/Irminger/Irminger-2/ctd/process/at30_013_SV.cnv
* Sea-Bird SBE 9 Data File:
* FileName = C:\data\ctd\at30_013.hdr
* Software Version Seasave V 7.21f
* Temperature SN = 2265
* Conductivity SN = 3021
* Number of Bytes Per Scan = 40
* Number of Voltage Words = 5
* Number of Scans Averaged by the Deck Unit = 1
* NMEA Latitude = 59 53.87 N
* NMEA Longitude = 039 34.33 W
* NMEA UTC (Time) = Aug 23 2015  21:20:25
** cal / val for SUMO 2
# nquan = 15
# nvalues = 1493                        
# units = specified
# name 0 = depSM: Depth [salt water, m]
# name 1 = svCM: Sound Velocity [Chen-Millero, m/s]
# name 2 = svCM1: Sound Velocity, 2 [Chen-Millero, m/s]
# name 3 = timeS: Time, Elapsed [seconds]
# name 4 = depSM: Depth [salt water, m]
# name 5 = density00: Density [density, Kg/m^3]
# name 6 = density11: Density, 2 [density, Kg/m^3]
# name 7 = sal00: Salinity, Practical [PSU]
# name 8 = sal11: Salinity, Practical, 2 [PSU]
# name 9 = svCM: Sound Velocity [Chen-Millero, m/s]
# name 10 = svCM1: Sound Velocity, 2 [Chen-Millero, m/s]
# name 11 = sbeox0ML/L: Oxygen, SBE 43 [ml/l]
# name 12 = dz/dtM: Descent Rate [m/s]
# name 13 = T2-T190C: Temperature Difference, 2 - 1 [ITS-90, deg C]
# name 14 = flag:
# span 0 =     10.000,   1502.000       
# span 1 =    1471.85,    1490.08       
# span 2 =    1471.84,    1490.08       
# span 3 =     68.287,   2025.583       
# span 4 =     10.000,   1502.000       
# span 5 =  1027.1573,  1034.7578       
# span 6 =  1027.1567,  1034.7573       
# span 7 =    34.8339,    35.0267       
# span 8 =    34.8340,    35.0266       
# span 9 =    1471.84,    1490.08       
# span 10 =    1471.83,    1490.08      
# span 11 =    6.00594,    6.79065      
# span 12 =     -0.007,      1.726      
# span 13 =    -0.0651,     0.0290      
# span 14 = 0.0000e+00, 0.0000e+00      
# interval = meters: 1                  
# start_time = Aug 23 2015 21:20:25 [NMEA time, header]
# bad_flag = -9.990e-29
*END*
[from data line 386]
    396.000    1473.07    1473.07    739.666    396.000  1029.5767  1029.5768    34.9180    34.9182    1473.07    1473.07    6.44281      1.075     0.0000 0.0000e+00
    397.000    1473.08    1473.08    740.532    397.000  1029.5808  1029.5815    34.9171    34.9180    1473.08    1473.08    6.44357      1.167     0.0003 0.0000e+00
    398.000    1473.04    1473.04    741.411    398.000  1029.5862  1029.5868    34.9161    34.9169    1473.04    1473.04    6.44814      1.070    -0.0000 0.0000e+00
    399.000    1473.04    1473.05    742.459    399.000  1029.5913  1029.5914    34.9162    34.9164    1473.04    1473.04    6.44950      0.927     0.0005 0.0000e+00
    400.000    1473.05    1473.05    743.546    400.000  1029.5962  1029.5963    34.9160    34.9162    1473.04    1473.05    6.45316      1.039     0.0002 0.0000e+00
    401.000    1473.06    1473.06    744.425    401.000  1029.6008  1029.6011    34.9157    34.9161    1473.05    1473.05    6.45208      1.264     0.0001 0.0000e+00
    402.000    1473.05    1473.05    745.164    402.000  1029.6055  1029.6060    34.9151    34.9156    1473.05    1473.05    6.45007      1.386    -0.0004 0.0000e+00
    403.000    1473.05    1473.05    745.885    403.000  1029.6102  1029.6107    34.9145    34.9151    1473.05    1473.05    6.45036      1.289    -0.0004 0.0000e+00
    404.000    1473.03    1473.03    746.809    404.000  1029.6150  1029.6155    34.9135    34.9141    1473.03    1473.03    6.45504      0.901     0.0000 0.0000e+00
    405.000    1473.05    1473.03    748.395    405.000  1029.6196  1029.6201    34.9136    34.9136    1473.05    1473.03    6.45726      0.575    -0.0045 0.0000e+00
    406.000    1473.01    1473.01    750.040    406.000  1029.6241  1029.6248    34.9114    34.9121    1473.01    1473.00    6.46061      0.740    -0.0013 0.0000e+00
    407.000    1472.96    1472.96    751.231    407.000  1029.6296  1029.6299    34.9103    34.9106    1472.96    1472.96    6.46577      0.952     0.0003 0.0000e+00
    408.000    1472.96    1472.96    752.207    408.000  1029.6340  1029.6346    34.9093    34.9101    1472.96    1472.96    6.46918      1.125    -0.0000 0.0000e+00
    409.000    1472.95    1472.95    753.043    409.000  1029.6393  1029.6394    34.9090    34.9091    1472.94    1472.94    6.47017      1.269     0.0001 0.0000e+00
    410.000    1472.94    1472.94    753.798    410.000  1029.6437  1029.6443    34.9081    34.9088    1472.94    1472.94    6.46776      1.339     0.0006 0.0000e+00
    411.000    1472.95    1472.95    754.552    411.000  1029.6489  1029.6489    34.9083    34.9083    1472.95    1472.95    6.46721      1.315    -0.0002 0.0000e+00
    412.000    1472.95    1472.95    755.345    412.000  1029.6532  1029.6537    34.9074    34.9079    1472.95    1472.95    6.46890      1.174    -0.0005 0.0000e+00
    413.000    1472.95    1472.95    756.334    413.000  1029.6582  1029.6583    34.9073    34.9075    1472.95    1472.95    6.47435      0.904    -0.0000 0.0000e+00
    414.000    1472.97    1472.97    757.650    414.000  1029.6628  1029.6630    34.9073    34.9074    1472.96    1472.96    6.48118      0.750    -0.0001 0.0000e+00
    415.000    1472.99    1472.98    758.888    415.000  1029.6676  1029.6677    34.9075    34.9076    1472.98    1472.98    6.48268      0.934    -0.0003 0.0000e+00
    416.000    1473.00    1473.00    759.865    416.000  1029.6724  1029.6726    34.9075    34.9077    1473.00    1473.00    6.48254      1.029    -0.0000 0.0000e+00
    417.000    1473.01    1473.01    760.907    417.000  1029.6769  1029.6772    34.9069    34.9073    1473.00    1473.00    6.48415      0.862    -0.0002 0.0000e+00
    418.000    1473.01    1473.01    762.286    418.000  1029.6818  1029.6818    34.9067    34.9068    1473.01    1473.01    6.48809      0.726     0.0003 0.0000e+00
    419.000    1473.00    1472.99    763.530    419.000  1029.6860  1029.6868    34.9053    34.9061    1472.99    1472.99    6.48945      1.006    -0.0015 0.0000e+00
    420.000    1472.98    1472.97    764.398    420.000  1029.6917  1029.6919    34.9053    34.9055    1472.98    1472.97    6.48728      1.306    -0.0010 0.0000e+00
    421.000    1472.99    1472.99    765.106    421.000  1029.6963  1029.6965    34.9053    34.9055    1472.99    1472.99    6.48277      1.475    -0.0003 0.0000e+00
    422.000    1473.00    1473.00    765.763    422.000  1029.7012  1029.7014    34.9052    34.9055    1473.00    1473.00    6.48040      1.473    -0.0001 0.0000e+00
    423.000    1473.02    1473.02    766.479    423.000  1029.7058  1029.7059    34.9052    34.9053    1473.02    1473.02    6.48128      1.235    -0.0001 0.0000e+00
    424.000    1473.04    1473.04    767.580    424.000  1029.7104  1029.7106    34.9051    34.9053    1473.04    1473.04    6.48248      0.775     0.0001 0.0000e+00
    425.000    1473.05    1473.05    769.123    425.000  1029.7151  1029.7147    34.9051    34.9046    1473.05    1473.05    6.48307      0.692     0.0001 0.0000e+00
    426.000    1473.07    1473.07    770.415    426.000  1029.7198  1029.7198    34.9052    34.9053    1473.07    1473.07    6.48468      0.837     0.0001 0.0000e+00
    427.000    1473.09    1473.09    771.589    427.000  1029.7245  1029.7245    34.9053    34.9053    1473.09    1473.09    6.48419      0.865     0.0001 0.0000e+00
    428.000    1473.10    1473.10    772.738    428.000  1029.7292  1029.7294    34.9054    34.9055    1473.10    1473.10    6.48759      0.939     0.0001 0.0000e+00
    429.000    1473.12    1473.12    773.743    429.000  1029.7340  1029.7341    34.9055    34.9056    1473.12    1473.12    6.48820      1.083     0.0000 0.0000e+00
    430.000    1473.14    1473.14    774.621    430.000  1029.7386  1029.7388    34.9055    34.9056    1473.14    1473.14    6.48908      1.193    -0.0001 0.0000e+00
    431.000    1473.15    1473.15    775.441    431.000  1029.7434  1029.7435    34.9054    34.9055    1473.15    1473.15    6.48843      1.260    -0.0000 0.0000e+00
    432.000    1473.17    1473.17    776.226    432.000  1029.7487  1029.7485    34.9063    34.9062    1473.17    1473.17    6.48636      1.272     0.0001 0.0000e+00
    433.000    1473.21    1473.21    777.034    433.000  1029.7535  1029.7533    34.9072    34.9070    1473.21    1473.21    6.48369      1.207     0.0003 0.0000e+00
    434.000    1473.23    1473.23    777.929    434.000  1029.7579  1029.7581    34.9072    34.9073    1473.23    1473.23    6.48168      1.036     0.0001 0.0000e+00
    435.000    1473.25    1473.25    779.049    435.000  1029.7625  1029.7626    34.9070    34.9072    1473.25    1473.25    6.48111      0.805     0.0000 0.0000e+00
    436.000    1473.27    1473.27    780.456    436.000  1029.7671  1029.7673    34.9069    34.9072    1473.27    1473.27    6.48119      0.716     0.0001 0.0000e+00
    437.000    1473.28    1473.28    781.775    437.000  1029.7720  1029.7720    34.9071    34.9071    1473.28    1473.28    6.48001      0.833     0.0002 0.0000e+00
    438.000    1473.29    1473.29    782.935    438.000  1029.7766  1029.7767    34.9067    34.9071    1473.29    1473.29    6.48053      0.879     0.0007 0.0000e+00
    439.000    1473.30    1473.30    784.083    439.000  1029.7811  1029.7816    34.9064    34.9070    1473.30    1473.30    6.48001      0.888    -0.0002 0.0000e+00
    440.000    1473.30    1473.30    785.189    440.000  1029.7861  1029.7864    34.9063    34.9065    1473.30    1473.30    6.47938      0.987    -0.0000 0.0000e+00
    441.000    1473.32    1473.32    786.130    441.000  1029.7911  1029.7911    34.9067    34.9066    1473.32    1473.32    6.47958      1.157     0.0002 0.0000e+00
    442.000    1473.34    1473.34    786.949    442.000  1029.7958  1029.7960    34.9068    34.9071    1473.34    1473.34    6.47969      1.283    -0.0001 0.0000e+00
    443.000    1473.35    1473.35    787.712    443.000  1029.8007  1029.8008    34.9069    34.9070    1473.35    1473.35    6.47645      1.300     0.0001 0.0000e+00
    444.000    1473.37    1473.37    788.515    444.000  1029.8054  1029.8054    34.9070    34.9071    1473.37    1473.37    6.47623      1.164    -0.0000 0.0000e+00
    445.000    1473.38    1473.38    789.519    445.000  1029.8101  1029.8101    34.9070    34.9071    1473.38    1473.38    6.47812      0.889     0.0000 0.0000e+00
    446.000    1473.40    1473.40    790.822    446.000  1029.8147  1029.8148    34.9070    34.9071    1473.40    1473.40    6.47867      0.790     0.0000 0.0000e+00
    447.000    1473.42    1473.42    791.992    447.000  1029.8195  1029.8197    34.9069    34.9072    1473.42    1473.42    6.47998      1.015    -0.0001 0.0000e+00
    448.000    1473.43    1473.43    792.876    448.000  1029.8241  1029.8245    34.9067    34.9071    1473.43    1473.43    6.48053      1.254    -0.0004 0.0000e+00
    449.000    1473.43    1473.43    793.623    449.000  1029.8289  1029.8291    34.9063    34.9067    1473.42    1473.43    6.47889      1.368     0.0002 0.0000e+00
    450.000    1473.44    1473.44    794.353    450.000  1029.8337  1029.8339    34.9065    34.9067    1473.44    1473.44    6.47594      1.286     0.0000 0.0000e+00
    451.000    1473.46    1473.46    795.254    451.000  1029.8385  1029.8386    34.9066    34.9068    1473.46    1473.46    6.47502      0.919     0.0005 0.0000e+00
    452.000    1473.48    1473.48    797.814    452.000  1029.8428  1029.8429    34.9065    34.9065    1473.48    1473.48    6.47493      0.281    -0.0006 0.0000e+00
    453.000    1473.49    1473.49    799.832    453.000  1029.8477  1029.8480    34.9066    34.9069    1473.49    1473.49    6.47626      1.156     0.0001 0.0000e+00
    454.000    1473.51    1473.51    800.533    454.000  1029.8527  1029.8527    34.9068    34.9069    1473.51    1473.51    6.47503      1.498 1.3479e-07 0.0000e+00
    455.000    1473.52    1473.52    801.158    455.000  1029.8572  1029.8575    34.9067    34.9070    1473.52    1473.52    6.47521      1.651    -0.0002 0.0000e+00
    456.000    1473.55    1473.55    801.752    456.000  1029.8623  1029.8622    34.9075    34.9075    1473.55    1473.55    6.47395      1.706    -0.0001 0.0000e+00
    457.000    1473.58    1473.58    802.339    457.000  1029.8671  1029.8668    34.9079    34.9077    1473.58    1473.58    6.46981      1.726     0.0002 0.0000e+00
    458.000    1473.60    1473.60    802.924    458.000  1029.8715  1029.8717    34.9080    34.9082    1473.60    1473.60    6.46213      1.722     0.0001 0.0000e+00
    459.000    1473.63    1473.63    803.510    459.000  1029.8771  1029.8766    34.9094    34.9088    1473.63    1473.63    6.46100      1.600    -0.0000 0.0000e+00
    460.000    1473.66    1473.66    804.253    460.000  1029.8813  1029.8812    34.9093    34.9092    1473.66    1473.66    6.46019      1.027     0.0002 0.0000e+00
    461.000    1473.67    1473.67    806.176    461.000  1029.8857  1029.8859    34.9089    34.9090    1473.67    1473.67    6.46202      0.464    -0.0005 0.0000e+00
    462.000    1473.68    1473.68    807.704    462.000  1029.8905  1029.8907    34.9087    34.9090    1473.68    1473.68    6.46458      0.738     0.0002 0.0000e+00
    463.000    1473.69    1473.69    808.981    463.000  1029.8955  1029.8954    34.9089    34.9089    1473.69    1473.69    6.46495      0.839     0.0001 0.0000e+00
    464.000    1473.71    1473.71    810.119    464.000  1029.9001  1029.9003    34.9090    34.9092    1473.71    1473.71    6.46699      0.980     0.0001 0.0000e+00
    465.000    1473.72    1473.72    811.065    465.000  1029.9049  1029.9050    34.9090    34.9092    1473.72    1473.72    6.46962      1.152     0.0002 0.0000e+00
    466.000    1473.74    1473.74    811.889    466.000  1029.9095  1029.9097    34.9090    34.9092    1473.74    1473.74    6.46842      1.253     0.0002 0.0000e+00
    467.000    1473.75    1473.75    812.680    467.000  1029.9141  1029.9144    34.9087    34.9091    1473.75    1473.75    6.46851      1.266    -0.0000 0.0000e+00
    468.000    1473.76    1473.76    813.493    468.000  1029.9192  1029.9193    34.9089    34.9090    1473.76    1473.76    6.47017      1.202     0.0001 0.0000e+00
    469.000    1473.77    1473.78    814.376    469.000  1029.9236  1029.9238    34.9086    34.9089    1473.77    1473.77    6.47310      1.076     0.0002 0.0000e+00
    470.000    1473.79    1473.79    815.395    470.000  1029.9285  1029.9286    34.9087    34.9088    1473.79    1473.79    6.47470      0.955     0.0002 0.0000e+00
    471.000    1473.80    1473.80    816.496    471.000  1029.9331  1029.9333    34.9084    34.9087    1473.80    1473.80    6.47322      0.895     0.0001 0.0000e+00
    472.000    1473.81    1473.81    817.660    472.000  1029.9379  1029.9380    34.9085    34.9087    1473.81    1473.81    6.47373      0.854     0.0000 0.0000e+00
    473.000    1473.83    1473.83    818.857    473.000  1029.9425  1029.9426    34.9085    34.9087    1473.83    1473.83    6.47688      0.859     0.0001 0.0000e+00
    474.000    1473.85    1473.85    820.005    474.000  1029.9473  1029.9474    34.9085    34.9086    1473.85    1473.85    6.47992      0.910     0.0001 0.0000e+00
    475.000    1473.86    1473.86    821.079    475.000  1029.9519  1029.9520    34.9085    34.9086    1473.86    1473.86    6.48294      0.977     0.0000 0.0000e+00
    476.000    1473.88    1473.88    822.076    476.000  1029.9567  1029.9568    34.9085    34.9087    1473.88    1473.88    6.48190      1.061    -0.0000 0.0000e+00
    477.000    1473.89    1473.89    822.992    477.000  1029.9614  1029.9615    34.9086    34.9087    1473.89    1473.89    6.47935      1.137    -0.0000 0.0000e+00
    478.000    1473.91    1473.91    823.858    478.000  1029.9662  1029.9662    34.9086    34.9087    1473.91    1473.91    6.47800      1.145     0.0000 0.0000e+00
    479.000    1473.92    1473.92    824.783    479.000  1029.9707  1029.9708    34.9085    34.9086    1473.92    1473.92    6.47983      0.998    -0.0000 0.0000e+00
    480.000    1473.94    1473.94    825.981    480.000  1029.9753  1029.9755    34.9084    34.9085    1473.94    1473.94    6.48115      0.772     0.0001 0.0000e+00
    481.000    1473.96    1473.96    827.329    481.000  1029.9801  1029.9801    34.9085    34.9085    1473.96    1473.96    6.48132      0.828     0.0001 0.0000e+00
    482.000    1473.96    1473.96    828.425    482.000  1029.9846  1029.9850    34.9080    34.9084    1473.96    1473.96    6.47808      1.013    -0.0002 0.0000e+00
    483.000    1473.97    1473.97    829.364    483.000  1029.9896  1029.9899    34.9081    34.9083    1473.97    1473.97    6.47949      1.130     0.0002 0.0000e+00
    484.000    1473.98    1473.98    830.222    484.000  1029.9945  1029.9946    34.9080    34.9082    1473.98    1473.98    6.48040      1.211     0.0000 0.0000e+00
    485.000    1473.99    1473.99    831.032    485.000  1029.9993  1029.9994    34.9081    34.9082    1473.99    1473.99    6.47677      1.250    -0.0001 0.0000e+00
    486.000    1474.01    1474.01    831.845    486.000  1030.0039  1030.0040    34.9079    34.9082    1474.01    1474.01    6.47773      1.210     0.0000 0.0000e+00
    487.000    1474.02    1474.02    832.721    487.000  1030.0085  1030.0087    34.9079    34.9080    1474.02    1474.02    6.47875      1.059    -0.0000 0.0000e+00
    488.000    1474.03    1474.03    833.827    488.000  1030.0132  1030.0133    34.9077    34.9078    1474.03    1474.03    6.47831      0.794    -0.0000 0.0000e+00
    489.000    1474.05    1474.05    835.345    489.000  1030.0178  1030.0179    34.9076    34.9077    1474.05    1474.05    6.48083      0.674     0.0000 0.0000e+00
    490.000    1474.06    1474.06    836.678    490.000  1030.0227  1030.0227    34.9077    34.9077    1474.06    1474.06    6.48220      0.944     0.0002 0.0000e+00
