Ship_data/Irminger/Irminger-2/ctd/process/at30_012.cnv
* Sea-Bird SBE 9 Data File:
* FileName = C:\data\ctd\at30_012.hdr
* Software Version Seasave V 7.21f
* Temperature SN = 2265
* Conductivity SN = 3021
* Number of Bytes Per Scan = 40
* Number of Voltage Words = 5
* Number of Scans Averaged by the Deck Unit = 1
* NMEA Latitude = 59 59.98 N
* NMEA Longitude = 039 28.96 W
* NMEA UTC (Time) = Aug 23 2015  16:50:38
** Cal/Val for HYPM-2
# nquan = 36
# nvalues = 5296                        
# units = specified
# name 0 = timeS: Time, Elapsed [seconds]
# name 1 = longitude: Longitude [deg]
# name 2 = latitude: Latitude [deg]
# name 3 = depSM: Depth [salt water, m]
# name 4 = prDM: Pressure, Digiquartz [db]
# name 5 = t090C: Temperature [ITS-90, deg C]
# name 6 = t190C: Temperature, 2 [ITS-90, deg C]
# name 7 = c0S/m: Conductivity [S/m]
# name 8 = c1S/m: Conductivity, 2 [S/m]
# name 9 = CStarTr0: Beam Transmission, WET Labs C-Star [%]
# name 10 = flECO-AFL: Fluorescence, WET Labs ECO-AFL/FL [mg/m^3]
# name 11 = sbeox0V: Oxygen raw, SBE 43 [V]
# name 12 = altM: Altimeter [m]
# name 13 = nbf: Bottles Fired
# name 14 = density00: Density [density, Kg/m^3]
# name 15 = density11: Density, 2 [density, Kg/m^3]
# name 16 = sal00: Salinity, Practical [PSU]
# name 17 = sal11: Salinity, Practical, 2 [PSU]
# name 18 = svCM: Sound Velocity [Chen-Millero, m/s]
# name 19 = svCM1: Sound Velocity, 2 [Chen-Millero, m/s]
# name 20 = timeS: Time, Elapsed [seconds]
# name 21 = sbeox0ML/L: Oxygen, SBE 43 [ml/l]
# name 22 = sbeox0PS: Oxygen, SBE 43 [% saturation]
# name 23 = dz/dtM: Descent Rate [m/s]
# name 24 = T2-T190C: Temperature Difference, 2 - 1 [ITS-90, deg C]
# name 25 = depSM: Depth [salt water, m], lat = 59.9997
# name 26 = density00: Density [density, Kg/m^3]
# name 27 = density11: Density, 2 [density, Kg/m^3]
# name 28 = sal00: Salinity, Practical [PSU]
# name 29 = sal11: Salinity, Practical, 2 [PSU]
# name 30 = svCM: Sound Velocity [Chen-Millero, m/s]
# name 31 = svCM1: Sound Velocity, 2 [Chen-Millero, m/s]
# name 32 = sbeox0ML/L: Oxygen, SBE 43 [ml/l], WS = 2
# name 33 = dz/dtM: Descent Rate [m/s], WS = 2
# name 34 = T2-T190C: Temperature Difference, 2 - 1 [ITS-90, deg C]
# name 35 = flag: flag
# span 0 =     44.566,   7396.684       
# span 1 =  -39.48705,  -39.48252       
# span 2 =   59.99962,   60.00150       
# span 3 =      2.000,   2652.000       
# span 4 =      2.019,   2694.399       
# span 5 =     1.3170,     8.4998       
# span 6 =     1.3177,     8.5001       
# span 7 =   3.123007,   3.658136       
# span 8 =   3.123089,   3.658109       
# span 9 =    92.4950,    97.7939       
# span 10 =    -0.0830,     1.8353      
# span 11 =     1.6948,     2.5159      
# span 12 =       8.44,     103.21      
# span 13 =          0,         12      
# span 14 =  1027.1191,  1040.3141      
# span 15 =  1027.1185,  1040.3136      
# span 16 =    34.8269,    34.9553      
# span 17 =    34.8222,    34.9566      
# span 18 =    1470.04,    1501.03      
# span 19 =    1470.04,    1501.03      
# span 20 =     44.566,   7396.684      
# span 21 =    6.00224,    6.85173      
# span 22 =   81.34754,  101.05976      
# span 23 =     -1.897,      1.742      
# span 24 =    -0.2324,     0.1179      
# span 25 =      2.000,   2652.000      
# span 26 =  1027.1192,  1040.3141      
# span 27 =  1027.1185,  1040.3137      
# span 28 =    34.8274,    34.9557      
# span 29 =    34.8265,    34.9565      
# span 30 =    1470.04,    1501.03      
# span 31 =    1470.04,    1501.03      
# span 32 =    6.00000,    6.85558      
# span 33 =     -1.912,      1.744      
# span 34 =    -0.2324,     0.1179      
# span 35 = 0.0000e+00, 0.0000e+00      
# interval = meters: 1                  
# start_time = Aug 23 2015 16:50:38 [NMEA time, header]
# bad_flag = -9.990e-29
*END*
[from data line 4998]
   6663.351  -39.48680   60.00140    299.000    302.067     4.0724     4.0698   3.269422   3.269187    97.6810    -0.0585     2.2041      98.73         10  1029.1206  1029.1206    34.9251    34.9247    1471.77    1471.76   6663.351    6.41809   88.70036     -0.931    -0.0026    299.000  1029.1208  1029.1212    34.9254    34.9254    1471.77    1471.76    6.41785     -0.884    -0.0026 0.0000e+00
   6664.585  -39.48681   60.00140    298.000    301.056     4.0725     4.0715   3.269364   3.269300    97.6793    -0.0594     2.2032      98.73         10  1029.1157  1029.1161    34.9249    34.9251    1471.76    1471.75   6664.585    6.41721   88.68824     -0.859    -0.0010    298.000  1029.1160  1029.1163    34.9252    34.9255    1471.76    1471.75    6.41337     -0.797    -0.0010 0.0000e+00
   6665.826  -39.48682   60.00140    297.000    300.045     4.0737     4.0720   3.269446   3.269279    97.6887    -0.0599     2.2024      98.73         10  1029.1111  1029.1112    34.9250    34.9249    1471.75    1471.74   6665.826    6.41526   88.66395     -0.796    -0.0017    297.000  1029.1115  1029.1115    34.9255    34.9253    1471.75    1471.74    6.40950     -0.916    -0.0017 0.0000e+00
   6666.810  -39.48682   60.00140    296.000    299.034     4.0766     4.0732   3.269701   3.269343    97.6892    -0.0607     2.2020      98.73         10  1029.1062  1029.1063    34.9252    34.9248    1471.74    1471.73   6666.810    6.41031   88.60188     -0.914    -0.0034    296.000  1029.1067  1029.1067    34.9259    34.9253    1471.74    1471.73    6.40655     -1.141    -0.0034 0.0000e+00
   6667.635  -39.48682   60.00140    295.000    298.023     4.0805     4.0751   3.270031   3.269477    97.6827    -0.0605     2.2028      98.73         10  1029.1012  1029.1013    34.9254    34.9247    1471.74    1471.72   6667.635    6.40690   88.56313     -1.106    -0.0053    295.000  1029.1019  1029.1018    34.9262    34.9253    1471.74    1471.72    6.40785     -1.278    -0.0053 0.0000e+00
   6668.397  -39.48682   60.00140    294.000    297.012     4.0854     4.0796   3.270462   3.269873    97.6844    -0.0597     2.2036      98.73         10  1029.0963  1029.0963    34.9258    34.9249    1471.75    1471.72   6668.397    6.40394   88.53292     -1.250    -0.0058    294.000  1029.0970  1029.0970    34.9267    34.9259    1471.75    1471.72    6.40914     -1.316    -0.0058 0.0000e+00
   6669.170  -39.48682   60.00140    293.000    296.001     4.0878     4.0825   3.270623   3.270109    97.6358    -0.0600     2.2031      98.73         10  1029.0916  1029.0917    34.9260    34.9253    1471.74    1471.72   6669.170    6.40330   88.52940     -1.311    -0.0053    293.000  1029.0920  1029.0922    34.9266    34.9261    1471.74    1471.72    6.40624     -1.323    -0.0053 0.0000e+00
   6669.924  -39.48682   60.00140    292.000    294.990     4.0890     4.0851   3.270715   3.270309    97.6603    -0.0589     2.2031      98.73         10  1029.0868  1029.0869    34.9261    34.9256    1471.73    1471.71   6669.924    6.40528   88.55951     -1.318    -0.0040    292.000  1029.0874  1029.0874    34.9269    34.9263    1471.73    1471.71    6.40499     -1.372    -0.0040 0.0000e+00
   6670.644  -39.48682   60.00140    291.000    293.979     4.0905     4.0877   3.270806   3.270524    97.6758    -0.0598     2.2037      98.73         10  1029.0822  1029.0822    34.9264    34.9260    1471.72    1471.71   6670.644    6.40582   88.57020     -1.351    -0.0028    291.000  1029.0826  1029.0826    34.9270    34.9266    1471.72    1471.71    6.40641     -1.422    -0.0028 0.0000e+00
   6671.348  -39.48682   60.00140    290.000    292.968     4.0918     4.0891   3.270879   3.270612    97.6800    -0.0593     2.2041      98.73         10  1029.0774  1029.0773    34.9264    34.9258    1471.71    1471.70   6671.348    6.40327   88.53774     -1.408    -0.0027    290.000  1029.0779  1029.0779    34.9270    34.9267    1471.71    1471.70    6.40662     -1.384    -0.0027 0.0000e+00
   6672.112  -39.48682   60.00140    289.000    291.957     4.0929     4.0912   3.270931   3.270787    97.6725    -0.0620     2.2041      98.73         10  1029.0726  1029.0729    34.9265    34.9265    1471.70    1471.69   6672.112    6.40233   88.52711     -1.402    -0.0016    289.000  1029.0731  1029.0732    34.9270    34.9271    1471.70    1471.69    6.40581     -1.194    -0.0016 0.0000e+00
   6673.176  -39.48682   60.00140    288.000    290.946     4.0925     4.0911   3.270847   3.270736    97.6797    -0.0600     2.2048      98.73         10  1029.0682  1029.0684    34.9268    34.9267    1471.68    1471.67   6673.176    6.40457   88.55744     -1.149    -0.0013    288.000  1029.0684  1029.0686    34.9270    34.9271    1471.68    1471.67    6.40743     -0.728    -0.0013 0.0000e+00
   6675.890  -39.48682   60.00140    287.000    289.935     4.0895     4.0883   3.270535   3.270433    97.6667    -0.0589     2.2048      98.73         10  1029.0638  1029.0641    34.9267    34.9268    1471.65    1471.64   6675.890    6.40824   88.60184     -0.207    -0.0012    287.000  1029.0641  1029.0642    34.9269    34.9270    1471.65    1471.64    6.40709     -0.331    -0.0012 0.0000e+00
   6677.333  -39.48682   60.00140    286.000    288.924     4.0927     4.0902   3.270789   3.270524    97.6669    -0.0599     2.2052      98.73         10  1029.0588  1029.0587    34.9267    34.9262    1471.64    1471.63   6677.333    6.40573   88.57378     -0.628    -0.0025    286.000  1029.0592  1029.0591    34.9272    34.9266    1471.65    1471.63    6.40724     -1.127    -0.0025 0.0000e+00
   6678.074  -39.48684   60.00140    285.000    287.913     4.0969     4.0942   3.271232   3.270868    97.6753    -0.0599     2.2063      98.73         10  1029.0540  1029.0535    34.9271    34.9261    1471.65    1471.63   6678.074    6.40332   88.54984     -1.019    -0.0027    285.000  1029.0551  1029.0542    34.9285    34.9270    1471.65    1471.64    6.41011     -1.419    -0.0027 0.0000e+00
   6678.741  -39.48684   60.00140    284.000    286.902     4.1025     4.0989   3.271641   3.271279    97.6785    -0.0607     2.2076      98.73         10  1029.0487  1029.0487    34.9272    34.9266    1471.65    1471.64   6678.741    6.40166   88.53905     -1.316    -0.0036    284.000  1029.0493  1029.0493    34.9279    34.9274    1471.65    1471.64    6.41314     -1.506    -0.0036 0.0000e+00
   6679.408  -39.48684   60.00140    283.000    285.891     4.1033     4.1011   3.271666   3.271461    97.6769    -0.0599     2.2086      98.73         10  1029.0441  1029.0442    34.9274    34.9272    1471.64    1471.63   6679.408    6.40329   88.56328     -1.480    -0.0023    283.000  1029.0444  1029.0448    34.9279    34.9279    1471.64    1471.63    6.41581     -1.449    -0.0023 0.0000e+00
   6680.139  -39.48682   60.00140    282.000    284.880     4.1039     4.1023   3.271670   3.271524    97.6786    -0.0609     2.2086      98.73         10  1029.0394  1029.0394    34.9274    34.9272    1471.63    1471.62   6680.139    6.40732   88.62024     -1.485    -0.0017    282.000  1029.0398  1029.0399    34.9278    34.9279    1471.63    1471.62    6.41514     -1.279    -0.0017 0.0000e+00
   6681.015  -39.48680   60.00140    281.000    283.870     4.1042     4.1032   3.271659   3.271572    97.6824    -0.0604     2.2077      98.73         10  1029.0348  1029.0349    34.9275    34.9276    1471.61    1471.61   6681.015    6.41256   88.69355     -1.306    -0.0010    281.000  1029.0352  1029.0353    34.9279    34.9280    1471.61    1471.61    6.41053     -1.108    -0.0010 0.0000e+00
   6681.971  -39.48680   60.00140    280.000    282.859     4.1044     4.1033   3.271638   3.271542    97.6768    -0.0600     2.2086      98.73         10  1029.0303  1029.0303    34.9277    34.9277    1471.60    1471.59   6681.971    6.41322   88.70309     -1.114    -0.0011    280.000  1029.0305  1029.0306    34.9280    34.9280    1471.60    1471.59    6.41316     -1.043    -0.0011 0.0000e+00
   6682.944  -39.48682   60.00140    279.000    281.848     4.1045     4.1035   3.271596   3.271512    97.6688    -0.0610     2.2086      98.73         10  1029.0255  1029.0256    34.9276    34.9277    1471.58    1471.58   6682.944    6.40929   88.64903     -1.044    -0.0010    279.000  1029.0258  1029.0259    34.9279    34.9280    1471.58    1471.58    6.41245     -1.050    -0.0010 0.0000e+00
   6683.900  -39.48684   60.00140    278.000    280.837     4.1050     4.1039   3.271613   3.271507    97.6720    -0.0595     2.2089      98.73         10  1029.0210  1029.0209    34.9279    34.9277    1471.56    1471.56   6683.900    6.41127   88.67759     -1.049    -0.0011    278.000  1029.0211  1029.0212    34.9282    34.9280    1471.57    1471.56    6.41249     -1.060    -0.0011 0.0000e+00
   6684.851  -39.48684   60.00140    277.000    279.826     4.1055     4.1048   3.271599   3.271541    97.6729    -0.0592     2.2089      98.73         10  1029.0161  1029.0162    34.9277    34.9277    1471.55    1471.55   6684.851    6.41073   88.67113     -1.060    -0.0007    277.000  1029.0164  1029.0165    34.9280    34.9281    1471.55    1471.55    6.41177     -1.068    -0.0007 0.0000e+00
   6685.792  -39.48684   60.00140    276.000    278.815     4.1064     4.1051   3.271656   3.271521    97.6754    -0.0605     2.2090      98.73         10  1029.0115  1029.0116    34.9279    34.9279    1471.54    1471.53   6685.792    6.41079   88.67390     -1.067    -0.0013    276.000  1029.0118  1029.0117    34.9283    34.9281    1471.54    1471.53    6.41095     -1.072    -0.0013 0.0000e+00
   6686.742  -39.48683   60.00140    275.000    277.804     4.1097     4.1061   3.271938   3.271582    97.6669    -0.0603     2.2100      98.73         10  1029.0066  1029.0067    34.9281    34.9278    1471.54    1471.52   6686.742    6.40951   88.66347     -1.072    -0.0036    275.000  1029.0070  1029.0071    34.9287    34.9283    1471.54    1471.52    6.41358     -1.030    -0.0036 0.0000e+00
   6687.779  -39.48682   60.00140    274.000    276.793     4.1117     4.1080   3.272061   3.271721    97.6802    -0.0605     2.2105      98.73         10  1029.0017  1029.0021    34.9282    34.9281    1471.53    1471.51   6687.779    6.40883   88.65819     -1.024    -0.0036    274.000  1029.0021  1029.0023    34.9286    34.9284    1471.53    1471.51    6.41396     -0.893    -0.0036 0.0000e+00
   6689.143  -39.48682   60.00140    273.000    275.782     4.1123     4.1086   3.272072   3.271720    97.6775    -0.0598     2.2108      98.73         10  1028.9971  1028.9973    34.9283    34.9281    1471.51    1471.50   6689.143    6.41204   88.70397     -0.814    -0.0037    273.000  1028.9973  1028.9976    34.9286    34.9284    1471.51    1471.50    6.41446     -0.642    -0.0037 0.0000e+00
   6690.850  -39.48683   60.00140    272.000    274.772     4.1130     4.1092   3.272078   3.271728    97.6772    -0.0593     2.2100      98.73         10  1028.9923  1028.9926    34.9282    34.9280    1471.50    1471.48   6690.850    6.41414   88.73448     -0.577    -0.0038    272.000  1028.9924  1028.9928    34.9285    34.9284    1471.50    1471.48    6.41016     -0.677    -0.0038 0.0000e+00
   6692.071  -39.48684   60.00140    271.000    273.761     4.1124     4.1114   3.271956   3.271876    97.6702    -0.0613     2.2100      98.73         10  1028.9874  1028.9877    34.9280    34.9281    1471.48    1471.48   6692.071    6.41075   88.68635     -0.732    -0.0010    271.000  1028.9875  1028.9878    34.9281    34.9283    1471.48    1471.48    6.40976     -1.013    -0.0010 0.0000e+00
   6692.954  -39.48684   60.00140    270.000    272.750     4.1139     4.1128   3.272046   3.271938    97.6671    -0.0614     2.2100      98.73         10  1028.9824  1028.9825    34.9278    34.9277    1471.47    1471.46   6692.954    6.40868   88.66070     -0.986    -0.0011    270.000  1028.9828  1028.9828    34.9282    34.9280    1471.47    1471.47    6.40864     -1.214    -0.0011 0.0000e+00
   6693.745  -39.48683   60.00140    269.000    271.739     4.1153     4.1143   3.272119   3.272013    97.6555    -0.0590     2.2102      98.73         10  1028.9777  1028.9777    34.9278    34.9277    1471.46    1471.45   6693.745    6.40751   88.64746     -1.181    -0.0010    269.000  1028.9779  1028.9779    34.9281    34.9279    1471.46    1471.45    6.40836     -1.333    -0.0010 0.0000e+00
   6694.474  -39.48682   60.00140    268.000    270.728     4.1192     4.1152   3.272523   3.272062    97.6553    -0.0581     2.2110      98.73         10  1028.9729  1028.9728    34.9283    34.9275    1471.46    1471.44   6694.474    6.40622   88.63834     -1.300    -0.0040    268.000  1028.9738  1028.9733    34.9293    34.9281    1471.46    1471.44    6.40981     -1.412    -0.0040 0.0000e+00
   6695.172  -39.48682   60.00140    267.000    269.717     4.1238     4.1191   3.272858   3.272386    97.6667    -0.0607     2.2113      98.73         10  1028.9678  1028.9679    34.9284    34.9278    1471.46    1471.44   6695.172    6.40457   88.62532     -1.385    -0.0047    267.000  1028.9683  1028.9683    34.9290    34.9284    1471.46    1471.44    6.40923     -1.465    -0.0047 0.0000e+00
   6695.854  -39.48682   60.00140    266.000    268.707     4.1256     4.1222   3.273025   3.272659    97.6588    -0.0599     2.2124      98.73         10  1028.9631  1028.9631    34.9288    34.9281    1471.45    1471.44   6695.854    6.40454   88.62904     -1.445    -0.0034    266.000  1028.9639  1028.9636    34.9296    34.9288    1471.45    1471.44    6.41212     -1.492    -0.0034 0.0000e+00
   6696.526  -39.48682   60.00140    265.000    267.696     4.1271     4.1238   3.273099   3.272778    97.6588    -0.0590     2.2130      98.73         10  1028.9585  1028.9585    34.9289    34.9284    1471.44    1471.43   6696.526    6.40634   88.65728     -1.485    -0.0033    265.000  1028.9589  1028.9590    34.9293    34.9290    1471.44    1471.43    6.41334     -1.473    -0.0033 0.0000e+00
   6697.226  -39.48682   60.00140    264.000    266.685     4.1275     4.1257   3.273088   3.272909    97.6597    -0.0593     2.2137      98.73         10  1028.9537  1028.9536    34.9289    34.9285    1471.43    1471.42   6697.226    6.40673   88.66362     -1.486    -0.0018    264.000  1028.9541  1028.9541    34.9293    34.9292    1471.43    1471.42    6.41500     -1.378    -0.0018 0.0000e+00
   6698.011  -39.48682   60.00140    263.000    265.674     4.1275     4.1261   3.273020   3.272925    97.6589    -0.0592     2.2140      98.73         10  1028.9490  1028.9493    34.9289    34.9291    1471.41    1471.41   6698.011    6.40962   88.70335     -1.409    -0.0014    263.000  1028.9492  1028.9497    34.9291    34.9295    1471.41    1471.41    6.41544     -1.148    -0.0014 0.0000e+00
   6699.306  -39.48682   60.00138    262.000    264.663     4.1263     4.1259   3.272878   3.272858    97.6559    -0.0597     2.2138      98.73         10  1028.9446  1028.9447    34.9290    34.9291    1471.39    1471.39   6699.306    6.41340   88.75327     -0.985    -0.0004    262.000  1028.9448  1028.9449    34.9292    34.9294    1471.39    1471.39    6.41389     -0.574    -0.0004 0.0000e+00
   6702.359  -39.48682   60.00140    261.000    263.652     4.1247     4.1229   3.272680   3.272523    97.6597    -0.0582     2.2117      98.73         10  1028.9401  1028.9404    34.9290    34.9291    1471.37    1471.36   6702.359    6.41282   88.74174     -0.129    -0.0018    261.000  1028.9402  1028.9404    34.9292    34.9292    1471.37    1471.36    6.40559     -0.487    -0.0018 0.0000e+00
