Ship_data/Irminger/Irminger-2/ctd/process/at30_006_SV.cnv
* Sea-Bird SBE 9 Data File:
* FileName = C:\data\ctd\at30_006.hdr
* Software Version Seasave V 7.21f
* Temperature SN = 2265
* Conductivity SN = 3021
* Number of Bytes Per Scan = 40
* Number of Voltage Words = 5
* Number of Scans Averaged by the Deck Unit = 1
* NMEA Latitude = 59 51.06 N
* NMEA Longitude = 039 05.71 W
* NMEA UTC (Time) = Aug 17 2015  17:02:11
# nquan = 15
# nvalues = 1001                        
# units = specified
# name 0 = depSM: Depth [salt water, m]
# name 1 = svCM: Sound Velocity [Chen-Millero, m/s]
# name 2 = svCM1: Sound Velocity, 2 [Chen-Millero, m/s]
# name 3 = timeS: Time, Elapsed [seconds]
# name 4 = depSM: Depth [salt water, m]
# name 5 = density00: Density [density, Kg/m^3]
# name 6 = density11: Density, 2 [density, Kg/m^3]
# name 7 = sal00: Salinity, Practical [PSU]
# name 8 = sal11: Salinity, Practical, 2 [PSU]
# name 9 = svCM: Sound Velocity [Chen-Millero, m/s]
# name 10 = svCM1: Sound Velocity, 2 [Chen-Millero, m/s]
# name 11 = sbeox0ML/L: Oxygen, SBE 43 [ml/l]
# name 12 = dz/dtM: Descent Rate [m/s]
# name 13 = T2-T190C: Temperature Difference, 2 - 1 [ITS-90, deg C]
# name 14 = flag:
# span 0 =      1.000,   1001.000       
# span 1 =    1469.68,    1484.76       
# span 2 =    1469.68,    1484.78       
# span 3 =     -0.063,   1485.541       
# span 4 =      1.000,   1001.000       
# span 5 =  1027.0876,  1032.4091       
# span 6 =  1027.0873,  1032.4088       
# span 7 =    34.8592,    34.9195       
# span 8 =    34.8672,    34.9208       
# span 9 =    1469.68,    1484.76       
# span 10 =    1469.68,    1484.78      
# span 11 =    6.46850,    6.92407      
# span 12 =     -0.025,      1.676      
# span 13 =    -0.1145,     0.0626      
# span 14 = 0.0000e+00, 0.0000e+00      
# interval = meters: 1                  
# start_time = Aug 17 2015 17:02:11 [NMEA time, header]
# bad_flag = -9.990e-29
*END*
[from data line 482]
    483.000    1473.32    1473.32    773.616    483.000  1029.9974  1029.9978    34.8963    34.8967    1473.33    1473.32    6.62014      1.207    -0.0007 0.0000e+00
    484.000    1473.34    1473.34    774.399    484.000  1030.0023  1030.0024    34.8966    34.8968    1473.34    1473.34    6.61827      1.284     0.0000 0.0000e+00
    485.000    1473.36    1473.36    775.188    485.000  1030.0068  1030.0071    34.8965    34.8968    1473.36    1473.36    6.61505      1.236     0.0000 0.0000e+00
    486.000    1473.39    1473.39    776.056    486.000  1030.0116  1030.0117    34.8970    34.8972    1473.39    1473.39    6.61167      1.075    -0.0003 0.0000e+00
    487.000    1473.41    1473.41    777.129    487.000  1030.0160  1030.0164    34.8969    34.8973    1473.41    1473.41    6.61059      0.831     0.0001 0.0000e+00
    488.000    1473.43    1473.43    778.665    488.000  1030.0208  1030.0209    34.8969    34.8972    1473.43    1473.43    6.61201      0.585     0.0006 0.0000e+00
    489.000    1473.45    1473.45    780.378    489.000  1030.0254  1030.0256    34.8969    34.8972    1473.45    1473.45    6.61284      0.758     0.0003 0.0000e+00
    490.000    1473.46    1473.46    781.444    490.000  1030.0299  1030.0303    34.8965    34.8970    1473.46    1473.46    6.61443      1.139     0.0003 0.0000e+00
    491.000    1473.46    1473.46    782.229    491.000  1030.0347  1030.0352    34.8960    34.8968    1473.46    1473.46    6.61568      1.388     0.0005 0.0000e+00
    492.000    1473.47    1473.47    782.909    492.000  1030.0396  1030.0398    34.8962    34.8966    1473.47    1473.47    6.61511      1.497     0.0000 0.0000e+00
    493.000    1473.49    1473.49    783.573    493.000  1030.0443  1030.0444    34.8965    34.8965    1473.49    1473.49    6.61173      1.464    -0.0014 0.0000e+00
    494.000    1473.49    1473.48    784.295    494.000  1030.0482  1030.0492    34.8950    34.8959    1473.49    1473.48    6.61202      1.300    -0.0016 0.0000e+00
    495.000    1473.50    1473.50    785.177    495.000  1030.0533  1030.0537    34.8953    34.8958    1473.50    1473.50    6.61292      1.008     0.0001 0.0000e+00
    496.000    1473.52    1473.52    786.447    496.000  1030.0580  1030.0582    34.8953    34.8957    1473.52    1473.52    6.61580      0.710     0.0002 0.0000e+00
    497.000    1473.53    1473.54    787.887    497.000  1030.0627  1030.0629    34.8954    34.8957    1473.53    1473.54    6.61700      0.808     0.0005 0.0000e+00
    498.000    1473.55    1473.55    788.976    498.000  1030.0674  1030.0676    34.8955    34.8958    1473.55    1473.55    6.61712      1.058     0.0005 0.0000e+00
    499.000    1473.57    1473.57    789.849    499.000  1030.0721  1030.0723    34.8955    34.8959    1473.57    1473.57    6.61679      1.188     0.0003 0.0000e+00
    500.000    1473.58    1473.58    790.684    500.000  1030.0769  1030.0770    34.8956    34.8957    1473.58    1473.58    6.61842      1.164    -0.0001 0.0000e+00
    501.000    1473.62    1473.62    791.603    501.000  1030.0817  1030.0818    34.8963    34.8965    1473.62    1473.62    6.61887      1.003    -0.0000 0.0000e+00
    502.000    1473.64    1473.64    792.781    502.000  1030.0861  1030.0864    34.8960    34.8966    1473.64    1473.64    6.61651      0.766     0.0003 0.0000e+00
    503.000    1473.65    1473.65    794.225    503.000  1030.0908  1030.0911    34.8959    34.8962    1473.65    1473.65    6.61738      0.717     0.0005 0.0000e+00
    504.000    1473.66    1473.66    795.522    504.000  1030.0956  1030.0957    34.8960    34.8962    1473.66    1473.66    6.61956      0.915    -0.0002 0.0000e+00
    505.000    1473.68    1473.68    796.487    505.000  1030.1001  1030.1005    34.8958    34.8962    1473.68    1473.68    6.61809      1.164    -0.0004 0.0000e+00
    506.000    1473.68    1473.69    797.292    506.000  1030.1046  1030.1052    34.8952    34.8960    1473.68    1473.69    6.61752      1.337     0.0005 0.0000e+00
    507.000    1473.70    1473.70    798.012    507.000  1030.1097  1030.1099    34.8956    34.8959    1473.70    1473.70    6.61627      1.375     0.0001 0.0000e+00
    508.000    1473.72    1473.72    798.764    508.000  1030.1144  1030.1145    34.8958    34.8960    1473.72    1473.72    6.61606      1.241     0.0002 0.0000e+00
    509.000    1473.73    1473.74    799.697    509.000  1030.1190  1030.1191    34.8957    34.8960    1473.73    1473.74    6.61716      0.944     0.0002 0.0000e+00
    510.000    1473.75    1473.75    801.026    510.000  1030.1235  1030.1237    34.8956    34.8959    1473.75    1473.75    6.61995      0.719     0.0001 0.0000e+00
    511.000    1473.77    1473.77    802.350    511.000  1030.1283  1030.1285    34.8959    34.8961    1473.77    1473.77    6.62293      0.910    -0.0003 0.0000e+00
    512.000    1473.79    1473.79    803.328    512.000  1030.1329  1030.1332    34.8958    34.8961    1473.79    1473.79    6.62303      1.137     0.0000 0.0000e+00
    513.000    1473.80    1473.80    804.159    513.000  1030.1375  1030.1379    34.8954    34.8961    1473.80    1473.80    6.62326      1.202     0.0002 0.0000e+00
    514.000    1473.81    1473.81    805.020    514.000  1030.1423  1030.1428    34.8954    34.8960    1473.81    1473.81    6.62206      1.107     0.0004 0.0000e+00
    515.000    1473.82    1473.82    806.025    515.000  1030.1471  1030.1473    34.8954    34.8957    1473.82    1473.82    6.62452      0.927     0.0000 0.0000e+00
    516.000    1473.83    1473.84    807.239    516.000  1030.1516  1030.1520    34.8951    34.8955    1473.83    1473.84    6.62508      0.792     0.0001 0.0000e+00
    517.000    1473.85    1473.85    808.554    517.000  1030.1564  1030.1566    34.8952    34.8955    1473.85    1473.85    6.62869      0.801     0.0002 0.0000e+00
    518.000    1473.86    1473.86    809.733    518.000  1030.1611  1030.1614    34.8951    34.8955    1473.86    1473.86    6.62727      0.957     0.0000 0.0000e+00
    519.000    1473.88    1473.88    810.695    519.000  1030.1658  1030.1661    34.8950    34.8955    1473.88    1473.88    6.62635      1.143     0.0001 0.0000e+00
    520.000    1473.89    1473.89    811.522    520.000  1030.1704  1030.1708    34.8950    34.8955    1473.89    1473.89    6.62712      1.245     0.0002 0.0000e+00
    521.000    1473.90    1473.91    812.326    521.000  1030.1750  1030.1754    34.8948    34.8953    1473.90    1473.90    6.62912      1.174     0.0002 0.0000e+00
    522.000    1473.91    1473.91    813.297    522.000  1030.1797  1030.1802    34.8945    34.8951    1473.91    1473.91    6.63095      0.917     0.0000 0.0000e+00
    523.000    1473.92    1473.93    814.606    523.000  1030.1846  1030.1848    34.8945    34.8949    1473.92    1473.93    6.63183      0.769     0.0003 0.0000e+00
    524.000    1473.94    1473.94    815.828    524.000  1030.1893  1030.1896    34.8947    34.8950    1473.94    1473.94    6.63256      0.962     0.0002 0.0000e+00
    525.000    1473.96    1473.96    816.764    525.000  1030.1938  1030.1942    34.8945    34.8950    1473.96    1473.96    6.63055      1.180    -0.0001 0.0000e+00
    526.000    1473.97    1473.97    817.568    526.000  1030.1982  1030.1989    34.8940    34.8948    1473.97    1473.97    6.62742      1.260     0.0001 0.0000e+00
    527.000    1473.96    1473.96    818.377    527.000  1030.2030  1030.2036    34.8932    34.8941    1473.96    1473.96    6.62629      1.165    -0.0000 0.0000e+00
    528.000    1473.96    1473.96    819.362    528.000  1030.2080  1030.2083    34.8931    34.8936    1473.96    1473.96    6.62663      0.925     0.0004 0.0000e+00
    529.000    1473.97    1473.97    820.618    529.000  1030.2126  1030.2128    34.8931    34.8932    1473.97    1473.97    6.62764      0.772    -0.0004 0.0000e+00
    530.000    1473.99    1473.99    821.895    530.000  1030.2174  1030.2177    34.8931    34.8933    1473.99    1473.99    6.62929      0.865    -0.0002 0.0000e+00
    531.000    1474.01    1474.01    822.966    531.000  1030.2220  1030.2223    34.8931    34.8933    1474.01    1474.01    6.63061      1.031     0.0000 0.0000e+00
    532.000    1474.02    1474.03    823.889    532.000  1030.2268  1030.2269    34.8931    34.8935    1474.02    1474.03    6.63121      1.135     0.0003 0.0000e+00
    533.000    1474.04    1474.04    824.750    533.000  1030.2314  1030.2318    34.8931    34.8935    1474.04    1474.04    6.63256      1.168     0.0001 0.0000e+00
    534.000    1474.05    1474.05    825.624    534.000  1030.2362  1030.2357    34.8931    34.8925    1474.05    1474.05    6.63287      1.133     0.0002 0.0000e+00
    535.000    1474.07    1474.07    826.548    535.000  1030.2407  1030.2410    34.8931    34.8933    1474.07    1474.07    6.63263      1.041     0.0001 0.0000e+00
    536.000    1474.09    1474.09    827.594    536.000  1030.2455  1030.2457    34.8931    34.8934    1474.09    1474.09    6.63120      0.908     0.0002 0.0000e+00
    537.000    1474.10    1474.11    828.778    537.000  1030.2500  1030.2502    34.8930    34.8933    1474.10    1474.11    6.63210      0.836     0.0002 0.0000e+00
    538.000    1474.12    1474.12    829.995    538.000  1030.2546  1030.2550    34.8929    34.8933    1474.12    1474.12    6.63286      0.829     0.0002 0.0000e+00
    539.000    1474.14    1474.14    831.231    539.000  1030.2578  1030.2594    34.8909    34.8930    1474.13    1474.14    6.63710      0.820     0.0002 0.0000e+00
    540.000    1474.15    1474.15    832.428    540.000  1030.2631  1030.2644    34.8916    34.8934    1474.15    1474.15    6.64062      0.901     0.0003 0.0000e+00
    541.000    1474.17    1474.17    833.472    541.000  1030.2689  1030.2690    34.8931    34.8933    1474.17    1474.17    6.64212      1.071     0.0002 0.0000e+00
    542.000    1474.19    1474.19    834.345    542.000  1030.2736  1030.2738    34.8932    34.8935    1474.19    1474.19    6.64183      1.267 -4.886e-07 0.0000e+00
    543.000    1474.20    1474.21    835.088    543.000  1030.2781  1030.2784    34.8930    34.8935    1474.20    1474.21    6.64107      1.409     0.0000 0.0000e+00
    544.000    1474.21    1474.21    835.779    544.000  1030.2823  1030.2831    34.8923    34.8932    1474.21    1474.21    6.64010      1.374    -0.0002 0.0000e+00
    545.000    1474.21    1474.21    836.577    545.000  1030.2875  1030.2877    34.8922    34.8926    1474.21    1474.21    6.64062      1.069     0.0001 0.0000e+00
    546.000    1474.23    1474.22    838.014    546.000  1030.2920  1030.2925    34.8919    34.8924    1474.23    1474.22    6.64360      0.608    -0.0007 0.0000e+00
    547.000    1474.24    1474.24    839.558    547.000  1030.2966  1030.2971    34.8919    34.8923    1474.24    1474.24    6.64355      0.983    -0.0008 0.0000e+00
    548.000    1474.25    1474.25    840.386    548.000  1030.3016  1030.3016    34.8920    34.8921    1474.25    1474.25    6.64159      1.383     0.0002 0.0000e+00
    549.000    1474.27    1474.27    841.043    549.000  1030.3063  1030.3065    34.8920    34.8923    1474.27    1474.27    6.63940      1.519     0.0000 0.0000e+00
    550.000    1474.28    1474.28    841.705    550.000  1030.3109  1030.3113    34.8920    34.8924    1474.28    1474.28    6.63690      1.354     0.0001 0.0000e+00
    551.000    1474.30    1474.30    842.801    551.000  1030.3154  1030.3158    34.8919    34.8923    1474.30    1474.30    6.63652      0.695     0.0002 0.0000e+00
    552.000    1474.32    1474.32    845.131    552.000  1030.3202  1030.3203    34.8920    34.8922    1474.32    1474.32    6.63768      0.538     0.0001 0.0000e+00
    553.000    1474.34    1474.34    846.299    553.000  1030.3251  1030.3252    34.8922    34.8925    1474.34    1474.34    6.63966      1.039     0.0002 0.0000e+00
    554.000    1474.35    1474.36    847.160    554.000  1030.3297  1030.3298    34.8923    34.8925    1474.35    1474.36    6.63702      1.253     0.0002 0.0000e+00
    555.000    1474.37    1474.37    847.917    555.000  1030.3344  1030.3346    34.8923    34.8927    1474.37    1474.37    6.63477      1.388     0.0001 0.0000e+00
    556.000    1474.39    1474.39    848.618    556.000  1030.3391  1030.3392    34.8925    34.8927    1474.39    1474.39    6.63356      1.426     0.0002 0.0000e+00
    557.000    1474.41    1474.41    849.337    557.000  1030.3438  1030.3440    34.8927    34.8929    1474.41    1474.41    6.63192      1.353     0.0002 0.0000e+00
    558.000    1474.43    1474.43    850.120    558.000  1030.3484  1030.3485    34.8926    34.8928    1474.43    1474.43    6.62991      1.176     0.0003 0.0000e+00
    559.000    1474.45    1474.45    851.141    559.000  1030.3529  1030.3533    34.8925    34.8929    1474.45    1474.45    6.63165      0.838     0.0002 0.0000e+00
    560.000    1474.46    1474.46    852.730    560.000  1030.3574  1030.3577    34.8922    34.8926    1474.46    1474.46    6.63329      0.623     0.0003 0.0000e+00
    561.000    1474.47    1474.47    854.082    561.000  1030.3622  1030.3623    34.8920    34.8922    1474.47    1474.47    6.63544      0.990    -0.0002 0.0000e+00
    562.000    1474.47    1474.47    854.966    562.000  1030.3668  1030.3673    34.8913    34.8919    1474.47    1474.47    6.63802      1.320    -0.0001 0.0000e+00
    563.000    1474.48    1474.48    855.658    563.000  1030.3719  1030.3721    34.8917    34.8920    1474.48    1474.48    6.63750      1.475     0.0003 0.0000e+00
    564.000    1474.50    1474.50    856.321    564.000  1030.3765  1030.3767    34.8917    34.8920    1474.50    1474.50    6.63714      1.409     0.0001 0.0000e+00
    565.000    1474.51    1474.52    857.127    565.000  1030.3810  1030.3812    34.8914    34.8918    1474.51    1474.52    6.63577      1.030     0.0002 0.0000e+00
    566.000    1474.53    1474.53    858.941    566.000  1030.3856  1030.3857    34.8915    34.8917    1474.53    1474.53    6.63760      0.442     0.0005 0.0000e+00
    567.000    1474.54    1474.54    860.797    567.000  1030.3903  1030.3905    34.8913    34.8917    1474.54    1474.54    6.64129      0.924     0.0004 0.0000e+00
    568.000    1474.56    1474.56    861.662    568.000  1030.3951  1030.3953    34.8916    34.8916    1474.56    1474.56    6.64141      1.299     0.0002 0.0000e+00
    569.000    1474.58    1474.58    862.365    569.000  1030.3997  1030.4000    34.8914    34.8919    1474.58    1474.58    6.63904      1.503     0.0001 0.0000e+00
    570.000    1474.60    1474.60    863.004    570.000  1030.4047  1030.4047    34.8918    34.8919    1474.60    1474.60    6.63888      1.524     0.0002 0.0000e+00
    571.000    1474.62    1474.62    863.687    571.000  1030.4091  1030.4094    34.8917    34.8921    1474.62    1474.62    6.63878      1.347     0.0000 0.0000e+00
    572.000    1474.63    1474.64    864.570    572.000  1030.4138  1030.4141    34.8919    34.8921    1474.63    1474.64    6.63768      0.999     0.0000 0.0000e+00
    573.000    1474.65    1474.65    865.811    573.000  1030.4183  1030.4186    34.8914    34.8919    1474.65    1474.65    6.63609      0.781     0.0007 0.0000e+00
    574.000    1474.66    1474.66    867.044    574.000  1030.4231  1030.4233    34.8915    34.8919    1474.66    1474.66    6.63710      0.933     0.0000 0.0000e+00
    575.000    1474.68    1474.68    868.018    575.000  1030.4279  1030.4281    34.8916    34.8919    1474.68    1474.68    6.63734      1.118     0.0002 0.0000e+00
    576.000    1474.69    1474.69    868.882    576.000  1030.4324  1030.4326    34.8915    34.8918    1474.69    1474.69    6.63604      1.110     0.0003 0.0000e+00
    577.000    1474.71    1474.71    869.898    577.000  1030.4370  1030.4374    34.8914    34.8918    1474.71    1474.71    6.63608      0.883    -0.0000 0.0000e+00
    578.000    1474.72    1474.72    871.218    578.000  1030.4418  1030.4420    34.8914    34.8917    1474.72    1474.72    6.63691      0.760     0.0003 0.0000e+00
