Ship_data/Irminger/Irminger-2/ctd/process/at30_005.cnv
* Sea-Bird SBE 9 Data File:
* FileName = C:\data\ctd\at30_005.hdr
* Software Version Seasave V 7.21f
* Temperature SN = 2265
* Conductivity SN = 3021
* Number of Bytes Per Scan = 40
* Number of Voltage Words = 5
* Number of Scans Averaged by the Deck Unit = 1
* NMEA Latitude = 59 59.33 N
* NMEA Longitude = 039 27.67 W
* NMEA UTC (Time) = Aug 14 2015  19:36:17
# nquan = 36
# nvalues = 5314                        
# units = specified
# name 0 = timeS: Time, Elapsed [seconds]
# name 1 = longitude: Longitude [deg]
# name 2 = latitude: Latitude [deg]
# name 3 = depSM: Depth [salt water, m]
# name 4 = prDM: Pressure, Digiquartz [db]
# name 5 = t090C: Temperature [ITS-90, deg C]
# name 6 = t190C: Temperature, 2 [ITS-90, deg C]
# name 7 = c0S/m: Conductivity [S/m]
# name 8 = c1S/m: Conductivity, 2 [S/m]
# name 9 = CStarTr0: Beam Transmission, WET Labs C-Star [%]
# name 10 = flECO-AFL: Fluorescence, WET Labs ECO-AFL/FL [mg/m^3]
# name 11 = sbeox0V: Oxygen raw, SBE 43 [V]
# name 12 = altM: Altimeter [m]
# name 13 = nbf: Bottles Fired
# name 14 = density00: Density [density, Kg/m^3]
# name 15 = density11: Density, 2 [density, Kg/m^3]
# name 16 = sal00: Salinity, Practical [PSU]
# name 17 = sal11: Salinity, Practical, 2 [PSU]
# name 18 = svCM: Sound Velocity [Chen-Millero, m/s]
# name 19 = svCM1: Sound Velocity, 2 [Chen-Millero, m/s]
# name 20 = timeS: Time, Elapsed [seconds]
# name 21 = sbeox0ML/L: Oxygen, SBE 43 [ml/l]
# name 22 = sbeox0PS: Oxygen, SBE 43 [% saturation]
# name 23 = dz/dtM: Descent Rate [m/s]
# name 24 = T2-T190C: Temperature Difference, 2 - 1 [ITS-90, deg C]
# name 25 = depSM: Depth [salt water, m], lat = 59.9888
# name 26 = density00: Density [density, Kg/m^3]
# name 27 = density11: Density, 2 [density, Kg/m^3]
# name 28 = sal00: Salinity, Practical [PSU]
# name 29 = sal11: Salinity, Practical, 2 [PSU]
# name 30 = svCM: Sound Velocity [Chen-Millero, m/s]
# name 31 = svCM1: Sound Velocity, 2 [Chen-Millero, m/s]
# name 32 = sbeox0ML/L: Oxygen, SBE 43 [ml/l], WS = 2
# name 33 = dz/dtM: Descent Rate [m/s], WS = 2
# name 34 = T2-T190C: Temperature Difference, 2 - 1 [ITS-90, deg C]
# name 35 = flag: flag
# span 0 =     50.580,   7561.619       
# span 1 =  -39.48472,  -39.46129       
# span 2 =   59.98893,   59.99906       
# span 3 =      1.000,   2660.999       
# span 4 =      1.010,   2703.598       
# span 5 =     1.4169,     8.6129       
# span 6 =     1.4177,     8.6154       
# span 7 =   3.132965,   3.666565       
# span 8 =   3.132972,   3.667836       
# span 9 =    92.5648,    97.4822       
# span 10 =    -0.0370,     2.2559      
# span 11 =     1.6922,     2.5553      
# span 12 =       9.23,     105.35      
# span 13 =          0,         25      
# span 14 =  1027.0792,  1040.3412      
# span 15 =  1027.0842,  1040.3407      
# span 16 =    34.8481,    35.0142      
# span 17 =    34.8437,    35.0123      
# span 18 =    1471.60,    1501.75      
# span 19 =    1471.60,    1501.75      
# span 20 =     50.580,   7561.619      
# span 21 =    6.01238,    6.94033      
# span 22 =   81.49043,  102.40530      
# span 23 =     -1.959,      1.718      
# span 24 =    -0.2375,     0.0861      
# span 25 =      1.000,   2661.000      
# span 26 =  1027.0801,  1040.3412      
# span 27 =  1027.0880,  1040.3408      
# span 28 =    34.8476,    35.0185      
# span 29 =    34.8489,    35.0151      
# span 30 =    1471.60,    1501.75      
# span 31 =    1471.60,    1501.75      
# span 32 =    6.01011,    6.94310      
# span 33 =     -1.964,      1.717      
# span 34 =    -0.2375,     0.0861      
# span 35 = 0.0000e+00, 0.0000e+00      
# interval = meters: 1                  
# start_time = Aug 14 2015 19:36:17 [NMEA time, header]
# bad_flag = -9.990e-29
*END*
[from data line 4031]
   5325.570  -39.48025   59.99714   1282.999   1299.254     3.7782     3.7787   3.287339   3.287369    97.3433    -0.0234     1.9039      98.78          5  1033.7290  1033.7289    34.9318    34.9316    1487.03    1487.03   5325.570    6.04429   82.94500     -0.999     0.0005   1283.000  1033.7291  1033.7289    34.9319    34.9317    1487.03    1487.03    6.04838     -1.086     0.0005 0.0000e+00
   5326.477  -39.48024   59.99714   1281.999   1298.238     3.7789     3.7791   3.287360   3.287354    97.3399    -0.0222     1.9049      98.78          5  1033.7245  1033.7242    34.9319    34.9316    1487.02    1487.02   5326.477    6.04328   82.93257     -1.081     0.0002   1282.000  1033.7245  1033.7242    34.9319    34.9316    1487.02    1487.02    6.05171     -1.159     0.0002 0.0000e+00
   5327.325  -39.48024   59.99716   1280.999   1297.222     3.7797     3.7798   3.287402   3.287376    97.3424    -0.0239     1.9057      98.78          5  1033.7198  1033.7194    34.9320    34.9315    1487.00    1487.00   5327.325    6.04571   82.96745     -1.149     0.0002   1281.000  1033.7198  1033.7195    34.9321    34.9316    1487.00    1487.00    6.05461     -1.205     0.0002 0.0000e+00
   5328.164  -39.48024   59.99716   1279.999   1296.207     3.7802     3.7803   3.287395   3.287371    97.3400    -0.0227     1.9059      98.78          5  1033.7151  1033.7148    34.9319    34.9316    1486.99    1486.99   5328.164    6.04768   82.99555     -1.201     0.0001   1280.000  1033.7151  1033.7148    34.9320    34.9316    1486.99    1486.99    6.05460     -1.169     0.0001 0.0000e+00
   5329.087  -39.48026   59.99716   1278.999   1295.191     3.7805     3.7809   3.287390   3.287387    97.3496    -0.0228     1.9065      98.78          5  1033.7106  1033.7101    34.9321    34.9316    1486.97    1486.98   5329.087    6.05245   83.06164     -1.171     0.0004   1279.000  1033.7106  1033.7102    34.9321    34.9317    1486.97    1486.98    6.05613     -0.982     0.0004 0.0000e+00
   5330.352  -39.48026   59.99716   1277.999   1294.175     3.7809     3.7812   3.287379   3.287382    97.3400    -0.0227     1.9064      98.78          5  1033.7058  1033.7056    34.9320    34.9317    1486.96    1486.96   5330.352    6.05367   83.07925     -0.909     0.0003   1278.000  1033.7059  1033.7057    34.9321    34.9318    1486.96    1486.96    6.05483     -0.713     0.0003 0.0000e+00
   5331.804  -39.48028   59.99716   1276.999   1293.159     3.7814     3.7819   3.287379   3.287393    97.3492    -0.0234     1.9069      98.78          5  1033.7010  1033.7008    34.9319    34.9316    1486.94    1486.95   5331.804    6.05476   83.09514     -0.673     0.0005   1277.000  1033.7012  1033.7008    34.9320    34.9316    1486.94    1486.95    6.05639     -0.841     0.0005 0.0000e+00
   5332.817  -39.48028   59.99716   1275.999   1292.143     3.7819     3.7818   3.287373   3.287340    97.3423    -0.0229     1.9067      98.78          5  1033.6964  1033.6962    34.9319    34.9316    1486.93    1486.93   5332.817    6.05320   83.07476     -0.858    -0.0001   1276.000  1033.6964  1033.6962    34.9320    34.9316    1486.93    1486.93    6.05455     -1.112    -0.0001 0.0000e+00
   5333.667  -39.48028   59.99716   1274.999   1291.128     3.7826     3.7825   3.287387   3.287364    97.3437    -0.0222     1.9071      98.78          5  1033.6917  1033.6915    34.9318    34.9316    1486.91    1486.91   5333.667    6.05486   83.09885     -1.083    -0.0000   1275.000  1033.6918  1033.6915    34.9319    34.9317    1486.91    1486.91    6.05544     -1.215    -0.0000 0.0000e+00
   5334.493  -39.48028   59.99716   1273.999   1290.112     3.7829     3.7834   3.287380   3.287385    97.3439    -0.0226     1.9072      98.78          5  1033.6870  1033.6865    34.9319    34.9314    1486.90    1486.90   5334.493    6.05254   83.06773     -1.204     0.0005   1274.000  1033.6871  1033.6866    34.9319    34.9315    1486.90    1486.90    6.05472     -1.191     0.0005 0.0000e+00
   5335.381  -39.48028   59.99716   1272.999   1289.096     3.7837     3.7841   3.287426   3.287417    97.3447    -0.0235     1.9068      98.78          5  1033.6824  1033.6820    34.9320    34.9315    1486.89    1486.89   5335.381    6.05361   83.08409     -1.198     0.0004   1273.000  1033.6825  1033.6821    34.9322    34.9317    1486.89    1486.89    6.05200     -1.072     0.0004 0.0000e+00
   5336.425  -39.48028   59.99716   1271.999   1288.080     3.7847     3.7849   3.287458   3.287454    97.3474    -0.0222     1.9069      98.78          5  1033.6776  1033.6774    34.9320    34.9317    1486.87    1486.87   5336.425    6.05237   83.06902     -1.061     0.0002   1272.000  1033.6777  1033.6775    34.9321    34.9318    1486.87    1486.87    6.05178     -0.905     0.0002 0.0000e+00
   5337.643  -39.48028   59.99716   1270.999   1287.065     3.7850     3.7851   3.287447   3.287426    97.3390    -0.0226     1.9072      98.78          5  1033.6731  1033.6729    34.9320    34.9317    1486.86    1486.86   5337.643    6.05007   83.03806     -0.874     0.0001   1271.000  1033.6731  1033.6729    34.9321    34.9318    1486.86    1486.86    6.05234     -0.807     0.0001 0.0000e+00
   5338.874  -39.48028   59.99716   1269.999   1286.049     3.7860     3.7861   3.287475   3.287452    97.3457    -0.0229     1.9076      98.78          5  1033.6681  1033.6677    34.9317    34.9314    1486.84    1486.84   5338.874    6.05112   83.05438     -0.810     0.0001   1270.000  1033.6682  1033.6680    34.9319    34.9315    1486.84    1486.84    6.05284     -0.897     0.0001 0.0000e+00
   5339.919  -39.48029   59.99716   1268.999   1285.033     3.7873     3.7872   3.287517   3.287498    97.3514    -0.0236     1.9079      98.78          5  1033.6630  1033.6630    34.9313    34.9313    1486.83    1486.83   5339.919    6.05127   83.05883     -0.903    -0.0001   1269.000  1033.6631  1033.6631    34.9315    34.9314    1486.83    1486.83    6.05313     -1.058    -0.0001 0.0000e+00
   5340.817  -39.48030   59.99716   1267.999   1284.017     3.7873     3.7874   3.287478   3.287466    97.3483    -0.0235     1.9087      98.78          5  1033.6584  1033.6582    34.9314    34.9312    1486.82    1486.82   5340.817    6.05142   83.06098     -1.045     0.0001   1268.000  1033.6586  1033.6583    34.9315    34.9313    1486.82    1486.82    6.05590     -1.163     0.0001 0.0000e+00
   5341.664  -39.48030   59.99716   1266.999   1283.002     3.7871     3.7877   3.287401   3.287430    97.3466    -0.0233     1.9089      98.78          5  1033.6538  1033.6536    34.9314    34.9311    1486.80    1486.80   5341.664    6.05040   83.04649     -1.150     0.0006   1267.000  1033.6538  1033.6536    34.9314    34.9311    1486.80    1486.80    6.05584     -1.179     0.0006 0.0000e+00
   5342.551  -39.48030   59.99716   1265.999   1281.986     3.7869     3.7875   3.287342   3.287371    97.3374    -0.0236     1.9089      98.78          5  1033.6492  1033.6489    34.9313    34.9310    1486.78    1486.78   5342.551    6.05479   83.10645     -1.184     0.0006   1266.000  1033.6492  1033.6489    34.9313    34.9311    1486.78    1486.78    6.05506     -1.076     0.0006 0.0000e+00
   5343.590  -39.48030   59.99716   1264.999   1280.970     3.7869     3.7874   3.287279   3.287313    97.3382    -0.0239     1.9098      98.78          5  1033.6444  1033.6443    34.9311    34.9310    1486.76    1486.77   5343.590    6.05400   83.09542     -1.065     0.0005   1265.000  1033.6445  1033.6443    34.9312    34.9310    1486.76    1486.77    6.05830     -0.892     0.0005 0.0000e+00
   5344.876  -39.48030   59.99716   1263.999   1279.955     3.7868     3.7873   3.287221   3.287256    97.3352    -0.0223     1.9108      98.78          5  1033.6398  1033.6396    34.9311    34.9310    1486.75    1486.75   5344.876    6.05502   83.10912     -0.845     0.0005   1264.000  1033.6399  1033.6396    34.9311    34.9310    1486.75    1486.75    6.06202     -0.757     0.0005 0.0000e+00
   5346.182  -39.48032   59.99716   1262.999   1278.939     3.7868     3.7874   3.287178   3.287208    97.3400    -0.0226     1.9111      98.78          5  1033.6351  1033.6349    34.9310    34.9307    1486.73    1486.73   5346.182    6.05874   83.16023     -0.757     0.0006   1263.000  1033.6351  1033.6349    34.9310    34.9308    1486.73    1486.73    6.06241     -0.871     0.0006 0.0000e+00
   5347.225  -39.48032   59.99716   1261.999   1277.923     3.7867     3.7873   3.287122   3.287154    97.3364    -0.0225     1.9113      98.78          5  1033.6305  1033.6302    34.9310    34.9307    1486.71    1486.71   5347.225    6.06104   83.19165     -0.882     0.0006   1262.000  1033.6305  1033.6302    34.9310    34.9307    1486.71    1486.71    6.06257     -1.073     0.0006 0.0000e+00
   5348.108  -39.48032   59.99716   1260.999   1276.907     3.7865     3.7871   3.287052   3.287096    97.3347    -0.0222     1.9123      98.78          5  1033.6259  1033.6257    34.9309    34.9308    1486.69    1486.70   5348.108    6.06148   83.19720     -1.055     0.0006   1261.000  1033.6259  1033.6257    34.9309    34.9308    1486.69    1486.70    6.06615     -1.193     0.0006 0.0000e+00
   5348.936  -39.48032   59.99718   1259.999   1275.892     3.7863     3.7871   3.286983   3.287029    97.3308    -0.0241     1.9125      98.78          5  1033.6213  1033.6210    34.9309    34.9306    1486.68    1486.68   5348.936    6.06097   83.18969     -1.178     0.0008   1260.000  1033.6212  1033.6210    34.9308    34.9305    1486.68    1486.68    6.06616     -1.222     0.0008 0.0000e+00
   5349.772  -39.48032   59.99718   1258.999   1274.876     3.7867     3.7871   3.286967   3.286972    97.3400    -0.0226     1.9125      98.78          5  1033.6165  1033.6161    34.9306    34.9303    1486.66    1486.66   5349.772    6.06279   83.21536     -1.222     0.0004   1259.000  1033.6165  1033.6161    34.9307    34.9303    1486.66    1486.66    6.06555     -1.174     0.0004 0.0000e+00
   5350.682  -39.48032   59.99718   1257.999   1273.860     3.7886     3.7885   3.287070   3.287033    97.3313    -0.0228     1.9132      98.78          5  1033.6113  1033.6111    34.9303    34.9300    1486.65    1486.65   5350.682    6.06411   83.23720     -1.179    -0.0001   1258.000  1033.6115  1033.6112    34.9304    34.9301    1486.65    1486.65    6.06728     -1.050    -0.0001 0.0000e+00
   5351.732  -39.48032   59.99718   1256.999   1272.845     3.7898     3.7900   3.287122   3.287112    97.3379    -0.0230     1.9139      98.78          5  1033.6063  1033.6061    34.9301    34.9298    1486.64    1486.64   5351.732    6.06392   83.23689     -1.040     0.0002   1257.000  1033.6066  1033.6062    34.9303    34.9299    1486.64    1486.64    6.06927     -0.904     0.0002 0.0000e+00
   5352.959  -39.48032   59.99718   1255.999   1271.829     3.7912     3.7912   3.287185   3.287175    97.3375    -0.0230     1.9142      98.78          5  1033.6014  1033.6013    34.9299    34.9298    1486.63    1486.63   5352.959    6.06677   83.27862     -0.875     0.0000   1256.000  1033.6016  1033.6014    34.9301    34.9299    1486.63    1486.63    6.06964     -0.781     0.0000 0.0000e+00
   5354.313  -39.48034   59.99718   1254.999   1270.813     3.7922     3.7920   3.287224   3.287192    97.3392    -0.0230     1.9148      98.78          5  1033.5967  1033.5966    34.9299    34.9297    1486.61    1486.61   5354.313    6.06786   83.29555     -0.760    -0.0002   1255.000  1033.5968  1033.5967    34.9300    34.9298    1486.61    1486.61    6.07153     -0.780    -0.0002 0.0000e+00
   5355.500  -39.48034   59.99718   1253.999   1269.798     3.7926     3.7926   3.287230   3.287199    97.3300    -0.0237     1.9148      98.78          5  1033.5922  1033.5919    34.9300    34.9297    1486.60    1486.60   5355.500    6.06918   83.31464     -0.797     0.0000   1254.000  1033.5922  1033.5919    34.9301    34.9298    1486.60    1486.60    6.07051     -1.002     0.0000 0.0000e+00
   5356.400  -39.48034   59.99718   1252.999   1268.782     3.7930     3.7930   3.287230   3.287189    97.3321    -0.0226     1.9150      98.78          5  1033.5875  1033.5870    34.9301    34.9295    1486.58    1486.58   5356.400    6.06974   83.32315     -0.983     0.0000   1253.000  1033.5876  1033.5873    34.9303    34.9297    1486.58    1486.58    6.07034     -1.205     0.0000 0.0000e+00
   5357.198  -39.48034   59.99718   1251.999   1267.766     3.7945     3.7941   3.287303   3.287251    97.3386    -0.0243     1.9162      98.78          5  1033.5825  1033.5824    34.9299    34.9296    1486.57    1486.57   5357.198    6.06922   83.31889     -1.172    -0.0003   1252.000  1033.5826  1033.5825    34.9300    34.9298    1486.57    1486.57    6.07476     -1.279    -0.0003 0.0000e+00
   5357.997  -39.48034   59.99718   1250.999   1266.751     3.7948     3.7954   3.287301   3.287303    97.3387    -0.0233     1.9160      98.78          5  1033.5781  1033.5775    34.9301    34.9295    1486.56    1486.56   5357.997    6.06757   83.29699     -1.272     0.0006   1251.000  1033.5781  1033.5776    34.9302    34.9296    1486.56    1486.56    6.07301     -1.184     0.0006 0.0000e+00
   5358.985  -39.48034   59.99718   1249.999   1265.735     3.7954     3.7957   3.287298   3.287309    97.3502    -0.0234     1.9153      98.78          5  1033.5732  1033.5730    34.9299    34.9297    1486.54    1486.54   5358.985    6.07141   83.35086     -1.166     0.0003   1250.000  1033.5734  1033.5732    34.9300    34.9299    1486.54    1486.54    6.06923     -0.864     0.0003 0.0000e+00
   5360.566  -39.48034   59.99718   1248.999   1264.719     3.7956     3.7961   3.287277   3.287298    97.3388    -0.0231     1.9148      98.78          5  1033.5687  1033.5684    34.9300    34.9296    1486.53    1486.53   5360.566    6.06992   83.33083     -0.686     0.0006   1249.000  1033.5687  1033.5684    34.9301    34.9298    1486.53    1486.53    6.06586     -0.624     0.0006 0.0000e+00
   5361.874  -39.48035   59.99718   1247.999   1263.704     3.7956     3.7962   3.287225   3.287235    97.3482    -0.0225     1.9148      98.78          5  1033.5641  1033.5635    34.9300    34.9294    1486.51    1486.51   5361.874    6.06538   83.26846     -0.675     0.0006   1248.000  1033.5641  1033.5636    34.9300    34.9294    1486.51    1486.51    6.06506     -1.040     0.0006 0.0000e+00
   5362.718  -39.48036   59.99718   1246.999   1262.688     3.7955     3.7961   3.287174   3.287195    97.3427    -0.0223     1.9148      98.78          5  1033.5594  1033.5591    34.9300    34.9296    1486.49    1486.50   5362.718    6.06462   83.25786     -0.994     0.0006   1247.000  1033.5594  1033.5591    34.9300    34.9296    1486.49    1486.50    6.06443     -1.277     0.0006 0.0000e+00
   5363.472  -39.48036   59.99718   1245.999   1261.673     3.7956     3.7961   3.287139   3.287157    97.3426    -0.0230     1.9149      98.78          5  1033.5548  1033.5544    34.9299    34.9295    1486.48    1486.48   5363.472    6.06409   83.25072     -1.227     0.0006   1246.000  1033.5548  1033.5544    34.9300    34.9296    1486.48    1486.48    6.06416     -1.314     0.0006 0.0000e+00
   5364.258  -39.48036   59.99718   1244.999   1260.657     3.7956     3.7962   3.287100   3.287125    97.3386    -0.0223     1.9148      98.78          5  1033.5502  1033.5498    34.9300    34.9296    1486.46    1486.46   5364.258    6.06238   83.22744     -1.317     0.0006   1245.000  1033.5502  1033.5498    34.9300    34.9296    1486.46    1486.46    6.06278     -1.205     0.0006 0.0000e+00
