Ship_data/Irminger/Irminger-2/ctd/process/at30_005_SV.cnv
* Sea-Bird SBE 9 Data File:
* FileName = C:\data\ctd\at30_005.hdr
* Software Version Seasave V 7.21f
* Temperature SN = 2265
* Conductivity SN = 3021
* Number of Bytes Per Scan = 40
* Number of Voltage Words = 5
* Number of Scans Averaged by the Deck Unit = 1
* NMEA Latitude = 59 59.33 N
* NMEA Longitude = 039 27.67 W
* NMEA UTC (Time) = Aug 14 2015  19:36:17
# nquan = 15
# nvalues = 2654                        
# units = specified
# name 0 = depSM: Depth [salt water, m]
# name 1 = svCM: Sound Velocity [Chen-Millero, m/s]
# name 2 = svCM1: Sound Velocity, 2 [Chen-Millero, m/s]
# name 3 = timeS: Time, Elapsed [seconds]
# name 4 = depSM: Depth [salt water, m]
# name 5 = density00: Density [density, Kg/m^3]
# name 6 = density11: Density, 2 [density, Kg/m^3]
# name 7 = sal00: Salinity, Practical [PSU]
# name 8 = sal11: Salinity, Practical, 2 [PSU]
# name 9 = svCM: Sound Velocity [Chen-Millero, m/s]
# name 10 = svCM1: Sound Velocity, 2 [Chen-Millero, m/s]
# name 11 = sbeox0ML/L: Oxygen, SBE 43 [ml/l]
# name 12 = dz/dtM: Descent Rate [m/s]
# name 13 = T2-T190C: Temperature Difference, 2 - 1 [ITS-90, deg C]
# name 14 = flag:
# span 0 =      8.000,   2660.999       
# span 1 =    1471.60,    1501.75       
# span 2 =    1471.60,    1501.75       
# span 3 =     50.580,   3328.056       
# span 4 =      8.000,   2661.000       
# span 5 =  1027.1326,  1040.3412       
# span 6 =  1027.1278,  1040.3408       
# span 7 =    34.8476,    35.0077       
# span 8 =    34.8522,    35.0084       
# span 9 =    1471.60,    1501.75       
# span 10 =    1471.60,    1501.75      
# span 11 =    6.01011,    6.94310      
# span 12 =     -0.032,      1.717      
# span 13 =    -0.0859,     0.0240      
# span 14 = 0.0000e+00, 0.0000e+00      
# interval = meters: 1                  
# start_time = Aug 14 2015 19:36:17 [NMEA time, header]
# bad_flag = -9.990e-29
*END*
[from data line 2603]
   2610.999    1501.21    1501.22   3146.169   2611.000  1040.0576  1040.0571    34.8951    34.8947    1501.21    1501.22    6.58864      0.381     0.0012 0.0000e+00
   2611.999    1501.21    1501.21   3148.717   2612.000  1040.0630  1040.0625    34.8952    34.8947    1501.21    1501.21    6.59232      0.465     0.0009 0.0000e+00
   2612.999    1501.23    1501.23   3150.427   2613.000  1040.0691  1040.0685    34.8971    34.8964    1501.23    1501.23    6.59662      0.761     0.0006 0.0000e+00
   2613.999    1501.24    1501.24   3151.614   2614.000  1040.0740  1040.0739    34.8974    34.8972    1501.24    1501.24    6.59248      0.902     0.0007 0.0000e+00
   2614.999    1501.23    1501.23   3152.770   2615.000  1040.0792  1040.0790    34.8970    34.8968    1501.23    1501.23    6.58935      0.760     0.0004 0.0000e+00
   2615.999    1501.24    1501.25   3157.058   2616.000  1040.0840  1040.0834    34.8971    34.8966    1501.24    1501.25    6.56853      0.047     0.0012 0.0000e+00
   2616.999    1501.19    1501.19   3159.268   2617.000  1040.0897  1040.0900    34.8955    34.8961    1501.18    1501.19    6.56954      0.747     0.0016 0.0000e+00
   2617.999    1501.13    1501.14   3160.563   2618.000  1040.0963  1040.0961    34.8953    34.8951    1501.13    1501.14    6.57119      0.823     0.0009 0.0000e+00
   2618.999    1501.11    1501.12   3161.760   2619.000  1040.1018  1040.1014    34.8949    34.8947    1501.11    1501.12    6.57586      0.843     0.0008 0.0000e+00
   2619.999    1501.11    1501.12   3163.089   2620.000  1040.1067  1040.1064    34.8946    34.8944    1501.11    1501.11    6.58154      0.635     0.0008 0.0000e+00
   2620.999    1501.12    1501.12   3168.262   2621.000  1040.1118  1040.1116    34.8951    34.8944    1501.12    1501.12    6.59406      0.202    -0.0011 0.0000e+00
   2621.999    1501.07    1501.07   3171.391   2622.000  1040.1185  1040.1183    34.8946    34.8945    1501.06    1501.07    6.60422      1.002     0.0008 0.0000e+00
   2622.999    1501.05    1501.06   3172.475   2623.000  1040.1239  1040.1237    34.8945    34.8943    1501.05    1501.06    6.60894      0.815     0.0009 0.0000e+00
   2623.999    1501.07    1501.07   3176.628   2624.000  1040.1289  1040.1285    34.8949    34.8944    1501.07    1501.07    6.61226      0.145     0.0002 0.0000e+00
   2624.999    1501.06    1501.07   3180.987   2625.000  1040.1349  1040.1346    34.8957    34.8955    1501.06    1501.06    6.61906      0.583     0.0007 0.0000e+00
   2625.999    1501.05    1501.05   3182.511   2626.000  1040.1401  1040.1399    34.8954    34.8952    1501.05    1501.05    6.61943      0.651     0.0009 0.0000e+00
   2626.999    1501.03    1501.04   3186.371   2627.000  1040.1456  1040.1449    34.8949    34.8945    1501.02    1501.04    6.62449      0.149     0.0032 0.0000e+00
   2627.999    1501.01    1501.02   3190.193   2628.000  1040.1509  1040.1505    34.8945    34.8942    1501.01    1501.02    6.62845      0.470     0.0008 0.0000e+00
   2628.999    1501.00    1501.00   3192.540   2629.000  1040.1563  1040.1561    34.8942    34.8942    1501.00    1501.00    6.63086      0.476     0.0008 0.0000e+00
   2629.999    1500.99    1501.00   3194.369   2630.000  1040.1621  1040.1616    34.8949    34.8945    1500.99    1501.00    6.63282      0.539     0.0008 0.0000e+00
   2630.999    1501.00    1501.01   3198.935   2631.000  1040.1672  1040.1664    34.8951    34.8945    1501.00    1501.01    6.63074      0.121     0.0024 0.0000e+00
   2631.999    1500.97    1500.97   3202.054   2632.000  1040.1732  1040.1729    34.8949    34.8947    1500.97    1500.97    6.63335      0.492     0.0009 0.0000e+00
   2632.999    1500.95    1500.92   3205.058   2633.000  1040.1783  1040.1791    34.8944    34.8941    1500.95    1500.92    6.63025      0.289    -0.0064 0.0000e+00
   2633.999    1500.88    1500.88   3207.505   2634.000  1040.1866  1040.1863    34.8953    34.8949    1500.88    1500.88    6.63715      0.599     0.0009 0.0000e+00
   2634.999    1500.90    1500.90   3209.166   2635.000  1040.1929  1040.1923    34.8972    34.8966    1500.89    1500.90    6.63448      0.511     0.0008 0.0000e+00
   2635.999    1500.89    1500.90   3214.433   2636.000  1040.1981  1040.1978    34.8973    34.8970    1500.89    1500.90    6.61678      0.312     0.0008 0.0000e+00
   2636.999    1500.87    1500.87   3217.247   2637.000  1040.2042  1040.2041    34.8978    34.8974    1500.87    1500.87    6.61338      0.382    -0.0009 0.0000e+00
   2637.999    1500.83    1500.83   3219.674   2638.000  1040.2107  1040.2103    34.8974    34.8973    1500.83    1500.83    6.61098      0.580     0.0012 0.0000e+00
   2638.999    1500.82    1500.84   3223.052   2639.000  1040.2161  1040.2152    34.8977    34.8974    1500.82    1500.84    6.60541      0.213     0.0045 0.0000e+00
   2639.999    1500.75    1500.75   3227.221   2640.000  1040.2241  1040.2238    34.8984    34.8980    1500.75    1500.75    6.60745      0.556     0.0005 0.0000e+00
   2640.999    1500.75    1500.74   3229.194   2641.000  1040.2295  1040.2292    34.8985    34.8981    1500.75    1500.74    6.60812      0.393    -0.0007 0.0000e+00
   2641.999    1500.76    1500.76   3233.118   2642.000  1040.2344  1040.2336    34.8986    34.8979    1500.76    1500.76    6.60437      0.300     0.0012 0.0000e+00
   2642.999    1500.75    1500.75   3235.300   2643.000  1040.2404  1040.2400    34.8994    34.8988    1500.75    1500.75    6.60140      0.383    -0.0004 0.0000e+00
   2643.999    1500.72    1500.71   3238.987   2644.000  1040.2458  1040.2462    34.8988    34.8987    1500.72    1500.71    6.59969      0.272    -0.0029 0.0000e+00
   2644.999    1500.63    1500.65   3243.692   2645.000  1040.2537  1040.2531    34.8982    34.8985    1500.63    1500.65    6.60113      0.246     0.0058 0.0000e+00
   2645.999    1500.62    1500.62   3245.052   2646.000  1040.2593  1040.2588    34.8985    34.8981    1500.62    1500.62    6.60772      0.868     0.0006 0.0000e+00
   2646.999    1500.61    1500.61   3246.232   2647.000  1040.2645  1040.2644    34.8981    34.8980    1500.60    1500.61    6.60653      0.738     0.0008 0.0000e+00
   2647.999    1500.63    1500.64   3250.927   2648.000  1040.2694  1040.2684    34.8987    34.8981    1500.62    1500.64    6.60680      0.159     0.0035 0.0000e+00
   2648.999    1500.57    1500.59   3254.231   2649.000  1040.2759  1040.2753    34.8979    34.8982    1500.56    1500.59    6.61370      0.854     0.0057 0.0000e+00
   2649.999    1500.48    1500.47   3255.393   2650.000  1040.2827  1040.2839    34.8965    34.8977    1500.48    1500.47    6.61664      0.740    -0.0022 0.0000e+00
   2650.999    1500.48    1500.51   3259.761   2651.000  1040.2899  1040.2878    34.8990    34.8979    1500.48    1500.51    6.62286      0.142     0.0088 0.0000e+00
   2651.999    1500.34    1500.34   3262.992   2652.000  1040.2982  1040.2982    34.8972    34.8975    1500.33    1500.34    6.63356      0.843     0.0017 0.0000e+00
   2652.999    1500.38    1500.37   3265.601   2653.000  1040.3022  1040.3022    34.8979    34.8975    1500.38    1500.37    6.63303      0.333    -0.0023 0.0000e+00
   2653.999    1500.35    1500.36   3269.872   2654.000  1040.3085  1040.3074    34.8980    34.8971    1500.35    1500.36    6.63696      0.424     0.0030 0.0000e+00
   2654.999    1500.35    1500.35   3272.705   2655.000  1040.3135  1040.3132    34.8978    34.8974    1500.35    1500.34    6.63945      0.273    -0.0012 0.0000e+00
   2655.999    1500.35    1500.36   3275.719   2656.000  1040.3186  1040.3180    34.8979    34.8972    1500.35    1500.35    6.64260      0.641     0.0007 0.0000e+00
   2656.999    1500.37    1500.37   3277.089   2657.000  1040.3231  1040.3228    34.8978    34.8974    1500.37    1500.37    6.64257      0.648     0.0008 0.0000e+00
   2657.999    1500.39    1500.39   3281.847   2658.000  1040.3276  1040.3270    34.8978    34.8973    1500.39    1500.39    6.64206      0.179     0.0010 0.0000e+00
   2658.999    1500.40    1500.40   3284.622   2659.000  1040.3324  1040.3320    34.8977    34.8974    1500.40    1500.40    6.64304      0.713     0.0008 0.0000e+00
   2659.999    1500.42    1500.42   3290.293   2660.000  1040.3368  1040.3363    34.8977    34.8972    1500.42    1500.42    6.64234      0.166     0.0012 0.0000e+00
   2660.999    1500.43    1500.43   3328.056   2661.000  1040.3412  1040.3408    34.8975    34.8970    1500.43    1500.43    6.63849     -0.019     0.0006 0.0000e+00
