Ship_data/Irminger/Irminger-2/ctd/process/at30_006_SV.cnv
* Sea-Bird SBE 9 Data File:
* FileName = C:\data\ctd\at30_006.hdr
* Software Version Seasave V 7.21f
* Temperature SN = 2265
* Conductivity SN = 3021
* Number of Bytes Per Scan = 40
* Number of Voltage Words = 5
* Number of Scans Averaged by the Deck Unit = 1
* NMEA Latitude = 59 51.06 N
* NMEA Longitude = 039 05.71 W
* NMEA UTC (Time) = Aug 17 2015  17:02:11
# nquan = 15
# nvalues = 1001                        
# units = specified
# name 0 = depSM: Depth [salt water, m]
# name 1 = svCM: Sound Velocity [Chen-Millero, m/s]
# name 2 = svCM1: Sound Velocity, 2 [Chen-Millero, m/s]
# name 3 = timeS: Time, Elapsed [seconds]
# name 4 = depSM: Depth [salt water, m]
# name 5 = density00: Density [density, Kg/m^3]
# name 6 = density11: Density, 2 [density, Kg/m^3]
# name 7 = sal00: Salinity, Practical [PSU]
# name 8 = sal11: Salinity, Practical, 2 [PSU]
# name 9 = svCM: Sound Velocity [Chen-Millero, m/s]
# name 10 = svCM1: Sound Velocity, 2 [Chen-Millero, m/s]
# name 11 = sbeox0ML/L: Oxygen, SBE 43 [ml/l]
# name 12 = dz/dtM: Descent Rate [m/s]
# name 13 = T2-T190C: Temperature Difference, 2 - 1 [ITS-90, deg C]
# name 14 = flag:
# span 0 =      1.000,   1001.000       
# span 1 =    1469.68,    1484.76       
# span 2 =    1469.68,    1484.78       
# span 3 =     -0.063,   1485.541       
# span 4 =      1.000,   1001.000       
# span 5 =  1027.0876,  1032.4091       
# span 6 =  1027.0873,  1032.4088       
# span 7 =    34.8592,    34.9195       
# span 8 =    34.8672,    34.9208       
# span 9 =    1469.68,    1484.76       
# span 10 =    1469.68,    1484.78      
# span 11 =    6.46850,    6.92407      
# span 12 =     -0.025,      1.676      
# span 13 =    -0.1145,     0.0626      
# span 14 = 0.0000e+00, 0.0000e+00      
# interval = meters: 1                  
# start_time = Aug 17 2015 17:02:11 [NMEA time, header]
# bad_flag = -9.990e-29
*END*
[from data line 193]
    194.000    1469.74    1469.74    468.795    194.000  1028.6249  1028.6251    34.9105    34.9108    1469.74    1469.74    6.47820      0.969    -0.0002 0.0000e+00
    195.000    1469.76    1469.77    470.939    195.000  1028.6292  1028.6296    34.9102    34.9109    1469.76    1469.77    6.48150      0.370     0.0001 0.0000e+00
    196.000    1469.78    1469.78    473.783    196.000  1028.6342  1028.6348    34.9107    34.9114    1469.78    1469.78    6.48449      0.659    -0.0000 0.0000e+00
    197.000    1469.78    1469.78    475.211    197.000  1028.6393  1028.6398    34.9107    34.9113    1469.78    1469.78    6.48304      0.614     0.0003 0.0000e+00
    198.000    1469.79    1469.79    477.236    198.000  1028.6439  1028.6445    34.9102    34.9110    1469.78    1469.79    6.48781      0.492     0.0001 0.0000e+00
    199.000    1469.78    1469.78    478.915    199.000  1028.6488  1028.6497    34.9096    34.9106    1469.77    1469.78    6.48637      0.702    -0.0000 0.0000e+00
    200.000    1469.77    1469.76    480.651    200.000  1028.6541  1028.6547    34.9095    34.9100    1469.77    1469.76    6.48510      0.448    -0.0021 0.0000e+00
    201.000    1469.76    1469.76    483.222    201.000  1028.6588  1028.6594    34.9089    34.9095    1469.76    1469.76    6.48598      0.550    -0.0010 0.0000e+00
    202.000    1469.77    1469.77    484.531    202.000  1028.6641  1028.6644    34.9093    34.9098    1469.77    1469.77    6.48563      0.885    -0.0001 0.0000e+00
    203.000    1469.79    1469.79    485.593    203.000  1028.6691  1028.6694    34.9097    34.9101    1469.79    1469.79    6.48303      0.955     0.0001 0.0000e+00
    204.000    1469.82    1469.82    486.672    204.000  1028.6741  1028.6743    34.9105    34.9108    1469.82    1469.82    6.47713      0.884     0.0001 0.0000e+00
    205.000    1469.84    1469.84    487.934    205.000  1028.6787  1028.6792    34.9108    34.9113    1469.84    1469.84    6.47492      0.726    -0.0000 0.0000e+00
    206.000    1469.84    1469.84    489.534    206.000  1028.6829  1028.6837    34.9093    34.9107    1469.83    1469.84    6.47999      0.593     0.0016 0.0000e+00
    207.000    1469.77    1469.77    491.165    207.000  1028.6876  1028.6888    34.9066    34.9083    1469.76    1469.77    6.48894      0.705     0.0004 0.0000e+00
    208.000    1469.71    1469.72    492.447    208.000  1028.6931  1028.6937    34.9053    34.9065    1469.71    1469.72    6.49574      0.846     0.0032 0.0000e+00
    209.000    1469.78    1469.77    493.608    209.000  1028.6996  1028.6990    34.9092    34.9083    1469.78    1469.77    6.49214      0.853    -0.0014 0.0000e+00
    210.000    1469.82    1469.82    494.804    210.000  1028.7034  1028.7039    34.9087    34.9093    1469.82    1469.82    6.49256      0.878     0.0002 0.0000e+00
    211.000    1469.84    1469.84    495.895    211.000  1028.7083  1028.7085    34.9090    34.9095    1469.84    1469.84    6.49319      0.990     0.0001 0.0000e+00
    212.000    1469.85    1469.85    496.864    212.000  1028.7129  1028.7135    34.9089    34.9097    1469.85    1469.85    6.49400      1.055    -0.0001 0.0000e+00
    213.000    1469.85    1469.85    497.823    213.000  1028.7179  1028.7185    34.9086    34.9094    1469.85    1469.85    6.49677      1.017    -0.0001 0.0000e+00
    214.000    1469.84    1469.84    498.865    214.000  1028.7228  1028.7235    34.9082    34.9092    1469.84    1469.84    6.49788      0.937     0.0001 0.0000e+00
    215.000    1469.84    1469.84    499.965    215.000  1028.7279  1028.7284    34.9083    34.9089    1469.84    1469.84    6.50029      0.922     0.0001 0.0000e+00
    216.000    1469.86    1469.86    501.051    216.000  1028.7327  1028.7332    34.9082    34.9089    1469.86    1469.86    6.50040      0.952     0.0000 0.0000e+00
    217.000    1469.86    1469.86    502.085    217.000  1028.7373  1028.7379    34.9077    34.9086    1469.86    1469.86    6.50085      1.031    -0.0000 0.0000e+00
    218.000    1469.87    1469.87    503.007    218.000  1028.7423  1028.7427    34.9079    34.9085    1469.87    1469.87    6.50191      1.151     0.0001 0.0000e+00
    219.000    1469.88    1469.88    503.852    219.000  1028.7468  1028.7476    34.9076    34.9085    1469.88    1469.88    6.49962      1.210    -0.0001 0.0000e+00
    220.000    1469.88    1469.88    504.691    220.000  1028.7515  1028.7523    34.9068    34.9080    1469.87    1469.88    6.49932      1.099    -0.0000 0.0000e+00
    221.000    1469.88    1469.88    505.785    221.000  1028.7566  1028.7572    34.9070    34.9077    1469.88    1469.88    6.50287      0.790    -0.0001 0.0000e+00
    222.000    1469.89    1469.89    507.294    222.000  1028.7614  1028.7618    34.9070    34.9076    1469.89    1469.89    6.50742      0.693     0.0001 0.0000e+00
    223.000    1469.91    1469.91    508.547    223.000  1028.7662  1028.7667    34.9071    34.9078    1469.91    1469.91    6.51356      0.970     0.0000 0.0000e+00
    224.000    1469.91    1469.92    509.468    224.000  1028.7704  1028.7714    34.9062    34.9075    1469.91    1469.92    6.51344      1.199     0.0002 0.0000e+00
    225.000    1469.90    1469.90    510.252    225.000  1028.7760  1028.7767    34.9062    34.9070    1469.89    1469.89    6.51198      1.310    -0.0001 0.0000e+00
    226.000    1469.90    1469.90    511.015    226.000  1028.7810  1028.7815    34.9062    34.9068    1469.90    1469.90    6.51092      1.262     0.0001 0.0000e+00
    227.000    1469.91    1469.91    511.882    227.000  1028.7858  1028.7863    34.9061    34.9067    1469.91    1469.91    6.51270      1.032    -0.0001 0.0000e+00
    228.000    1469.93    1469.93    513.081    228.000  1028.7903  1028.7908    34.9060    34.9067    1469.93    1469.93    6.51562      0.755     0.0001 0.0000e+00
    229.000    1469.94    1469.95    514.458    229.000  1028.7949  1028.7955    34.9059    34.9066    1469.94    1469.94    6.51957      0.829    -0.0001 0.0000e+00
    230.000    1469.95    1469.95    515.525    230.000  1028.7999  1028.8004    34.9059    34.9065    1469.95    1469.95    6.52210      1.109    -0.0000 0.0000e+00
    231.000    1469.96    1469.96    516.339    231.000  1028.8047  1028.8052    34.9058    34.9064    1469.96    1469.96    6.51913      1.292     0.0001 0.0000e+00
    232.000    1469.97    1469.98    517.089    232.000  1028.8096  1028.8099    34.9059    34.9064    1469.97    1469.97    6.51864      1.334     0.0001 0.0000e+00
    233.000    1469.99    1469.99    517.855    233.000  1028.8142  1028.8147    34.9058    34.9064    1469.99    1469.99    6.51938      1.218    -0.0001 0.0000e+00
    234.000    1470.00    1470.00    518.796    234.000  1028.8192  1028.8197    34.9060    34.9066    1470.00    1470.00    6.52021      0.961    -0.0003 0.0000e+00
    235.000    1470.02    1470.02    519.995    235.000  1028.8237  1028.8243    34.9059    34.9066    1470.02    1470.02    6.52005      0.808     0.0000 0.0000e+00
    236.000    1470.03    1470.03    521.248    236.000  1028.8285  1028.8291    34.9059    34.9065    1470.03    1470.03    6.52055      0.823     0.0001 0.0000e+00
    237.000    1470.02    1470.03    522.444    237.000  1028.8329  1028.8340    34.9048    34.9060    1470.02    1470.02    6.52212      0.863     0.0001 0.0000e+00
    238.000    1469.99    1470.00    523.601    238.000  1028.8383  1028.8390    34.9041    34.9050    1469.99    1469.99    6.52671      0.888    -0.0001 0.0000e+00
    239.000    1469.99    1469.99    524.708    239.000  1028.8433  1028.8439    34.9038    34.9047    1469.99    1469.99    6.52822      0.984     0.0005 0.0000e+00
    240.000    1469.98    1469.98    525.658    240.000  1028.8478  1028.8488    34.9030    34.9042    1469.98    1469.98    6.52715      1.168    -0.0002 0.0000e+00
    241.000    1469.98    1469.98    526.460    241.000  1028.8530  1028.8536    34.9029    34.9036    1469.98    1469.98    6.52334      1.315    -0.0001 0.0000e+00
    242.000    1469.99    1469.99    527.197    242.000  1028.8579  1028.8583    34.9030    34.9035    1469.99    1469.99    6.52084      1.338     0.0001 0.0000e+00
    243.000    1470.01    1470.01    527.978    243.000  1028.8625  1028.8630    34.9030    34.9035    1470.01    1470.01    6.52226      1.182    -0.0000 0.0000e+00
    244.000    1470.02    1470.02    529.004    244.000  1028.8672  1028.8677    34.9029    34.9035    1470.02    1470.02    6.52233      0.840     0.0002 0.0000e+00
    245.000    1470.04    1470.04    530.505    245.000  1028.8719  1028.8722    34.9030    34.9034    1470.04    1470.04    6.52698      0.655     0.0002 0.0000e+00
    246.000    1470.06    1470.06    531.875    246.000  1028.8767  1028.8771    34.9031    34.9036    1470.06    1470.06    6.53219      0.923     0.0003 0.0000e+00
    247.000    1470.08    1470.08    532.810    247.000  1028.8818  1028.8820    34.9039    34.9040    1470.08    1470.08    6.53167      1.194    -0.0001 0.0000e+00
    248.000    1470.12    1470.12    533.595    248.000  1028.8866  1028.8867    34.9045    34.9047    1470.12    1470.12    6.52658      1.310     0.0005 0.0000e+00
    249.000    1470.14    1470.14    534.355    249.000  1028.8911  1028.8915    34.9045    34.9049    1470.14    1470.14    6.52585      1.267    -0.0005 0.0000e+00
    250.000    1470.14    1470.14    535.206    250.000  1028.8950  1028.8961    34.9031    34.9045    1470.14    1470.14    6.52678      1.104     0.0006 0.0000e+00
    251.000    1470.12    1470.12    536.227    251.000  1028.9004  1028.9011    34.9026    34.9035    1470.11    1470.12    6.52978      0.920     0.0002 0.0000e+00
    252.000    1470.12    1470.12    537.437    252.000  1028.9055  1028.9059    34.9028    34.9033    1470.12    1470.12    6.52818      0.796     0.0002 0.0000e+00
    253.000    1470.14    1470.14    538.715    253.000  1028.9103  1028.9106    34.9031    34.9036    1470.14    1470.14    6.53226      0.849     0.0000 0.0000e+00
    254.000    1470.16    1470.16    539.805    254.000  1028.9148  1028.9154    34.9030    34.9036    1470.16    1470.16    6.53052      1.033     0.0001 0.0000e+00
    255.000    1470.17    1470.17    540.709    255.000  1028.9197  1028.9202    34.9030    34.9037    1470.17    1470.17    6.53030      1.157    -0.0001 0.0000e+00
    256.000    1470.18    1470.19    541.556    256.000  1028.9244  1028.9248    34.9030    34.9035    1470.18    1470.19    6.53015      1.171     0.0002 0.0000e+00
    257.000    1470.19    1470.20    542.447    257.000  1028.9291  1028.9296    34.9026    34.9033    1470.19    1470.19    6.53176      1.079     0.0004 0.0000e+00
    258.000    1470.20    1470.21    543.446    258.000  1028.9338  1028.9343    34.9026    34.9032    1470.20    1470.20    6.53267      0.956     0.0002 0.0000e+00
    259.000    1470.22    1470.22    544.594    259.000  1028.9385  1028.9390    34.9025    34.9031    1470.22    1470.22    6.53160      0.819     0.0001 0.0000e+00
    260.000    1470.21    1470.21    545.905    260.000  1028.9431  1028.9440    34.9017    34.9027    1470.21    1470.21    6.53180      0.806     0.0001 0.0000e+00
    261.000    1470.20    1470.20    547.032    261.000  1028.9484  1028.9490    34.9014    34.9022    1470.20    1470.20    6.53222      1.061    -0.0000 0.0000e+00
    262.000    1470.20    1470.20    547.875    262.000  1028.9534  1028.9539    34.9014    34.9019    1470.20    1470.20    6.53052      1.302    -0.0003 0.0000e+00
    263.000    1470.23    1470.23    548.597    263.000  1028.9584  1028.9586    34.9021    34.9024    1470.23    1470.23    6.52367      1.374     0.0007 0.0000e+00
    264.000    1470.25    1470.25    549.338    264.000  1028.9629  1028.9634    34.9019    34.9025    1470.25    1470.25    6.52317      1.247     0.0001 0.0000e+00
    265.000    1470.26    1470.26    550.282    265.000  1028.9677  1028.9680    34.9019    34.9025    1470.26    1470.26    6.52251      0.934     0.0001 0.0000e+00
    266.000    1470.27    1470.27    551.581    266.000  1028.9723  1028.9727    34.9017    34.9022    1470.27    1470.27    6.52555      0.751     0.0002 0.0000e+00
    267.000    1470.29    1470.29    552.891    267.000  1028.9772  1028.9774    34.9019    34.9023    1470.29    1470.29    6.52233      0.864     0.0005 0.0000e+00
    268.000    1470.31    1470.31    553.944    268.000  1028.9819  1028.9823    34.9022    34.9025    1470.31    1470.31    6.52341      1.040    -0.0001 0.0000e+00
    269.000    1470.34    1470.34    554.868    269.000  1028.9867  1028.9871    34.9027    34.9030    1470.34    1470.34    6.52098      1.084     0.0000 0.0000e+00
    270.000    1470.37    1470.37    555.819    270.000  1028.9916  1028.9917    34.9034    34.9036    1470.37    1470.37    6.52230      1.035     0.0001 0.0000e+00
    271.000    1470.39    1470.39    556.824    271.000  1028.9961  1028.9965    34.9033    34.9038    1470.39    1470.39    6.52854      0.995     0.0001 0.0000e+00
    272.000    1470.41    1470.41    557.845    272.000  1029.0007  1029.0011    34.9034    34.9038    1470.41    1470.41    6.53327      0.996     0.0001 0.0000e+00
    273.000    1470.50    1470.49    558.849    273.000  1029.0088  1029.0065    34.9101    34.9067    1470.51    1470.49    6.53749      1.034    -0.0029 0.0000e+00
    274.000    1470.62    1470.62    559.798    274.000  1029.0111  1029.0116    34.9102    34.9107    1470.62    1470.62    6.53621      1.077    -0.0001 0.0000e+00
    275.000    1470.64    1470.64    560.729    275.000  1029.0159  1029.0162    34.9103    34.9108    1470.64    1470.64    6.53632      1.080     0.0002 0.0000e+00
    276.000    1470.65    1470.65    561.684    276.000  1029.0205  1029.0210    34.9101    34.9108    1470.65    1470.65    6.53669      1.009    -0.0002 0.0000e+00
    277.000    1470.66    1470.66    562.754    277.000  1029.0251  1029.0258    34.9097    34.9105    1470.66    1470.66    6.53776      0.898     0.0002 0.0000e+00
    278.000    1470.66    1470.66    563.925    278.000  1029.0300  1029.0305    34.9097    34.9103    1470.66    1470.67    6.53952      0.874     0.0000 0.0000e+00
    279.000    1470.68    1470.68    565.035    279.000  1029.0347  1029.0350    34.9096    34.9102    1470.68    1470.68    6.54215      0.974     0.0003 0.0000e+00
    280.000    1470.69    1470.69    566.013    280.000  1029.0393  1029.0398    34.9094    34.9101    1470.69    1470.69    6.54574      1.084     0.0002 0.0000e+00
    281.000    1470.70    1470.71    566.911    281.000  1029.0439  1029.0446    34.9093    34.9101    1470.70    1470.71    6.54739      1.141     0.0003 0.0000e+00
    282.000    1470.71    1470.72    567.794    282.000  1029.0487  1029.0491    34.9091    34.9096    1470.71    1470.72    6.54917      1.110     0.0004 0.0000e+00
    283.000    1470.73    1470.73    568.749    283.000  1029.0532  1029.0537    34.9089    34.9094    1470.73    1470.73    6.55134      1.002    -0.0004 0.0000e+00
    284.000    1470.74    1470.74    569.837    284.000  1029.0580  1029.0583    34.9086    34.9093    1470.74    1470.74    6.55280      0.870     0.0007 0.0000e+00
    285.000    1470.74    1470.74    571.096    285.000  1029.0624  1029.0631    34.9079    34.9086    1470.74    1470.73    6.55281      0.765    -0.0013 0.0000e+00
    286.000    1470.71    1470.71    572.425    286.000  1029.0673  1029.0680    34.9066    34.9074    1470.71    1470.71    6.55629      0.821    -0.0002 0.0000e+00
    287.000    1470.70    1470.70    573.528    287.000  1029.0725  1029.0729    34.9066    34.9070    1470.70    1470.70    6.55665      1.073    -0.0000 0.0000e+00
    288.000    1470.72    1470.72    574.363    288.000  1029.0771  1029.0775    34.9065    34.9070    1470.72    1470.72    6.55947      1.329     0.0000 0.0000e+00
    289.000    1470.73    1470.73    575.065    289.000  1029.0820  1029.0824    34.9066    34.9071    1470.73    1470.73    6.56000      1.494    -0.0000 0.0000e+00
