Ship_data/Irminger/Irminger-2/ctd/process/at30_011_SV.cnv
* Sea-Bird SBE 9 Data File:
* FileName = C:\data\ctd\at30_011.hdr
* Software Version Seasave V 7.21f
* Temperature SN = 2265
* Conductivity SN = 3021
* Number of Bytes Per Scan = 40
* Number of Voltage Words = 5
* Number of Scans Averaged by the Deck Unit = 1
* NMEA Latitude = 59 41.19 N
* NMEA Longitude = 039 21.93 W
* NMEA UTC (Time) = Aug 21 2015  19:14:51
** cal val post deployment at FLMB2
# nquan = 15
# nvalues = 2810                        
# units = specified
# name 0 = depSM: Depth [salt water, m]
# name 1 = svCM: Sound Velocity [Chen-Millero, m/s]
# name 2 = svCM1: Sound Velocity, 2 [Chen-Millero, m/s]
# name 3 = timeS: Time, Elapsed [seconds]
# name 4 = depSM: Depth [salt water, m]
# name 5 = density00: Density [density, Kg/m^3]
# name 6 = density11: Density, 2 [density, Kg/m^3]
# name 7 = sal00: Salinity, Practical [PSU]
# name 8 = sal11: Salinity, Practical, 2 [PSU]
# name 9 = svCM: Sound Velocity [Chen-Millero, m/s]
# name 10 = svCM1: Sound Velocity, 2 [Chen-Millero, m/s]
# name 11 = sbeox0ML/L: Oxygen, SBE 43 [ml/l]
# name 12 = dz/dtM: Descent Rate [m/s]
# name 13 = T2-T190C: Temperature Difference, 2 - 1 [ITS-90, deg C]
# name 14 = flag:
# span 0 =      2.000,   2811.000       
# span 1 =    1469.10,    1503.53       
# span 2 =    1469.11,    1503.53       
# span 3 =     30.320,   3392.229       
# span 4 =      2.000,   2811.000       
# span 5 =  1027.0731,  1041.0105       
# span 6 =  1027.0732,  1041.0100       
# span 7 =    34.8341,    34.9384       
# span 8 =    34.8459,    34.9405       
# span 9 =    1469.10,    1503.53       
# span 10 =    1469.10,    1503.53      
# span 11 =    6.00379,    7.01181      
# span 12 =     -0.023,      1.738      
# span 13 =    -0.2827,     0.0288      
# span 14 = 0.0000e+00, 0.0000e+00      
# interval = meters: 1                  
# start_time = Aug 21 2015 19:14:51 [NMEA time, header]
# bad_flag = -9.990e-29
*END*
[from data line 1543]
   1545.000    1490.44    1490.44   1926.330   1545.000  1034.9623  1034.9623    34.9261    34.9262    1490.44    1490.44    6.02140      0.948     0.0003 0.0000e+00
   1546.000    1490.45    1490.46   1927.226   1546.000  1034.9673  1034.9669    34.9263    34.9261    1490.45    1490.46    6.02249      1.285     0.0002 0.0000e+00
   1547.000    1490.47    1490.47   1927.947   1547.000  1034.9716  1034.9716    34.9260    34.9261    1490.47    1490.47    6.02089      1.439     0.0004 0.0000e+00
   1548.000    1490.47    1490.48   1928.637   1548.000  1034.9763  1034.9763    34.9256    34.9258    1490.47    1490.48    6.02072      1.404     0.0004 0.0000e+00
   1549.000    1490.48    1490.49   1929.413   1549.000  1034.9812  1034.9811    34.9257    34.9257    1490.48    1490.49    6.02128      1.163     0.0004 0.0000e+00
   1550.000    1490.50    1490.50   1930.531   1550.000  1034.9857  1034.9856    34.9255    34.9255    1490.50    1490.50    6.02288      0.749     0.0004 0.0000e+00
   1551.000    1490.51    1490.52   1932.125   1551.000  1034.9904  1034.9902    34.9255    34.9255    1490.51    1490.52    6.02207      0.734     0.0003 0.0000e+00
   1552.000    1490.53    1490.53   1933.221   1552.000  1034.9951  1034.9951    34.9255    34.9256    1490.52    1490.53    6.02312      1.093     0.0004 0.0000e+00
   1553.000    1490.54    1490.54   1934.061   1553.000  1035.0002  1035.0000    34.9261    34.9257    1490.54    1490.54    6.02065      1.256     0.0004 0.0000e+00
   1554.000    1490.56    1490.56   1934.853   1554.000  1035.0049  1035.0048    34.9262    34.9260    1490.56    1490.56    6.01946      1.236     0.0005 0.0000e+00
   1555.000    1490.57    1490.57   1935.729   1555.000  1035.0096  1035.0095    34.9262    34.9261    1490.57    1490.57    6.01926      1.076     0.0004 0.0000e+00
   1556.000    1490.59    1490.59   1936.794   1556.000  1035.0143  1035.0142    34.9262    34.9262    1490.59    1490.59    6.01735      0.873     0.0004 0.0000e+00
   1557.000    1490.60    1490.60   1938.072   1557.000  1035.0190  1035.0190    34.9264    34.9264    1490.60    1490.60    6.02156      0.786     0.0003 0.0000e+00
   1558.000    1490.62    1490.62   1939.300   1558.000  1035.0238  1035.0237    34.9268    34.9266    1490.62    1490.62    6.02263      0.930     0.0003 0.0000e+00
   1559.000    1490.63    1490.63   1940.283   1559.000  1035.0284  1035.0284    34.9264    34.9265    1490.63    1490.63    6.02377      1.139     0.0003 0.0000e+00
   1560.000    1490.65    1490.65   1941.107   1560.000  1035.0332  1035.0331    34.9266    34.9264    1490.65    1490.65    6.02342      1.282     0.0004 0.0000e+00
   1561.000    1490.67    1490.67   1941.873   1561.000  1035.0381  1035.0377    34.9270    34.9267    1490.67    1490.67    6.02289      1.306     0.0004 0.0000e+00
   1562.000    1490.68    1490.69   1942.670   1562.000  1035.0426  1035.0424    34.9270    34.9269    1490.68    1490.69    6.02405      1.206     0.0004 0.0000e+00
   1563.000    1490.70    1490.70   1943.596   1563.000  1035.0471  1035.0469    34.9269    34.9267    1490.70    1490.70    6.02547      0.999     0.0005 0.0000e+00
   1564.000    1490.72    1490.72   1944.755   1564.000  1035.0518  1035.0515    34.9269    34.9268    1490.72    1490.72    6.02730      0.840     0.0004 0.0000e+00
   1565.000    1490.74    1490.74   1945.954   1565.000  1035.0562  1035.0562    34.9268    34.9268    1490.74    1490.74    6.02966      0.929     0.0005 0.0000e+00
   1566.000    1490.75    1490.75   1946.952   1566.000  1035.0609  1035.0605    34.9270    34.9266    1490.75    1490.75    6.02929      1.082     0.0005 0.0000e+00
   1567.000    1490.76    1490.76   1947.845   1567.000  1035.0653  1035.0654    34.9263    34.9264    1490.76    1490.76    6.03023      1.150     0.0000 0.0000e+00
   1568.000    1490.77    1490.77   1948.729   1568.000  1035.0701  1035.0701    34.9261    34.9262    1490.77    1490.77    6.03047      1.099     0.0004 0.0000e+00
   1569.000    1490.77    1490.77   1949.724   1569.000  1035.0751  1035.0750    34.9261    34.9260    1490.77    1490.77    6.03204      0.955     0.0005 0.0000e+00
   1570.000    1490.79    1490.79   1950.881   1570.000  1035.0797  1035.0795    34.9261    34.9259    1490.79    1490.79    6.03349      0.848     0.0005 0.0000e+00
   1571.000    1490.78    1490.78   1952.081   1571.000  1035.0844  1035.0844    34.9251    34.9252    1490.78    1490.78    6.03329      0.889     0.0004 0.0000e+00
   1572.000    1490.78    1490.79   1953.162   1572.000  1035.0894  1035.0894    34.9252    34.9252    1490.78    1490.78    6.03177      0.977     0.0005 0.0000e+00
   1573.000    1490.79    1490.79   1954.177   1573.000  1035.0944  1035.0941    34.9253    34.9251    1490.79    1490.79    6.02789      1.024     0.0004 0.0000e+00
   1574.000    1490.81    1490.81   1955.145   1574.000  1035.0989  1035.0989    34.9253    34.9252    1490.81    1490.81    6.02815      1.084     0.0004 0.0000e+00
   1575.000    1490.82    1490.82   1956.051   1575.000  1035.1035  1035.1034    34.9252    34.9250    1490.82    1490.82    6.02715      1.166     0.0005 0.0000e+00
   1576.000    1490.84    1490.84   1956.892   1576.000  1035.1082  1035.1080    34.9251    34.9251    1490.84    1490.84    6.02580      1.244     0.0004 0.0000e+00
   1577.000    1490.85    1490.85   1957.689   1577.000  1035.1129  1035.1127    34.9252    34.9249    1490.85    1490.85    6.02508      1.246     0.0005 0.0000e+00
   1578.000    1490.86    1490.86   1958.534   1578.000  1035.1177  1035.1174    34.9252    34.9250    1490.86    1490.86    6.02390      1.102     0.0004 0.0000e+00
   1579.000    1490.88    1490.88   1959.622   1579.000  1035.1223  1035.1221    34.9251    34.9249    1490.88    1490.88    6.02392      0.802     0.0004 0.0000e+00
   1580.000    1490.89    1490.89   1961.121   1580.000  1035.1268  1035.1267    34.9249    34.9248    1490.89    1490.89    6.02447      0.710     0.0004 0.0000e+00
   1581.000    1490.90    1490.90   1962.314   1581.000  1035.1321  1035.1317    34.9255    34.9251    1490.90    1490.90    6.02401      1.013     0.0005 0.0000e+00
   1582.000    1490.92    1490.92   1963.214   1582.000  1035.1368  1035.1366    34.9256    34.9254    1490.92    1490.92    6.02463      1.206     0.0005 0.0000e+00
   1583.000    1490.93    1490.93   1964.015   1583.000  1035.1414  1035.1412    34.9253    34.9252    1490.93    1490.93    6.02469      1.295     0.0005 0.0000e+00
   1584.000    1490.94    1490.94   1964.786   1584.000  1035.1462  1035.1460    34.9255    34.9251    1490.94    1490.94    6.02364      1.313     0.0004 0.0000e+00
   1585.000    1490.96    1490.96   1965.573   1585.000  1035.1508  1035.1506    34.9254    34.9253    1490.96    1490.96    6.02434      1.228     0.0004 0.0000e+00
   1586.000    1490.97    1490.97   1966.467   1586.000  1035.1554  1035.1552    34.9254    34.9252    1490.97    1490.97    6.02280      1.025     0.0005 0.0000e+00
   1587.000    1490.99    1490.99   1967.758   1587.000  1035.1599  1035.1597    34.9252    34.9251    1490.99    1490.99    6.02362      0.635     0.0005 0.0000e+00
   1588.000    1491.00    1491.00   1969.599   1588.000  1035.1646  1035.1644    34.9252    34.9251    1491.00    1491.00    6.02495      0.689     0.0004 0.0000e+00
   1589.000    1491.02    1491.02   1970.721   1589.000  1035.1693  1035.1691    34.9254    34.9251    1491.02    1491.02    6.02630      1.074     0.0005 0.0000e+00
   1590.000    1491.03    1491.03   1971.568   1590.000  1035.1740  1035.1738    34.9250    34.9251    1491.03    1491.03    6.02663      1.275     0.0003 0.0000e+00
   1591.000    1491.03    1491.03   1972.325   1591.000  1035.1786  1035.1787    34.9245    34.9247    1491.03    1491.03    6.02622      1.353     0.0004 0.0000e+00
   1592.000    1491.03    1491.04   1973.074   1592.000  1035.1837  1035.1836    34.9248    34.9247    1491.03    1491.04    6.02694      1.311     0.0003 0.0000e+00
   1593.000    1491.05    1491.05   1973.883   1593.000  1035.1885  1035.1885    34.9248    34.9248    1491.05    1491.05    6.02585      1.192     0.0004 0.0000e+00
   1594.000    1491.06    1491.06   1974.793   1594.000  1035.1934  1035.1931    34.9250    34.9248    1491.06    1491.06    6.02647      1.093     0.0004 0.0000e+00
   1595.000    1491.08    1491.08   1975.736   1595.000  1035.1981  1035.1978    34.9252    34.9249    1491.08    1491.08    6.02562      1.107     0.0005 0.0000e+00
   1596.000    1491.09    1491.10   1976.620   1596.000  1035.2029  1035.2025    34.9255    34.9251    1491.09    1491.10    6.02269      1.186     0.0005 0.0000e+00
   1597.000    1491.11    1491.11   1977.454   1597.000  1035.2078  1035.2075    34.9258    34.9256    1491.11    1491.11    6.02247      1.209     0.0005 0.0000e+00
   1598.000    1491.12    1491.12   1978.318   1598.000  1035.2125  1035.2123    34.9258    34.9256    1491.12    1491.12    6.02217      1.068     0.0005 0.0000e+00
   1599.000    1491.14    1491.14   1979.836   1599.000  1035.2169  1035.2168    34.9256    34.9254    1491.14    1491.14    6.02056      0.508     0.0002 0.0000e+00
   1600.000    1491.15    1491.16   1982.588   1600.000  1035.2214  1035.2213    34.9253    34.9253    1491.15    1491.16    6.02250      0.709     0.0005 0.0000e+00
   1601.000    1491.15    1491.15   1983.417   1601.000  1035.2268  1035.2268    34.9256    34.9256    1491.15    1491.15    6.02247      1.285     0.0005 0.0000e+00
   1602.000    1491.16    1491.16   1984.114   1602.000  1035.2317  1035.2316    34.9255    34.9255    1491.16    1491.16    6.02246      1.532     0.0004 0.0000e+00
   1603.000    1491.17    1491.17   1984.743   1603.000  1035.2367  1035.2363    34.9258    34.9255    1491.17    1491.17    6.02349      1.654     0.0003 0.0000e+00
   1604.000    1491.19    1491.19   1985.339   1604.000  1035.2412  1035.2410    34.9257    34.9255    1491.19    1491.19    6.02189      1.669     0.0004 0.0000e+00
   1605.000    1491.20    1491.21   1985.951   1605.000  1035.2460  1035.2457    34.9259    34.9257    1491.20    1491.20    6.02080      1.580     0.0005 0.0000e+00
   1606.000    1491.22    1491.22   1986.633   1606.000  1035.2506  1035.2505    34.9258    34.9257    1491.22    1491.22    6.02041      1.369     0.0005 0.0000e+00
   1607.000    1491.23    1491.24   1987.488   1607.000  1035.2552  1035.2550    34.9259    34.9256    1491.23    1491.24    6.02059      1.088     0.0006 0.0000e+00
   1608.000    1491.25    1491.25   1988.539   1608.000  1035.2599  1035.2596    34.9259    34.9257    1491.25    1491.25    6.01963      0.948     0.0005 0.0000e+00
   1609.000    1491.27    1491.27   1989.602   1609.000  1035.2645  1035.2643    34.9260    34.9257    1491.27    1491.27    6.01709      0.972     0.0005 0.0000e+00
   1610.000    1491.28    1491.28   1990.650   1610.000  1035.2692  1035.2689    34.9258    34.9257    1491.28    1491.28    6.01542      0.924     0.0006 0.0000e+00
   1611.000    1491.29    1491.29   1991.896   1611.000  1035.2739  1035.2737    34.9257    34.9254    1491.29    1491.29    6.01521      0.711     0.0006 0.0000e+00
   1612.000    1491.30    1491.30   1993.520   1612.000  1035.2786  1035.2783    34.9255    34.9253    1491.30    1491.30    6.01713      0.695     0.0007 0.0000e+00
   1613.000    1491.30    1491.30   1994.727   1613.000  1035.2836  1035.2836    34.9253    34.9254    1491.30    1491.30    6.01643      1.018     0.0004 0.0000e+00
   1614.000    1491.31    1491.31   1995.628   1614.000  1035.2885  1035.2883    34.9255    34.9254    1491.31    1491.31    6.01686      1.189     0.0004 0.0000e+00
   1615.000    1491.32    1491.33   1996.452   1615.000  1035.2931  1035.2928    34.9254    34.9252    1491.32    1491.33    6.01553      1.224     0.0005 0.0000e+00
   1616.000    1491.34    1491.34   1997.300   1616.000  1035.2979  1035.2976    34.9254    34.9252    1491.34    1491.34    6.01431      1.145     0.0004 0.0000e+00
   1617.000    1491.35    1491.35   1998.239   1617.000  1035.3024  1035.3022    34.9253    34.9252    1491.35    1491.35    6.01467      1.060     0.0005 0.0000e+00
   1618.000    1491.36    1491.37   1999.215   1618.000  1035.3070  1035.3069    34.9252    34.9251    1491.36    1491.37    6.01540      1.054     0.0005 0.0000e+00
   1619.000    1491.38    1491.38   2000.164   1619.000  1035.3118  1035.3114    34.9253    34.9249    1491.38    1491.38    6.01434      1.124     0.0005 0.0000e+00
   1620.000    1491.38    1491.38   2001.022   1620.000  1035.3163  1035.3164    34.9247    34.9248    1491.38    1491.38    6.01262      1.217     0.0001 0.0000e+00
   1621.000    1491.39    1491.39   2001.832   1621.000  1035.3212  1035.3210    34.9246    34.9245    1491.39    1491.39    6.01348      1.260     0.0001 0.0000e+00
   1622.000    1491.40    1491.40   2002.646   1622.000  1035.3258  1035.3258    34.9244    34.9244    1491.40    1491.40    6.01455      1.178     0.0001 0.0000e+00
   1623.000    1491.41    1491.41   2003.607   1623.000  1035.3306  1035.3303    34.9244    34.9242    1491.41    1491.41    6.01486      0.927     0.0005 0.0000e+00
   1624.000    1491.42    1491.42   2005.001   1624.000  1035.3351  1035.3348    34.9241    34.9239    1491.42    1491.42    6.01636      0.668     0.0005 0.0000e+00
   1625.000    1491.44    1491.44   2006.433   1625.000  1035.3398  1035.3396    34.9243    34.9241    1491.44    1491.44    6.01754      0.875     0.0006 0.0000e+00
   1626.000    1491.45    1491.46   2007.435   1626.000  1035.3444  1035.3442    34.9241    34.9240    1491.45    1491.46    6.01847      1.086     0.0006 0.0000e+00
   1627.000    1491.47    1491.47   2008.321   1627.000  1035.3490  1035.3488    34.9242    34.9239    1491.47    1491.47    6.01958      1.164     0.0004 0.0000e+00
   1628.000    1491.49    1491.49   2009.189   1628.000  1035.3538  1035.3535    34.9242    34.9240    1491.48    1491.49    6.01916      1.151     0.0003 0.0000e+00
   1629.000    1491.48    1491.49   2010.097   1629.000  1035.3582  1035.3583    34.9232    34.9236    1491.48    1491.49    6.01724      1.069     0.0008 0.0000e+00
   1630.000    1491.48    1491.49   2011.125   1630.000  1035.3634  1035.3632    34.9234    34.9233    1491.48    1491.48    6.01764      0.899     0.0006 0.0000e+00
   1631.000    1491.50    1491.50   2012.408   1631.000  1035.3680  1035.3678    34.9235    34.9232    1491.50    1491.50    6.02036      0.768     0.0006 0.0000e+00
   1632.000    1491.51    1491.51   2013.649   1632.000  1035.3727  1035.3724    34.9234    34.9232    1491.51    1491.51    6.02334      0.969     0.0005 0.0000e+00
   1633.000    1491.52    1491.53   2014.571   1633.000  1035.3774  1035.3773    34.9234    34.9233    1491.52    1491.52    6.02450      1.203     0.0005 0.0000e+00
   1634.000    1491.53    1491.53   2015.361   1634.000  1035.3822  1035.3823    34.9230    34.9232    1491.53    1491.53    6.02476      1.317     0.0004 0.0000e+00
   1635.000    1491.53    1491.53   2016.119   1635.000  1035.3871  1035.3871    34.9229    34.9229    1491.53    1491.53    6.02422      1.287     0.0004 0.0000e+00
   1636.000    1491.54    1491.54   2016.954   1636.000  1035.3921  1035.3920    34.9229    34.9229    1491.54    1491.54    6.02446      1.142     0.0008 0.0000e+00
   1637.000    1491.55    1491.55   2017.923   1637.000  1035.3967  1035.3966    34.9229    34.9228    1491.55    1491.55    6.02572      1.018     0.0004 0.0000e+00
   1638.000    1491.57    1491.57   2018.933   1638.000  1035.4014  1035.4011    34.9228    34.9226    1491.56    1491.57    6.02647      1.040     0.0004 0.0000e+00
   1639.000    1491.57    1491.58   2019.874   1639.000  1035.4063  1035.4060    34.9228    34.9227    1491.57    1491.58    6.02583      1.115     0.0004 0.0000e+00
