Ship_data/Irminger/Irminger-2/ctd/process/at30_013_SV.cnv
* Sea-Bird SBE 9 Data File:
* FileName = C:\data\ctd\at30_013.hdr
* Software Version Seasave V 7.21f
* Temperature SN = 2265
* Conductivity SN = 3021
* Number of Bytes Per Scan = 40
* Number of Voltage Words = 5
* Number of Scans Averaged by the Deck Unit = 1
* NMEA Latitude = 59 53.87 N
* NMEA Longitude = 039 34.33 W
* NMEA UTC (Time) = Aug 23 2015  21:20:25
** cal / val for SUMO 2
# nquan = 15
# nvalues = 1493                        
# units = specified
# name 0 = depSM: Depth [salt water, m]
# name 1 = svCM: Sound Velocity [Chen-Millero, m/s]
# name 2 = svCM1: Sound Velocity, 2 [Chen-Millero, m/s]
# name 3 = timeS: Time, Elapsed [seconds]
# name 4 = depSM: Depth [salt water, m]
# name 5 = density00: Density [density, Kg/m^3]
# name 6 = density11: Density, 2 [density, Kg/m^3]
# name 7 = sal00: Salinity, Practical [PSU]
# name 8 = sal11: Salinity, Practical, 2 [PSU]
# name 9 = svCM: Sound Velocity [Chen-Millero, m/s]
# name 10 = svCM1: Sound Velocity, 2 [Chen-Millero, m/s]
# name 11 = sbeox0ML/L: Oxygen, SBE 43 [ml/l]
# name 12 = dz/dtM: Descent Rate [m/s]
# name 13 = T2-T190C: Temperature Difference, 2 - 1 [ITS-90, deg C]
# name 14 = flag:
# span 0 =     10.000,   1502.000       
# span 1 =    1471.85,    1490.08       
# span 2 =    1471.84,    1490.08       
# span 3 =     68.287,   2025.583       
# span 4 =     10.000,   1502.000       
# span 5 =  1027.1573,  1034.7578       
# span 6 =  1027.1567,  1034.7573       
# span 7 =    34.8339,    35.0267       
# span 8 =    34.8340,    35.0266       
# span 9 =    1471.84,    1490.08       
# span 10 =    1471.83,    1490.08      
# span 11 =    6.00594,    6.79065      
# span 12 =     -0.007,      1.726      
# span 13 =    -0.0651,     0.0290      
# span 14 = 0.0000e+00, 0.0000e+00      
# interval = meters: 1                  
# start_time = Aug 23 2015 21:20:25 [NMEA time, header]
# bad_flag = -9.990e-29
*END*
[from data line 97]
    107.000    1473.96    1473.96    344.599    107.000  1028.1520  1028.1522    35.0246    35.0248    1473.96    1473.96    6.29623      0.618    -0.0002 0.0000e+00
    108.000    1473.98    1473.94    346.998    108.000  1028.1554  1028.1573    35.0232    35.0242    1473.98    1473.94    6.29451      0.374    -0.0097 0.0000e+00
    109.000    1473.88    1473.88    349.220    109.000  1028.1624  1028.1628    35.0218    35.0225    1473.88    1473.88    6.29657      0.523     0.0003 0.0000e+00
    110.000    1473.79    1473.80    351.122    110.000  1028.1683  1028.1688    35.0194    35.0203    1473.79    1473.80    6.30309      0.553     0.0019 0.0000e+00
    111.000    1473.72    1473.72    352.757    111.000  1028.1740  1028.1747    35.0172    35.0182    1473.71    1473.72    6.30667      0.699     0.0007 0.0000e+00
    112.000    1473.64    1473.65    354.103    112.000  1028.1796  1028.1804    35.0148    35.0162    1473.63    1473.64    6.31023      0.708     0.0012 0.0000e+00
    113.000    1473.72    1473.71    357.607    113.000  1028.1842  1028.1844    35.0175    35.0172    1473.72    1473.71    6.30834      0.171    -0.0034 0.0000e+00
    114.000    1473.60    1473.63    360.392    114.000  1028.1895  1028.1903    35.0130    35.0151    1473.60    1473.63    6.31233      0.861     0.0067 0.0000e+00
    115.000    1473.53    1473.54    361.370    115.000  1028.1956  1028.1963    35.0116    35.0127    1473.53    1473.53    6.31438      1.019     0.0002 0.0000e+00
    116.000    1473.46    1473.47    362.377    116.000  1028.2003  1028.2019    35.0085    35.0107    1473.46    1473.46    6.31984      0.883     0.0008 0.0000e+00
    117.000    1473.48    1473.41    364.314    117.000  1028.2068  1028.2073    35.0110    35.0089    1473.48    1473.41    6.32388      0.403    -0.0173 0.0000e+00
    118.000    1473.42    1473.43    366.921    118.000  1028.2111  1028.2122    35.0075    35.0093    1473.42    1473.43    6.32467      0.479     0.0029 0.0000e+00
    119.000    1473.35    1473.28    369.660    119.000  1028.2179  1028.2206    35.0070    35.0075    1473.35    1473.27    6.32597      0.306    -0.0185 0.0000e+00
    120.000    1473.22    1473.21    372.133    120.000  1028.2251  1028.2253    35.0047    35.0049    1473.21    1473.21    6.32991      0.681    -0.0004 0.0000e+00
    121.000    1473.19    1473.19    373.442    121.000  1028.2310  1028.2314    35.0045    35.0053    1473.18    1473.19    6.32962      0.775     0.0005 0.0000e+00
    122.000    1473.05    1473.07    374.851    122.000  1028.2369  1028.2379    35.0004    35.0022    1473.04    1473.06    6.33192      0.648     0.0040 0.0000e+00
    123.000    1472.94    1472.95    376.590    123.000  1028.2438  1028.2440    34.9986    34.9991    1472.94    1472.95    6.33896      0.530     0.0020 0.0000e+00
    124.000    1472.97    1472.92    378.997    124.000  1028.2474  1028.2495    34.9980    34.9985    1472.97    1472.91    6.33563      0.351    -0.0136 0.0000e+00
    125.000    1472.88    1472.88    381.656    125.000  1028.2540  1028.2544    34.9965    34.9969    1472.88    1472.88    6.33538      0.497    -0.0009 0.0000e+00
    126.000    1472.86    1472.86    383.571    126.000  1028.2594  1028.2596    34.9961    34.9965    1472.86    1472.86    6.33553      0.473     0.0003 0.0000e+00
    127.000    1472.79    1472.78    385.959    127.000  1028.2644  1028.2653    34.9932    34.9941    1472.78    1472.78    6.34323      0.463    -0.0006 0.0000e+00
    128.000    1472.74    1472.74    387.670    128.000  1028.2710  1028.2714    34.9932    34.9938    1472.74    1472.74    6.34700      0.729     0.0006 0.0000e+00
    129.000    1472.71    1472.71    388.959    129.000  1028.2761  1028.2769    34.9921    34.9929    1472.70    1472.70    6.34902      0.756    -0.0004 0.0000e+00
    130.000    1472.68    1472.69    390.472    130.000  1028.2817  1028.2820    34.9918    34.9922    1472.68    1472.68    6.34869      0.575     0.0006 0.0000e+00
    131.000    1472.73    1472.73    393.934    131.000  1028.2864  1028.2861    34.9930    34.9927    1472.73    1472.73    6.33881      0.203     0.0004 0.0000e+00
    132.000    1472.61    1472.60    396.720    132.000  1028.2922  1028.2936    34.9896    34.9907    1472.61    1472.60    6.34015      0.817    -0.0032 0.0000e+00
    133.000    1472.62    1472.61    397.789    133.000  1028.2980  1028.2982    34.9904    34.9906    1472.61    1472.61    6.34145      0.863    -0.0001 0.0000e+00
    134.000    1472.62    1472.62    399.093    134.000  1028.3029  1028.3030    34.9900    34.9903    1472.61    1472.61    6.34293      0.687     0.0001 0.0000e+00
    135.000    1472.60    1472.60    400.832    135.000  1028.3073  1028.3077    34.9885    34.9893    1472.59    1472.60    6.34054      0.525     0.0011 0.0000e+00
    136.000    1472.56    1472.53    402.986    136.000  1028.3116  1028.3131    34.9864    34.9870    1472.56    1472.53    6.34144      0.403    -0.0082 0.0000e+00
    137.000    1472.56    1472.51    406.260    137.000  1028.3170  1028.3191    34.9863    34.9873    1472.55    1472.51    6.33890      0.300    -0.0119 0.0000e+00
    138.000    1472.49    1472.49    408.623    138.000  1028.3239  1028.3241    34.9862    34.9864    1472.49    1472.49    6.34615      0.605     0.0003 0.0000e+00
    139.000    1472.49    1472.49    410.047    139.000  1028.3292  1028.3295    34.9863    34.9866    1472.48    1472.48    6.34676      0.775     0.0001 0.0000e+00
    140.000    1472.49    1472.49    411.281    140.000  1028.3342  1028.3346    34.9861    34.9866    1472.49    1472.49    6.34805      0.815     0.0001 0.0000e+00
    141.000    1472.47    1472.47    412.690    141.000  1028.3396  1028.3398    34.9859    34.9862    1472.47    1472.47    6.34533      0.576    -0.0007 0.0000e+00
    142.000    1472.53    1472.49    415.986    142.000  1028.3433  1028.3442    34.9860    34.9859    1472.53    1472.49    6.34136      0.224    -0.0086 0.0000e+00
    143.000    1472.43    1472.42    418.746    143.000  1028.3496  1028.3506    34.9838    34.9847    1472.42    1472.42    6.34620      0.576    -0.0024 0.0000e+00
    144.000    1472.38    1472.38    420.155    144.000  1028.3557  1028.3558    34.9832    34.9836    1472.37    1472.38    6.34567      0.769     0.0009 0.0000e+00
    145.000    1472.35    1472.35    421.488    145.000  1028.3606  1028.3611    34.9821    34.9826    1472.35    1472.35    6.34683      0.665    -0.0006 0.0000e+00
    146.000    1472.35    1472.35    423.392    146.000  1028.3658  1028.3661    34.9821    34.9824    1472.35    1472.35    6.34914      0.486    -0.0002 0.0000e+00
    147.000    1472.39    1472.39    425.223    147.000  1028.3718  1028.3716    34.9845    34.9843    1472.39    1472.39    6.34856      0.562     0.0002 0.0000e+00
    148.000    1472.42    1472.42    428.343    148.000  1028.3762  1028.3762    34.9847    34.9848    1472.42    1472.42    6.34573      0.231     0.0006 0.0000e+00
    149.000    1472.44    1472.44    431.016    149.000  1028.3815  1028.3816    34.9856    34.9858    1472.44    1472.44    6.34569      0.740    -0.0000 0.0000e+00
    150.000    1472.45    1472.45    432.191    150.000  1028.3860  1028.3864    34.9853    34.9858    1472.45    1472.45    6.33994      0.871     0.0001 0.0000e+00
    151.000    1472.40    1472.40    433.388    151.000  1028.3906  1028.3916    34.9826    34.9840    1472.40    1472.40    6.33800      0.759     0.0010 0.0000e+00
    152.000    1472.38    1472.34    435.262    152.000  1028.3960  1028.3970    34.9824    34.9822    1472.38    1472.34    6.33948      0.422    -0.0094 0.0000e+00
    153.000    1472.36    1472.29    438.271    153.000  1028.4006  1028.4019    34.9810    34.9801    1472.36    1472.29    6.34395      0.379    -0.0161 0.0000e+00
    154.000    1472.25    1472.25    440.373    154.000  1028.4066  1028.4067    34.9784    34.9783    1472.25    1472.25    6.35237      0.506    -0.0013 0.0000e+00
    155.000    1472.22    1472.22    442.464    155.000  1028.4115  1028.4117    34.9770    34.9772    1472.22    1472.22    6.35428      0.491    -0.0004 0.0000e+00
    156.000    1472.21    1472.20    444.368    156.000  1028.4165  1028.4167    34.9762    34.9764    1472.20    1472.20    6.35223      0.525    -0.0003 0.0000e+00
    157.000    1472.19    1472.19    446.396    157.000  1028.4214  1028.4218    34.9753    34.9757    1472.19    1472.19    6.35487      0.527    -0.0005 0.0000e+00
    158.000    1472.17    1472.18    447.992    158.000  1028.4265  1028.4268    34.9748    34.9751    1472.17    1472.18    6.35909      0.735     0.0004 0.0000e+00
    159.000    1472.18    1472.18    449.390    159.000  1028.4314  1028.4316    34.9746    34.9749    1472.18    1472.18    6.36078      0.602     0.0002 0.0000e+00
    160.000    1472.20    1472.19    452.316    160.000  1028.4357  1028.4363    34.9743    34.9747    1472.20    1472.19    6.35934      0.269    -0.0026 0.0000e+00
    161.000    1472.10    1472.10    454.925    161.000  1028.4418  1028.4421    34.9718    34.9722    1472.09    1472.09    6.36188      0.516    -0.0002 0.0000e+00
    162.000    1472.05    1472.05    456.761    162.000  1028.4478  1028.4478    34.9713    34.9714    1472.05    1472.05    6.36143      0.611     0.0001 0.0000e+00
    163.000    1472.07    1472.07    458.227    163.000  1028.4524  1028.4525    34.9715    34.9714    1472.07    1472.07    6.35899      0.743    -0.0018 0.0000e+00
    164.000    1472.10    1472.10    459.654    164.000  1028.4567  1028.4568    34.9715    34.9716    1472.10    1472.10    6.35859      0.600    -0.0001 0.0000e+00
    165.000    1472.12    1472.12    462.390    165.000  1028.4613  1028.4615    34.9715    34.9715    1472.12    1472.11    6.35977      0.283    -0.0021 0.0000e+00
    166.000    1472.13    1472.13    465.436    166.000  1028.4661  1028.4662    34.9714    34.9715    1472.13    1472.13    6.36322      0.478    -0.0006 0.0000e+00
    167.000    1472.14    1472.14    467.174    167.000  1028.4714  1028.4714    34.9721    34.9719    1472.14    1472.14    6.36407      0.643    -0.0007 0.0000e+00
    168.000    1472.18    1472.18    468.600    168.000  1028.4764  1028.4766    34.9732    34.9733    1472.18    1472.18    6.36088      0.776    -0.0003 0.0000e+00
    169.000    1472.18    1472.18    469.842    169.000  1028.4808  1028.4812    34.9721    34.9726    1472.18    1472.18    6.35814      0.767     0.0003 0.0000e+00
    170.000    1472.18    1472.17    471.922    170.000  1028.4857  1028.4860    34.9721    34.9720    1472.18    1472.17    6.35748      0.369    -0.0028 0.0000e+00
    171.000    1472.19    1472.19    475.111    171.000  1028.4907  1028.4911    34.9723    34.9724    1472.19    1472.19    6.35461      0.444    -0.0017 0.0000e+00
    172.000    1472.18    1472.18    476.983    172.000  1028.4963  1028.4963    34.9724    34.9726    1472.18    1472.18    6.35494      0.536     0.0000 0.0000e+00
    173.000    1472.17    1472.16    479.091    173.000  1028.5013  1028.5016    34.9719    34.9720    1472.17    1472.16    6.35510      0.445    -0.0017 0.0000e+00
    174.000    1472.17    1472.17    481.247    174.000  1028.5065  1028.5066    34.9718    34.9718    1472.17    1472.17    6.35373      0.526    -0.0005 0.0000e+00
    175.000    1472.17    1472.17    482.990    175.000  1028.5112  1028.5115    34.9715    34.9718    1472.17    1472.17    6.35517      0.630     0.0003 0.0000e+00
    176.000    1472.17    1472.18    484.537    176.000  1028.5162  1028.5162    34.9713    34.9715    1472.17    1472.18    6.35418      0.662     0.0002 0.0000e+00
    177.000    1472.16    1472.16    486.030    177.000  1028.5206  1028.5212    34.9699    34.9706    1472.16    1472.16    6.35788      0.681    -0.0006 0.0000e+00
    178.000    1472.14    1472.14    487.720    178.000  1028.5261  1028.5262    34.9698    34.9697    1472.14    1472.14    6.35831      0.484    -0.0018 0.0000e+00
    179.000    1472.15    1472.14    492.283    179.000  1028.5305  1028.5309    34.9690    34.9693    1472.14    1472.14    6.35456      0.149    -0.0015 0.0000e+00
    180.000    1472.09    1472.10    494.574    180.000  1028.5355  1028.5363    34.9670    34.9681    1472.09    1472.10    6.36149      0.871     0.0009 0.0000e+00
    181.000    1472.06    1472.06    495.571    181.000  1028.5409  1028.5415    34.9662    34.9670    1472.06    1472.06    6.36432      1.050     0.0006 0.0000e+00
    182.000    1472.06    1472.06    496.493    182.000  1028.5465  1028.5466    34.9667    34.9668    1472.06    1472.06    6.36245      1.078    -0.0000 0.0000e+00
    183.000    1472.07    1472.07    497.473    183.000  1028.5515  1028.5518    34.9667    34.9670    1472.06    1472.07    6.36243      0.926     0.0001 0.0000e+00
    184.000    1472.10    1472.10    500.570    184.000  1028.5558  1028.5562    34.9669    34.9671    1472.10    1472.10    6.36377      0.259    -0.0008 0.0000e+00
    185.000    1472.10    1472.11    504.587    185.000  1028.5612  1028.5610    34.9670    34.9672    1472.10    1472.10    6.36724      0.787     0.0022 0.0000e+00
    186.000    1472.11    1472.11    505.723    186.000  1028.5660  1028.5662    34.9671    34.9673    1472.11    1472.11    6.36251      0.802     0.0002 0.0000e+00
    187.000    1472.10    1472.10    507.184    187.000  1028.5709  1028.5712    34.9667    34.9670    1472.10    1472.10    6.36021      0.611     0.0000 0.0000e+00
    188.000    1472.10    1472.11    508.901    188.000  1028.5759  1028.5760    34.9665    34.9667    1472.10    1472.11    6.35814      0.636     0.0004 0.0000e+00
    189.000    1472.09    1472.09    510.380    189.000  1028.5807  1028.5811    34.9654    34.9660    1472.09    1472.09    6.35869      0.656     0.0002 0.0000e+00
    190.000    1472.08    1472.09    513.316    190.000  1028.5859  1028.5861    34.9654    34.9658    1472.08    1472.09    6.35995      0.242     0.0016 0.0000e+00
    191.000    1472.07    1472.07    516.285    191.000  1028.5911  1028.5912    34.9651    34.9652    1472.07    1472.07    6.36017      0.806    -0.0000 0.0000e+00
    192.000    1472.07    1472.07    517.337    192.000  1028.5957  1028.5962    34.9644    34.9650    1472.07    1472.07    6.35807      0.899    -0.0000 0.0000e+00
    193.000    1472.08    1472.08    518.604    193.000  1028.6008  1028.6010    34.9646    34.9647    1472.08    1472.08    6.35942      0.667     0.0000 0.0000e+00
    194.000    1472.10    1472.09    520.871    194.000  1028.6053  1028.6056    34.9645    34.9644    1472.10    1472.08    6.36000      0.357    -0.0030 0.0000e+00
    195.000    1472.10    1472.09    523.696    195.000  1028.6102  1028.6105    34.9644    34.9643    1472.10    1472.09    6.36245      0.380    -0.0029 0.0000e+00
    196.000    1472.09    1472.09    525.997    196.000  1028.6150  1028.6154    34.9636    34.9640    1472.09    1472.09    6.36489      0.573    -0.0008 0.0000e+00
    197.000    1472.09    1472.09    527.558    197.000  1028.6201  1028.6202    34.9635    34.9637    1472.09    1472.09    6.36630      0.635    -0.0001 0.0000e+00
    198.000    1472.09    1472.09    529.324    198.000  1028.6249  1028.6251    34.9632    34.9635    1472.09    1472.09    6.36731      0.544     0.0002 0.0000e+00
    199.000    1472.09    1472.09    531.127    199.000  1028.6298  1028.6300    34.9626    34.9629    1472.08    1472.09    6.36475      0.570     0.0003 0.0000e+00
    200.000    1472.08    1472.07    533.147    200.000  1028.6345  1028.6349    34.9621    34.9622    1472.08    1472.07    6.36638      0.429    -0.0023 0.0000e+00
    201.000    1472.07    1472.05    535.709    201.000  1028.6394  1028.6399    34.9611    34.9612    1472.07    1472.05    6.36604      0.426    -0.0042 0.0000e+00
