Ship_data/Irminger/Irminger-2/ctd/process/at30_004.cnv
* Sea-Bird SBE 9 Data File:
* FileName = C:\data\ctd\at30_004.hdr
* Software Version Seasave V 7.21f
* Temperature SN = 2265
* Conductivity SN = 3021
* Number of Bytes Per Scan = 40
* Number of Voltage Words = 5
* Number of Scans Averaged by the Deck Unit = 1
* NMEA Latitude = 59 57.06 N
* NMEA Longitude = 039 25.14 W
* NMEA UTC (Time) = Aug 14 2015  14:16:48
# nquan = 36
# nvalues = 5372                        
# units = specified
# name 0 = timeS: Time, Elapsed [seconds]
# name 1 = longitude: Longitude [deg]
# name 2 = latitude: Latitude [deg]
# name 3 = depSM: Depth [salt water, m]
# name 4 = prDM: Pressure, Digiquartz [db]
# name 5 = t090C: Temperature [ITS-90, deg C]
# name 6 = t190C: Temperature, 2 [ITS-90, deg C]
# name 7 = c0S/m: Conductivity [S/m]
# name 8 = c1S/m: Conductivity, 2 [S/m]
# name 9 = CStarTr0: Beam Transmission, WET Labs C-Star [%]
# name 10 = flECO-AFL: Fluorescence, WET Labs ECO-AFL/FL [mg/m^3]
# name 11 = sbeox0V: Oxygen raw, SBE 43 [V]
# name 12 = altM: Altimeter [m]
# name 13 = nbf: Bottles Fired
# name 14 = density00: Density [density, Kg/m^3]
# name 15 = density11: Density, 2 [density, Kg/m^3]
# name 16 = sal00: Salinity, Practical [PSU]
# name 17 = sal11: Salinity, Practical, 2 [PSU]
# name 18 = svCM: Sound Velocity [Chen-Millero, m/s]
# name 19 = svCM1: Sound Velocity, 2 [Chen-Millero, m/s]
# name 20 = timeS: Time, Elapsed [seconds]
# name 21 = sbeox0ML/L: Oxygen, SBE 43 [ml/l]
# name 22 = sbeox0PS: Oxygen, SBE 43 [% saturation]
# name 23 = dz/dtM: Descent Rate [m/s]
# name 24 = T2-T190C: Temperature Difference, 2 - 1 [ITS-90, deg C]
# name 25 = depSM: Depth [salt water, m], lat = 59.951
# name 26 = density00: Density [density, Kg/m^3]
# name 27 = density11: Density, 2 [density, Kg/m^3]
# name 28 = sal00: Salinity, Practical [PSU]
# name 29 = sal11: Salinity, Practical, 2 [PSU]
# name 30 = svCM: Sound Velocity [Chen-Millero, m/s]
# name 31 = svCM1: Sound Velocity, 2 [Chen-Millero, m/s]
# name 32 = sbeox0ML/L: Oxygen, SBE 43 [ml/l], WS = 2
# name 33 = dz/dtM: Descent Rate [m/s], WS = 2
# name 34 = T2-T190C: Temperature Difference, 2 - 1 [ITS-90, deg C]
# name 35 = flag: flag
# span 0 =     37.745,   8015.878       
# span 1 =  -39.41887,  -39.41576       
# span 2 =   59.94830,   59.95096       
# span 3 =      1.000,   2689.001       
# span 4 =      1.010,   2732.219       
# span 5 =     1.4232,     8.2610       
# span 6 =     1.4242,     8.2793       
# span 7 =   3.134174,   3.631838       
# span 8 =   3.134192,   3.633563       
# span 9 =    93.6364,    97.4206       
# span 10 =    -0.0360,     1.6288      
# span 11 =     1.6879,     2.5407      
# span 12 =      10.96,     100.15      
# span 13 =          0,         11      
# span 14 =  1027.1241,  1040.4679      
# span 15 =  1027.1219,  1040.4671      
# span 16 =    34.8464,    34.9316      
# span 17 =    34.8304,    34.9311      
# span 18 =    1469.45,    1502.07      
# span 19 =    1469.45,    1502.06      
# span 20 =     37.745,   8015.878      
# span 21 =    6.01403,    7.04831      
# span 22 =   81.18976,  101.94126      
# span 23 =     -2.422,      1.541      
# span 24 =    -0.2385,     0.1528      
# span 25 =      1.000,   2689.000      
# span 26 =  1027.1240,  1040.4680      
# span 27 =  1027.1214,  1040.4672      
# span 28 =    34.8007,    34.9320      
# span 29 =    34.8468,    34.9320      
# span 30 =    1469.45,    1502.07      
# span 31 =    1469.44,    1502.06      
# span 32 =    6.01634,    7.10839      
# span 33 =     -2.430,      1.548      
# span 34 =    -0.2385,     0.1528      
# span 35 = 0.0000e+00, 0.0000e+00      
# interval = meters: 1                  
# start_time = Aug 14 2015 14:16:48 [NMEA time, header]
# bad_flag = -9.990e-29
*END*
[from data line 41]
    142.135  -39.41866   59.95074     47.000     47.453     6.9550     6.9123   3.514216   3.509986    94.2807     1.4591     2.5240      98.77          0  1027.5369  1027.5404    34.8662    34.8630    1479.09    1478.92    142.135    6.89556  101.94125      0.170    -0.0427     47.000  1027.5355  1027.5388    34.8644    34.8610    1479.09    1478.92    6.86696      0.145    -0.0427 0.0000e+00
    145.851  -39.41864   59.95072     48.000     48.462     6.7939     6.8162   3.493711   3.500701    94.5052     1.4328     2.5024      98.77          0  1027.5654  1027.5903    34.8679    34.9034    1478.49    1478.62    145.851    6.84297  100.79381      0.746     0.0223     48.000  1027.5125  1027.5526    34.8007    34.8556    1478.40    1478.56    6.82311      1.294     0.0223 0.0000e+00
    146.457  -39.41864   59.95072     49.000     49.472     6.2171     6.2269   3.444535   3.447104    94.5224     1.4769     2.5182      98.77          0  1027.6665  1027.6945    34.8914    34.9284    1476.28    1476.36    146.457    6.93154  100.76472      1.156     0.0098     49.000  1027.6262  1027.6398    34.8404    34.8592    1476.21    1476.27    6.97603      1.439     0.0098 0.0000e+00
    147.136  -39.41864   59.95072     50.000     50.482     6.0434     6.0440   3.429631   3.430457    94.5810     1.4713     2.5326      98.77          0  1027.6935  1027.7010    34.8910    34.9006    1475.61    1475.62    147.136    6.94602  100.56793      1.384     0.0006     50.000  1027.6616  1027.6683    34.8506    34.8592    1475.56    1475.57    7.05776      1.436     0.0006 0.0000e+00
    147.873  -39.41866   59.95072     51.000     51.492     5.9250     5.9060   3.418561   3.417732    94.5599     1.4896     2.5407      98.77          0  1027.7139  1027.7260    34.8915    34.9037    1475.15    1475.09    147.873    6.98340  100.83021      1.453    -0.0190     51.000  1027.6786  1027.6890    34.8468    34.8570    1475.10    1475.03    7.10839      1.155    -0.0190 0.0000e+00
    151.650  -39.41864   59.95072     52.000     52.501     6.5634     6.4146   3.479043   3.464782    94.5888     1.5083     2.5078      98.77          0  1027.6097  1027.6293    34.8614    34.8603    1477.64    1477.06    151.650    6.94346  101.71839      0.207    -0.1488     52.000  1027.6167  1027.6316    34.8702    34.8632    1477.65    1477.06    6.88218      0.110    -0.1488 0.0000e+00
    155.356  -39.41862   59.95070     53.000     53.511     5.9895     6.1423   3.422523   3.439706    94.7260     1.4815     2.4955      98.77          0  1027.7081  1027.7048    34.8837    34.9048    1475.43    1476.06    155.356    6.92509  100.13051      0.518     0.1528     53.000  1027.6608  1027.6697    34.8238    34.8602    1475.35    1476.00    6.94126      0.597     0.1528 0.0000e+00
    156.911  -39.41862   59.95070     54.000     54.521     5.6611     5.6591   3.396101   3.395617    94.9702     1.5423     2.5122      98.77          0  1027.7571  1027.7551    34.8860    34.8833    1474.15    1474.13    156.911    6.96085   99.88314      0.633    -0.0020     54.000  1027.7386  1027.7362    34.8627    34.8593    1474.12    1474.10    7.05702      0.787    -0.0020 0.0000e+00
    157.993  -39.41862   59.95070     55.000     55.531     5.6959     5.6941   3.400746   3.400155    95.1186     1.5595     2.5006      98.77          0  1027.7648  1027.7615    34.8955    34.8910    1474.31    1474.30    157.993    7.03426  101.02509      0.814    -0.0019     55.000  1027.7518  1027.7482    34.8791    34.8743    1474.29    1474.28    7.00992      1.051    -0.0019 0.0000e+00
    158.882  -39.41862   59.95070     56.000     56.541     5.7065     5.7053   3.401893   3.402012    95.0829     1.5605     2.4854      98.77          0  1027.7732  1027.7732    34.9020    34.9018    1474.38    1474.38    158.882    7.04831  101.25645      1.033    -0.0013     56.000  1027.7563  1027.7585    34.8806    34.8833    1474.35    1474.35    6.95495      1.098    -0.0013 0.0000e+00
    159.993  -39.41862   59.95070     57.000     57.550     5.6187     5.6118   3.393404   3.392790    95.0414     1.6288     2.4722      98.77          0  1027.7819  1027.7821    34.8931    34.8924    1474.03    1474.01    159.993    7.02147  100.65743      1.021    -0.0069     57.000  1027.7670  1027.7679    34.8743    34.8745    1474.01    1473.98    6.92505      0.662    -0.0069 0.0000e+00
    165.616  -39.41858   59.95068     58.000     58.560     5.5029     5.5332   3.382344   3.385436    95.1160     1.5317     2.4424      98.77          0  1027.7930  1027.7913    34.8832    34.8856    1473.57    1473.70    165.616    6.83880   97.76592      0.570     0.0303     58.000  1027.7806  1027.7800    34.8675    34.8714    1473.55    1473.68    6.84048      0.884     0.0303 0.0000e+00
    166.615  -39.41858   59.95068     59.000     59.570     5.3377     5.3474   3.365629   3.367674    95.2578     1.3373     2.4446      98.77          0  1027.8135  1027.8234    34.8775    34.8915    1472.92    1472.98    166.615    6.86677   97.78030      0.991     0.0097     59.000  1027.7894  1027.7987    34.8470    34.8604    1472.88    1472.94    6.87942      1.041     0.0097 0.0000e+00
    167.685  -39.41859   59.95068     60.000     60.580     5.2203     5.2229   3.356261   3.356543    95.4438     1.2774     2.4420      98.77          0  1027.8346  1027.8354    34.8803    34.8817    1472.47    1472.48    167.685    6.89424   97.90146      1.019     0.0027     60.000  1027.8193  1027.8195    34.8610    34.8615    1472.44    1472.45    6.89114      0.815     0.0027 0.0000e+00
    169.563  -39.41860   59.95068     61.000     61.590     5.2897     5.2479   3.363182   3.359598    95.4684     1.3334     2.4233      98.77          0  1027.8270  1027.8358    34.8754    34.8801    1472.76    1472.59    169.563    6.87179   97.73935      0.605    -0.0418     61.000  1027.8209  1027.8279    34.8678    34.8701    1472.75    1472.58    6.81256      0.404    -0.0418 0.0000e+00
    173.631  -39.41858   59.95066     62.000     62.599     5.2362     5.3297   3.357634   3.366212    95.6131     1.2153     2.3982      98.77          0  1027.8403  1027.8268    34.8783    34.8755    1472.56    1472.93    173.631    6.75672   95.98338      0.103     0.0935     62.000  1027.8252  1027.8148    34.8591    34.8604    1472.54    1472.91    6.73315      0.377     0.0935 0.0000e+00
    174.714  -39.41856   59.95066     63.000     63.609     5.0720     5.0718   3.343205   3.343471    95.7055     0.9906     2.3996      98.77          0  1027.8651  1027.8683    34.8787    34.8826    1471.91    1471.92    174.714    6.77766   95.90773      0.664    -0.0002     63.000  1027.8530  1027.8557    34.8634    34.8667    1471.89    1471.90    6.76744      1.029    -0.0002 0.0000e+00
    175.595  -39.41856   59.95068     64.000     64.619     5.0180     5.0188   3.338329   3.338757    95.7536     0.8467     2.3974      98.78          0  1027.8768  1027.8802    34.8796    34.8840    1471.71    1471.72    175.595    6.78619   95.90594      1.001     0.0008     64.000  1027.8636  1027.8668    34.8630    34.8671    1471.69    1471.70    6.76985      1.066     0.0008 0.0000e+00
    178.673  -39.41856   59.95066     65.000     65.629     5.0409     5.0447   3.340903   3.341375    95.7471     0.9644     2.3833      98.77          0  1027.8756  1027.8737    34.8755    34.8737    1471.82    1471.83    178.673    6.74673   95.39762      0.435     0.0037     65.000  1027.8699  1027.8706    34.8682    34.8698    1471.81    1471.82    6.71576      0.196     0.0037 0.0000e+00
    181.910  -39.41854   59.95064     66.000     66.639     4.9271     4.9275   3.330881   3.331090    95.8810     0.7680     2.3749      98.77          0  1027.8988  1027.9009    34.8819    34.8846    1471.38    1471.38    181.910    6.71150   94.64728      0.894     0.0004     66.000  1027.8898  1027.8914    34.8706    34.8727    1471.36    1471.37    6.70608      1.367     0.0004 0.0000e+00
    182.518  -39.41854   59.95066     67.000     67.649     4.9005     4.9020   3.328437   3.328882    95.9365     0.7065     2.3754      98.78          0  1027.9071  1027.9095    34.8825    34.8858    1471.29    1471.30    182.518    6.71099   94.58083      1.251     0.0014     67.000  1027.8967  1027.8995    34.8696    34.8733    1471.27    1471.28    6.71341      1.400     0.0014 0.0000e+00
    183.287  -39.41854   59.95066     68.000     68.658     4.8784     4.8520   3.327009   3.324629    95.9847     0.6459     2.3741      98.77          0  1027.9149  1027.9224    34.8833    34.8888    1471.21    1471.11    183.287    6.71750   94.62319      1.387    -0.0264     68.000  1027.9088  1027.9120    34.8756    34.8757    1471.20    1471.10    6.71319      1.070    -0.0264 0.0000e+00
    186.728  -39.41854   59.95065     69.000     69.668     4.8674     4.9205   3.326153   3.330727    95.9538     0.7398     2.3649      98.77          0  1027.9207  1027.9106    34.8830    34.8782    1471.19    1471.40    186.728    6.69944   94.34379      0.359     0.0531     69.000  1027.9156  1027.9075    34.8767    34.8742    1471.18    1471.39    6.68252      0.229     0.0531 0.0000e+00
    190.942  -39.41852   59.95062     70.000     70.678     4.7872     4.7890   3.319141   3.319476    96.1687     0.5758     2.3581      98.78          0  1027.9373  1027.9430    34.8863    34.8939    1470.88    1470.90    190.942    6.67616   93.83861      0.366     0.0018     70.000  1027.9313  1027.9326    34.8787    34.8808    1470.87    1470.88    6.67267      0.785     0.0018 0.0000e+00
    191.781  -39.41850   59.95062     71.000     71.688     4.7327     4.7334   3.314435   3.314816    96.2443     0.4861     2.3571      98.78          0  1027.9517  1027.9556    34.8907    34.8957    1470.68    1470.69    191.781    6.68668   93.86717      0.800     0.0007     71.000  1027.9437  1027.9465    34.8806    34.8843    1470.67    1470.67    6.67945      1.168     0.0007 0.0000e+00
    192.564  -39.41850   59.95064     72.000     72.698     4.7087     4.7091   3.313073   3.313124    96.3346     0.4486     2.3550      98.78          0  1027.9637  1027.9646    34.8965    34.8976    1470.60    1470.61    192.564    6.69023   93.86702      1.105     0.0004     72.000  1027.9581  1027.9583    34.8894    34.8896    1470.60    1470.60    6.67659      1.276     0.0004 0.0000e+00
    193.367  -39.41851   59.95064     73.000     73.708     4.6976     4.6979   3.312300   3.312295    96.3182     0.4429     2.3529      98.78          0  1027.9706  1027.9712    34.8976    34.8985    1470.58    1470.58    193.367    6.68878   93.82246      1.267     0.0003     73.000  1027.9657  1027.9655    34.8915    34.8911    1470.57    1470.57    6.67165      1.135     0.0003 0.0000e+00
    196.708  -39.41851   59.95062     74.000     74.718     4.7151     4.7203   3.313886   3.314254    96.3411     0.4382     2.3467      98.77          0  1027.9701  1027.9688    34.8937    34.8928    1470.66    1470.68    196.708    6.66012   93.45707      0.450     0.0051     74.000  1027.9680  1027.9666    34.8911    34.8899    1470.66    1470.68    6.64685      0.192     0.0051 0.0000e+00
    200.913  -39.41848   59.95060     75.000     75.727     4.6836     4.6839   3.311105   3.311280    96.4316     0.3985     2.3423      98.77          0  1027.9802  1027.9819    34.8959    34.8981    1470.55    1470.55    200.913    6.64390   93.16064      0.936     0.0003     75.000  1027.9764  1027.9778    34.8912    34.8929    1470.54    1470.55    6.63699      1.326     0.0003 0.0000e+00
    201.570  -39.41848   59.95061     76.000     76.737     4.6673     4.6680   3.309675   3.309832    96.4577     0.3607     2.3409      98.78          0  1027.9866  1027.9878    34.8956    34.8973    1470.50    1470.50    201.570    6.64730   93.17200      1.236     0.0006     76.000  1027.9829  1027.9838    34.8911    34.8922    1470.49    1470.50    6.63559      1.420     0.0006 0.0000e+00
    202.267  -39.41848   59.95062     77.000     77.747     4.6487     4.6497   3.307907   3.308161    96.4864     0.3595     2.3409      98.77          0  1027.9930  1027.9949    34.8952    34.8978    1470.44    1470.45    202.267    6.64918   93.15659      1.392     0.0009     77.000  1027.9884  1027.9899    34.8895    34.8914    1470.43    1470.44    6.64002      1.394     0.0009 0.0000e+00
    203.041  -39.41848   59.95062     78.000     78.757     4.6486     4.6430   3.308233   3.307748    96.4923     0.3416     2.3403      98.77          0  1027.9978  1027.9993    34.8954    34.8964    1470.46    1470.43    203.041    6.64395   93.08306      1.407    -0.0055     78.000  1027.9958  1027.9966    34.8929    34.8930    1470.45    1470.43    6.63824      1.055    -0.0055 0.0000e+00
    207.455  -39.41846   59.95060     79.000     79.767     4.6463     4.6561   3.308182   3.308993    96.5004     0.3425     2.3369      98.78          0  1028.0033  1028.0018    34.8961    34.8956    1470.46    1470.50    207.455    6.63270   92.92106      0.352     0.0098     79.000  1028.0017  1028.0000    34.8941    34.8933    1470.46    1470.50    6.62720      0.159     0.0098 0.0000e+00
    211.051  -39.41844   59.95058     80.000     80.777     4.6242     4.6241   3.306189   3.306347    96.5891     0.3134     2.3347      98.78          0  1028.0116  1028.0135    34.8975    34.8999    1470.39    1470.39    211.051    6.62954   92.82854      1.013    -0.0001     80.000  1028.0084  1028.0101    34.8935    34.8955    1470.39    1470.39    6.62375      1.344    -0.0001 0.0000e+00
    211.824  -39.41844   59.95060     81.000     81.787     4.5950     4.5968   3.303510   3.304014    96.5995     0.2951     2.3332      98.77          0  1028.0212  1028.0239    34.8995    34.9032    1470.29    1470.30    211.824    6.63425   92.83066      1.298     0.0018     81.000  1028.0156  1028.0187    34.8925    34.8965    1470.28    1470.29    6.62452      1.426     0.0018 0.0000e+00
    212.527  -39.41844   59.95060     82.000     82.797     4.5570     4.5578   3.300628   3.300860    96.6222     0.2783     2.3333      98.77          0  1028.0336  1028.0356    34.9037    34.9065    1470.16    1470.16    212.527    6.64131   92.84775      1.413     0.0008     82.000  1028.0292  1028.0306    34.8982    34.9001    1470.15    1470.16    6.63217      1.408     0.0008 0.0000e+00
    213.262  -39.41844   59.95060     83.000     83.807     4.5507     4.5439   3.300370   3.299805    96.6619     0.2126     2.3328      98.77          0  1028.0398  1028.0422    34.9048    34.9069    1470.15    1470.12    213.262    6.63723   92.77744      1.423    -0.0069     83.000  1028.0370  1028.0382    34.9012    34.9019    1470.14    1470.12    6.63208      1.209    -0.0069 0.0000e+00
    216.796  -39.41843   59.95058     84.000     84.817     4.5371     4.5504   3.299365   3.300327    96.7577     0.1576     2.3303      98.77          0  1028.0452  1028.0420    34.9036    34.9016    1470.11    1470.16    216.796    6.63029   92.64931      0.810     0.0134     84.000  1028.0449  1028.0411    34.9033    34.9005    1470.11    1470.16    6.62611      0.253     0.0134 0.0000e+00
    221.342  -39.41840   59.95056     85.000     85.827     4.5257     4.5439   3.297543   3.299644    96.7529     0.1338     2.3279      98.77          0  1028.0496  1028.0493    34.9017    34.9041    1470.08    1470.15    221.342    6.61930   92.46962      1.262     0.0181     85.000  1028.0430  1028.0453    34.8934    34.8989    1470.06    1470.15    6.62077      1.355     0.0181 0.0000e+00
