Ship_data/Irminger/Irminger-2/ctd/process/at30_010.ros
* Sea-Bird SBE 9 Data File:
* FileName = C:\data\ctd\at30_010.hdr
* Software Version Seasave V 7.21f
* Temperature SN = 2265
* Conductivity SN = 3021
* Number of Bytes Per Scan = 40
* Number of Voltage Words = 5
* Number of Scans Averaged by the Deck Unit = 1
* NMEA Latitude = 59 45.71 N
* NMEA Longitude = 039 52.84 W
* NMEA UTC (Time) = Aug 19 2015  21:15:33
** FLMA 2 post deployment cal
# nquan = 27
# nvalues = 588                                   
# units = specified
# name 0 = timeS: Time, Elapsed [seconds]
# name 1 = longitude: Longitude [deg]
# name 2 = latitude: Latitude [deg]
# name 3 = depSM: Depth [salt water, m]
# name 4 = prDM: Pressure, Digiquartz [db]
# name 5 = t090C: Temperature [ITS-90, deg C]
# name 6 = t190C: Temperature, 2 [ITS-90, deg C]
# name 7 = c0S/m: Conductivity [S/m]
# name 8 = c1S/m: Conductivity, 2 [S/m]
# name 9 = CStarTr0: Beam Transmission, WET Labs C-Star [%]
# name 10 = flECO-AFL: Fluorescence, WET Labs ECO-AFL/FL [mg/m^3]
# name 11 = sbeox0V: Oxygen raw, SBE 43 [V]
# name 12 = altM: Altimeter [m]
# name 13 = nbf: Bottles Fired
# name 14 = density00: Density [density, Kg/m^3]
# name 15 = density11: Density, 2 [density, Kg/m^3]
# name 16 = sal00: Salinity, Practical [PSU]
# name 17 = sal11: Salinity, Practical, 2 [PSU]
# name 18 = svCM: Sound Velocity [Chen-Millero, m/s]
# name 19 = svCM1: Sound Velocity, 2 [Chen-Millero, m/s]
# name 20 = timeS: Time, Elapsed [seconds]
# name 21 = sbeox0ML/L: Oxygen, SBE 43 [ml/l]
# name 22 = sbeox0PS: Oxygen, SBE 43 [% saturation]
# name 23 = dz/dtM: Descent Rate [m/s]
# name 24 = T2-T190C: Temperature Difference, 2 - 1 [ITS-90, deg C]
# name 25 = scan: Scan Count
# name 26 = flag:  0.000e+00
# interval = seconds: 0.0416667
# start_time = Aug 19 2015 21:15:33 [NMEA time, header]
# bad_flag = -9.990e-29
*END*
[from data line 108]
   4139.375  -39.88210   59.76200   2100.168   2130.906     2.9837     2.9847   3.250852   3.250914    97.6277    -0.0512     1.7376      98.73          3  1037.5849  1037.5846    34.9309    34.9306    1497.59    1497.59   4139.375    6.06256   81.59374      0.258     0.0010      99346  0.000e+00
   4139.417  -39.88210   59.76200   2100.225   2130.965     2.9836     2.9849   3.250864   3.250914    97.6277    -0.0512     1.7376      98.73          3  1037.5855  1037.5847    34.9312    34.9304    1497.59    1497.59   4139.417    6.06263   81.59443      0.264     0.0013      99347  0.000e+00
   4139.458  -39.88210   59.76200   2100.110   2130.847     2.9837     2.9846   3.250864   3.250897    97.6277    -0.0512     1.7376      98.73          3  1037.5848  1037.5843    34.9311    34.9306    1497.59    1497.59   4139.458    6.06251   81.59312      0.248     0.0008      99348  0.000e+00
   4139.500  -39.88210   59.76200   2100.168   2130.906     2.9836     2.9847   3.250864   3.250914    97.6277    -0.0512     1.7376      98.73          3  1037.5852  1037.5846    34.9312    34.9306    1497.59    1497.59   4139.500    6.06258   81.59381      0.241     0.0011      99349  0.000e+00
   4139.542  -39.88210   59.76200   2100.225   2130.965     2.9837     2.9845   3.250846   3.250925    97.6016    -0.0512     1.7376      98.73          3  1037.5851  1037.5851    34.9308    34.9309    1497.59    1497.59   4139.542    6.06262   81.59438      0.237     0.0008      99350  0.000e+00
   4139.583  -39.88210   59.76200   2100.168   2130.906     2.9837     2.9849   3.250834   3.250857    97.6277    -0.0512     1.7376      98.73          3  1037.5848  1037.5839    34.9307    34.9297    1497.59    1497.59   4139.583    6.06257   81.59376      0.228     0.0011      99351  0.000e+00
   4139.625  -39.88210   59.76200   2100.168   2130.906     2.9837     2.9846   3.250834   3.250914    97.6016    -0.0585     1.7376      98.73          3  1037.5848  1037.5847    34.9307    34.9308    1497.59    1497.59   4139.625    6.06257   81.59376      0.218     0.0008      99352  0.000e+00
   4139.667  -39.88210   59.76200   2100.168   2130.906     2.9839     2.9846   3.250834   3.250868    97.6016    -0.0585     1.7376      98.73          3  1037.5846  1037.5843    34.9305    34.9302    1497.59    1497.59   4139.667    6.06255   81.59371      0.211     0.0006      99353  0.000e+00
   4139.708  -39.88210   59.76200   2100.168   2130.906     2.9836     2.9847   3.250834   3.250914    97.6016    -0.0585     1.7376      98.71          3  1037.5849  1037.5846    34.9309    34.9306    1497.59    1497.59   4139.708    6.06260   81.59383      0.199     0.0011      99354  0.000e+00
   4139.750  -39.88210   59.76200   2100.168   2130.906     2.9837     2.9847   3.250816   3.250868    97.6016    -0.0512     1.7376      98.73          3  1037.5846  1037.5841    34.9305    34.9300    1497.59    1497.59   4139.750    6.06258   81.59377      0.193     0.0010      99355  0.000e+00
   4139.792  -39.88210   59.76200   2100.168   2130.906     2.9836     2.9846   3.250864   3.250885    97.6277    -0.0585     1.7376      98.73          3  1037.5852  1037.5845    34.9312    34.9304    1497.59    1497.59   4139.792    6.06258   81.59383      0.183     0.0010      99356  0.000e+00
   4139.833  -39.88210   59.76200   2100.168   2130.906     2.9836     2.9843   3.250852   3.250885    97.6277    -0.0585     1.7376      98.73          3  1037.5851  1037.5847    34.9311    34.9306    1497.59    1497.59   4139.833    6.06259   81.59384      0.172     0.0008      99357  0.000e+00
   4139.875  -39.88210   59.76200   2100.168   2130.906     2.9839     2.9846   3.250834   3.250868    97.6277    -0.0585     1.7376      98.73          3  1037.5846  1037.5843    34.9305    34.9302    1497.59    1497.59   4139.875    6.06255   81.59373      0.164     0.0006      99358  0.000e+00
   4139.917  -39.88210   59.76200   2100.168   2130.906     2.9836     2.9846   3.250852   3.250885    97.6277    -0.0512     1.7376      98.73          3  1037.5851  1037.5845    34.9311    34.9304    1497.59    1497.59   4139.917    6.06259   81.59385      0.155     0.0010      99359  0.000e+00
   4139.958  -39.88210   59.76200   2100.168   2130.907     2.9837     2.9846   3.250864   3.250868    97.6016    -0.0512     1.7376      98.73          3  1037.5851  1037.5843    34.9310    34.9302    1497.59    1497.59   4139.958    6.06256   81.59379      0.145     0.0008      99360  0.000e+00
   4140.000  -39.88210   59.76200   2100.168   2130.907     2.9837     2.9846   3.250846   3.250885    97.6277    -0.0585     1.7376      98.71          3  1037.5849  1037.5845    34.9308    34.9304    1497.59    1497.59   4140.000    6.06257   81.59379      0.138     0.0008      99361  0.000e+00
   4140.042  -39.88210   59.76200   2100.111   2130.848     2.9835     2.9846   3.250816   3.250885    97.6277    -0.0512     1.7376      98.73          3  1037.5846  1037.5842    34.9308    34.9304    1497.59    1497.59   4140.042    6.06258   81.59327      0.124     0.0011      99362  0.000e+00
   4140.083  -39.88210   59.76200   2100.168   2130.907     2.9836     2.9847   3.250846   3.250834    97.6277    -0.0512     1.7376      98.73          3  1037.5851  1037.5839    34.9310    34.9297    1497.59    1497.59   4140.083    6.06259   81.59386      0.116     0.0011      99363  0.000e+00
   4140.125  -39.88210   59.76200   2100.168   2130.907     2.9836     2.9846   3.250864   3.250857    97.6016    -0.0585     1.7376      98.73          3  1037.5852  1037.5842    34.9312    34.9301    1497.59    1497.59   4140.125    6.06259   81.59386      0.107     0.0010      99364  0.000e+00
   4140.167  -39.88210   59.76200   2100.168   2130.907     2.9839     2.9847   3.250864   3.250868    97.6277    -0.0585     1.7376      98.73          3  1037.5849  1037.5841    34.9309    34.9300    1497.59    1497.59   4140.167    6.06254   81.59375      0.098     0.0008      99365  0.000e+00
   4140.208  -39.88210   59.76200   2100.103   2130.840     2.9836     2.9846   3.250846   3.250885    97.6277    -0.0512     1.7376      98.73          3  1037.5848  1037.5842    34.9310    34.9304    1497.59    1497.59   4140.208    6.06254   81.59316      0.089     0.0010      99366  0.000e+00
   4140.250  -39.88210   59.76200   2100.168   2130.907     2.9836     2.9846   3.250834   3.250857    97.6277    -0.0512     1.7376      98.71          3  1037.5849  1037.5842    34.9309    34.9301    1497.59    1497.59   4140.250    6.06260   81.59387      0.083     0.0010      99367  0.000e+00
   4140.292  -39.88210   59.76200   2100.103   2130.840     2.9836     2.9846   3.250852   3.250868    97.6277    -0.0512     1.7376      98.73          3  1037.5848  1037.5840    34.9311    34.9302    1497.59    1497.59   4140.292    6.06254   81.59316      0.068     0.0010      99368  0.000e+00
   4140.333  -39.88210   59.76200   2100.168   2130.907     2.9836     2.9845   3.250822   3.250885    97.6016    -0.0512     1.7376      98.73          3  1037.5848  1037.5845    34.9307    34.9305    1497.59    1497.59   4140.333    6.06261   81.59388      0.061     0.0009      99369  0.000e+00
   4140.375  -39.88210   59.76200   2100.111   2130.848     2.9837     2.9847   3.250846   3.250868    97.6016    -0.0512     1.7376      98.73          3  1037.5846  1037.5839    34.9308    34.9301    1497.59    1497.59   4140.375    6.06253   81.59320      0.055     0.0010      99370  0.000e+00
   4140.417  -39.88210   59.76200   2100.103   2130.840     2.9836     2.9846   3.250846   3.250885    97.6016    -0.0512     1.7376      98.73          3  1037.5848  1037.5842    34.9310    34.9304    1497.59    1497.59   4140.417    6.06254   81.59317      0.043     0.0010      99371  0.000e+00
   4140.458  -39.88210   59.76200   2100.169   2130.907     2.9836     2.9846   3.250834   3.250857    97.6277    -0.0512     1.7388      98.73          3  1037.5849  1037.5842    34.9309    34.9301    1497.59    1497.59   4140.458    6.06881   81.67745      0.039     0.0010      99372  0.000e+00
   4140.500  -39.88210   59.76200   2100.103   2130.840     2.9837     2.9847   3.250828   3.250925    97.6277    -0.0585     1.7376      98.73          3  1037.5844  1037.5844    34.9306    34.9308    1497.59    1497.59   4140.500    6.06253   81.59312      0.027     0.0010      99373  0.000e+00
   4140.542  -39.88210   59.76200   2100.111   2130.848     2.9837     2.9846   3.250834   3.250885    97.6277    -0.0512     1.7376      98.73          3  1037.5845  1037.5842    34.9307    34.9304    1497.59    1497.59   4140.542    6.06253   81.59322      0.018     0.0008      99374  0.000e+00
   4140.583  -39.88210   59.76200   2100.103   2130.840     2.9836     2.9846   3.250816   3.250868    97.6277    -0.0512     1.7376      98.73          3  1037.5845  1037.5840    34.9307    34.9302    1497.59    1497.59   4140.583    6.06256   81.59319      0.013     0.0010      99375  0.000e+00
   4140.625  -39.88210   59.76200   2100.111   2130.848     2.9837     2.9845   3.250822   3.250857    97.6277    -0.0512     1.7376      98.73          3  1037.5844  1037.5840    34.9306    34.9302    1497.59    1497.59   4140.625    6.06254   81.59322      0.005     0.0008      99376  0.000e+00
   4140.667  -39.88210   59.76200   2100.111   2130.848     2.9836     2.9847   3.250834   3.250857    97.6277    -0.0512     1.7376      98.73          3  1037.5847  1037.5838    34.9309    34.9299    1497.59    1497.59   4140.667    6.06256   81.59329      0.001     0.0011      99377  0.000e+00
   4140.708  -39.88210   59.76200   2100.169   2130.907     2.9837     2.9846   3.250834   3.250897    97.6277    -0.0512     1.7388      98.73          3  1037.5848  1037.5846    34.9307    34.9306    1497.59    1497.59   4140.708    6.06879   81.67741     -0.004     0.0008      99378  0.000e+00
   4140.750  -39.88210   59.76200   2100.045   2130.781     2.9836     2.9846   3.250852   3.250822    97.6277    -0.0585     1.7376      98.73          3  1037.5846  1037.5834    34.9311    34.9297    1497.59    1497.59   4140.750    6.06249   81.59258     -0.013     0.0010      99379  0.000e+00
   4140.792  -39.88210   59.76200   2100.169   2130.907     2.9837     2.9847   3.250864   3.250925    97.6277    -0.0439     1.7376      98.73          3  1037.5851  1037.5847    34.9310    34.9307    1497.59    1497.59   4140.792    6.06257   81.59386     -0.015     0.0010      99380  0.000e+00
   4140.833  -39.88210   59.76200   2100.111   2130.848     2.9836     2.9846   3.250846   3.250914    97.6016    -0.0512     1.7376      98.73          3  1037.5848  1037.5845    34.9310    34.9308    1497.59    1497.59   4140.833    6.06255   81.59330     -0.019     0.0010      99381  0.000e+00
   4140.875  -39.88210   59.76200   2100.103   2130.840     2.9837     2.9845   3.250834   3.250868    97.6277    -0.0585     1.7376      98.73          3  1037.5845  1037.5841    34.9307    34.9303    1497.59    1497.59   4140.875    6.06253   81.59316     -0.025     0.0008      99382  0.000e+00
   4140.917  -39.88210   59.76200   2100.046   2130.781     2.9837     2.9847   3.250834   3.250857    97.6277    -0.0585     1.7376      98.73          3  1037.5843  1037.5835    34.9307    34.9300    1497.59    1497.59   4140.917    6.06248   81.59253     -0.033     0.0010      99383  0.000e+00
   4140.958  -39.88210   59.76200   2100.169   2130.907     2.9837     2.9847   3.250816   3.250885    97.6277    -0.0585     1.7376      98.73          3  1037.5846  1037.5843    34.9305    34.9302    1497.59    1497.59   4140.958    6.06259   81.59388     -0.031     0.0010      99384  0.000e+00
   4569.917  -39.88260   59.76210   1801.457   1826.519     3.2567     3.2577   3.262633   3.262706    97.6277    -0.0512     1.7958      98.73          4  1036.1796  1036.1793    34.9294    34.9293    1493.63    1493.64   4569.917    6.05875   82.09072      0.405     0.0010     109679  0.000e+00
   4569.958  -39.88260   59.76210   1801.523   1826.586     3.2567     3.2575   3.262651   3.262678    97.6277    -0.0512     1.7958      98.71          4  1036.1800  1036.1795    34.9296    34.9290    1493.64    1493.64   4569.958    6.05880   82.09143      0.403     0.0008     109680  0.000e+00
   4570.000  -39.88260   59.76210   1801.490   1826.552     3.2568     3.2575   3.262645   3.262706    97.6277    -0.0512     1.7945      98.73          4  1036.1798  1036.1796    34.9295    34.9294    1493.63    1493.64   4570.000    6.05286   82.01108      0.397     0.0008     109681  0.000e+00
   4570.042  -39.88260   59.76210   1801.457   1826.519     3.2567     3.2574   3.262651   3.262626    97.6277    -0.0585     1.7958      98.73          4  1036.1798  1036.1789    34.9296    34.9286    1493.63    1493.64   4570.042    6.05874   82.09071      0.389     0.0007     109682  0.000e+00
   4570.083  -39.88260   59.76210   1801.490   1826.552     3.2567     3.2575   3.262645   3.262678    97.6016    -0.0512     1.7958      98.73          4  1036.1798  1036.1794    34.9295    34.9291    1493.63    1493.64   4570.083    6.05877   82.09106      0.383     0.0008     109683  0.000e+00
   4570.125  -39.88260   59.76210   1801.523   1826.586     3.2569     3.2572   3.262633   3.262678    97.6277    -0.0512     1.7958      98.73          4  1036.1797  1036.1798    34.9292    34.9294    1493.64    1493.64   4570.125    6.05878   82.09136      0.377     0.0003     109684  0.000e+00
   4570.167  -39.88260   59.76210   1801.523   1826.586     3.2567     3.2574   3.262651   3.262678    97.6277    -0.0512     1.7958      98.73          4  1036.1800  1036.1797    34.9296    34.9292    1493.64    1493.64   4570.167    6.05880   82.09142      0.371     0.0007     109685  0.000e+00
   4570.208  -39.88260   59.76210   1801.490   1826.553     3.2569     3.2574   3.262621   3.262655    97.6277    -0.0732     1.7958      98.73          4  1036.1794  1036.1793    34.9291    34.9290    1493.63    1493.64   4570.208    6.05876   82.09100      0.363     0.0005     109686  0.000e+00
   4570.250  -39.88260   59.76210   1801.523   1826.586     3.2567     3.2571   3.262645   3.262649    97.6277    -0.0512     1.7958      98.73          4  1036.1800  1036.1797    34.9295    34.9292    1493.64    1493.64   4570.250    6.05880   82.09141      0.354     0.0003     109687  0.000e+00
   4570.292  -39.88260   59.76210   1801.523   1826.586     3.2569     3.2571   3.262645   3.262615    97.6277    -0.0512     1.7958      98.73          4  1036.1798  1036.1794    34.9293    34.9288    1493.64    1493.64   4570.292    6.05878   82.09135      0.345     0.0002     109688  0.000e+00
   4570.333  -39.88260   59.76210   1801.490   1826.553     3.2570     3.2577   3.262633   3.262678    97.6016    -0.0512     1.7958      98.73          4  1036.1795  1036.1792    34.9292    34.9289    1493.64    1493.64   4570.333    6.05875   82.09097      0.336     0.0007     109689  0.000e+00
   4570.375  -39.88260   59.76210   1801.523   1826.586     3.2566     3.2571   3.262651   3.262626    97.6277    -0.0512     1.7958      98.73          4  1036.1802  1036.1795    34.9298    34.9289    1493.63    1493.64   4570.375    6.05882   82.09145      0.326     0.0005     109690  0.000e+00
   4570.417  -39.88260   59.76210   1801.523   1826.586     3.2567     3.2574   3.262645   3.262706    97.6277    -0.0512     1.7958      98.73          4  1036.1800  1036.1799    34.9295    34.9296    1493.64    1493.64   4570.417    6.05880   82.09140      0.320     0.0007     109691  0.000e+00
   4570.458  -39.88260   59.76210   1801.490   1826.553     3.2569     3.2574   3.262633   3.262649    97.6277    -0.0512     1.7958      98.73          4  1036.1796  1036.1792    34.9292    34.9289    1493.64    1493.64   4570.458    6.05875   82.09098      0.307     0.0005     109692  0.000e+00
