Ship_data/Irminger/Irminger-2/ctd/process/at30_010.ros
* Sea-Bird SBE 9 Data File:
* FileName = C:\data\ctd\at30_010.hdr
* Software Version Seasave V 7.21f
* Temperature SN = 2265
* Conductivity SN = 3021
* Number of Bytes Per Scan = 40
* Number of Voltage Words = 5
* Number of Scans Averaged by the Deck Unit = 1
* NMEA Latitude = 59 45.71 N
* NMEA Longitude = 039 52.84 W
* NMEA UTC (Time) = Aug 19 2015  21:15:33
** FLMA 2 post deployment cal
# nquan = 27
# nvalues = 588                                   
# units = specified
# name 0 = timeS: Time, Elapsed [seconds]
# name 1 = longitude: Longitude [deg]
# name 2 = latitude: Latitude [deg]
# name 3 = depSM: Depth [salt water, m]
# name 4 = prDM: Pressure, Digiquartz [db]
# name 5 = t090C: Temperature [ITS-90, deg C]
# name 6 = t190C: Temperature, 2 [ITS-90, deg C]
# name 7 = c0S/m: Conductivity [S/m]
# name 8 = c1S/m: Conductivity, 2 [S/m]
# name 9 = CStarTr0: Beam Transmission, WET Labs C-Star [%]
# name 10 = flECO-AFL: Fluorescence, WET Labs ECO-AFL/FL [mg/m^3]
# name 11 = sbeox0V: Oxygen raw, SBE 43 [V]
# name 12 = altM: Altimeter [m]
# name 13 = nbf: Bottles Fired
# name 14 = density00: Density [density, Kg/m^3]
# name 15 = density11: Density, 2 [density, Kg/m^3]
# name 16 = sal00: Salinity, Practical [PSU]
# name 17 = sal11: Salinity, Practical, 2 [PSU]
# name 18 = svCM: Sound Velocity [Chen-Millero, m/s]
# name 19 = svCM1: Sound Velocity, 2 [Chen-Millero, m/s]
# name 20 = timeS: Time, Elapsed [seconds]
# name 21 = sbeox0ML/L: Oxygen, SBE 43 [ml/l]
# name 22 = sbeox0PS: Oxygen, SBE 43 [% saturation]
# name 23 = dz/dtM: Descent Rate [m/s]
# name 24 = T2-T190C: Temperature Difference, 2 - 1 [ITS-90, deg C]
# name 25 = scan: Scan Count
# name 26 = flag:  0.000e+00
# interval = seconds: 0.0416667
# start_time = Aug 19 2015 21:15:33 [NMEA time, header]
# bad_flag = -9.990e-29
*END*
[from data line 430]
   6326.458  -39.88462   59.76234    601.139    607.739     3.6411     3.6407   3.241257   3.241231    97.5754    -0.0512     2.1774      98.73          9  1030.5495  1030.5496    34.8857    34.8858    1474.94    1474.94   6326.458    6.65133   90.94308      0.080    -0.0004     151836  0.000e+00
   6326.500  -39.88462   59.76234    601.163    607.764     3.6409     3.6407   3.241257   3.241259    97.5493    -0.0585     2.1762      98.73          9  1030.5497  1030.5500    34.8859    34.8862    1474.94    1474.94   6326.500    6.64644   90.87596      0.063    -0.0003     151837  0.000e+00
   6326.542  -39.88462   59.76234    601.082    607.682     3.6409     3.6400   3.241227   3.241311    97.5754    -0.0512     2.1762      98.73          9  1030.5491  1030.5507    34.8856    34.8875    1474.94    1474.94   6326.542    6.64638   90.87498      0.042    -0.0009     151838  0.000e+00
   6326.583  -39.88462   59.76234    601.139    607.739     3.6408     3.6400   3.241251   3.241259    97.5493    -0.0512     2.1762      98.73          9  1030.5497  1030.5505    34.8859    34.8869    1474.94    1474.94   6326.583    6.64643   90.87567      0.025    -0.0008     151839  0.000e+00
   6326.625  -39.88462   59.76234    601.106    607.707     3.6411     3.6399   3.241269   3.241202    97.5493    -0.0512     2.1774      98.73          9  1030.5494  1030.5500    34.8859    34.8864    1474.94    1474.94   6326.625    6.65129   90.94264      0.007    -0.0012     151840  0.000e+00
   6326.667  -39.88462   59.76234    601.082    607.682     3.6407     3.6400   3.241251   3.241202    97.5493    -0.0512     2.1774      98.73          9  1030.5496  1030.5497    34.8861    34.8862    1474.94    1474.94   6326.667    6.65134   90.94246     -0.011    -0.0006     151841  0.000e+00
   6326.708  -39.88462   59.76234    601.082    607.682     3.6409     3.6403   3.241275   3.241231    97.5493    -0.0512     2.1762      98.73          9  1030.5496  1030.5498    34.8861    34.8863    1474.94    1474.94   6326.708    6.64635   90.87492     -0.028    -0.0007     151842  0.000e+00
   6326.750  -39.88462   59.76234    601.042    607.641     3.6409     3.6404   3.241257   3.241231    97.5493    -0.0512     2.1762      98.73          9  1030.5492  1030.5495    34.8859    34.8862    1474.94    1474.94   6326.750    6.64633   90.87442     -0.046    -0.0006     151843  0.000e+00
   6326.792  -39.88462   59.76234    601.017    607.617     3.6407     3.6407   3.241239   3.241202    97.5493    -0.0512     2.1774      98.73          9  1030.5492  1030.5488    34.8860    34.8856    1474.94    1474.94   6326.792    6.65128   90.94164     -0.064     0.0000     151844  0.000e+00
   6326.833  -39.88462   59.76234    601.017    607.617     3.6405     3.6402   3.241179   3.241276    97.5493    -0.0585     2.1762      98.73          9  1030.5488  1030.5500    34.8855    34.8870    1474.94    1474.94   6326.833    6.64640   90.87423     -0.081    -0.0003     151845  0.000e+00
   6326.875  -39.88462   59.76234    600.985    607.584     3.6401     3.6402   3.241137   3.241259    97.5754    -0.0512     2.1762      98.73          9  1030.5486  1030.5497    34.8854    34.8868    1474.94    1474.94   6326.875    6.64644   90.87393     -0.098     0.0001     151846  0.000e+00
   6641.083  -39.88502   59.76242    399.979    404.173     3.8343     3.8350   3.250829   3.250905    97.5231    -0.0512     2.1986      98.73         10  1029.6018  1029.6019    34.9028    34.9029    1472.43    1472.43   6641.083    6.52522   89.64921     -0.481     0.0007     159387  0.000e+00
   6641.125  -39.88502   59.76242    399.979    404.173     3.8344     3.8351   3.250847   3.250876    97.4969    -0.0512     2.1973      98.73         10  1029.6020  1029.6016    34.9029    34.9025    1472.43    1472.43   6641.125    6.52043   89.58363     -0.498     0.0007     159388  0.000e+00
   6641.167  -39.88502   59.76242    399.979    404.173     3.8345     3.8355   3.250866   3.250916    97.4969    -0.0512     2.1986      98.73         10  1029.6021  1029.6015    34.9031    34.9026    1472.43    1472.43   6641.167    6.52519   89.64915     -0.508     0.0011     159389  0.000e+00
   6641.208  -39.88502   59.76242    399.915    404.108     3.8348     3.8352   3.250859   3.250933    97.4969    -0.0512     2.1986      98.73         10  1029.6014  1029.6017    34.9026    34.9031    1472.43    1472.43   6641.208    6.52508   89.64827     -0.523     0.0003     159390  0.000e+00
   6641.250  -39.88502   59.76242    399.979    404.173     3.8345     3.8354   3.250847   3.250973    97.4969    -0.0512     2.1986      98.73         10  1029.6019  1029.6022    34.9029    34.9034    1472.43    1472.43   6641.250    6.52519   89.64912     -0.528     0.0009     159391  0.000e+00
   6641.292  -39.88502   59.76242    399.858    404.051     3.8345     3.8352   3.250823   3.250996    97.4969    -0.0512     2.1986      98.73         10  1029.6011  1029.6020    34.9026    34.9039    1472.43    1472.43   6641.292    6.52509   89.64767     -0.543     0.0007     159392  0.000e+00
   6641.333  -39.88502   59.76242    399.915    404.108     3.8345     3.8354   3.250860   3.250905    97.5231    -0.0585     2.1986      98.73         10  1029.6017  1029.6013    34.9030    34.9026    1472.43    1472.43   6641.333    6.52512   89.64832     -0.551     0.0008     159393  0.000e+00
   6641.375  -39.88502   59.76242    399.858    404.051     3.8346     3.8354   3.250878   3.250973    97.5231    -0.0512     2.1986      98.73         10  1029.6015  1029.6017    34.9031    34.9035    1472.43    1472.43   6641.375    6.52504   89.64761     -0.556     0.0007     159394  0.000e+00
   6641.417  -39.88502   59.76242    399.794    403.986     3.8348     3.8354   3.250859   3.250933    97.5231    -0.0512     2.1986      98.73         10  1029.6009  1029.6011    34.9027    34.9030    1472.43    1472.43   6641.417    6.52497   89.64677     -0.563     0.0005     159395  0.000e+00
   6641.458  -39.88502   59.76242    399.858    404.051     3.8346     3.8354   3.250866   3.250945    97.5231    -0.0512     2.1986      98.73         10  1029.6014  1029.6014    34.9030    34.9031    1472.43    1472.43   6641.458    6.52505   89.64758     -0.570     0.0007     159396  0.000e+00
   6641.500  -39.88502   59.76242    399.794    403.986     3.8345     3.8351   3.250859   3.250876    97.5231    -0.0512     2.1986      98.73         10  1029.6012  1029.6008    34.9031    34.9026    1472.43    1472.43   6641.500    6.52501   89.64683     -0.575     0.0006     159397  0.000e+00
   6641.542  -39.88502   59.76242    399.802    403.994     3.8345     3.8352   3.250847   3.250916    97.5231    -0.0512     2.1986      98.73         10  1029.6011  1029.6011    34.9030    34.9030    1472.43    1472.43   6641.542    6.52503   89.64693     -0.577     0.0007     159398  0.000e+00
   6641.583  -39.88502   59.76242    399.737    403.928     3.8345     3.8352   3.250847   3.250933    97.5231    -0.0512     2.1986      98.73         10  1029.6008  1029.6010    34.9029    34.9032    1472.43    1472.43   6641.583    6.52496   89.64614     -0.581     0.0007     159399  0.000e+00
   6641.625  -39.88502   59.76242    399.794    403.986     3.8343     3.8352   3.250847   3.250962    97.5231    -0.0512     2.1986      98.73         10  1029.6012  1029.6015    34.9031    34.9035    1472.43    1472.43   6641.625    6.52503   89.64683     -0.581     0.0008     159400  0.000e+00
   6641.667  -39.88502   59.76242    399.802    403.994     3.8344     3.8352   3.250829   3.250916    97.5231    -0.0512     2.1986      98.73         10  1029.6010  1029.6010    34.9028    34.9029    1472.43    1472.43   6641.667    6.52504   89.64690     -0.579     0.0008     159401  0.000e+00
   6641.708  -39.88502   59.76242    399.681    403.871     3.8345     3.8352   3.250799   3.250933    97.4969    -0.0512     2.1986      98.73         10  1029.6001  1029.6007    34.9024    34.9033    1472.42    1472.43   6641.708    6.52494   89.64543     -0.582     0.0007     159402  0.000e+00
   6641.750  -39.88502   59.76242    399.737    403.928     3.8345     3.8352   3.250853   3.250944    97.5231    -0.0512     2.1986      98.73         10  1029.6009  1029.6011    34.9031    34.9034    1472.43    1472.43   6641.750    6.52496   89.64609     -0.578     0.0007     159403  0.000e+00
   6641.792  -39.88502   59.76242    399.737    403.928     3.8347     3.8352   3.250896   3.250962    97.4969    -0.0512     2.1986      98.73         10  1029.6011  1029.6012    34.9033    34.9036    1472.43    1472.43   6641.792    6.52491   89.64602     -0.571     0.0005     159404  0.000e+00
   6641.833  -39.88502   59.76242    399.737    403.928     3.8346     3.8351   3.250884   3.250916    97.4969    -0.0512     2.1986      98.73         10  1029.6011  1029.6009    34.9033    34.9031    1472.43    1472.43   6641.833    6.52492   89.64602     -0.566     0.0005     159405  0.000e+00
   6641.875  -39.88502   59.76242    399.681    403.871     3.8347     3.8352   3.250859   3.250933    97.4969    -0.0512     2.1986      98.73         10  1029.6005  1029.6007    34.9029    34.9033    1472.42    1472.43   6641.875    6.52488   89.64532     -0.561     0.0005     159406  0.000e+00
   6641.917  -39.88502   59.76242    399.737    403.928     3.8346     3.8352   3.250890   3.250933    97.4969    -0.0512     2.1986      98.73         10  1029.6011  1029.6010    34.9033    34.9032    1472.43    1472.43   6641.917    6.52492   89.64599     -0.554     0.0006     159407  0.000e+00
   6641.958  -39.88502   59.76242    399.737    403.928     3.8347     3.8354   3.250908   3.250916    97.4969    -0.0512     2.1986      98.73         10  1029.6012  1029.6007    34.9035    34.9029    1472.43    1472.43   6641.958    6.52490   89.64596     -0.541     0.0007     159408  0.000e+00
   6642.000  -39.88502   59.76242    399.681    403.871     3.8348     3.8351   3.250908   3.250962    97.4969    -0.0512     2.1986      98.73         10  1029.6009  1029.6011    34.9034    34.9037    1472.43    1472.43   6642.000    6.52483   89.64525     -0.533     0.0003     159409  0.000e+00
   6642.042  -39.88502   59.76242    399.737    403.928     3.8348     3.8355   3.250908   3.250944    97.4969    -0.0512     2.1986      98.73         10  1029.6011  1029.6008    34.9033    34.9030    1472.43    1472.43   6642.042    6.52488   89.64588     -0.522     0.0007     159410  0.000e+00
   6642.083  -39.88502   59.76242    399.737    403.928     3.8347     3.8350   3.250908   3.250933    97.4969    -0.0512     2.1986      98.73         10  1029.6012  1029.6011    34.9035    34.9034    1472.43    1472.43   6642.083    6.52490   89.64591     -0.506     0.0004     159411  0.000e+00
   6642.125  -39.88504   59.76242    399.681    403.871     3.8346     3.8350   3.250890   3.250944    97.4969    -0.0512     2.1986      98.73         10  1029.6009  1029.6010    34.9034    34.9036    1472.43    1472.43   6642.125    6.52486   89.64525     -0.494     0.0004     159412  0.000e+00
   6642.167  -39.88504   59.76242    399.737    403.928     3.8345     3.8349   3.250877   3.250962    97.4969    -0.0512     2.1986      98.73         10  1029.6011  1029.6015    34.9033    34.9039    1472.43    1472.43   6642.167    6.52493   89.64593     -0.480     0.0004     159413  0.000e+00
   6642.208  -39.88504   59.76242    399.737    403.928     3.8343     3.8347   3.250835   3.250905    97.5231    -0.0585     2.1986      98.73         10  1029.6009  1029.6012    34.9030    34.9034    1472.42    1472.43   6642.208    6.52498   89.64596     -0.464     0.0004     159414  0.000e+00
   6642.250  -39.88504   59.76242    399.737    403.928     3.8341     3.8347   3.250817   3.250882    97.5231    -0.0512     2.1986      98.73         10  1029.6010  1029.6009    34.9031    34.9031    1472.42    1472.43   6642.250    6.52502   89.64602     -0.446     0.0007     159415  0.000e+00
   6642.292  -39.88504   59.76242    399.737    403.928     3.8338     3.8346   3.250775   3.250905    97.5231    -0.0512     2.1986      98.73         10  1029.6008  1029.6013    34.9028    34.9036    1472.42    1472.43   6642.292    6.52507   89.64607     -0.426     0.0007     159416  0.000e+00
   6642.333  -39.88504   59.76242    399.794    403.986     3.8339     3.8348   3.250775   3.250882    97.5231    -0.0585     2.1986      98.73         10  1029.6010  1029.6011    34.9027    34.9030    1472.42    1472.43   6642.333    6.52511   89.64670     -0.405     0.0009     159417  0.000e+00
   6642.375  -39.88504   59.76242    399.802    403.994     3.8338     3.8347   3.250805   3.250905    97.5231    -0.0512     2.1986      98.73         10  1029.6013  1029.6014    34.9031    34.9034    1472.42    1472.43   6642.375    6.52511   89.64680     -0.384     0.0009     159418  0.000e+00
   6642.417  -39.88504   59.76242    399.794    403.986     3.8337     3.8346   3.250811   3.250905    97.5231    -0.0512     2.1986      98.73         10  1029.6015  1029.6016    34.9033    34.9035    1472.42    1472.43   6642.417    6.52511   89.64672     -0.363     0.0008     159419  0.000e+00
   6642.458  -39.88504   59.76242    399.802    403.994     3.8339     3.8346   3.250817   3.250882    97.5231    -0.0512     2.1986      98.73         10  1029.6014  1029.6014    34.9032    34.9033    1472.42    1472.43   6642.458    6.52509   89.64675     -0.339     0.0007     159420  0.000e+00
   6642.500  -39.88504   59.76242    399.802    403.994     3.8338     3.8347   3.250835   3.250933    97.5231    -0.0512     2.1986      98.73         10  1029.6016  1029.6017    34.9035    34.9037    1472.42    1472.43   6642.500    6.52509   89.64675     -0.317     0.0009     159421  0.000e+00
   6642.542  -39.88504   59.76242    399.858    404.051     3.8341     3.8349   3.250829   3.250945    97.5231    -0.0512     2.1986      98.73         10  1029.6016  1029.6018    34.9031    34.9036    1472.43    1472.43   6642.542    6.52511   89.64734     -0.291     0.0009     159422  0.000e+00
   6642.583  -39.88504   59.76242    399.858    404.051     3.8340     3.8347   3.250817   3.250905    97.4969    -0.0512     2.1986      98.73         10  1029.6015  1029.6017    34.9031    34.9033    1472.43    1472.43   6642.583    6.52513   89.64734     -0.267     0.0007     159423  0.000e+00
   6642.625  -39.88504   59.76242    399.915    404.108     3.8341     3.8344   3.250799   3.250916    97.4969    -0.0512     2.1986      98.73         10  1029.6015  1029.6023    34.9028    34.9038    1472.43    1472.43   6642.625    6.52518   89.64798     -0.239     0.0003     159424  0.000e+00
   6642.667  -39.88504   59.76242    399.858    404.051     3.8338     3.8342   3.250805   3.250876    97.5231    -0.0512     2.1986      98.73         10  1029.6016  1029.6019    34.9031    34.9035    1472.42    1472.43   6642.667    6.52515   89.64736     -0.213     0.0004     159425  0.000e+00
   6642.708  -39.88504   59.76242    399.915    404.108     3.8341     3.8343   3.250817   3.250847    97.4969    -0.0512     2.1986      98.73         10  1029.6017  1029.6018    34.9030    34.9031    1472.43    1472.43   6642.708    6.52517   89.64795     -0.185     0.0002     159426  0.000e+00
   6642.750  -39.88504   59.76242    399.915    404.108     3.8338     3.8341   3.250817   3.250882    97.5231    -0.0512     2.1986      98.73         10  1029.6019  1029.6023    34.9032    34.9037    1472.43    1472.43   6642.750    6.52519   89.64800     -0.157     0.0002     159427  0.000e+00
   6642.792  -39.88504   59.76242    399.979    404.173     3.8341     3.8342   3.250799   3.250905    97.5231    -0.0512     2.1986      98.73         10  1029.6018  1029.6026    34.9027    34.9038    1472.43    1472.43   6642.792    6.52523   89.64868     -0.128     0.0002     159428  0.000e+00
