Ship_data/Irminger/Irminger-2/ctd/process/at30_005_SV.cnv
* Sea-Bird SBE 9 Data File:
* FileName = C:\data\ctd\at30_005.hdr
* Software Version Seasave V 7.21f
* Temperature SN = 2265
* Conductivity SN = 3021
* Number of Bytes Per Scan = 40
* Number of Voltage Words = 5
* Number of Scans Averaged by the Deck Unit = 1
* NMEA Latitude = 59 59.33 N
* NMEA Longitude = 039 27.67 W
* NMEA UTC (Time) = Aug 14 2015  19:36:17
# nquan = 15
# nvalues = 2654                        
# units = specified
# name 0 = depSM: Depth [salt water, m]
# name 1 = svCM: Sound Velocity [Chen-Millero, m/s]
# name 2 = svCM1: Sound Velocity, 2 [Chen-Millero, m/s]
# name 3 = timeS: Time, Elapsed [seconds]
# name 4 = depSM: Depth [salt water, m]
# name 5 = density00: Density [density, Kg/m^3]
# name 6 = density11: Density, 2 [density, Kg/m^3]
# name 7 = sal00: Salinity, Practical [PSU]
# name 8 = sal11: Salinity, Practical, 2 [PSU]
# name 9 = svCM: Sound Velocity [Chen-Millero, m/s]
# name 10 = svCM1: Sound Velocity, 2 [Chen-Millero, m/s]
# name 11 = sbeox0ML/L: Oxygen, SBE 43 [ml/l]
# name 12 = dz/dtM: Descent Rate [m/s]
# name 13 = T2-T190C: Temperature Difference, 2 - 1 [ITS-90, deg C]
# name 14 = flag:
# span 0 =      8.000,   2660.999       
# span 1 =    1471.60,    1501.75       
# span 2 =    1471.60,    1501.75       
# span 3 =     50.580,   3328.056       
# span 4 =      8.000,   2661.000       
# span 5 =  1027.1326,  1040.3412       
# span 6 =  1027.1278,  1040.3408       
# span 7 =    34.8476,    35.0077       
# span 8 =    34.8522,    35.0084       
# span 9 =    1471.60,    1501.75       
# span 10 =    1471.60,    1501.75      
# span 11 =    6.01011,    6.94310      
# span 12 =     -0.032,      1.717      
# span 13 =    -0.0859,     0.0240      
# span 14 = 0.0000e+00, 0.0000e+00      
# interval = meters: 1                  
# start_time = Aug 14 2015 19:36:17 [NMEA time, header]
# bad_flag = -9.990e-29
*END*
[from data line 290]
    298.000    1472.31    1472.31    681.254    298.000  1029.1095  1029.1099    34.9356    34.9361    1472.31    1472.31    6.41834      0.809     0.0004 0.0000e+00
    299.000    1472.30    1472.31    682.518    299.000  1029.1144  1029.1149    34.9350    34.9356    1472.30    1472.31    6.42337      0.844     0.0003 0.0000e+00
    300.000    1472.30    1472.30    683.613    300.000  1029.1195  1029.1199    34.9348    34.9353    1472.30    1472.30    6.42280      1.009     0.0003 0.0000e+00
    301.000    1472.31    1472.31    684.551    301.000  1029.1243  1029.1246    34.9348    34.9352    1472.31    1472.31    6.42576      1.115     0.0001 0.0000e+00
    302.000    1472.32    1472.32    685.446    302.000  1029.1290  1029.1294    34.9345    34.9350    1472.32    1472.32    6.42977      1.095     0.0001 0.0000e+00
    303.000    1472.32    1472.32    686.404    303.000  1029.1338  1029.1343    34.9343    34.9349    1472.32    1472.32    6.43111      1.022     0.0001 0.0000e+00
    304.000    1472.33    1472.33    687.422    304.000  1029.1387  1029.1390    34.9343    34.9348    1472.33    1472.33    6.43236      0.998     0.0000 0.0000e+00
    305.000    1472.34    1472.34    688.419    305.000  1029.1433  1029.1438    34.9340    34.9346    1472.34    1472.34    6.43332      1.020     0.0004 0.0000e+00
    306.000    1472.35    1472.35    689.417    306.000  1029.1482  1029.1484    34.9340    34.9344    1472.35    1472.35    6.43208      0.972     0.0002 0.0000e+00
    307.000    1472.36    1472.36    690.521    307.000  1029.1530  1029.1532    34.9340    34.9343    1472.36    1472.36    6.43142      0.885     0.0001 0.0000e+00
    308.000    1472.38    1472.38    691.682    308.000  1029.1576  1029.1578    34.9339    34.9342    1472.38    1472.38    6.43575      0.881     0.0002 0.0000e+00
    309.000    1472.39    1472.39    692.791    309.000  1029.1624  1029.1626    34.9339    34.9342    1472.39    1472.39    6.43626      0.962     0.0002 0.0000e+00
    310.000    1472.40    1472.41    693.799    310.000  1029.1670  1029.1674    34.9339    34.9342    1472.40    1472.41    6.43768      1.033     0.0001 0.0000e+00
    311.000    1472.42    1472.42    694.757    311.000  1029.1716  1029.1720    34.9337    34.9342    1472.42    1472.42    6.44207      1.064     0.0001 0.0000e+00
    312.000    1472.43    1472.43    695.696    312.000  1029.1765  1029.1768    34.9337    34.9341    1472.43    1472.43    6.44401      1.094     0.0000 0.0000e+00
    313.000    1472.45    1472.44    696.610    313.000  1029.1812  1029.1815    34.9336    34.9341    1472.44    1472.44    6.44449      1.077    -0.0003 0.0000e+00
    314.000    1472.45    1472.46    697.596    314.000  1029.1858  1029.1862    34.9334    34.9339    1472.45    1472.46    6.44406      0.949     0.0004 0.0000e+00
    315.000    1472.46    1472.47    698.797    315.000  1029.1906  1029.1908    34.9333    34.9336    1472.46    1472.46    6.44685      0.780     0.0001 0.0000e+00
    316.000    1472.48    1472.48    700.143    316.000  1029.1953  1029.1956    34.9332    34.9336    1472.48    1472.48    6.44837      0.783     0.0001 0.0000e+00
    317.000    1472.48    1472.49    701.335    317.000  1029.2001  1029.2003    34.9331    34.9334    1472.48    1472.49    6.44885      0.938     0.0002 0.0000e+00
    318.000    1472.50    1472.50    702.338    318.000  1029.2050  1029.2052    34.9332    34.9335    1472.50    1472.50    6.44578      1.046     0.0002 0.0000e+00
    319.000    1472.51    1472.51    703.271    319.000  1029.2094  1029.2098    34.9327    34.9334    1472.51    1472.51    6.44474      1.109     0.0001 0.0000e+00
    320.000    1472.52    1472.52    704.160    320.000  1029.2144  1029.2146    34.9327    34.9331    1472.51    1472.52    6.44303      1.144     0.0002 0.0000e+00
    321.000    1472.53    1472.53    705.039    321.000  1029.2190  1029.2194    34.9326    34.9331    1472.53    1472.53    6.44458      1.135     0.0000 0.0000e+00
    322.000    1472.54    1472.54    705.950    322.000  1029.2238  1029.2241    34.9325    34.9330    1472.54    1472.54    6.44549      1.085    -0.0000 0.0000e+00
    323.000    1472.55    1472.56    706.906    323.000  1029.2286  1029.2289    34.9327    34.9330    1472.55    1472.55    6.44515      1.046     0.0001 0.0000e+00
    324.000    1472.57    1472.57    707.883    324.000  1029.2333  1029.2335    34.9325    34.9329    1472.57    1472.57    6.44380      0.992     0.0000 0.0000e+00
    325.000    1472.58    1472.59    708.992    325.000  1029.2378  1029.2380    34.9324    34.9327    1472.58    1472.59    6.44307      0.828     0.0004 0.0000e+00
    326.000    1472.59    1472.60    710.379    326.000  1029.2424  1029.2427    34.9320    34.9325    1472.59    1472.60    6.44500      0.708     0.0003 0.0000e+00
    327.000    1472.60    1472.60    711.725    327.000  1029.2473  1029.2476    34.9320    34.9323    1472.60    1472.60    6.44513      0.861     0.0000 0.0000e+00
    328.000    1472.60    1472.61    712.777    328.000  1029.2516  1029.2524    34.9311    34.9321    1472.60    1472.60    6.44472      1.031     0.0003 0.0000e+00
    329.000    1472.58    1472.58    713.708    329.000  1029.2568  1029.2576    34.9304    34.9314    1472.58    1472.58    6.44484      1.092     0.0003 0.0000e+00
    330.000    1472.59    1472.59    714.631    330.000  1029.2621  1029.2625    34.9307    34.9312    1472.58    1472.59    6.44359      1.096     0.0001 0.0000e+00
    331.000    1472.59    1472.59    715.557    331.000  1029.2666  1029.2671    34.9303    34.9309    1472.59    1472.59    6.44496      1.077     0.0003 0.0000e+00
    332.000    1472.59    1472.60    716.509    332.000  1029.2716  1029.2720    34.9301    34.9306    1472.59    1472.59    6.44695      1.061     0.0002 0.0000e+00
    333.000    1472.60    1472.60    717.457    333.000  1029.2765  1029.2767    34.9301    34.9305    1472.60    1472.60    6.44756      1.073     0.0000 0.0000e+00
    334.000    1472.61    1472.61    718.393    334.000  1029.2810  1029.2815    34.9297    34.9303    1472.61    1472.61    6.44808      1.088    -0.0002 0.0000e+00
    335.000    1472.61    1472.61    719.327    335.000  1029.2858  1029.2863    34.9293    34.9299    1472.61    1472.61    6.45192      1.034     0.0000 0.0000e+00
    336.000    1472.61    1472.61    720.384    336.000  1029.2908  1029.2910    34.9290    34.9295    1472.61    1472.61    6.45135      0.876     0.0003 0.0000e+00
    337.000    1472.62    1472.62    721.676    337.000  1029.2957  1029.2959    34.9290    34.9294    1472.62    1472.62    6.45106      0.761     0.0005 0.0000e+00
    338.000    1472.63    1472.64    722.963    338.000  1029.3003  1029.3005    34.9290    34.9292    1472.63    1472.63    6.44757      0.858     0.0001 0.0000e+00
    339.000    1472.65    1472.65    724.047    339.000  1029.3052  1029.3054    34.9291    34.9294    1472.65    1472.65    6.44801      0.991    -0.0000 0.0000e+00
    340.000    1472.66    1472.66    725.020    340.000  1029.3098  1029.3101    34.9291    34.9293    1472.66    1472.66    6.44718      1.060    -0.0003 0.0000e+00
    341.000    1472.67    1472.68    725.973    341.000  1029.3143  1029.3148    34.9287    34.9293    1472.67    1472.68    6.44628      1.028     0.0000 0.0000e+00
    342.000    1472.68    1472.69    726.998    342.000  1029.3192  1029.3195    34.9287    34.9291    1472.68    1472.69    6.44503      0.947     0.0004 0.0000e+00
    343.000    1472.70    1472.70    728.110    343.000  1029.3240  1029.3242    34.9288    34.9291    1472.70    1472.70    6.44389      0.916    -0.0000 0.0000e+00
    344.000    1472.72    1472.72    729.177    344.000  1029.3286  1029.3289    34.9287    34.9292    1472.72    1472.72    6.44499      1.008     0.0001 0.0000e+00
    345.000    1472.73    1472.73    730.122    345.000  1029.3333  1029.3336    34.9288    34.9291    1472.73    1472.73    6.44382      1.101     0.0000 0.0000e+00
    346.000    1472.75    1472.74    731.026    346.000  1029.3380  1029.3384    34.9288    34.9291    1472.75    1472.74    6.44152      1.103    -0.0012 0.0000e+00
    347.000    1472.76    1472.76    731.959    347.000  1029.3425  1029.3431    34.9285    34.9291    1472.76    1472.76    6.44214      1.090    -0.0009 0.0000e+00
    348.000    1472.77    1472.77    732.877    348.000  1029.3475  1029.3477    34.9286    34.9289    1472.77    1472.77    6.44323      1.101     0.0001 0.0000e+00
    349.000    1472.78    1472.78    733.808    349.000  1029.3521  1029.3524    34.9283    34.9288    1472.78    1472.78    6.44279      1.009    -0.0002 0.0000e+00
    350.000    1472.80    1472.80    734.984    350.000  1029.3569  1029.3571    34.9284    34.9285    1472.80    1472.80    6.44080      0.732     0.0001 0.0000e+00
    351.000    1472.82    1472.81    736.612    351.000  1029.3615  1029.3617    34.9283    34.9285    1472.82    1472.81    6.44342      0.631    -0.0005 0.0000e+00
    352.000    1472.82    1472.83    738.039    352.000  1029.3658  1029.3665    34.9278    34.9285    1472.82    1472.83    6.44444      0.817     0.0005 0.0000e+00
    353.000    1472.81    1472.81    739.142    353.000  1029.3712  1029.3716    34.9276    34.9281    1472.81    1472.81    6.44869      1.027     0.0003 0.0000e+00
    354.000    1472.82    1472.82    740.036    354.000  1029.3757  1029.3761    34.9272    34.9277    1472.82    1472.82    6.44691      1.238     0.0002 0.0000e+00
    355.000    1472.83    1472.83    740.792    355.000  1029.3807  1029.3812    34.9272    34.9277    1472.83    1472.83    6.44618      1.393    -0.0000 0.0000e+00
    356.000    1472.84    1472.84    741.487    356.000  1029.3855  1029.3857    34.9272    34.9276    1472.84    1472.84    6.44006      1.424     0.0001 0.0000e+00
    357.000    1472.85    1472.85    742.210    357.000  1029.3901  1029.3905    34.9269    34.9274    1472.85    1472.85    6.43690      1.298    -0.0000 0.0000e+00
    358.000    1472.85    1472.85    743.101    358.000  1029.3948  1029.3953    34.9264    34.9271    1472.85    1472.85    6.43268      0.982     0.0001 0.0000e+00
    359.000    1472.86    1472.86    744.498    359.000  1029.3997  1029.4000    34.9264    34.9268    1472.86    1472.86    6.42850      0.609    -0.0011 0.0000e+00
    360.000    1472.87    1472.87    746.264    360.000  1029.4043  1029.4048    34.9260    34.9265    1472.87    1472.86    6.43128      0.665    -0.0005 0.0000e+00
    361.000    1472.87    1472.87    747.527    361.000  1029.4093  1029.4095    34.9260    34.9265    1472.87    1472.87    6.43377      0.972     0.0000 0.0000e+00
    362.000    1472.88    1472.89    748.440    362.000  1029.4139  1029.4143    34.9259    34.9264    1472.88    1472.88    6.43192      1.190     0.0000 0.0000e+00
    363.000    1472.90    1472.90    749.239    363.000  1029.4188  1029.4192    34.9261    34.9265    1472.90    1472.90    6.42924      1.284     0.0001 0.0000e+00
    364.000    1472.91    1472.91    750.019    364.000  1029.4235  1029.4240    34.9259    34.9264    1472.91    1472.91    6.42949      1.214     0.0001 0.0000e+00
    365.000    1472.92    1472.92    750.941    365.000  1029.4282  1029.4286    34.9257    34.9261    1472.92    1472.92    6.42981      1.008     0.0001 0.0000e+00
    366.000    1472.93    1472.93    752.057    366.000  1029.4330  1029.4333    34.9256    34.9260    1472.93    1472.93    6.42942      0.886     0.0001 0.0000e+00
    367.000    1472.94    1472.94    753.173    367.000  1029.4376  1029.4381    34.9255    34.9260    1472.94    1472.94    6.42822      0.971    -0.0001 0.0000e+00
    368.000    1472.95    1472.95    754.156    368.000  1029.4425  1029.4427    34.9254    34.9258    1472.95    1472.95    6.42931      1.030     0.0004 0.0000e+00
    369.000    1472.96    1472.97    755.164    369.000  1029.4470  1029.4475    34.9252    34.9257    1472.96    1472.97    6.42738      0.925     0.0002 0.0000e+00
    370.000    1472.97    1472.97    756.415    370.000  1029.4519  1029.4521    34.9250    34.9254    1472.97    1472.97    6.43046      0.731     0.0003 0.0000e+00
    371.000    1472.97    1472.97    757.875    371.000  1029.4567  1029.4570    34.9246    34.9251    1472.97    1472.97    6.42786      0.757     0.0005 0.0000e+00
    372.000    1472.98    1472.98    759.044    372.000  1029.4615  1029.4618    34.9247    34.9250    1472.98    1472.98    6.42851      0.983     0.0000 0.0000e+00
    373.000    1472.99    1472.99    759.984    373.000  1029.4663  1029.4666    34.9243    34.9247    1472.98    1472.99    6.42466      1.123     0.0000 0.0000e+00
    374.000    1472.99    1472.99    760.857    374.000  1029.4711  1029.4716    34.9241    34.9247    1472.99    1472.99    6.42474      1.157     0.0003 0.0000e+00
    375.000    1473.00    1473.01    761.738    375.000  1029.4760  1029.4762    34.9242    34.9246    1473.00    1473.00    6.42353      1.125     0.0002 0.0000e+00
    376.000    1473.02    1473.02    762.655    376.000  1029.4806  1029.4808    34.9242    34.9245    1473.02    1473.02    6.42439      1.093    -0.0000 0.0000e+00
    377.000    1473.03    1473.03    763.583    377.000  1029.4851  1029.4856    34.9239    34.9245    1473.03    1473.03    6.42237      1.113    -0.0001 0.0000e+00
    378.000    1473.04    1473.04    764.473    378.000  1029.4901  1029.4905    34.9238    34.9242    1473.04    1473.04    6.42082      1.128     0.0001 0.0000e+00
    379.000    1473.05    1473.05    765.394    379.000  1029.4949  1029.4951    34.9237    34.9241    1473.05    1473.05    6.42009      0.976     0.0003 0.0000e+00
    380.000    1473.06    1473.06    766.775    380.000  1029.4995  1029.4998    34.9238    34.9240    1473.06    1473.06    6.42464      0.597    -0.0005 0.0000e+00
    381.000    1473.08    1473.08    768.610    381.000  1029.5039  1029.5044    34.9234    34.9238    1473.08    1473.08    6.43065      0.707    -0.0013 0.0000e+00
    382.000    1473.09    1473.09    769.697    382.000  1029.5089  1029.5093    34.9235    34.9238    1473.09    1473.09    6.43154      1.093    -0.0003 0.0000e+00
    383.000    1473.10    1473.10    770.525    383.000  1029.5137  1029.5139    34.9234    34.9237    1473.10    1473.10    6.43151      1.249    -0.0000 0.0000e+00
    384.000    1473.11    1473.11    771.323    384.000  1029.5183  1029.5187    34.9233    34.9238    1473.11    1473.11    6.43055      1.215     0.0002 0.0000e+00
    385.000    1473.13    1473.13    772.214    385.000  1029.5231  1029.5233    34.9233    34.9236    1473.13    1473.13    6.43312      1.059    -0.0001 0.0000e+00
    386.000    1473.14    1473.14    773.249    386.000  1029.5277  1029.5281    34.9230    34.9235    1473.14    1473.14    6.43483      0.953     0.0001 0.0000e+00
    387.000    1473.15    1473.15    774.328    387.000  1029.5325  1029.5328    34.9230    34.9235    1473.15    1473.15    6.44325      0.932     0.0002 0.0000e+00
    388.000    1473.16    1473.16    775.419    388.000  1029.5371  1029.5374    34.9228    34.9231    1473.16    1473.16    6.44655      0.922     0.0002 0.0000e+00
    389.000    1473.17    1473.17    776.522    389.000  1029.5417  1029.5421    34.9226    34.9230    1473.17    1473.17    6.44810      0.912     0.0000 0.0000e+00
    390.000    1473.18    1473.18    777.634    390.000  1029.5465  1029.5469    34.9224    34.9230    1473.18    1473.18    6.44491      0.919     0.0005 0.0000e+00
    391.000    1473.19    1473.19    778.710    391.000  1029.5514  1029.5516    34.9225    34.9229    1473.19    1473.19    6.44498      0.969     0.0001 0.0000e+00
    392.000    1473.21    1473.21    779.724    392.000  1029.5559  1029.5563    34.9223    34.9229    1473.21    1473.21    6.44571      1.011     0.0004 0.0000e+00
