Ship_data/Irminger/Irminger-2/ctd/process/at30_012.cnv
* Sea-Bird SBE 9 Data File:
* FileName = C:\data\ctd\at30_012.hdr
* Software Version Seasave V 7.21f
* Temperature SN = 2265
* Conductivity SN = 3021
* Number of Bytes Per Scan = 40
* Number of Voltage Words = 5
* Number of Scans Averaged by the Deck Unit = 1
* NMEA Latitude = 59 59.98 N
* NMEA Longitude = 039 28.96 W
* NMEA UTC (Time) = Aug 23 2015  16:50:38
** Cal/Val for HYPM-2
# nquan = 36
# nvalues = 5296                        
# units = specified
# name 0 = timeS: Time, Elapsed [seconds]
# name 1 = longitude: Longitude [deg]
# name 2 = latitude: Latitude [deg]
# name 3 = depSM: Depth [salt water, m]
# name 4 = prDM: Pressure, Digiquartz [db]
# name 5 = t090C: Temperature [ITS-90, deg C]
# name 6 = t190C: Temperature, 2 [ITS-90, deg C]
# name 7 = c0S/m: Conductivity [S/m]
# name 8 = c1S/m: Conductivity, 2 [S/m]
# name 9 = CStarTr0: Beam Transmission, WET Labs C-Star [%]
# name 10 = flECO-AFL: Fluorescence, WET Labs ECO-AFL/FL [mg/m^3]
# name 11 = sbeox0V: Oxygen raw, SBE 43 [V]
# name 12 = altM: Altimeter [m]
# name 13 = nbf: Bottles Fired
# name 14 = density00: Density [density, Kg/m^3]
# name 15 = density11: Density, 2 [density, Kg/m^3]
# name 16 = sal00: Salinity, Practical [PSU]
# name 17 = sal11: Salinity, Practical, 2 [PSU]
# name 18 = svCM: Sound Velocity [Chen-Millero, m/s]
# name 19 = svCM1: Sound Velocity, 2 [Chen-Millero, m/s]
# name 20 = timeS: Time, Elapsed [seconds]
# name 21 = sbeox0ML/L: Oxygen, SBE 43 [ml/l]
# name 22 = sbeox0PS: Oxygen, SBE 43 [% saturation]
# name 23 = dz/dtM: Descent Rate [m/s]
# name 24 = T2-T190C: Temperature Difference, 2 - 1 [ITS-90, deg C]
# name 25 = depSM: Depth [salt water, m], lat = 59.9997
# name 26 = density00: Density [density, Kg/m^3]
# name 27 = density11: Density, 2 [density, Kg/m^3]
# name 28 = sal00: Salinity, Practical [PSU]
# name 29 = sal11: Salinity, Practical, 2 [PSU]
# name 30 = svCM: Sound Velocity [Chen-Millero, m/s]
# name 31 = svCM1: Sound Velocity, 2 [Chen-Millero, m/s]
# name 32 = sbeox0ML/L: Oxygen, SBE 43 [ml/l], WS = 2
# name 33 = dz/dtM: Descent Rate [m/s], WS = 2
# name 34 = T2-T190C: Temperature Difference, 2 - 1 [ITS-90, deg C]
# name 35 = flag: flag
# span 0 =     44.566,   7396.684       
# span 1 =  -39.48705,  -39.48252       
# span 2 =   59.99962,   60.00150       
# span 3 =      2.000,   2652.000       
# span 4 =      2.019,   2694.399       
# span 5 =     1.3170,     8.4998       
# span 6 =     1.3177,     8.5001       
# span 7 =   3.123007,   3.658136       
# span 8 =   3.123089,   3.658109       
# span 9 =    92.4950,    97.7939       
# span 10 =    -0.0830,     1.8353      
# span 11 =     1.6948,     2.5159      
# span 12 =       8.44,     103.21      
# span 13 =          0,         12      
# span 14 =  1027.1191,  1040.3141      
# span 15 =  1027.1185,  1040.3136      
# span 16 =    34.8269,    34.9553      
# span 17 =    34.8222,    34.9566      
# span 18 =    1470.04,    1501.03      
# span 19 =    1470.04,    1501.03      
# span 20 =     44.566,   7396.684      
# span 21 =    6.00224,    6.85173      
# span 22 =   81.34754,  101.05976      
# span 23 =     -1.897,      1.742      
# span 24 =    -0.2324,     0.1179      
# span 25 =      2.000,   2652.000      
# span 26 =  1027.1192,  1040.3141      
# span 27 =  1027.1185,  1040.3137      
# span 28 =    34.8274,    34.9557      
# span 29 =    34.8265,    34.9565      
# span 30 =    1470.04,    1501.03      
# span 31 =    1470.04,    1501.03      
# span 32 =    6.00000,    6.85558      
# span 33 =     -1.912,      1.744      
# span 34 =    -0.2324,     0.1179      
# span 35 = 0.0000e+00, 0.0000e+00      
# interval = meters: 1                  
# start_time = Aug 23 2015 16:50:38 [NMEA time, header]
# bad_flag = -9.990e-29
*END*
[from data line 3507]
   4641.270  -39.48550   60.00084   1790.000   1814.888     3.2592     3.2588   3.261921   3.261834    97.7620    -0.0604     1.8015      98.73          4  1036.1224  1036.1218    34.9236    34.9229    1493.44    1493.44   4641.270    6.07848   82.35976     -0.538    -0.0004   1790.000  1036.1227  1036.1222    34.9240    34.9234    1493.44    1493.44    6.07654     -0.492    -0.0004 0.0000e+00
   4642.946  -39.48550   60.00084   1789.000   1813.869     3.2605     3.2593   3.261952   3.261808    97.7612    -0.0597     1.8007      98.73          4  1036.1174  1036.1172    34.9234    34.9228    1493.43    1493.42   4642.946    6.07557   82.32269     -0.576    -0.0012   1789.000  1036.1176  1036.1173    34.9235    34.9230    1493.43    1493.42    6.07147     -0.840    -0.0012 0.0000e+00
   4643.964  -39.48550   60.00084   1788.000   1812.851     3.2599     3.2594   3.261849   3.261781    97.7598    -0.0603     1.8008      98.73          4  1036.1128  1036.1125    34.9231    34.9228    1493.41    1493.41   4643.964    6.07444   82.30621     -0.857    -0.0005   1788.000  1036.1129  1036.1127    34.9233    34.9230    1493.41    1493.41    6.07148     -1.072    -0.0005 0.0000e+00
   4644.865  -39.48551   60.00084   1787.000   1811.833     3.2601     3.2602   3.261819   3.261794    97.7571    -0.0596     1.8010      98.73          4  1036.1082  1036.1078    34.9231    34.9227    1493.39    1493.39   4644.865    6.07003   82.24677     -1.061     0.0001   1787.000  1036.1083  1036.1080    34.9233    34.9229    1493.39    1493.39    6.07129     -1.163     0.0001 0.0000e+00
   4645.730  -39.48552   60.00085   1786.000   1810.815     3.2621     3.2614   3.261983   3.261845    97.7524    -0.0599     1.8009      98.73          4  1036.1033  1036.1028    34.9231    34.9224    1493.39    1493.38   4645.730    6.06963   82.24545     -1.153    -0.0007   1786.000  1036.1038  1036.1031    34.9236    34.9228    1493.39    1493.38    6.07003     -1.126    -0.0007 0.0000e+00
   4646.693  -39.48551   60.00086   1785.000   1809.796     3.2650     3.2640   3.262209   3.262049    97.7040    -0.0605     1.8014      98.73          4  1036.0985  1036.0980    34.9233    34.9225    1493.38    1493.38   4646.693    6.06865   82.23814     -1.124    -0.0011   1785.000  1036.0988  1036.0983    34.9237    34.9229    1493.38    1493.38    6.07068     -0.989    -0.0011 0.0000e+00
   4647.839  -39.48551   60.00086   1784.000   1808.778     3.2663     3.2652   3.262278   3.262136    97.7480    -0.0603     1.8016      98.73          4  1036.0938  1036.0935    34.9233    34.9228    1493.37    1493.36   4647.839    6.06774   82.22832     -0.961    -0.0011   1784.000  1036.0940  1036.0938    34.9237    34.9232    1493.37    1493.36    6.07079     -0.808    -0.0011 0.0000e+00
   4649.248  -39.48552   60.00086   1783.000   1807.760     3.2673     3.2669   3.262331   3.262249    97.7498    -0.0603     1.8016      98.73          4  1036.0891  1036.0887    34.9235    34.9229    1493.36    1493.35   4649.248    6.06953   82.25475     -0.756    -0.0004   1783.000  1036.0894  1036.0890    34.9238    34.9232    1493.36    1493.35    6.06999     -0.665    -0.0004 0.0000e+00
   4650.934  -39.48550   60.00086   1782.000   1806.742     3.2703     3.2695   3.262617   3.262475    97.7586    -0.0606     1.8018      98.73          4  1036.0845  1036.0839    34.9239    34.9231    1493.35    1493.35   4650.934    6.06922   82.25694     -0.613    -0.0008   1782.000  1036.0848  1036.0844    34.9244    34.9236    1493.35    1493.35    6.06931     -0.599    -0.0008 0.0000e+00
   4652.439  -39.48550   60.00086   1781.000   1805.724     3.2747     3.2718   3.262985   3.262624    97.7596    -0.0619     1.8018      98.73          4  1036.0795  1036.0792    34.9243    34.9234    1493.35    1493.34   4652.439    6.06732   82.24001     -0.629    -0.0029   1781.000  1036.0800  1036.0793    34.9248    34.9235    1493.36    1493.34    6.06784     -0.898    -0.0029 0.0000e+00
   4653.384  -39.48550   60.00086   1780.000   1804.705     3.2757     3.2739   3.263066   3.262818    97.7598    -0.0618     1.8017      98.73          4  1036.0751  1036.0743    34.9247    34.9234    1493.34    1493.33   4653.384    6.06741   82.24366     -0.889    -0.0018   1780.000  1036.0754  1036.0750    34.9251    34.9241    1493.34    1493.33    6.06631     -1.238    -0.0018 0.0000e+00
   4654.124  -39.48550   60.00086   1779.000   1803.687     3.2775     3.2770   3.263228   3.263067    97.7601    -0.0589     1.8013      98.73          4  1036.0706  1036.0695    34.9250    34.9235    1493.33    1493.33   4654.124    6.06550   82.22157     -1.155    -0.0005   1779.000  1036.0710  1036.0701    34.9256    34.9243    1493.33    1493.33    6.06325     -1.437    -0.0005 0.0000e+00
   4654.796  -39.48550   60.00086   1778.000   1802.669     3.2803     3.2802   3.263440   3.263367    97.7620    -0.0595     1.8017      98.73          4  1036.0656  1036.0648    34.9251    34.9241    1493.33    1493.33   4654.796    6.06407   82.20781     -1.369    -0.0001   1778.000  1036.0662  1036.0654    34.9257    34.9249    1493.33    1493.33    6.06390     -1.498    -0.0001 0.0000e+00
   4655.478  -39.48550   60.00086   1777.000   1801.651     3.2834     3.2832   3.263693   3.263588    97.7585    -0.0597     1.8014      98.73          4  1036.0607  1036.0599    34.9251    34.9241    1493.32    1493.32   4655.478    6.06325   82.20295     -1.484    -0.0002   1777.000  1036.0613  1036.0604    34.9259    34.9249    1493.33    1493.32    6.06143     -1.422    -0.0002 0.0000e+00
   4656.243  -39.48550   60.00086   1776.000   1800.633     3.2853     3.2848   3.263784   3.263686    97.7640    -0.0593     1.8012      98.73          4  1036.0558  1036.0552    34.9251    34.9242    1493.32    1493.31   4656.243    6.05970   82.15861     -1.457    -0.0004   1776.000  1036.0562  1036.0557    34.9255    34.9248    1493.32    1493.31    6.05921     -1.206    -0.0004 0.0000e+00
   4657.259  -39.48550   60.00086   1775.000   1799.614     3.2866     3.2860   3.263847   3.263760    97.7571    -0.0595     1.8010      98.73          4  1036.0509  1036.0507    34.9249    34.9245    1493.30    1493.30   4657.259    6.05992   82.16404     -1.186    -0.0006   1775.000  1036.0513  1036.0510    34.9254    34.9250    1493.30    1493.30    6.05731     -0.854    -0.0006 0.0000e+00
   4658.789  -39.48550   60.00086   1774.000   1798.596     3.2876     3.2877   3.263879   3.263849    97.7600    -0.0600     1.8009      98.73          4  1036.0460  1036.0457    34.9248    34.9243    1493.29    1493.29   4658.789    6.05724   82.12982     -0.711     0.0001   1774.000  1036.0464  1036.0460    34.9252    34.9247    1493.29    1493.29    6.05590     -0.640     0.0001 0.0000e+00
   4660.181  -39.48550   60.00086   1773.000   1797.578     3.2885     3.2881   3.263936   3.263826    97.7605    -0.0601     1.8011      98.73          4  1036.0415  1036.0409    34.9250    34.9242    1493.28    1493.28   4660.181    6.05425   82.09126     -0.675    -0.0005   1773.000  1036.0417  1036.0413    34.9254    34.9246    1493.28    1493.28    6.05595     -0.883    -0.0005 0.0000e+00
   4661.206  -39.48552   60.00086   1772.000   1796.560     3.2892     3.2887   3.263961   3.263838    97.7703    -0.0594     1.8017      98.73          4  1036.0369  1036.0363    34.9251    34.9242    1493.26    1493.26   4661.206    6.05454   82.09659     -0.895    -0.0005   1772.000  1036.0372  1036.0365    34.9254    34.9245    1493.26    1493.26    6.05775     -1.075    -0.0005 0.0000e+00
   4662.093  -39.48552   60.00086   1771.000   1795.542     3.2898     3.2897   3.263969   3.263895    97.7609    -0.0613     1.8018      98.73          4  1036.0322  1036.0316    34.9251    34.9243    1493.25    1493.25   4662.093    6.05486   82.10217     -1.059    -0.0001   1771.000  1036.0325  1036.0319    34.9254    34.9246    1493.25    1493.25    6.05720     -1.200    -0.0001 0.0000e+00
   4662.906  -39.48550   60.00086   1770.000   1794.524     3.2900     3.2905   3.263909   3.263905    97.7599    -0.0601     1.8019      98.73          4  1036.0275  1036.0269    34.9249    34.9242    1493.23    1493.23   4662.906    6.05461   82.09905     -1.178     0.0005   1770.000  1036.0276  1036.0271    34.9250    34.9245    1493.23    1493.23    6.05693     -1.284     0.0005 0.0000e+00
   4663.678  -39.48550   60.00086   1769.000   1793.505     3.2887     3.2896   3.263697   3.263744    97.7571    -0.0601     1.8020      98.73          4  1036.0227  1036.0222    34.9244    34.9239    1493.21    1493.21   4663.678    6.05586   82.11298     -1.267     0.0009   1769.000  1036.0227  1036.0222    34.9244    34.9240    1493.21    1493.21    6.05703     -1.298     0.0009 0.0000e+00
   4664.477  -39.48550   60.00086   1768.000   1792.487     3.2879     3.2886   3.263560   3.263569    97.7585    -0.0603     1.8030      98.73          4  1036.0178  1036.0172    34.9238    34.9232    1493.19    1493.19   4664.477    6.05588   82.11140     -1.302     0.0008   1768.000  1036.0179  1036.0173    34.9241    34.9234    1493.19    1493.19    6.06070     -1.192     0.0008 0.0000e+00
   4665.463  -39.48550   60.00086   1767.000   1791.469     3.2893     3.2896   3.263625   3.263620    97.7519    -0.0605     1.8032      98.73          4  1036.0129  1036.0126    34.9237    34.9233    1493.18    1493.18   4665.463    6.05558   82.11000     -1.176     0.0003   1767.000  1036.0131  1036.0127    34.9239    34.9235    1493.18    1493.18    6.06068     -0.866     0.0003 0.0000e+00
   4667.192  -39.48550   60.00086   1766.000   1790.451     3.2892     3.2897   3.263577   3.263587    97.7501    -0.0596     1.8035      98.73          4  1036.0084  1036.0079    34.9238    34.9233    1493.16    1493.16   4667.192    6.05972   82.16609     -0.621     0.0005   1766.000  1036.0084  1036.0081    34.9239    34.9234    1493.16    1493.16    6.06143     -0.553     0.0005 0.0000e+00
   4668.572  -39.48550   60.00086   1765.000   1789.433     3.2891     3.2898   3.263530   3.263530    97.7502    -0.0619     1.8042      98.73          4  1036.0039  1036.0032    34.9238    34.9231    1493.14    1493.14   4668.572    6.05991   82.16846     -0.628     0.0007   1765.000  1036.0039  1036.0033    34.9239    34.9232    1493.14    1493.14    6.06404     -1.071     0.0007 0.0000e+00
   4669.394  -39.48550   60.00086   1764.000   1788.415     3.2889     3.2896   3.263467   3.263476    97.7508    -0.0598     1.8043      98.73          4  1035.9994  1035.9987    34.9239    34.9231    1493.12    1493.13   4669.394    6.06043   82.17506     -1.005     0.0008   1764.000  1035.9994  1035.9988    34.9239    34.9232    1493.12    1493.13    6.06371     -1.345     0.0008 0.0000e+00
   4670.101  -39.48550   60.00086   1763.000   1787.397     3.2895     3.2901   3.263497   3.263475    97.7493    -0.0620     1.8044      98.73          4  1035.9946  1035.9939    34.9239    34.9230    1493.11    1493.11   4670.101    6.06160   82.19226     -1.272     0.0006   1763.000  1035.9949  1035.9941    34.9241    34.9232    1493.11    1493.11    6.06313     -1.433     0.0006 0.0000e+00
   4670.809  -39.48551   60.00086   1762.000   1786.379     3.2932     3.2933   3.263830   3.263756    97.7513    -0.0601     1.8045      98.73          4  1035.9896  1035.9890    34.9240    34.9231    1493.11    1493.11   4670.809    6.06118   82.19391     -1.413     0.0001   1762.000  1035.9902  1035.9894    34.9247    34.9237    1493.11    1493.11    6.06230     -1.389     0.0001 0.0000e+00
   4671.572  -39.48552   60.00086   1761.000   1785.360     3.2973     3.2966   3.264156   3.264022    97.7543    -0.0604     1.8052      98.73          4  1035.9847  1035.9840    34.9242    34.9233    1493.11    1493.11   4671.572    6.06000   82.18628     -1.410    -0.0006   1761.000  1035.9851  1035.9845    34.9247    34.9238    1493.11    1493.11    6.06410     -1.226    -0.0006 0.0000e+00
   4672.547  -39.48552   60.00086   1760.000   1784.342     3.2989     3.2985   3.264270   3.264183    97.7558    -0.0605     1.8054      98.73          4  1035.9801  1035.9796    34.9244    34.9237    1493.10    1493.10   4672.547    6.05958   82.18414     -1.218    -0.0004   1760.000  1035.9803  1035.9800    34.9249    34.9242    1493.10    1493.10    6.06366     -0.873    -0.0004 0.0000e+00
   4674.328  -39.48551   60.00086   1759.000   1783.324     3.3018     3.3020   3.264527   3.264480    97.7534    -0.0605     1.8051      98.73          4  1035.9755  1035.9749    34.9249    34.9242    1493.10    1493.10   4674.328    6.06252   82.23001     -0.611     0.0002   1759.000  1035.9758  1035.9752    34.9253    34.9246    1493.10    1493.10    6.06115     -0.501     0.0002 0.0000e+00
   4675.918  -39.48550   60.00086   1758.000   1782.306     3.3029     3.3024   3.264596   3.264453    97.7576    -0.0602     1.8044      98.73          4  1035.9708  1035.9702    34.9251    34.9242    1493.08    1493.08   4675.918    6.06181   82.22290     -0.576    -0.0006   1758.000  1035.9712  1035.9703    34.9254    34.9244    1493.08    1493.08    6.05664     -0.970    -0.0006 0.0000e+00
   4676.796  -39.48550   60.00086   1757.000   1781.288     3.3041     3.3035   3.264668   3.264539    97.7714    -0.0605     1.8044      98.73          4  1035.9663  1035.9655    34.9253    34.9242    1493.07    1493.07   4676.796    6.05753   82.16710     -0.934    -0.0005   1757.000  1035.9666  1035.9658    34.9256    34.9246    1493.07    1493.07    6.05568     -1.280    -0.0005 0.0000e+00
   4677.533  -39.48550   60.00086   1756.000   1780.270     3.3048     3.3051   3.264682   3.264632    97.7600    -0.0599     1.8043      98.73          4  1035.9615  1035.9607    34.9252    34.9241    1493.06    1493.06   4677.533    6.05489   82.13268     -1.209     0.0003   1756.000  1035.9618  1035.9611    34.9255    34.9246    1493.06    1493.06    6.05438     -1.419     0.0003 0.0000e+00
   4678.230  -39.48550   60.00086   1755.000   1779.252     3.3057     3.3065   3.264741   3.264738    97.7648    -0.0594     1.8043      98.73          4  1035.9569  1035.9562    34.9253    34.9245    1493.04    1493.05   4678.230    6.05394   82.12177     -1.385     0.0008   1755.000  1035.9572  1035.9564    34.9257    34.9248    1493.04    1493.05    6.05342     -1.409     0.0008 0.0000e+00
   4678.978  -39.48550   60.00086   1754.000   1778.234     3.3066     3.3073   3.264771   3.264766    97.7697    -0.0624     1.8043      98.73          4  1035.9521  1035.9514    34.9253    34.9245    1493.03    1493.03   4678.978    6.05297   82.11051     -1.422     0.0007   1754.000  1035.9524  1035.9517    34.9256    34.9248    1493.03    1493.03    6.05250     -1.295     0.0007 0.0000e+00
   4679.826  -39.48551   60.00086   1753.000   1777.216     3.3077     3.3082   3.264807   3.264799    97.7620    -0.0601     1.8037      98.73          4  1035.9474  1035.9467    34.9251    34.9245    1493.02    1493.02   4679.826    6.05149   82.09236     -1.317     0.0005   1753.000  1035.9475  1035.9470    34.9255    34.9248    1493.02    1493.02    6.04855     -1.139     0.0005 0.0000e+00
   4680.797  -39.48553   60.00086   1752.000   1776.198     3.3081     3.3085   3.264780   3.264767    97.7677    -0.0600     1.8033      98.73          4  1035.9425  1035.9420    34.9249    34.9244    1493.00    1493.00   4680.797    6.05087   82.08476     -1.140     0.0004   1752.000  1035.9426  1035.9423    34.9252    34.9246    1493.00    1493.00    6.04610     -0.977     0.0004 0.0000e+00
