Ship_data/Irminger/Irminger-2/ctd/process/at30_005.ros
* Sea-Bird SBE 9 Data File:
* FileName = C:\data\ctd\at30_005.hdr
* Software Version Seasave V 7.21f
* Temperature SN = 2265
* Conductivity SN = 3021
* Number of Bytes Per Scan = 40
* Number of Voltage Words = 5
* Number of Scans Averaged by the Deck Unit = 1
* NMEA Latitude = 59 59.33 N
* NMEA Longitude = 039 27.67 W
* NMEA UTC (Time) = Aug 14 2015  19:36:17
# nquan = 27
# nvalues = 1176                                  
# units = specified
# name 0 = timeS: Time, Elapsed [seconds]
# name 1 = longitude: Longitude [deg]
# name 2 = latitude: Latitude [deg]
# name 3 = depSM: Depth [salt water, m]
# name 4 = prDM: Pressure, Digiquartz [db]
# name 5 = t090C: Temperature [ITS-90, deg C]
# name 6 = t190C: Temperature, 2 [ITS-90, deg C]
# name 7 = c0S/m: Conductivity [S/m]
# name 8 = c1S/m: Conductivity, 2 [S/m]
# name 9 = CStarTr0: Beam Transmission, WET Labs C-Star [%]
# name 10 = flECO-AFL: Fluorescence, WET Labs ECO-AFL/FL [mg/m^3]
# name 11 = sbeox0V: Oxygen raw, SBE 43 [V]
# name 12 = altM: Altimeter [m]
# name 13 = nbf: Bottles Fired
# name 14 = density00: Density [density, Kg/m^3]
# name 15 = density11: Density, 2 [density, Kg/m^3]
# name 16 = sal00: Salinity, Practical [PSU]
# name 17 = sal11: Salinity, Practical, 2 [PSU]
# name 18 = svCM: Sound Velocity [Chen-Millero, m/s]
# name 19 = svCM1: Sound Velocity, 2 [Chen-Millero, m/s]
# name 20 = timeS: Time, Elapsed [seconds]
# name 21 = sbeox0ML/L: Oxygen, SBE 43 [ml/l]
# name 22 = sbeox0PS: Oxygen, SBE 43 [% saturation]
# name 23 = dz/dtM: Descent Rate [m/s]
# name 24 = T2-T190C: Temperature Difference, 2 - 1 [ITS-90, deg C]
# name 25 = scan: Scan Count
# name 26 = flag:  0.000e+00
# interval = seconds: 0.0416667
# start_time = Aug 14 2015 19:36:17 [NMEA time, header]
# bad_flag = -9.990e-29
*END*
[from data line 913]
   7287.167  -39.48426   59.99888    101.153    102.141     5.1540     5.1582   3.363606   3.363894    97.1569    -0.0219     2.2994      98.78         19  1028.1240  1028.1226    34.9931    34.9920    1473.02    1473.04   7287.167    6.41879   91.07573     -0.208     0.0043     174893  0.000e+00
   7287.208  -39.48426   59.99888    101.113    102.101     5.1541     5.1581   3.363612   3.363981    97.1569    -0.0219     2.2994      98.78         19  1028.1237  1028.1234    34.9931    34.9932    1473.02    1473.04   7287.208    6.41873   91.07520     -0.205     0.0039     174894  0.000e+00
   7287.250  -39.48426   59.99888    101.153    102.141     5.1539     5.1584   3.363624   3.364015    97.1569    -0.0292     2.2994      98.78         19  1028.1242  1028.1236    34.9934    34.9932    1473.02    1473.04   7287.250    6.41878   91.07571     -0.204     0.0045     174895  0.000e+00
   7287.292  -39.48426   59.99888    101.177    102.166     5.1543     5.1580   3.363624   3.364073    97.1307    -0.0219     2.2994      98.78         19  1028.1240  1028.1245    34.9930    34.9943    1473.02    1473.04   7287.292    6.41876   91.07591     -0.196     0.0037     174896  0.000e+00
   7287.333  -39.48426   59.99888    101.097    102.085     5.1542     5.1581   3.363624   3.364073    97.1307    -0.0219     2.2994      98.78         19  1028.1237  1028.1241    34.9931    34.9943    1473.02    1473.04   7287.333    6.41870   91.07496     -0.197     0.0039     174897  0.000e+00
   7287.375  -39.48426   59.99888    101.177    102.166     5.1536     5.1575   3.363606   3.364015    97.1569    -0.0219     2.2994      98.78         19  1028.1244  1028.1245    34.9935    34.9942    1473.02    1473.04   7287.375    6.41885   91.07602     -0.186     0.0038     174898  0.000e+00
   7287.417  -39.48426   59.99888    101.153    102.141     5.1534     5.1565   3.363612   3.363981    97.1307    -0.0219     2.2994      98.78         19  1028.1246  1028.1251    34.9938    34.9948    1473.02    1473.03   7287.417    6.41885   91.07577     -0.183     0.0031     174899  0.000e+00
   7287.458  -39.48426   59.99888    101.153    102.141     5.1530     5.1555   3.363606   3.363894    97.1045    -0.0219     2.2994      98.75         19  1028.1249  1028.1251    34.9942    34.9948    1473.02    1473.03   7287.458    6.41890   91.07585     -0.175     0.0026     174900  0.000e+00
   7287.500  -39.48426   59.99888    101.113    102.101     5.1529     5.1553   3.363600   3.363830    97.1045    -0.0219     2.2994      98.78         19  1028.1248  1028.1246    34.9942    34.9943    1473.02    1473.03   7287.500    6.41888   91.07537     -0.173     0.0024     174901  0.000e+00
   7287.542  -39.48426   59.99888    101.153    102.141     5.1530     5.1559   3.363551   3.363801    97.0784    -0.0219     2.2994      98.78         19  1028.1244  1028.1240    34.9935    34.9934    1473.02    1473.03   7287.542    6.41893   91.07582     -0.166     0.0029     174902  0.000e+00
   7287.583  -39.48426   59.99888    101.113    102.101     5.1530     5.1563   3.363514   3.363801    97.0522    -0.0219     2.2982      98.75         19  1028.1239  1028.1234    34.9931    34.9930    1473.02    1473.03   7287.583    6.41449   91.01265     -0.163     0.0033     174903  0.000e+00
   7287.625  -39.48426   59.99888    101.153    102.141     5.1526     5.1566   3.363502   3.363767    97.0261    -0.0219     2.2957      98.78         19  1028.1244  1028.1229    34.9934    34.9922    1473.02    1473.03   7287.625    6.40574   90.88784     -0.155     0.0040     174904  0.000e+00
   7287.667  -39.48426   59.99888    101.113    102.101     5.1525     5.1557   3.363520   3.363830    97.0261    -0.0292     2.2982      98.78         19  1028.1244  1028.1242    34.9937    34.9939    1473.02    1473.03   7287.667    6.41454   91.01272     -0.149     0.0032     174905  0.000e+00
   7287.708  -39.48426   59.99888    101.210    102.198     5.1521     5.1549   3.363490   3.363801    97.0261    -0.0219     2.3006      98.75         19  1028.1250  1028.1252    34.9937    34.9944    1473.02    1473.03   7287.708    6.42353   91.13930     -0.141     0.0028     174906  0.000e+00
   7287.750  -39.48426   59.99888    101.097    102.085     5.1522     5.1546   3.363453   3.363709    97.0522    -0.0219     2.3006      98.78         19  1028.1240  1028.1242    34.9932    34.9937    1473.01    1473.02   7287.750    6.42343   91.13793     -0.138     0.0023     174907  0.000e+00
   7287.792  -39.48426   59.99888    101.234    102.223     5.1515     5.1543   3.363423   3.363709    97.0784    -0.0292     2.3006      98.78         19  1028.1250  1028.1250    34.9936    34.9940    1473.01    1473.03   7287.792    6.42365   91.13969     -0.127     0.0027     174908  0.000e+00
   7287.833  -39.48426   59.99888    101.097    102.085     5.1514     5.1536   3.363411   3.363587    97.0784    -0.0219     2.2994      98.78         19  1028.1244  1028.1240    34.9936    34.9934    1473.01    1473.02   7287.833    6.41914   91.07540     -0.122     0.0022     174909  0.000e+00
   7287.875  -39.48426   59.99888    101.178    102.166     5.1516     5.1537   3.363392   3.363645    97.0784    -0.0219     2.3006      98.78         19  1028.1245  1028.1247    34.9932    34.9938    1473.01    1473.02   7287.875    6.42361   91.13899     -0.113     0.0022     174910  0.000e+00
   7292.000  -39.48424   59.99888    101.508    102.500     5.1440     5.1488   3.362643   3.363124    97.1045    -0.0219     2.2994      98.78         20  1028.1262  1028.1261    34.9923    34.9928    1472.99    1473.01   7292.000    6.42068   91.08056      0.003     0.0048     175009  0.000e+00
   7292.042  -39.48424   59.99888    101.508    102.500     5.1438     5.1486   3.362667   3.363130    97.1307    -0.0292     2.2994      98.78         20  1028.1266  1028.1263    34.9927    34.9931    1472.99    1473.01   7292.042    6.42069   91.08058     -0.004     0.0048     175010  0.000e+00
   7292.083  -39.48424   59.99888    101.532    102.524     5.1437     5.1485   3.362643   3.363124    97.1307    -0.0292     2.2994      98.78         20  1028.1266  1028.1265    34.9926    34.9932    1472.99    1473.01   7292.083    6.42074   91.08089     -0.012     0.0048     175011  0.000e+00
   7292.125  -39.48424   59.99888    101.508    102.500     5.1438     5.1481   3.362667   3.363101    97.1045    -0.0219     2.2994      98.78         20  1028.1266  1028.1264    34.9927    34.9932    1472.99    1473.00   7292.125    6.42069   91.08056     -0.022     0.0043     175012  0.000e+00
   7292.167  -39.48424   59.99888    101.532    102.524     5.1444     5.1480   3.362686   3.363038    97.1045    -0.0219     2.2994      98.78         20  1028.1263  1028.1261    34.9923    34.9926    1472.99    1473.00   7292.167    6.42062   91.08071     -0.026     0.0035     175013  0.000e+00
   7292.208  -39.48424   59.99888    101.452    102.443     5.1445     5.1483   3.362728   3.363032    97.1045    -0.0219     2.2994      98.78         20  1028.1263  1028.1254    34.9928    34.9923    1472.99    1473.00   7292.208    6.42053   91.07972     -0.040     0.0038     175014  0.000e+00
   7292.250  -39.48424   59.99888    101.468    102.459     5.1446     5.1486   3.362704   3.363038    97.1045    -0.0219     2.2994      98.78         20  1028.1260  1028.1252    34.9924    34.9920    1472.99    1473.00   7292.250    6.42054   91.07988     -0.048     0.0040     175015  0.000e+00
   7292.292  -39.48424   59.99888    101.508    102.500     5.1445     5.1485   3.362704   3.363096    97.1045    -0.0219     2.2981      98.78         20  1028.1263  1028.1261    34.9925    34.9928    1472.99    1473.01   7292.292    6.41617   91.01768     -0.053     0.0040     175016  0.000e+00
   7292.333  -39.48424   59.99888    101.468    102.459     5.1447     5.1488   3.362673   3.363067    97.1045    -0.0219     2.2981      98.78         20  1028.1257  1028.1254    34.9920    34.9922    1472.99    1473.00   7292.333    6.41613   91.01716     -0.058     0.0041     175017  0.000e+00
   7292.375  -39.48424   59.99888    101.396    102.386     5.1443     5.1496   3.362692   3.363101    97.1045    -0.0219     2.2981      98.78         20  1028.1259  1028.1246    34.9926    34.9918    1472.99    1473.01   7292.375    6.41610   91.01637     -0.073     0.0053     175018  0.000e+00
   7292.417  -39.48424   59.99888    101.508    102.500     5.1445     5.1501   3.362692   3.363153    97.0784    -0.0219     2.2981      98.75         20  1028.1262  1028.1251    34.9923    34.9918    1472.99    1473.01   7292.417    6.41617   91.01765     -0.074     0.0056     175019  0.000e+00
   7292.458  -39.48424   59.99888    101.412    102.403     5.1443     5.1508   3.362685   3.363252    97.0522    -0.0219     2.2981      98.75         20  1028.1259  1028.1249    34.9925    34.9922    1472.99    1473.01   7292.458    6.41612   91.01653     -0.084     0.0065     175020  0.000e+00
   7292.500  -39.48424   59.99888    101.452    102.443     5.1449     5.1520   3.362704   3.363275    97.0784    -0.0219     2.2981      98.78         20  1028.1256  1028.1241    34.9920    34.9912    1472.99    1473.02   7292.500    6.41606   91.01686     -0.091     0.0070     175021  0.000e+00
   7292.542  -39.48424   59.99888    101.356    102.346     5.1449     5.1523   3.362716   3.363344    97.0784    -0.0219     2.2994      98.78         20  1028.1253  1028.1241    34.9922    34.9918    1472.99    1473.02   7292.542    6.42039   91.07838     -0.101     0.0074     175022  0.000e+00
   7292.583  -39.48424   59.99888    101.452    102.443     5.1449     5.1521   3.362734   3.363437    97.0784    -0.0219     2.2981      98.78         20  1028.1259  1028.1255    34.9924    34.9930    1472.99    1473.02   7292.583    6.41604   91.01683     -0.107     0.0072     175023  0.000e+00
   7292.625  -39.48424   59.99888    101.412    102.403     5.1453     5.1528   3.362746   3.363460    97.1045    -0.0292     2.2981      98.75         20  1028.1255  1028.1249    34.9922    34.9925    1472.99    1473.02   7292.625    6.41596   91.01627     -0.112     0.0075     175024  0.000e+00
   7292.667  -39.48424   59.99888    101.332    102.321     5.1454     5.1530   3.362813   3.363466    97.1045    -0.0219     2.2981      98.78         20  1028.1256  1028.1244    34.9928    34.9925    1472.99    1473.02   7292.667    6.41584   91.01527     -0.124     0.0075     175025  0.000e+00
   7292.708  -39.48424   59.99888    101.332    102.321     5.1458     5.1531   3.362856   3.363524    97.1307    -0.0219     2.2981      98.78         20  1028.1257  1028.1248    34.9930    34.9930    1472.99    1473.02   7292.708    6.41578   91.01519     -0.133     0.0074     175026  0.000e+00
   7292.750  -39.48426   59.99888    101.356    102.346     5.1469     5.1527   3.362929   3.363524    97.1307    -0.0219     2.2981      98.78         20  1028.1254  1028.1253    34.9927    34.9934    1473.00    1473.02   7292.750    6.41563   91.01523     -0.142     0.0058     175027  0.000e+00
   7292.792  -39.48426   59.99888    101.332    102.321     5.1475     5.1524   3.362972   3.363558    97.1307    -0.0219     2.2981      98.78         20  1028.1251  1028.1258    34.9925    34.9941    1473.00    1473.02   7292.792    6.41550   91.01479     -0.149     0.0049     175028  0.000e+00
   7292.833  -39.48426   59.99888    101.291    102.281     5.1474     5.1521   3.362911   3.363460    97.1045    -0.0219     2.2981      98.78         20  1028.1245  1028.1250    34.9919    34.9933    1473.00    1473.02   7292.833    6.41551   91.01432     -0.158     0.0047     175029  0.000e+00
   7292.875  -39.48426   59.99888    101.332    102.321     5.1469     5.1524   3.362911   3.363466    97.1307    -0.0292     2.2981      98.75         20  1028.1252  1028.1249    34.9925    34.9930    1473.00    1473.02   7292.875    6.41561   91.01490     -0.167     0.0056     175030  0.000e+00
   7292.917  -39.48426   59.99888    101.356    102.346     5.1471     5.1530   3.362990   3.363437    97.1307    -0.0292     2.2981      98.78         20  1028.1258  1028.1243    34.9931    34.9921    1473.00    1473.02   7292.917    6.41557   91.01513     -0.167     0.0059     175031  0.000e+00
   7292.958  -39.48426   59.99888    101.275    102.265     5.1486     5.1533   3.363082   3.363495    97.1307    -0.0219     2.2981      98.78         20  1028.1248  1028.1242    34.9926    34.9925    1473.00    1473.02   7292.958    6.41526   91.01384     -0.174     0.0047     175032  0.000e+00
   7293.000  -39.48426   59.99888    101.235    102.224     5.1495     5.1534   3.363216   3.363587    97.1307    -0.0219     2.2981      98.78         20  1028.1251  1028.1247    34.9933    34.9935    1473.01    1473.02   7293.000    6.41505   91.01316     -0.186     0.0039     175033  0.000e+00
   7293.042  -39.48426   59.99888    101.275    102.265     5.1502     5.1537   3.363277   3.363582    97.1307    -0.0292     2.2981      98.75         20  1028.1251  1028.1246    34.9932    34.9931    1473.01    1473.02   7293.042    6.41497   91.01348     -0.191     0.0035     175034  0.000e+00
   7293.083  -39.48426   59.99888    101.275    102.265     5.1504     5.1536   3.363307   3.363587    97.1307    -0.0219     2.2969      98.78         20  1028.1252  1028.1247    34.9934    34.9933    1473.01    1473.02   7293.083    6.41051   90.95074     -0.196     0.0032     175035  0.000e+00
   7293.125  -39.48426   59.99888    101.179    102.167     5.1506     5.1537   3.363319   3.363558    97.1045    -0.0219     2.2969      98.78         20  1028.1247  1028.1239    34.9934    34.9928    1473.01    1473.02   7293.125    6.41040   90.94954     -0.206     0.0032     175036  0.000e+00
   7293.167  -39.48426   59.99888    101.275    102.265     5.1507     5.1541   3.363319   3.363616    97.1307    -0.0219     2.2969      98.78         20  1028.1250  1028.1245    34.9932    34.9931    1473.01    1473.02   7293.167    6.41047   90.95065     -0.212     0.0034     175037  0.000e+00
   7293.208  -39.48426   59.99888    101.179    102.167     5.1509     5.1550   3.363362   3.363587    97.1307    -0.0219     2.2969      98.78         20  1028.1248  1028.1229    34.9935    34.9918    1473.01    1473.03   7293.208    6.41034   90.94945     -0.220     0.0041     175038  0.000e+00
   7293.250  -39.48426   59.99888    101.155    102.143     5.1513     5.1559   3.363392   3.363680    97.1307    -0.0219     2.2969      98.75         20  1028.1246  1028.1229    34.9934    34.9920    1473.01    1473.03   7293.250    6.41025   90.94905     -0.227     0.0045     175039  0.000e+00
   7293.292  -39.48426   59.99888    101.235    102.224     5.1516     5.1560   3.363405   3.363767    97.1307    -0.0219     2.2969      98.78         20  1028.1248  1028.1239    34.9933    34.9928    1473.01    1473.03   7293.292    6.41028   90.94995     -0.229     0.0045     175040  0.000e+00
   7293.333  -39.48426   59.99888    101.099    102.086     5.1518     5.1564   3.363429   3.363772    97.1307    -0.0219     2.2969      98.78         20  1028.1242  1028.1230    34.9934    34.9925    1473.01    1473.03   7293.333    6.41012   90.94826     -0.237     0.0046     175041  0.000e+00
   7293.375  -39.48426   59.99888    101.179    102.167     5.1522     5.1572   3.363423   3.363830    97.1569    -0.0219     2.2969      98.78         20  1028.1241  1028.1231    34.9928    34.9924    1473.01    1473.03   7293.375    6.41014   90.94912     -0.244     0.0049     175042  0.000e+00
   7293.417  -39.48426   59.99888    101.155    102.143     5.1522     5.1579   3.363453   3.363859    97.1307    -0.0219     2.2981      98.75         20  1028.1243  1028.1226    34.9932    34.9919    1473.02    1473.04   7293.417    6.41453   91.01150     -0.246     0.0057     175043  0.000e+00
