Ship_data/Irminger/Irminger-2/ctd/process/at30_011.ros
* Sea-Bird SBE 9 Data File:
* FileName = C:\data\ctd\at30_011.hdr
* Software Version Seasave V 7.21f
* Temperature SN = 2265
* Conductivity SN = 3021
* Number of Bytes Per Scan = 40
* Number of Voltage Words = 5
* Number of Scans Averaged by the Deck Unit = 1
* NMEA Latitude = 59 41.19 N
* NMEA Longitude = 039 21.93 W
* NMEA UTC (Time) = Aug 21 2015  19:14:51
** cal val post deployment at FLMB2
# nquan = 27
# nvalues = 588                                   
# units = specified
# name 0 = timeS: Time, Elapsed [seconds]
# name 1 = longitude: Longitude [deg]
# name 2 = latitude: Latitude [deg]
# name 3 = depSM: Depth [salt water, m]
# name 4 = prDM: Pressure, Digiquartz [db]
# name 5 = t090C: Temperature [ITS-90, deg C]
# name 6 = t190C: Temperature, 2 [ITS-90, deg C]
# name 7 = c0S/m: Conductivity [S/m]
# name 8 = c1S/m: Conductivity, 2 [S/m]
# name 9 = CStarTr0: Beam Transmission, WET Labs C-Star [%]
# name 10 = flECO-AFL: Fluorescence, WET Labs ECO-AFL/FL [mg/m^3]
# name 11 = sbeox0V: Oxygen raw, SBE 43 [V]
# name 12 = altM: Altimeter [m]
# name 13 = nbf: Bottles Fired
# name 14 = density00: Density [density, Kg/m^3]
# name 15 = density11: Density, 2 [density, Kg/m^3]
# name 16 = sal00: Salinity, Practical [PSU]
# name 17 = sal11: Salinity, Practical, 2 [PSU]
# name 18 = svCM: Sound Velocity [Chen-Millero, m/s]
# name 19 = svCM1: Sound Velocity, 2 [Chen-Millero, m/s]
# name 20 = timeS: Time, Elapsed [seconds]
# name 21 = sbeox0ML/L: Oxygen, SBE 43 [ml/l]
# name 22 = sbeox0PS: Oxygen, SBE 43 [% saturation]
# name 23 = dz/dtM: Descent Rate [m/s]
# name 24 = T2-T190C: Temperature Difference, 2 - 1 [ITS-90, deg C]
# name 25 = scan: Scan Count
# name 26 = flag:  0.000e+00
# interval = seconds: 0.0416667
# start_time = Aug 21 2015 19:14:51 [NMEA time, header]
# bad_flag = -9.990e-29
*END*
[from data line 162]
   4884.917  -39.34572   59.68442   1700.354   1723.581     3.3662     3.3670   3.267505   3.267542    97.3923    -0.0439     1.8348      98.73          4  1035.6951  1035.6947    34.9219    34.9215    1492.36    1492.37   4884.917    6.14264   83.44653      0.297     0.0008     117239  0.000e+00
   4884.958  -39.34572   59.68442   1700.330   1723.556     3.3665     3.3669   3.267523   3.267542    97.4185    -0.0439     1.8348      98.73          4  1035.6949  1035.6947    34.9218    34.9215    1492.36    1492.37   4884.958    6.14257   83.44616      0.298     0.0004     117240  0.000e+00
   4885.000  -39.34572   59.68442   1700.395   1723.623     3.3663     3.3671   3.267517   3.267542    97.4185    -0.0439     1.8336      98.73          4  1035.6953  1035.6948    34.9219    34.9213    1492.36    1492.37   4885.000    6.13685   83.36813      0.305     0.0008     117241  0.000e+00
   4885.042  -39.34572   59.68442   1700.354   1723.582     3.3664     3.3668   3.267505   3.267542    97.4185    -0.0439     1.8348      98.73          4  1035.6949  1035.6949    34.9216    34.9216    1492.36    1492.37   4885.042    6.14261   83.44644      0.307     0.0004     117242  0.000e+00
   4885.083  -39.34572   59.68442   1700.395   1723.623     3.3663     3.3671   3.267505   3.267514    97.4185    -0.0439     1.8348      98.71          4  1035.6952  1035.6945    34.9217    34.9210    1492.36    1492.37   4885.083    6.14266   83.44692      0.311     0.0008     117243  0.000e+00
   4885.125  -39.34572   59.68442   1700.477   1723.707     3.3662     3.3669   3.267505   3.267542    97.4185    -0.0439     1.8336      98.73          4  1035.6956  1035.6953    34.9218    34.9215    1492.37    1492.37   4885.125    6.13694   83.36906      0.318     0.0007     117244  0.000e+00
   4885.167  -39.34572   59.68442   1700.453   1723.682     3.3665     3.3668   3.267505   3.267508    97.3923    -0.0439     1.8348      98.73          4  1035.6953  1035.6950    34.9215    34.9212    1492.37    1492.37   4885.167    6.14268   83.44749      0.327     0.0003     117245  0.000e+00
   4885.208  -39.34572   59.68442   1700.395   1723.623     3.3662     3.3669   3.267523   3.267514    97.4185    -0.0439     1.8348      98.73          4  1035.6955  1035.6947    34.9221    34.9212    1492.36    1492.37   4885.208    6.14266   83.44694      0.325     0.0007     117246  0.000e+00
   4885.250  -39.34572   59.68442   1700.543   1723.773     3.3661     3.3668   3.267517   3.267514    97.4185    -0.0439     1.8336      98.73          4  1035.6961  1035.6954    34.9220    34.9213    1492.37    1492.37   4885.250    6.13700   83.36980      0.335     0.0007     117247  0.000e+00
   4885.292  -39.34572   59.68442   1700.453   1723.682     3.3663     3.3668   3.267505   3.267571    97.3923    -0.0439     1.8336      98.73          4  1035.6954  1035.6955    34.9217    34.9219    1492.37    1492.37   4885.292    6.13690   83.36872      0.334     0.0005     117248  0.000e+00
   4885.333  -39.34572   59.68442   1700.453   1723.682     3.3663     3.3669   3.267523   3.267542    97.3923    -0.0439     1.8348      98.73          4  1035.6956  1035.6952    34.9219    34.9215    1492.37    1492.37   4885.333    6.14269   83.44752      0.339     0.0006     117249  0.000e+00
   4885.375  -39.34572   59.68442   1700.543   1723.774     3.3662     3.3669   3.267535   3.267542    97.3923    -0.0439     1.8348      98.73          4  1035.6962  1035.6956    34.9221    34.9214    1492.37    1492.37   4885.375    6.14277   83.44854      0.340     0.0007     117250  0.000e+00
   4885.417  -39.34572   59.68442   1700.576   1723.807     3.3662     3.3668   3.267517   3.267542    97.3661    -0.0512     1.8348      98.73          4  1035.6962  1035.6958    34.9219    34.9215    1492.37    1492.37   4885.417    6.14281   83.44890      0.347     0.0006     117251  0.000e+00
   4885.458  -39.34572   59.68442   1700.519   1723.749     3.3664     3.3668   3.267505   3.267542    97.3661    -0.0439     1.8336      98.73          4  1035.6956  1035.6956    34.9215    34.9216    1492.37    1492.37   4885.458    6.13694   83.36938      0.346     0.0003     117252  0.000e+00
   4885.500  -39.34572   59.68442   1700.543   1723.774     3.3662     3.3668   3.267463   3.267542    97.3661    -0.0439     1.8348      98.73          4  1035.6955  1035.6957    34.9213    34.9216    1492.37    1492.37   4885.500    6.14281   83.44852      0.353     0.0006     117253  0.000e+00
   4885.542  -39.34572   59.68442   1700.576   1723.807     3.3660     3.3668   3.267487   3.267537    97.3923    -0.0439     1.8348      98.73          4  1035.6960  1035.6957    34.9217    34.9215    1492.37    1492.37   4885.542    6.14285   83.44893      0.355     0.0008     117254  0.000e+00
   4885.583  -39.34572   59.68442   1700.642   1723.874     3.3662     3.3668   3.267505   3.267514    97.3923    -0.0439     1.8336      98.71          4  1035.6963  1035.6959    34.9217    34.9212    1492.37    1492.37   4885.583    6.13707   83.37079      0.361     0.0006     117255  0.000e+00
   4885.625  -39.34572   59.68442   1700.543   1723.774     3.3662     3.3668   3.267481   3.267542    97.3923    -0.0439     1.8336      98.73          4  1035.6957  1035.6957    34.9215    34.9216    1492.37    1492.37   4885.625    6.13700   83.36970      0.359     0.0006     117256  0.000e+00
   4885.667  -39.34572   59.68442   1700.642   1723.874     3.3660     3.3667   3.267499   3.267514    97.3661    -0.0439     1.8348      98.73          4  1035.6965  1035.6960    34.9219    34.9213    1492.37    1492.37   4885.667    6.14290   83.44965      0.363     0.0007     117257  0.000e+00
   4885.708  -39.34572   59.68442   1700.642   1723.874     3.3663     3.3668   3.267523   3.267571    97.3661    -0.0439     1.8336      98.73          4  1035.6964  1035.6964    34.9218    34.9219    1492.37    1492.37   4885.708    6.13704   83.37074      0.364     0.0005     117258  0.000e+00
   4885.750  -39.34572   59.68442   1700.601   1723.832     3.3662     3.3666   3.267517   3.267543    97.3400    -0.0439     1.8348      98.73          4  1035.6963  1035.6961    34.9219    34.9218    1492.37    1492.37   4885.750    6.14283   83.44912      0.361     0.0004     117259  0.000e+00
   4885.792  -39.34572   59.68442   1700.699   1723.932     3.3662     3.3668   3.267523   3.267514    97.3400    -0.0439     1.8348      98.73          4  1035.6967  1035.6960    34.9219    34.9211    1492.37    1492.37   4885.792    6.14291   83.45020      0.366     0.0006     117260  0.000e+00
   4885.833  -39.34572   59.68442   1700.699   1723.932     3.3662     3.3668   3.267529   3.267543    97.3661    -0.0439     1.8336      98.73          4  1035.6968  1035.6964    34.9220    34.9215    1492.37    1492.37   4885.833    6.13710   83.37139      0.368     0.0006     117261  0.000e+00
   4885.875  -39.34572   59.68442   1700.666   1723.899     3.3663     3.3669   3.267487   3.267508    97.3661    -0.0439     1.8336      98.73          4  1035.6962  1035.6958    34.9214    34.9210    1492.37    1492.37   4885.875    6.13709   83.37100      0.368     0.0007     117262  0.000e+00
   4885.917  -39.34572   59.68442   1700.699   1723.932     3.3662     3.3667   3.267517   3.267543    97.3661    -0.0512     1.8336      98.73          4  1035.6967  1035.6965    34.9218    34.9216    1492.37    1492.37   4885.917    6.13711   83.37137      0.367     0.0005     117263  0.000e+00
   4885.958  -39.34572   59.68442   1700.699   1723.932     3.3662     3.3669   3.267511   3.267543    97.3661    -0.0439     1.8336      98.73          4  1035.6966  1035.6962    34.9218    34.9214    1492.37    1492.37   4885.958    6.13711   83.37137      0.372     0.0007     117264  0.000e+00
   4886.000  -39.34572   59.68442   1700.724   1723.958     3.3663     3.3666   3.267505   3.267514    97.3923    -0.0439     1.8348      98.73          4  1035.6966  1035.6964    34.9216    34.9214    1492.37    1492.37   4886.000    6.14292   83.45040      0.367     0.0003     117265  0.000e+00
   4886.042  -39.34572   59.68442   1700.765   1723.999     3.3662     3.3667   3.267505   3.267571    97.3923    -0.0439     1.8336      98.73          4  1035.6968  1035.6970    34.9217    34.9220    1492.37    1492.37   4886.042    6.13717   83.37208      0.372     0.0005     117266  0.000e+00
   4886.083  -39.34572   59.68442   1700.765   1723.999     3.3663     3.3668   3.267523   3.267543    97.4185    -0.0439     1.8348      98.73          4  1035.6969  1035.6966    34.9217    34.9215    1492.37    1492.37   4886.083    6.14294   83.45084      0.372     0.0005     117267  0.000e+00
   4886.125  -39.34572   59.68442   1700.667   1723.899     3.3664     3.3668   3.267535   3.267543    97.3923    -0.0439     1.8348      98.73          4  1035.6965  1035.6962    34.9218    34.9216    1492.37    1492.37   4886.125    6.14284   83.44971      0.365     0.0003     117268  0.000e+00
   4886.167  -39.34572   59.68442   1700.822   1724.058     3.3663     3.3665   3.267493   3.267543    97.3923    -0.0439     1.8336      98.73          4  1035.6969  1035.6971    34.9214    34.9218    1492.37    1492.37   4886.167    6.13720   83.37265      0.365     0.0002     117269  0.000e+00
   4886.208  -39.34572   59.68442   1700.822   1724.058     3.3665     3.3666   3.267517   3.267514    97.3923    -0.0439     1.8348      98.73          4  1035.6969  1035.6968    34.9215    34.9213    1492.37    1492.37   4886.208    6.14297   83.45140      0.366     0.0001     117270  0.000e+00
   4886.250  -39.34572   59.68442   1700.724   1723.958     3.3663     3.3666   3.267517   3.267537    97.3923    -0.0439     1.8336      98.73          4  1035.6967  1035.6966    34.9217    34.9216    1492.37    1492.37   4886.250    6.13711   83.37155      0.358     0.0003     117271  0.000e+00
   4886.292  -39.34572   59.68442   1700.765   1723.999     3.3663     3.3666   3.267523   3.267514    97.4185    -0.0439     1.8336      98.73          4  1035.6969  1035.6965    34.9217    34.9213    1492.37    1492.37   4886.292    6.13714   83.37200      0.356     0.0003     117272  0.000e+00
   5385.750  -39.34340   59.68416   1299.688   1316.174     3.6723     3.6725   3.276843   3.276838    97.4708    -0.0439     1.9144      98.73          5  1033.8035  1033.8032    34.9109    34.9106    1486.84    1486.84   5385.750    6.12682   83.84959      0.176     0.0002     129259  0.000e+00
   5385.792  -39.34340   59.68416   1299.753   1316.240     3.6720     3.6723   3.276849   3.276838    97.4708    -0.0658     1.9144      98.73          5  1033.8041  1033.8037    34.9113    34.9108    1486.84    1486.84   5385.792    6.12692   83.85040      0.160     0.0003     129260  0.000e+00
   5385.833  -39.34340   59.68416   1299.737   1316.224     3.6722     3.6727   3.276861   3.276872    97.4446    -0.0439     1.9156      98.73          5  1033.8040  1033.8036    34.9113    34.9109    1486.84    1486.84   5385.833    6.13231   83.92453      0.139     0.0005     129261  0.000e+00
   5385.875  -39.34340   59.68416   1299.753   1316.240     3.6723     3.6724   3.276879   3.276838    97.4708    -0.0439     1.9144      98.73          5  1033.8041  1033.8037    34.9113    34.9108    1486.84    1486.84   5385.875    6.12686   83.85028      0.121     0.0000     129262  0.000e+00
   5385.917  -39.34340   59.68416   1299.688   1316.174     3.6722     3.6724   3.276849   3.276838    97.4708    -0.0439     1.9144      98.73          5  1033.8037  1033.8034    34.9112    34.9108    1486.84    1486.84   5385.917    6.12684   83.84959      0.099     0.0002     129263  0.000e+00
   5385.958  -39.34340   59.68416   1299.672   1316.158     3.6722     3.6725   3.276831   3.276866    97.4708    -0.0439     1.9144      98.73          5  1033.8035  1033.8035    34.9110    34.9110    1486.84    1486.84   5385.958    6.12683   83.84940      0.079     0.0003     129264  0.000e+00
   5386.000  -39.34340   59.68416   1299.688   1316.174     3.6717     3.6724   3.276849   3.276872    97.4446    -0.0439     1.9144      98.73          5  1033.8042  1033.8037    34.9117    34.9112    1486.84    1486.84   5386.000    6.12690   83.84972      0.060     0.0007     129265  0.000e+00
   5386.042  -39.34340   59.68416   1299.631   1316.116     3.6720     3.6722   3.276819   3.276838    97.4708    -0.0439     1.9144      98.73          5  1033.8033  1033.8033    34.9110    34.9110    1486.84    1486.84   5386.042    6.12683   83.84897      0.040     0.0002     129266  0.000e+00
   5386.083  -39.34340   59.68416   1299.672   1316.158     3.6720     3.6723   3.276819   3.276838    97.4708    -0.0439     1.9144      98.73          5  1033.8035  1033.8034    34.9110    34.9109    1486.84    1486.84   5386.083    6.12686   83.84941      0.023     0.0003     129267  0.000e+00
   5386.125  -39.34340   59.68416   1299.631   1316.116     3.6723     3.6724   3.276873   3.276838    97.4708    -0.0439     1.9144      98.73          5  1033.8035  1033.8032    34.9113    34.9108    1486.84    1486.84   5386.125    6.12675   83.84885      0.002     0.0000     129268  0.000e+00
   5386.167  -39.34340   59.68416   1299.631   1316.116     3.6725     3.6725   3.276873   3.276872    97.4708    -0.0439     1.9144      98.73          5  1033.8034  1033.8033    34.9111    34.9111    1486.84    1486.84   5386.167    6.12673   83.84879     -0.013     0.0000     129269  0.000e+00
   5386.208  -39.34340   59.68416   1299.615   1316.100     3.6725     3.6725   3.276879   3.276838    97.4708    -0.0439     1.9144      98.73          5  1033.8034  1033.8029    34.9112    34.9107    1486.84    1486.84   5386.208    6.12671   83.84860     -0.034     0.0000     129270  0.000e+00
   5386.250  -39.34340   59.68416   1299.566   1316.050     3.6725     3.6723   3.276909   3.276866    97.4708    -0.0439     1.9144      98.73          5  1033.8034  1033.8032    34.9116    34.9113    1486.84    1486.84   5386.250    6.12666   83.84805     -0.052    -0.0002     129271  0.000e+00
   5386.292  -39.34340   59.68416   1299.566   1316.050     3.6726     3.6725   3.276879   3.276838    97.4708    -0.0439     1.9144      98.73          5  1033.8030  1033.8027    34.9111    34.9107    1486.84    1486.84   5386.292    6.12666   83.84800     -0.071    -0.0001     129272  0.000e+00
   5386.333  -39.34340   59.68416   1299.550   1316.034     3.6725     3.6724   3.276879   3.276872    97.4708    -0.0439     1.9144      98.73          5  1033.8031  1033.8031    34.9112    34.9113    1486.84    1486.84   5386.333    6.12666   83.84784     -0.088    -0.0001     129273  0.000e+00
   5386.375  -39.34340   59.68416   1299.566   1316.050     3.6728     3.6724   3.276873   3.276809    97.4708    -0.0439     1.9144      98.73          5  1033.8028  1033.8026    34.9109    34.9105    1486.84    1486.84   5386.375    6.12664   83.84793     -0.105    -0.0004     129274  0.000e+00
   5386.417  -39.34340   59.68416   1299.509   1315.992     3.6726     3.6722   3.276897   3.276838    97.4708    -0.0439     1.9144      98.73          5  1033.8030  1033.8028    34.9114    34.9111    1486.84    1486.84   5386.417    6.12660   83.84733     -0.119    -0.0005     129275  0.000e+00
   5386.458  -39.34338   59.68416   1299.550   1316.034     3.6726     3.6724   3.276855   3.276838    97.4708    -0.0439     1.9144      98.73          5  1033.8028  1033.8028    34.9108    34.9109    1486.84    1486.84   5386.458    6.12665   83.84777     -0.135    -0.0002     129276  0.000e+00
