Ship_data/Irminger/Irminger-2/ctd/process/at30_005.cnv
* Sea-Bird SBE 9 Data File:
* FileName = C:\data\ctd\at30_005.hdr
* Software Version Seasave V 7.21f
* Temperature SN = 2265
* Conductivity SN = 3021
* Number of Bytes Per Scan = 40
* Number of Voltage Words = 5
* Number of Scans Averaged by the Deck Unit = 1
* NMEA Latitude = 59 59.33 N
* NMEA Longitude = 039 27.67 W
* NMEA UTC (Time) = Aug 14 2015  19:36:17
# nquan = 36
# nvalues = 5314                        
# units = specified
# name 0 = timeS: Time, Elapsed [seconds]
# name 1 = longitude: Longitude [deg]
# name 2 = latitude: Latitude [deg]
# name 3 = depSM: Depth [salt water, m]
# name 4 = prDM: Pressure, Digiquartz [db]
# name 5 = t090C: Temperature [ITS-90, deg C]
# name 6 = t190C: Temperature, 2 [ITS-90, deg C]
# name 7 = c0S/m: Conductivity [S/m]
# name 8 = c1S/m: Conductivity, 2 [S/m]
# name 9 = CStarTr0: Beam Transmission, WET Labs C-Star [%]
# name 10 = flECO-AFL: Fluorescence, WET Labs ECO-AFL/FL [mg/m^3]
# name 11 = sbeox0V: Oxygen raw, SBE 43 [V]
# name 12 = altM: Altimeter [m]
# name 13 = nbf: Bottles Fired
# name 14 = density00: Density [density, Kg/m^3]
# name 15 = density11: Density, 2 [density, Kg/m^3]
# name 16 = sal00: Salinity, Practical [PSU]
# name 17 = sal11: Salinity, Practical, 2 [PSU]
# name 18 = svCM: Sound Velocity [Chen-Millero, m/s]
# name 19 = svCM1: Sound Velocity, 2 [Chen-Millero, m/s]
# name 20 = timeS: Time, Elapsed [seconds]
# name 21 = sbeox0ML/L: Oxygen, SBE 43 [ml/l]
# name 22 = sbeox0PS: Oxygen, SBE 43 [% saturation]
# name 23 = dz/dtM: Descent Rate [m/s]
# name 24 = T2-T190C: Temperature Difference, 2 - 1 [ITS-90, deg C]
# name 25 = depSM: Depth [salt water, m], lat = 59.9888
# name 26 = density00: Density [density, Kg/m^3]
# name 27 = density11: Density, 2 [density, Kg/m^3]
# name 28 = sal00: Salinity, Practical [PSU]
# name 29 = sal11: Salinity, Practical, 2 [PSU]
# name 30 = svCM: Sound Velocity [Chen-Millero, m/s]
# name 31 = svCM1: Sound Velocity, 2 [Chen-Millero, m/s]
# name 32 = sbeox0ML/L: Oxygen, SBE 43 [ml/l], WS = 2
# name 33 = dz/dtM: Descent Rate [m/s], WS = 2
# name 34 = T2-T190C: Temperature Difference, 2 - 1 [ITS-90, deg C]
# name 35 = flag: flag
# span 0 =     50.580,   7561.619       
# span 1 =  -39.48472,  -39.46129       
# span 2 =   59.98893,   59.99906       
# span 3 =      1.000,   2660.999       
# span 4 =      1.010,   2703.598       
# span 5 =     1.4169,     8.6129       
# span 6 =     1.4177,     8.6154       
# span 7 =   3.132965,   3.666565       
# span 8 =   3.132972,   3.667836       
# span 9 =    92.5648,    97.4822       
# span 10 =    -0.0370,     2.2559      
# span 11 =     1.6922,     2.5553      
# span 12 =       9.23,     105.35      
# span 13 =          0,         25      
# span 14 =  1027.0792,  1040.3412      
# span 15 =  1027.0842,  1040.3407      
# span 16 =    34.8481,    35.0142      
# span 17 =    34.8437,    35.0123      
# span 18 =    1471.60,    1501.75      
# span 19 =    1471.60,    1501.75      
# span 20 =     50.580,   7561.619      
# span 21 =    6.01238,    6.94033      
# span 22 =   81.49043,  102.40530      
# span 23 =     -1.959,      1.718      
# span 24 =    -0.2375,     0.0861      
# span 25 =      1.000,   2661.000      
# span 26 =  1027.0801,  1040.3412      
# span 27 =  1027.0880,  1040.3408      
# span 28 =    34.8476,    35.0185      
# span 29 =    34.8489,    35.0151      
# span 30 =    1471.60,    1501.75      
# span 31 =    1471.60,    1501.75      
# span 32 =    6.01011,    6.94310      
# span 33 =     -1.964,      1.717      
# span 34 =    -0.2375,     0.0861      
# span 35 = 0.0000e+00, 0.0000e+00      
# interval = meters: 1                  
# start_time = Aug 14 2015 19:36:17 [NMEA time, header]
# bad_flag = -9.990e-29
*END*
[from data line 5199]
   7168.652  -39.48408   59.99880    115.000    116.127     5.0615     5.0637   3.356310   3.356423    97.1421    -0.0230     2.2860      98.78         12  1028.2010  1028.2002    34.9948    34.9940    1472.88    1472.89   7168.652    6.40001   90.61151     -0.423     0.0022    115.000  1028.2039  1028.2028    34.9983    34.9973    1472.88    1472.89    6.39677     -0.467     0.0022 0.0000e+00
   7171.537  -39.48409   59.99880    114.000    115.117     5.0723     5.0695   3.357217   3.356966    97.1420    -0.0225     2.2848      98.77         12  1028.1963  1028.1965    34.9963    34.9961    1472.91    1472.90   7171.537    6.39466   90.55996     -0.317    -0.0028    114.000  1028.1976  1028.1980    34.9980    34.9981    1472.91    1472.90    6.38991     -0.268    -0.0028 0.0000e+00
   7174.922  -39.48410   59.99880    113.000    114.107     5.0707     5.0695   3.356906   3.356800    97.1427    -0.0220     2.2833      98.77         12  1028.1914  1028.1918    34.9958    34.9960    1472.88    1472.88   7174.922    6.38436   90.41024     -0.344    -0.0012    113.000  1028.1921  1028.1923    34.9967    34.9966    1472.89    1472.88    6.38401     -0.483    -0.0012 0.0000e+00
   7176.688  -39.48410   59.99880    112.000    113.097     5.0678     5.0657   3.356487   3.356337    97.1534    -0.0224     2.2858      98.77         12  1028.1862  1028.1868    34.9946    34.9950    1472.85    1472.85   7176.688    6.38454   90.40612     -0.558    -0.0022    112.000  1028.1868  1028.1874    34.9953    34.9959    1472.86    1472.85    6.39277     -0.590    -0.0022 0.0000e+00
   7179.566  -39.48410   59.99880    111.000    112.087     5.0719     5.0704   3.356840   3.356707    97.1604    -0.0224     2.2882      98.78         12  1028.1814  1028.1815    34.9950    34.9950    1472.85    1472.85   7179.566    6.39684   90.58904     -0.316    -0.0015    111.000  1028.1819  1028.1821    34.9957    34.9958    1472.86    1472.85    6.39979     -0.258    -0.0015 0.0000e+00
   7183.748  -39.48412   59.99880    110.000    111.077     5.0808     5.0791   3.357648   3.357468    97.1592    -0.0226     2.2880      98.77         12  1028.1760  1028.1761    34.9956    34.9954    1472.88    1472.87   7183.748    6.39367   90.56370     -0.331    -0.0017    110.000  1028.1766  1028.1765    34.9963    34.9960    1472.88    1472.87    6.39671     -0.439    -0.0017 0.0000e+00
   7186.143  -39.48412   59.99880    109.000    110.067     5.0766     5.0749   3.356859   3.356844    97.1449    -0.0227     2.2878      98.78         12  1028.1698  1028.1708    34.9929    34.9939    1472.84    1472.83   7186.143    6.39702   90.60049     -0.399    -0.0017    109.000  1028.1691  1028.1705    34.9920    34.9936    1472.84    1472.83    6.39632     -0.335    -0.0017 0.0000e+00
   7191.514  -39.48413   59.99880    108.000    109.057     5.0218     5.0233   3.351003   3.351166    97.1316    -0.0224     2.2920      98.78         12  1028.1643  1028.1647    34.9835    34.9843    1472.59    1472.59   7191.514    6.40848   90.63929     -0.116     0.0015    108.000  1028.1632  1028.1633    34.9823    34.9826    1472.59    1472.59    6.42020     -0.164     0.0015 0.0000e+00
   7197.909  -39.48413   59.99882    107.000    108.047     5.0199     5.0210   3.350754   3.350871    97.1420    -0.0227     2.2976      98.77         12  1028.1588  1028.1587    34.9822    34.9822    1472.56    1472.57   7197.909    6.44109   91.09549     -0.129     0.0011    107.000  1028.1586  1028.1586    34.9819    34.9821    1472.56    1472.57    6.44005     -0.145     0.0011 0.0000e+00
   7203.017  -39.48414   59.99882    106.000    107.037     5.0323     5.0327   3.351888   3.351951    97.1306    -0.0228     2.2974      98.77         12  1028.1528  1028.1531    34.9824    34.9828    1472.60    1472.60   7203.017    6.43552   91.04371     -0.145     0.0004    106.000  1028.1528  1028.1531    34.9825    34.9829    1472.60    1472.60    6.43625     -0.131     0.0004 0.0000e+00
   7208.945  -39.48416   59.99882    105.000    106.027     5.0454     5.0458   3.353110   3.353113    97.1235    -0.0225     2.2980      98.77         12  1028.1469  1028.1465    34.9827    34.9824    1472.63    1472.63   7208.945    6.43371   91.04654     -0.309     0.0004    105.000  1028.1475  1028.1471    34.9835    34.9831    1472.63    1472.63    6.43556     -0.293     0.0004 0.0000e+00
   7215.477  -39.48417   59.99882    104.000    105.017     5.0745     5.0745   3.355876   3.355845    97.1195    -0.0227     2.2983      98.77         12  1028.1400  1028.1398    34.9845    34.9842    1472.74    1472.74   7215.477    6.43150   91.07923     -0.114    -0.0000    104.000  1028.1409  1028.1406    34.9856    34.9852    1472.74    1472.74    6.43073     -0.103    -0.0000 0.0000e+00
   7221.248  -39.48417   59.99883    103.000    104.006     5.0956     5.0958   3.357923   3.357935    97.1128    -0.0227     2.2979      98.78         12  1028.1345  1028.1345    34.9867    34.9867    1472.81    1472.81   7221.248    6.42449   91.02682     -0.180     0.0002    103.000  1028.1354  1028.1353    34.9876    34.9875    1472.81    1472.81    6.42465     -0.158     0.0002 0.0000e+00
   7232.441  -39.48418   59.99884    102.000    102.996     5.1172     5.1195   3.360031   3.360253    97.1118    -0.0225     2.2988      98.78         12  1028.1292  1028.1290    34.9891    34.9892    1472.88    1472.89   7232.441    6.42413   91.06981     -0.059     0.0023    102.000  1028.1298  1028.1296    34.9899    34.9900    1472.88    1472.89    6.42362     -0.082     0.0023 0.0000e+00
   7275.283  -39.48424   59.99887    101.000    101.986     5.1576     5.1571   3.363999   3.363947    97.1082    -0.0224     2.2992      97.37         17  1028.1234  1028.1234    34.9938    34.9937    1473.04    1473.03   7275.283    6.41555   91.03803     -0.110    -0.0005    101.000  1028.1235  1028.1235    34.9940    34.9939    1473.04    1473.03    6.41702     -0.015    -0.0005 0.0000e+00
   7373.507  -39.48439   59.99893    100.000    100.976     5.1588     5.1573   3.364102   3.363946    97.0933    -0.0223     2.2974      99.02         25  1028.1185  1028.1188    34.9938    34.9938    1473.02    1473.02   7373.507    6.40887   90.94571     -0.197    -0.0015    100.000  1028.1191  1028.1191    34.9945    34.9942    1473.02    1473.02    6.40947     -0.225    -0.0015 0.0000e+00
   7362.483  -39.48438   59.99892     99.000     99.966     5.1783     5.1734   3.366067   3.365484    97.1055    -0.0216     2.2985      98.77         24  1028.1129  1028.1130    34.9955    34.9949    1473.09    1473.07   7362.483    6.40311   90.90697     -0.566    -0.0048     99.000  1028.1143  1028.1135    34.9972    34.9956    1473.09    1473.07    6.40930     -0.765    -0.0048 0.0000e+00
   7363.747  -39.48438   59.99892     98.000     98.956     5.2214     5.2019   3.370611   3.368403    97.0931    -0.0229     2.2990      98.78         24  1028.1064  1028.1055    34.9999    34.9956    1473.25    1473.17   7363.747    6.39861   90.93836     -0.770    -0.0195     98.000  1028.1106  1028.1089    35.0051    35.0000    1473.26    1473.17    6.40287     -0.734    -0.0195 0.0000e+00
   7365.224  -39.48438   59.99892     97.000     97.946     5.2606     5.2340   3.374380   3.371601    97.1015    -0.0225     2.3004      98.78         24  1028.1002  1028.1003    35.0039    35.0000    1473.40    1473.29   7365.224    6.39589   90.98639     -0.702    -0.0266     97.000  1028.1034  1028.1034    35.0080    35.0038    1473.40    1473.29    6.40043     -0.642    -0.0266 0.0000e+00
   7368.185  -39.48438   59.99892     96.000     96.936     5.2557     5.2365   3.373593   3.371729    97.1134    -0.0228     2.2959      98.77         24  1028.0956  1028.0972    35.0032    35.0022    1473.36    1473.28   7368.185    6.39491   90.96166     -0.311    -0.0192     96.000  1028.0967  1028.0979    35.0046    35.0032    1473.36    1473.28    6.38416     -0.260    -0.0192 0.0000e+00
   7371.465  -39.48440   59.99892     95.000     95.926     5.2870     5.2737   3.377491   3.375462    97.1002    -0.0227     2.2921      98.78         24  1028.0919  1028.0879    35.0093    35.0021    1473.48    1473.42   7371.465    6.36726   90.63886     -0.419    -0.0133     95.000  1028.0983  1028.0923    35.0173    35.0078    1473.49    1473.42    6.36400     -0.874    -0.0133 0.0000e+00
   7372.358  -39.48440   59.99894     94.000     94.916     5.3318     5.3013   3.381354   3.378244    97.1004    -0.0226     2.2980      98.78         24  1028.0834  1028.0824    35.0114    35.0054    1473.64    1473.51   7372.358    6.35447   90.55379     -0.861    -0.0305     94.000  1028.0865  1028.0873    35.0154    35.0115    1473.65    1473.52    6.37713     -1.161    -0.0305 0.0000e+00
   7373.192  -39.48438   59.99894     93.000     93.906     5.3448     5.3340   3.382587   3.381453    97.0993    -0.0230     2.3003      98.77         24  1028.0779  1028.0773    35.0123    35.0098    1473.68    1473.64   7373.192    6.35179   90.54392     -1.131    -0.0108     93.000  1028.0812  1028.0812    35.0165    35.0148    1473.69    1473.64    6.38238     -1.102    -0.0108 0.0000e+00
   7376.026  -39.48438   59.99894     92.000     92.896     5.3359     5.3293   3.381547   3.380895    97.0934    -0.0225     2.2963      92.16         24  1028.0745  1028.0747    35.0125    35.0117    1473.63    1473.60   7376.026    6.37236   90.81826     -0.411    -0.0067     92.000  1028.0759  1028.0763    35.0143    35.0138    1473.63    1473.60    6.36872     -0.298    -0.0067 0.0000e+00
   7379.813  -39.48440   59.99894     91.000     91.887     5.3288     5.3260   3.380771   3.380454    97.0835    -0.0224     2.2913      99.15         24  1028.0704  1028.0704    35.0122    35.0117    1473.58    1473.57   7379.813    6.36008   90.62794     -0.472    -0.0028     91.000  1028.0714  1028.0712    35.0134    35.0127    1473.59    1473.57    6.35125     -0.903    -0.0028 0.0000e+00
   7380.644  -39.48440   59.99894     90.000     90.877     5.3552     5.3406   3.383573   3.381937    97.0727    -0.0219     2.2953      98.78         24  1028.0641  1028.0634    35.0142    35.0109    1473.68    1473.61   7380.644    6.34581   90.48206     -0.880    -0.0146     90.000  1028.0675  1028.0665    35.0185    35.0150    1473.68    1473.62    6.36012     -1.174    -0.0146 0.0000e+00
   7381.455  -39.48440   59.99894     89.000     89.867     5.3809     5.3619   3.385543   3.383837    97.0852    -0.0226     2.2988      98.78         24  1028.0540  1028.0562    35.0113    35.0110    1473.76    1473.68   7381.455    6.33909   90.43938     -1.137    -0.0190     89.000  1028.0568  1028.0594    35.0148    35.0151    1473.76    1473.69    6.36771     -1.199    -0.0190 0.0000e+00
   7382.370  -39.48440   59.99894     88.000     88.857     5.3889     5.3805   3.385870   3.385294    97.0150    -0.0222     2.3027      98.77         24  1028.0464  1028.0486    35.0089    35.0102    1473.77    1473.74   7382.370    6.35003   90.61090     -1.194    -0.0083     88.000  1028.0480  1028.0507    35.0108    35.0129    1473.77    1473.74    6.38001     -0.928    -0.0083 0.0000e+00
   7386.520  -39.48439   59.99894     87.000     87.847     5.3701     5.3693   3.384237   3.384189    97.0786    -0.0226     2.3007      98.78         24  1028.0460  1028.0469    35.0114    35.0123    1473.68    1473.68   7386.520    6.38135   91.01900     -0.144    -0.0008     87.000  1028.0468  1028.0471    35.0122    35.0125    1473.68    1473.68    6.37470     -0.058    -0.0008 0.0000e+00
   7389.311  -39.48441   59.99896     86.000     86.837     5.3806     5.3695   3.385004   3.384123    97.0644    -0.0231     2.2971      98.78         24  1028.0382  1028.0404    35.0090    35.0100    1473.71    1473.66   7389.311    6.35821   90.70994     -0.701    -0.0111     86.000  1028.0396  1028.0421    35.0106    35.0121    1473.71    1473.67    6.35934     -0.836    -0.0111 0.0000e+00
   7390.475  -39.48442   59.99896     85.000     85.827     5.3880     5.3855   3.385122   3.385205    97.0276    -0.0219     2.3013      98.78         24  1028.0295  1028.0315    35.0050    35.0071    1473.71    1473.71   7390.475    6.35581   90.68913     -0.853    -0.0025     85.000  1028.0293  1028.0325    35.0047    35.0083    1473.71    1473.71    6.37262     -0.892    -0.0025 0.0000e+00
   7391.636  -39.48441   59.99896     84.000     84.817     5.3551     5.3817   3.381229   3.384593    97.0059    -0.0229     2.3044      98.78         24  1028.0236  1028.0262    34.9982    35.0058    1473.56    1473.67   7391.636    6.36541   90.75165     -0.888     0.0266     84.000  1028.0209  1028.0262    34.9949    35.0058    1473.55    1473.67    6.38902     -0.800     0.0266 0.0000e+00
   7393.502  -39.48440   59.99894     83.000     83.807     5.3430     5.3604   3.380202   3.382180    97.0105    -0.0224     2.3093      98.77         24  1028.0190  1028.0203    34.9966    35.0008    1473.49    1473.56   7393.502    6.38842   91.05264     -0.595     0.0174     83.000  1028.0188  1028.0203    34.9963    35.0008    1473.49    1473.56    6.40746     -0.411     0.0174 0.0000e+00
   7397.250  -39.48441   59.99896     82.000     82.797     5.3578     5.3665   3.381391   3.382486    96.9630    -0.0223     2.3106      98.77         24  1028.0116  1028.0138    34.9954    34.9995    1473.53    1473.57   7397.250    6.41498   91.46250     -0.203     0.0087     82.000  1028.0114  1028.0129    34.9950    34.9985    1473.53    1473.57    6.40890     -0.329     0.0087 0.0000e+00
   7399.347  -39.48442   59.99896     81.000     81.787     5.3724     5.3596   3.382022   3.380916    96.9745    -0.0229     2.3131      98.78         24  1027.9978  1028.0011    34.9860    34.9882    1473.56    1473.51   7399.347    6.40328   91.32145     -0.485    -0.0128     81.000  1027.9989  1028.0010    34.9875    34.9882    1473.56    1473.51    6.41518     -0.586    -0.0128 0.0000e+00
   7400.821  -39.48442   59.99896     80.000     80.777     5.3837     5.3657   3.383018   3.381501    96.9388    -0.0231     2.3175      98.77         24  1027.9918  1027.9950    34.9861    34.9874    1473.59    1473.52   7400.821    6.40858   91.42145     -0.653    -0.0180     80.000  1027.9930  1027.9963    34.9877    34.9891    1473.59    1473.52    6.42819     -0.754    -0.0180 0.0000e+00
   7402.200  -39.48442   59.99896     79.000     79.767     5.4074     5.3924   3.385144   3.383703    96.9268    -0.0234     2.3215      98.77         24  1027.9839  1027.9851    34.9857    34.9850    1473.67    1473.61   7402.200    6.41675   91.58876     -0.744    -0.0150     79.000  1027.9856  1027.9868    34.9880    34.9870    1473.67    1473.61    6.43771     -0.658    -0.0150 0.0000e+00
   7404.100  -39.48442   59.99896     78.000     78.757     5.4158     5.4122   3.385757   3.385509    96.9056    -0.0229     2.3237      98.77         24  1027.9783  1027.9789    34.9858    34.9860    1473.69    1473.67   7404.100    6.43441   91.85906     -0.547    -0.0036     78.000  1027.9790  1027.9802    34.9868    34.9877    1473.69    1473.67    6.44330     -0.444    -0.0036 0.0000e+00
   7407.015  -39.48442   59.99896     77.000     77.747     5.4314     5.4227   3.387397   3.386481    96.8816    -0.0224     2.3275      98.77         24  1027.9727  1027.9734    34.9870    34.9866    1473.73    1473.70   7407.015    6.44400   92.03047     -0.311    -0.0086     77.000  1027.9749  1027.9747    34.9899    34.9883    1473.74    1473.70    6.45325     -0.323    -0.0086 0.0000e+00
   7409.366  -39.48444   59.99896     76.000     76.738     5.5071     5.4379   3.394410   3.387777    96.8911    -0.0226     2.3300      98.77         24  1027.9581  1027.9667    34.9865    34.9864    1474.02    1473.74   7409.366    6.44149   92.15833     -0.458    -0.0691     76.000  1027.9624  1027.9679    34.9918    34.9879    1474.03    1473.74    6.44864     -0.594    -0.0691 0.0000e+00
