Ship_data/Irminger/Irminger-2/ctd/process/at30_004_SV.cnv
* Sea-Bird SBE 9 Data File:
* FileName = C:\data\ctd\at30_004.hdr
* Software Version Seasave V 7.21f
* Temperature SN = 2265
* Conductivity SN = 3021
* Number of Bytes Per Scan = 40
* Number of Voltage Words = 5
* Number of Scans Averaged by the Deck Unit = 1
* NMEA Latitude = 59 57.06 N
* NMEA Longitude = 039 25.14 W
* NMEA UTC (Time) = Aug 14 2015  14:16:48
# nquan = 15
# nvalues = 2684                        
# units = specified
# name 0 = depSM: Depth [salt water, m]
# name 1 = svCM: Sound Velocity [Chen-Millero, m/s]
# name 2 = svCM1: Sound Velocity, 2 [Chen-Millero, m/s]
# name 3 = timeS: Time, Elapsed [seconds]
# name 4 = depSM: Depth [salt water, m]
# name 5 = density00: Density [density, Kg/m^3]
# name 6 = density11: Density, 2 [density, Kg/m^3]
# name 7 = sal00: Salinity, Practical [PSU]
# name 8 = sal11: Salinity, Practical, 2 [PSU]
# name 9 = svCM: Sound Velocity [Chen-Millero, m/s]
# name 10 = svCM1: Sound Velocity, 2 [Chen-Millero, m/s]
# name 11 = sbeox0ML/L: Oxygen, SBE 43 [ml/l]
# name 12 = dz/dtM: Descent Rate [m/s]
# name 13 = T2-T190C: Temperature Difference, 2 - 1 [ITS-90, deg C]
# name 14 = flag:
# span 0 =      6.000,   2689.001       
# span 1 =    1469.45,    1502.07       
# span 2 =    1469.45,    1502.06       
# span 3 =     37.745,   3601.679       
# span 4 =      6.000,   2689.000       
# span 5 =  1027.1639,  1040.4680       
# span 6 =  1027.1632,  1040.4672       
# span 7 =    34.8007,    34.9315       
# span 8 =    34.8469,    34.9308       
# span 9 =    1469.45,    1502.07       
# span 10 =    1469.44,    1502.06      
# span 11 =    6.01700,    7.10839      
# span 12 =     -0.115,      1.548      
# span 13 =    -0.1488,     0.1528      
# span 14 = 0.0000e+00, 0.0000e+00      
# interval = meters: 1                  
# start_time = Aug 14 2015 14:16:48 [NMEA time, header]
# bad_flag = -9.990e-29
*END*
[from data line 386]
    392.000    1471.72    1471.72    915.116    392.000  1029.5691  1029.5697    34.8897    34.8904    1471.72    1471.72    6.56799      1.415     0.0003 0.0000e+00
    393.000    1471.72    1471.73    915.839    393.000  1029.5742  1029.5743    34.8898    34.8901    1471.72    1471.73    6.57001      1.319     0.0006 0.0000e+00
    394.000    1471.75    1471.73    916.697    394.000  1029.5786  1029.5790    34.8897    34.8897    1471.75    1471.73    6.57093      0.952    -0.0033 0.0000e+00
    395.000    1471.74    1471.76    921.274    395.000  1029.5834  1029.5835    34.8891    34.8899    1471.74    1471.76    6.57105      0.032     0.0040 0.0000e+00
    396.000    1471.76    1471.76    923.561    396.000  1029.5883  1029.5886    34.8893    34.8896    1471.75    1471.76    6.57655      1.061    -0.0000 0.0000e+00
    397.000    1471.77    1471.77    924.372    397.000  1029.5931  1029.5933    34.8894    34.8897    1471.77    1471.77    6.57670      1.293     0.0003 0.0000e+00
    398.000    1471.79    1471.79    925.110    398.000  1029.5975  1029.5980    34.8892    34.8898    1471.79    1471.79    6.57735      1.371     0.0001 0.0000e+00
    399.000    1471.78    1471.79    925.848    399.000  1029.6023  1029.6027    34.8886    34.8891    1471.78    1471.78    6.57887      1.254     0.0003 0.0000e+00
    400.000    1471.80    1471.80    927.096    400.000  1029.6069  1029.6073    34.8884    34.8889    1471.80    1471.80    6.58027      0.622    -0.0000 0.0000e+00
    401.000    1471.80    1471.81    930.123    401.000  1029.6117  1029.6119    34.8882    34.8887    1471.80    1471.81    6.58257      0.361     0.0008 0.0000e+00
    402.000    1471.82    1471.82    932.430    402.000  1029.6165  1029.6167    34.8883    34.8886    1471.82    1471.82    6.57917      0.394     0.0002 0.0000e+00
    403.000    1471.84    1471.84    934.645    403.000  1029.6212  1029.6215    34.8883    34.8887    1471.83    1471.84    6.57777      0.724     0.0001 0.0000e+00
    404.000    1471.85    1471.85    935.698    404.000  1029.6261  1029.6262    34.8886    34.8887    1471.85    1471.85    6.57532      1.076     0.0002 0.0000e+00
    405.000    1471.87    1471.87    936.558    405.000  1029.6307  1029.6309    34.8886    34.8888    1471.87    1471.87    6.57709      1.205     0.0002 0.0000e+00
    406.000    1471.89    1471.89    937.383    406.000  1029.6354  1029.6356    34.8886    34.8888    1471.89    1471.89    6.57951      1.226     0.0002 0.0000e+00
    407.000    1471.90    1471.90    938.214    407.000  1029.6400  1029.6403    34.8885    34.8889    1471.90    1471.90    6.57900      1.164     0.0001 0.0000e+00
    408.000    1471.92    1471.92    939.166    408.000  1029.6448  1029.6450    34.8887    34.8889    1471.92    1471.92    6.57892      0.875     0.0002 0.0000e+00
    409.000    1471.95    1471.95    943.182    409.000  1029.6495  1029.6495    34.8891    34.8891    1471.95    1471.95    6.57604      0.262     0.0001 0.0000e+00
    410.000    1471.97    1471.97    946.013    410.000  1029.6545  1029.6548    34.8898    34.8899    1471.97    1471.97    6.57296      1.371    -0.0000 0.0000e+00
    411.000    1471.99    1471.99    946.737    411.000  1029.6593  1029.6595    34.8899    34.8901    1471.99    1471.99    6.57145      1.439    -0.0001 0.0000e+00
    412.000    1472.01    1472.01    947.435    412.000  1029.6639  1029.6641    34.8899    34.8901    1472.01    1472.01    6.56848      1.327     0.0002 0.0000e+00
    413.000    1472.02    1472.02    948.351    413.000  1029.6685  1029.6688    34.8897    34.8901    1472.02    1472.02    6.56674      0.903     0.0002 0.0000e+00
    414.000    1472.04    1472.04    950.239    414.000  1029.6732  1029.6733    34.8897    34.8899    1472.04    1472.04    6.56434      0.410     0.0001 0.0000e+00
    415.000    1472.05    1472.05    953.204    415.000  1029.6777  1029.6781    34.8895    34.8899    1472.05    1472.05    6.56761      0.293     0.0002 0.0000e+00
    416.000    1472.06    1472.07    955.993    416.000  1029.6826  1029.6829    34.8895    34.8898    1472.06    1472.07    6.57109      0.755     0.0001 0.0000e+00
    417.000    1472.08    1472.08    956.980    417.000  1029.6874  1029.6876    34.8897    34.8900    1472.08    1472.08    6.57179      1.158    -0.0000 0.0000e+00
    418.000    1472.09    1472.10    957.775    418.000  1029.6920  1029.6924    34.8894    34.8900    1472.09    1472.10    6.57013      1.299     0.0002 0.0000e+00
    419.000    1472.11    1472.11    958.542    419.000  1029.6968  1029.6970    34.8895    34.8898    1472.11    1472.11    6.56991      1.233     0.0002 0.0000e+00
    420.000    1472.12    1472.12    959.470    420.000  1029.7014  1029.7017    34.8895    34.8897    1472.12    1472.12    6.56995      0.924    -0.0004 0.0000e+00
    421.000    1472.14    1472.14    962.629    421.000  1029.7059  1029.7063    34.8891    34.8896    1472.14    1472.14    6.57208      0.207     0.0008 0.0000e+00
    422.000    1472.15    1472.15    965.836    422.000  1029.7108  1029.7111    34.8892    34.8895    1472.15    1472.15    6.57680      0.897     0.0002 0.0000e+00
    423.000    1472.16    1472.16    966.695    423.000  1029.7156  1029.7158    34.8892    34.8895    1472.16    1472.16    6.57513      1.190    -0.0000 0.0000e+00
    424.000    1472.17    1472.17    967.484    424.000  1029.7205  1029.7206    34.8892    34.8894    1472.17    1472.17    6.57304      1.284     0.0000 0.0000e+00
    425.000    1472.19    1472.19    968.273    425.000  1029.7249  1029.7252    34.8889    34.8893    1472.19    1472.19    6.57129      1.198     0.0001 0.0000e+00
    426.000    1472.20    1472.20    969.242    426.000  1029.7296  1029.7300    34.8890    34.8893    1472.20    1472.20    6.57184      0.843    -0.0003 0.0000e+00
    427.000    1472.22    1472.22    972.481    427.000  1029.7341  1029.7344    34.8887    34.8891    1472.22    1472.22    6.57760      0.157     0.0007 0.0000e+00
    428.000    1472.24    1472.24    974.590    428.000  1029.7391  1029.7389    34.8891    34.8888    1472.24    1472.24    6.57371      0.835     0.0003 0.0000e+00
    429.000    1472.25    1472.25    975.714    429.000  1029.7437  1029.7439    34.8890    34.8893    1472.25    1472.25    6.57401      0.859     0.0001 0.0000e+00
    430.000    1472.27    1472.27    976.938    430.000  1029.7484  1029.7485    34.8891    34.8893    1472.27    1472.27    6.57474      0.811     0.0002 0.0000e+00
    431.000    1472.29    1472.29    978.187    431.000  1029.7532  1029.7533    34.8891    34.8893    1472.29    1472.29    6.57314      0.798     0.0002 0.0000e+00
    432.000    1472.30    1472.30    979.595    432.000  1029.7577  1029.7579    34.8890    34.8892    1472.30    1472.30    6.57120      0.591     0.0002 0.0000e+00
    433.000    1472.32    1472.32    982.611    433.000  1029.7623  1029.7626    34.8889    34.8892    1472.32    1472.32    6.56860      0.275     0.0002 0.0000e+00
    434.000    1472.33    1472.33    984.660    434.000  1029.7672  1029.7673    34.8890    34.8892    1472.33    1472.33    6.57025      0.883     0.0005 0.0000e+00
    435.000    1472.35    1472.35    985.573    435.000  1029.7719  1029.7721    34.8890    34.8893    1472.35    1472.35    6.56942      1.163     0.0003 0.0000e+00
    436.000    1472.36    1472.36    986.380    436.000  1029.7767  1029.7770    34.8890    34.8894    1472.36    1472.36    6.56973      1.282     0.0000 0.0000e+00
    437.000    1472.38    1472.38    987.152    437.000  1029.7813  1029.7816    34.8889    34.8893    1472.38    1472.38    6.56955      1.255     0.0003 0.0000e+00
    438.000    1472.39    1472.39    988.089    438.000  1029.7860  1029.7863    34.8890    34.8893    1472.39    1472.39    6.57149      0.809    -0.0001 0.0000e+00
    439.000    1472.41    1472.41    993.200    439.000  1029.7908  1029.7909    34.8890    34.8892    1472.41    1472.41    6.57426      0.872     0.0004 0.0000e+00
    440.000    1472.42    1472.42    994.576    440.000  1029.7957  1029.7959    34.8892    34.8895    1472.42    1472.42    6.57392      1.354     0.0000 0.0000e+00
    441.000    1472.44    1472.44    995.304    441.000  1029.8003  1029.8005    34.8893    34.8895    1472.44    1472.44    6.57084      1.410     0.0002 0.0000e+00
    442.000    1472.46    1472.46    996.012    442.000  1029.8051  1029.8052    34.8893    34.8895    1472.46    1472.46    6.56877      1.368     0.0001 0.0000e+00
    443.000    1472.47    1472.48    998.127    443.000  1029.8094  1029.8096    34.8890    34.8892    1472.47    1472.48    6.56560      0.416     0.0002 0.0000e+00
    444.000    1472.49    1472.49   1001.228    444.000  1029.8137  1029.8142    34.8884    34.8892    1472.49    1472.49    6.56815      0.854     0.0009 0.0000e+00
    445.000    1472.46    1472.46   1002.281    445.000  1029.8188  1029.8193    34.8875    34.8880    1472.46    1472.46    6.57155      0.876    -0.0003 0.0000e+00
    446.000    1472.47    1472.47   1003.534    446.000  1029.8235  1029.8240    34.8873    34.8876    1472.47    1472.46    6.57338      0.750    -0.0021 0.0000e+00
    447.000    1472.48    1472.47   1004.907    447.000  1029.8284  1029.8286    34.8872    34.8873    1472.48    1472.47    6.57407      0.769    -0.0011 0.0000e+00
    448.000    1472.48    1472.49   1006.174    448.000  1029.8331  1029.8334    34.8869    34.8872    1472.48    1472.48    6.57545      0.791     0.0001 0.0000e+00
    449.000    1472.50    1472.49   1007.565    449.000  1029.8378  1029.8380    34.8870    34.8870    1472.50    1472.49    6.57633      0.654    -0.0015 0.0000e+00
    450.000    1472.52    1472.51   1009.237    450.000  1029.8424  1029.8428    34.8868    34.8870    1472.52    1472.51    6.57862      0.605    -0.0015 0.0000e+00
    451.000    1472.53    1472.53   1011.212    451.000  1029.8472  1029.8474    34.8867    34.8871    1472.53    1472.53    6.57874      0.389    -0.0001 0.0000e+00
    452.000    1472.54    1472.54   1014.240    452.000  1029.8519  1029.8521    34.8867    34.8870    1472.54    1472.54    6.58513      0.573     0.0005 0.0000e+00
    453.000    1472.56    1472.56   1015.312    453.000  1029.8568  1029.8569    34.8871    34.8872    1472.56    1472.56    6.58543      1.083     0.0002 0.0000e+00
    454.000    1472.57    1472.58   1016.133    454.000  1029.8615  1029.8616    34.8870    34.8872    1472.57    1472.57    6.58584      1.240     0.0002 0.0000e+00
    455.000    1472.59    1472.59   1016.934    455.000  1029.8663  1029.8665    34.8872    34.8873    1472.59    1472.59    6.58388      1.218     0.0002 0.0000e+00
    456.000    1472.61    1472.61   1017.858    456.000  1029.8710  1029.8711    34.8872    34.8875    1472.61    1472.61    6.58284      0.926     0.0005 0.0000e+00
    457.000    1472.63    1472.63   1019.354    457.000  1029.8756  1029.8757    34.8874    34.8876    1472.63    1472.63    6.58320      0.578     0.0005 0.0000e+00
    458.000    1472.65    1472.65   1021.145    458.000  1029.8802  1029.8804    34.8873    34.8877    1472.65    1472.65    6.58544      0.526     0.0011 0.0000e+00
    459.000    1472.67    1472.68   1023.299    459.000  1029.8849  1029.8851    34.8876    34.8880    1472.67    1472.68    6.58967      0.508     0.0005 0.0000e+00
    460.000    1472.70    1472.70   1024.856    460.000  1029.8898  1029.8899    34.8881    34.8883    1472.70    1472.70    6.59034      0.856     0.0004 0.0000e+00
    461.000    1472.72    1472.72   1025.880    461.000  1029.8947  1029.8947    34.8884    34.8884    1472.72    1472.72    6.59141      1.104     0.0002 0.0000e+00
    462.000    1472.73    1472.74   1026.732    462.000  1029.8992  1029.8993    34.8884    34.8885    1472.73    1472.74    6.59222      1.248     0.0001 0.0000e+00
    463.000    1472.75    1472.75   1027.509    463.000  1029.9041  1029.9041    34.8886    34.8887    1472.75    1472.75    6.59170      1.315     0.0001 0.0000e+00
    464.000    1472.77    1472.77   1028.271    464.000  1029.9086  1029.9088    34.8885    34.8887    1472.77    1472.77    6.59004      1.287     0.0001 0.0000e+00
    465.000    1472.79    1472.79   1029.100    465.000  1029.9132  1029.9135    34.8884    34.8887    1472.79    1472.79    6.59009      1.000     0.0001 0.0000e+00
    466.000    1472.80    1472.81   1032.668    466.000  1029.9177  1029.9178    34.8882    34.8884    1472.80    1472.81    6.59411      0.116     0.0003 0.0000e+00
    467.000    1472.83    1472.83   1034.629    467.000  1029.9230  1029.9230    34.8894    34.8893    1472.83    1472.83    6.59328      1.199    -0.0001 0.0000e+00
    468.000    1472.86    1472.86   1035.402    468.000  1029.9280  1029.9277    34.8903    34.8900    1472.87    1472.87    6.59120      1.338     0.0000 0.0000e+00
    469.000    1472.89    1472.89   1036.149    469.000  1029.9329  1029.9325    34.8909    34.8904    1472.89    1472.89    6.59100      1.355     0.0002 0.0000e+00
    470.000    1472.93    1472.94   1036.900    470.000  1029.9371  1029.9371    34.8911    34.8912    1472.93    1472.94    6.58916      1.325     0.0009 0.0000e+00
    471.000    1472.95    1472.96   1037.676    471.000  1029.9419  1029.9420    34.8913    34.8915    1472.96    1472.96    6.59026      1.247     0.0002 0.0000e+00
    472.000    1472.97    1472.97   1038.541    472.000  1029.9463  1029.9467    34.8911    34.8915    1472.97    1472.97    6.58944      1.018     0.0005 0.0000e+00
    473.000    1472.99    1472.98   1041.583    473.000  1029.9508  1029.9509    34.8908    34.8907    1472.99    1472.98    6.59396      0.186    -0.0014 0.0000e+00
    474.000    1473.01    1473.01   1044.327    474.000  1029.9557  1029.9558    34.8912    34.8913    1473.01    1473.01    6.59376      1.159     0.0004 0.0000e+00
    475.000    1473.02    1473.03   1045.033    475.000  1029.9603  1029.9607    34.8912    34.8916    1473.02    1473.03    6.59432      1.382     0.0001 0.0000e+00
    476.000    1473.04    1473.04   1045.730    476.000  1029.9652  1029.9653    34.8915    34.8915    1473.04    1473.04    6.59179      1.457    -0.0001 0.0000e+00
    477.000    1473.07    1473.07   1046.416    477.000  1029.9697  1029.9698    34.8916    34.8917    1473.07    1473.07    6.59201      1.437    -0.0000 0.0000e+00
    478.000    1473.08    1473.09   1047.149    478.000  1029.9742  1029.9746    34.8914    34.8918    1473.08    1473.09    6.59331      1.202     0.0004 0.0000e+00
    479.000    1473.10    1473.10   1048.780    479.000  1029.9789  1029.9790    34.8913    34.8915    1473.10    1473.10    6.59407      0.509    -0.0000 0.0000e+00
    480.000    1473.12    1473.12   1051.314    480.000  1029.9836  1029.9838    34.8914    34.8916    1473.12    1473.12    6.59404      0.664     0.0002 0.0000e+00
    481.000    1473.13    1473.13   1052.475    481.000  1029.9885  1029.9886    34.8916    34.8918    1473.13    1473.13    6.58982      1.022     0.0002 0.0000e+00
    482.000    1473.15    1473.15   1053.361    482.000  1029.9930  1029.9932    34.8914    34.8916    1473.15    1473.15    6.58651      1.133     0.0002 0.0000e+00
    483.000    1473.16    1473.16   1054.273    483.000  1029.9977  1029.9979    34.8913    34.8916    1473.16    1473.16    6.58817      1.024     0.0001 0.0000e+00
    484.000    1473.18    1473.18   1055.419    484.000  1030.0023  1030.0026    34.8912    34.8915    1473.18    1473.18    6.58788      0.779    -0.0000 0.0000e+00
    485.000    1473.19    1473.19   1056.913    485.000  1030.0070  1030.0071    34.8911    34.8913    1473.19    1473.19    6.59260      0.645    -0.0008 0.0000e+00
    486.000    1473.21    1473.20   1058.504    486.000  1030.0116  1030.0117    34.8911    34.8911    1473.21    1473.20    6.59826      0.627    -0.0009 0.0000e+00
