Ship_data/Irminger/Irminger-2/ctd/process/at30_012.ros
* Sea-Bird SBE 9 Data File:
* FileName = C:\data\ctd\at30_012.hdr
* Software Version Seasave V 7.21f
* Temperature SN = 2265
* Conductivity SN = 3021
* Number of Bytes Per Scan = 40
* Number of Voltage Words = 5
* Number of Scans Averaged by the Deck Unit = 1
* NMEA Latitude = 59 59.98 N
* NMEA Longitude = 039 28.96 W
* NMEA UTC (Time) = Aug 23 2015  16:50:38
** Cal/Val for HYPM-2
# nquan = 27
# nvalues = 588                                   
# units = specified
# name 0 = timeS: Time, Elapsed [seconds]
# name 1 = longitude: Longitude [deg]
# name 2 = latitude: Latitude [deg]
# name 3 = depSM: Depth [salt water, m]
# name 4 = prDM: Pressure, Digiquartz [db]
# name 5 = t090C: Temperature [ITS-90, deg C]
# name 6 = t190C: Temperature, 2 [ITS-90, deg C]
# name 7 = c0S/m: Conductivity [S/m]
# name 8 = c1S/m: Conductivity, 2 [S/m]
# name 9 = CStarTr0: Beam Transmission, WET Labs C-Star [%]
# name 10 = flECO-AFL: Fluorescence, WET Labs ECO-AFL/FL [mg/m^3]
# name 11 = sbeox0V: Oxygen raw, SBE 43 [V]
# name 12 = altM: Altimeter [m]
# name 13 = nbf: Bottles Fired
# name 14 = density00: Density [density, Kg/m^3]
# name 15 = density11: Density, 2 [density, Kg/m^3]
# name 16 = sal00: Salinity, Practical [PSU]
# name 17 = sal11: Salinity, Practical, 2 [PSU]
# name 18 = svCM: Sound Velocity [Chen-Millero, m/s]
# name 19 = svCM1: Sound Velocity, 2 [Chen-Millero, m/s]
# name 20 = timeS: Time, Elapsed [seconds]
# name 21 = sbeox0ML/L: Oxygen, SBE 43 [ml/l]
# name 22 = sbeox0PS: Oxygen, SBE 43 [% saturation]
# name 23 = dz/dtM: Descent Rate [m/s]
# name 24 = T2-T190C: Temperature Difference, 2 - 1 [ITS-90, deg C]
# name 25 = scan: Scan Count
# name 26 = flag:  0.000e+00
# interval = seconds: 0.0416667
# start_time = Aug 23 2015 16:50:38 [NMEA time, header]
# bad_flag = -9.990e-29
*END*
[from data line 269]
   5387.083  -39.48616   60.00114   1201.074   1216.051     3.5339     3.5346   3.257579   3.257652    97.7585    -0.0585     1.9932      98.73          6  1033.3416  1033.3416    34.8789    34.8790    1484.55    1484.55   5387.083    6.41656   87.50012     -0.114     0.0007     129291  0.000e+00
   5387.125  -39.48616   60.00114   1201.098   1216.076     3.5340     3.5344   3.257597   3.257624    97.7585    -0.0585     1.9932      98.73          6  1033.3418  1033.3416    34.8790    34.8789    1484.55    1484.55   5387.125    6.41657   87.50038     -0.104     0.0005     129292  0.000e+00
   5387.167  -39.48616   60.00114   1201.098   1216.076     3.5339     3.5346   3.257585   3.257675    97.7585    -0.0585     1.9945      98.73          6  1033.3418  1033.3420    34.8789    34.8793    1484.55    1484.55   5387.167    6.42196   87.57377     -0.097     0.0007     129293  0.000e+00
   5387.208  -39.48616   60.00114   1201.098   1216.076     3.5337     3.5346   3.257597   3.257624    97.7585    -0.0585     1.9945      98.73          6  1033.3420  1033.3415    34.8793    34.8787    1484.55    1484.55   5387.208    6.42198   87.57381     -0.089     0.0008     129294  0.000e+00
   5387.250  -39.48616   60.00114   1201.074   1216.051     3.5338     3.5344   3.257627   3.257612    97.7062    -0.0585     1.9932      98.73          6  1033.3422  1033.3414    34.8796    34.8787    1484.55    1484.55   5387.250    6.41655   87.50011     -0.083     0.0006     129295  0.000e+00
   5387.292  -39.48616   60.00114   1201.098   1216.076     3.5341     3.5344   3.257615   3.257624    97.7062    -0.0585     1.9932      98.73          6  1033.3419  1033.3416    34.8791    34.8789    1484.55    1484.55   5387.292    6.41654   87.50030     -0.078     0.0004     129296  0.000e+00
   5387.333  -39.48616   60.00114   1201.155   1216.134     3.5337     3.5343   3.257603   3.257624    97.7324    -0.0585     1.9932      98.73          6  1033.3423  1033.3420    34.8793    34.8790    1484.55    1484.55   5387.333    6.41664   87.50105     -0.066     0.0005     129297  0.000e+00
   5387.375  -39.48616   60.00114   1201.074   1216.051     3.5339     3.5344   3.257609   3.257555    97.7324    -0.0658     1.9932      98.73          6  1033.3419  1033.3409    34.8792    34.8780    1484.55    1484.55   5387.375    6.41654   87.50005     -0.059     0.0005     129298  0.000e+00
   5387.417  -39.48616   60.00114   1201.156   1216.134     3.5338     3.5343   3.257627   3.257624    97.7324    -0.0585     1.9932      98.73          6  1033.3425  1033.3420    34.8795    34.8790    1484.55    1484.55   5387.417    6.41662   87.50101     -0.053     0.0005     129299  0.000e+00
   5387.458  -39.48616   60.00114   1201.099   1216.076     3.5337     3.5344   3.257615   3.257641    97.7324    -0.0585     1.9932      98.73          6  1033.3422  1033.3418    34.8795    34.8791    1484.55    1484.55   5387.458    6.41658   87.50036     -0.043     0.0007     129300  0.000e+00
   5387.500  -39.48616   60.00114   1201.196   1216.175     3.5341     3.5344   3.257627   3.257624    97.7324    -0.0585     1.9932      98.73          6  1033.3424  1033.3420    34.8792    34.8788    1484.55    1484.56   5387.500    6.41661   87.50137     -0.031     0.0004     129301  0.000e+00
   5387.542  -39.48616   60.00114   1201.099   1216.076     3.5340     3.5343   3.257621   3.257624    97.7585    -0.0585     1.9932      98.73          6  1033.3420  1033.3418    34.8793    34.8790    1484.55    1484.55   5387.542    6.41655   87.50027     -0.025     0.0003     129302  0.000e+00
   5387.583  -39.48616   60.00114   1201.221   1216.200     3.5339     3.5346   3.257609   3.257641    97.7585    -0.0658     1.9932      98.73          6  1033.3425  1033.3421    34.8792    34.8788    1484.55    1484.56   5387.583    6.41666   87.50168     -0.015     0.0007     129303  0.000e+00
   5387.625  -39.48616   60.00114   1201.131   1216.109     3.5339     3.5343   3.257609   3.257595    97.7585    -0.0585     1.9932      98.73          6  1033.3421  1033.3416    34.8792    34.8787    1484.55    1484.55   5387.625    6.41659   87.50064     -0.006     0.0004     129304  0.000e+00
   5387.667  -39.48616   60.00114   1201.221   1216.200     3.5340     3.5343   3.257627   3.257612    97.7585    -0.0585     1.9932      98.73          6  1033.3426  1033.3422    34.8793    34.8788    1484.55    1484.55   5387.667    6.41665   87.50164      0.003     0.0003     129305  0.000e+00
   5387.708  -39.48616   60.00114   1201.156   1216.134     3.5337     3.5344   3.257621   3.257595    97.7585    -0.0585     1.9932      98.73          6  1033.3425  1033.3416    34.8795    34.8785    1484.55    1484.55   5387.708    6.41662   87.50095      0.013     0.0007     129306  0.000e+00
   5387.750  -39.48616   60.00114   1201.221   1216.200     3.5339     3.5343   3.257591   3.257624    97.7324    -0.0585     1.9932      98.73          6  1033.3423  1033.3423    34.8790    34.8790    1484.55    1484.55   5387.750    6.41667   87.50164      0.020     0.0004     129307  0.000e+00
   5387.792  -39.48616   60.00114   1201.131   1216.109     3.5338     3.5344   3.257579   3.257641    97.7062    -0.0585     1.9932      98.73          6  1033.3420  1033.3419    34.8790    34.8790    1484.55    1484.55   5387.792    6.41661   87.50063      0.027     0.0006     129308  0.000e+00
   5387.833  -39.48616   60.00114   1201.278   1216.258     3.5336     3.5343   3.257555   3.257624    97.7324    -0.0585     1.9932      98.73          6  1033.3426  1033.3425    34.8789    34.8789    1484.55    1484.56   5387.833    6.41678   87.50238      0.041     0.0007     129309  0.000e+00
   5387.875  -39.48616   60.00114   1201.221   1216.200     3.5336     3.5343   3.257549   3.257595    97.7324    -0.0658     1.9932      98.73          6  1033.3423  1033.3420    34.8788    34.8786    1484.55    1484.55   5387.875    6.41674   87.50171      0.047     0.0007     129310  0.000e+00
   5387.917  -39.48616   60.00114   1201.197   1216.175     3.5334     3.5343   3.257549   3.257612    97.7324    -0.0585     1.9932      98.73          6  1033.3423  1033.3421    34.8789    34.8788    1484.55    1484.55   5387.917    6.41673   87.50145      0.054     0.0008     129311  0.000e+00
   5387.958  -39.48616   60.00114   1201.221   1216.200     3.5336     3.5341   3.257567   3.257624    97.7585    -0.0585     1.9932      98.73          6  1033.3424  1033.3424    34.8790    34.8791    1484.55    1484.55   5387.958    6.41672   87.50169      0.063     0.0005     129312  0.000e+00
   5388.000  -39.48616   60.00114   1201.278   1216.258     3.5336     3.5343   3.257573   3.257612    97.7585    -0.0585     1.9932      98.73          6  1033.3427  1033.3424    34.8791    34.8788    1484.55    1484.56   5388.000    6.41677   87.50233      0.073     0.0007     129313  0.000e+00
   5388.042  -39.48616   60.00114   1201.254   1216.233     3.5338     3.5341   3.257597   3.257595    97.7324    -0.0585     1.9932      98.73          6  1033.3426  1033.3423    34.8791    34.8788    1484.55    1484.55   5388.042    6.41671   87.50197      0.080     0.0003     129314  0.000e+00
   5388.083  -39.48616   60.00114   1201.221   1216.200     3.5337     3.5343   3.257591   3.257595    97.7585    -0.0585     1.9945      98.73          6  1033.3425  1033.3420    34.8791    34.8786    1484.55    1484.55   5388.083    6.42207   87.57499      0.091     0.0005     129315  0.000e+00
   5671.375  -39.48634   60.00120   1001.001   1012.993     3.5589     3.5591   3.250901   3.250897    97.7324    -0.0585     2.0669      98.73          7  1032.4108  1032.4107    34.8764    34.8762    1481.28    1481.28   5671.375    6.55800   89.48206      0.473     0.0002     136114  0.000e+00
   5671.417  -39.48634   60.00120   1001.123   1013.117     3.5591     3.5589   3.250871   3.250828    97.7324    -0.0585     2.0669      98.73          7  1032.4109  1032.4107    34.8758    34.8755    1481.29    1481.28   5671.417    6.55810   89.48343      0.475    -0.0002     136115  0.000e+00
   5671.458  -39.48634   60.00120   1001.017   1013.010     3.5589     3.5591   3.250865   3.250926    97.7585    -0.0658     2.0669      98.73          7  1032.4106  1032.4110    34.8761    34.8765    1481.28    1481.28   5671.458    6.55804   89.48224      0.476     0.0002     136116  0.000e+00
   5671.500  -39.48634   60.00120   1001.123   1013.117     3.5591     3.5592   3.250883   3.250886    97.7324    -0.0585     2.0681      98.73          7  1032.4110  1032.4110    34.8760    34.8760    1481.29    1481.29   5671.500    6.56332   89.55475      0.473     0.0000     136117  0.000e+00
   5671.542  -39.48634   60.00120   1001.066   1013.059     3.5591     3.5593   3.250889   3.250897    97.7324    -0.0585     2.0656      98.73          7  1032.4108  1032.4108    34.8761    34.8760    1481.28    1481.29   5671.542    6.55281   89.41138      0.472     0.0001     136118  0.000e+00
   5671.583  -39.48634   60.00120   1001.139   1013.134     3.5589     3.5593   3.250871   3.250920    97.7324    -0.0585     2.0669      98.73          7  1032.4112  1032.4113    34.8760    34.8762    1481.28    1481.29   5671.583    6.55814   89.48362      0.470     0.0003     136119  0.000e+00
   5671.625  -39.48634   60.00120   1001.123   1013.117     3.5589     3.5591   3.250901   3.250886    97.7324    -0.0585     2.0669      98.73          7  1032.4114  1032.4111    34.8764    34.8760    1481.28    1481.29   5671.625    6.55811   89.48343      0.467     0.0002     136120  0.000e+00
   5671.667  -39.48634   60.00120   1001.123   1013.117     3.5589     3.5591   3.250901   3.250897    97.7324    -0.0658     2.0669      98.73          7  1032.4114  1032.4112    34.8764    34.8762    1481.29    1481.29   5671.667    6.55810   89.48340      0.466     0.0002     136121  0.000e+00
   5671.708  -39.48634   60.00120   1001.123   1013.117     3.5588     3.5591   3.250871   3.250920    97.7324    -0.0585     2.0669      98.73          7  1032.4112  1032.4114    34.8762    34.8764    1481.28    1481.29   5671.708    6.55814   89.48344      0.460     0.0003     136122  0.000e+00
   5671.750  -39.48634   60.00120   1001.139   1013.134     3.5588     3.5589   3.250883   3.250926    97.7585    -0.0585     2.0669      98.73          7  1032.4114  1032.4117    34.8763    34.8767    1481.28    1481.29   5671.750    6.55815   89.48362      0.456     0.0002     136123  0.000e+00
   5671.792  -39.48634   60.00120   1001.188   1013.183     3.5586     3.5589   3.250853   3.250886    97.7324    -0.0658     2.0669      98.73          7  1032.4116  1032.4115    34.8762    34.8762    1481.28    1481.29   5671.792    6.55824   89.48425      0.453     0.0004     136124  0.000e+00
   5671.833  -39.48634   60.00120   1001.123   1013.117     3.5586     3.5591   3.250835   3.250886    97.7324    -0.0585     2.0669      98.73          7  1032.4111  1032.4111    34.8759    34.8760    1481.28    1481.29   5671.833    6.55818   89.48346      0.443     0.0005     136125  0.000e+00
   5671.875  -39.48634   60.00120   1001.196   1013.192     3.5585     3.5589   3.250835   3.250897    97.7324    -0.0585     2.0669      98.73          7  1032.4115  1032.4116    34.8760    34.8763    1481.28    1481.29   5671.875    6.55826   89.48434      0.440     0.0004     136126  0.000e+00
   5671.917  -39.48634   60.00120   1001.188   1013.183     3.5582     3.5589   3.250853   3.250920    97.7324    -0.0585     2.0669      98.73          7  1032.4119  1032.4118    34.8766    34.8766    1481.28    1481.29   5671.917    6.55829   89.48434      0.433     0.0008     136127  0.000e+00
   5671.958  -39.48634   60.00120   1001.188   1013.183     3.5584     3.5591   3.250847   3.250897    97.7585    -0.0512     2.0669      98.73          7  1032.4117  1032.4114    34.8763    34.8761    1481.28    1481.29   5671.958    6.55826   89.48425      0.426     0.0007     136128  0.000e+00
   5672.000  -39.48634   60.00120   1001.196   1013.192     3.5583     3.5590   3.250817   3.250920    97.7324    -0.0585     2.0669      98.73          7  1032.4115  1032.4118    34.8760    34.8765    1481.28    1481.29   5672.000    6.55829   89.48435      0.420     0.0007     136129  0.000e+00
   5672.042  -39.48634   60.00120   1001.245   1013.241     3.5585     3.5591   3.250847   3.250897    97.7324    -0.0585     2.0669      98.73          7  1032.4118  1032.4117    34.8761    34.8761    1481.28    1481.29   5672.042    6.55829   89.48487      0.415     0.0006     136130  0.000e+00
   5672.083  -39.48634   60.00120   1001.188   1013.183     3.5585     3.5589   3.250847   3.250886    97.7585    -0.0585     2.0669      98.73          7  1032.4116  1032.4115    34.8762    34.8762    1481.28    1481.29   5672.083    6.55824   89.48418      0.404     0.0004     136131  0.000e+00
   5672.125  -39.48634   60.00120   1001.196   1013.192     3.5583     3.5589   3.250853   3.250886    97.7585    -0.0585     2.0681      98.73          7  1032.4119  1032.4115    34.8765    34.8761    1481.28    1481.29   5672.125    6.56350   89.55568      0.396     0.0007     136132  0.000e+00
   5672.167  -39.48634   60.00120   1001.245   1013.241     3.5585     3.5589   3.250883   3.250926    97.7324    -0.0658     2.0669      98.73          7  1032.4121  1032.4121    34.8766    34.8766    1481.29    1481.29   5672.167    6.55827   89.48483      0.388     0.0004     136133  0.000e+00
   5672.208  -39.48634   60.00120   1001.245   1013.241     3.5586     3.5589   3.250853   3.250886    97.7324    -0.0658     2.0669      98.73          7  1032.4118  1032.4117    34.8761    34.8761    1481.29    1481.29   5672.208    6.55827   89.48478      0.380     0.0003     136134  0.000e+00
   5672.250  -39.48634   60.00120   1001.188   1013.184     3.5585     3.5588   3.250853   3.250926    97.7324    -0.0585     2.0669      98.73          7  1032.4116  1032.4120    34.8762    34.8768    1481.28    1481.29   5672.250    6.55824   89.48413      0.369     0.0003     136135  0.000e+00
   5672.292  -39.48634   60.00120   1001.253   1013.250     3.5585     3.5591   3.250847   3.250886    97.7324    -0.0585     2.0669      98.73          7  1032.4118  1032.4116    34.8761    34.8759    1481.29    1481.29   5672.292    6.55830   89.48488      0.361     0.0006     136136  0.000e+00
   5672.333  -39.48634   60.00120   1001.245   1013.241     3.5584     3.5591   3.250835   3.250886    97.7324    -0.0658     2.0669      98.73          7  1032.4118  1032.4116    34.8761    34.8760    1481.28    1481.29   5672.333    6.55831   89.48481      0.350     0.0007     136137  0.000e+00
   5672.375  -39.48634   60.00120   1001.245   1013.241     3.5583     3.5589   3.250835   3.250869    97.7062    -0.0585     2.0669      98.73          7  1032.4119  1032.4116    34.8762    34.8759    1481.28    1481.29   5672.375    6.55832   89.48481      0.341     0.0006     136138  0.000e+00
   5672.417  -39.48634   60.00120   1001.197   1013.192     3.5585     3.5591   3.250835   3.250948    97.7062    -0.0585     2.0669      98.73          7  1032.4115  1032.4120    34.8760    34.8767    1481.28    1481.29   5672.417    6.55825   89.48417      0.332     0.0006     136139  0.000e+00
   5672.458  -39.48634   60.00120   1001.245   1013.241     3.5583     3.5590   3.250853   3.250897    97.7062    -0.0658     2.0669      98.73          7  1032.4120  1032.4118    34.8764    34.8762    1481.28    1481.29   5672.458    6.55830   89.48479      0.320     0.0007     136140  0.000e+00
   5672.500  -39.48634   60.00120   1001.245   1013.241     3.5584     3.5589   3.250859   3.250857    97.7062    -0.0585     2.0669      98.73          7  1032.4120  1032.4115    34.8764    34.8758    1481.28    1481.29   5672.500    6.55829   89.48476      0.311     0.0006     136141  0.000e+00
