Ship_data/Irminger/Irminger-2/ctd/process/at30_009.ros
* Sea-Bird SBE 9 Data File:
* FileName = C:\data\ctd\at30_009.hdr
* Software Version Seasave V 7.21f
* Temperature SN = 2265
* Conductivity SN = 3021
* Number of Bytes Per Scan = 40
* Number of Voltage Words = 5
* Number of Scans Averaged by the Deck Unit = 1
* NMEA Latitude = 59 42.40 N
* NMEA Longitude = 039 19.92 W
* NMEA UTC (Time) = Aug 19 2015  15:06:00
** FLMB 1 for cal
# nquan = 27
# nvalues = 588                                   
# units = specified
# name 0 = timeS: Time, Elapsed [seconds]
# name 1 = longitude: Longitude [deg]
# name 2 = latitude: Latitude [deg]
# name 3 = depSM: Depth [salt water, m]
# name 4 = prDM: Pressure, Digiquartz [db]
# name 5 = t090C: Temperature [ITS-90, deg C]
# name 6 = t190C: Temperature, 2 [ITS-90, deg C]
# name 7 = c0S/m: Conductivity [S/m]
# name 8 = c1S/m: Conductivity, 2 [S/m]
# name 9 = CStarTr0: Beam Transmission, WET Labs C-Star [%]
# name 10 = flECO-AFL: Fluorescence, WET Labs ECO-AFL/FL [mg/m^3]
# name 11 = sbeox0V: Oxygen raw, SBE 43 [V]
# name 12 = altM: Altimeter [m]
# name 13 = nbf: Bottles Fired
# name 14 = density00: Density [density, Kg/m^3]
# name 15 = density11: Density, 2 [density, Kg/m^3]
# name 16 = sal00: Salinity, Practical [PSU]
# name 17 = sal11: Salinity, Practical, 2 [PSU]
# name 18 = svCM: Sound Velocity [Chen-Millero, m/s]
# name 19 = svCM1: Sound Velocity, 2 [Chen-Millero, m/s]
# name 20 = timeS: Time, Elapsed [seconds]
# name 21 = sbeox0ML/L: Oxygen, SBE 43 [ml/l]
# name 22 = sbeox0PS: Oxygen, SBE 43 [% saturation]
# name 23 = dz/dtM: Descent Rate [m/s]
# name 24 = T2-T190C: Temperature Difference, 2 - 1 [ITS-90, deg C]
# name 25 = scan: Scan Count
# name 26 = flag:  0.000e+00
# interval = seconds: 0.0416667
# start_time = Aug 19 2015 15:06:00 [NMEA time, header]
# bad_flag = -9.990e-29
*END*
[from data line 108]
   4403.750  -39.33202   59.70666   2100.939   2131.683     3.0770     3.0782   3.259176   3.259252    97.6016    -0.0219     1.7392      98.78          3  1037.5752  1037.5747    34.9313    34.9310    1498.00    1498.00   4403.750    6.05489   81.67805      0.029     0.0012     105691  0.000e+00
   4403.792  -39.33202   59.70666   2100.882   2131.625     3.0769     3.0781   3.259164   3.259258    97.6016    -0.0219     1.7392      98.78          3  1037.5749  1037.5746    34.9313    34.9312    1498.00    1498.00   4403.792    6.05485   81.67744      0.017     0.0012     105692  0.000e+00
   4403.833  -39.33202   59.70666   2100.874   2131.616     3.0769     3.0778   3.259182   3.259223    97.6016    -0.0145     1.7404      98.78          3  1037.5751  1037.5746    34.9316    34.9311    1498.00    1498.00   4403.833    6.06104   81.76091      0.009     0.0009     105693  0.000e+00
   4403.875  -39.33202   59.70666   2100.939   2131.683     3.0773     3.0781   3.259176   3.259189    97.6016    -0.0219     1.7404      98.78          3  1037.5749  1037.5743    34.9310    34.9304    1498.00    1498.00   4403.875    6.06104   81.76149      0.001     0.0008     105694  0.000e+00
   4403.917  -39.33202   59.70666   2100.874   2131.616     3.0771     3.0779   3.259170   3.259195    97.5754    -0.0145     1.7404      98.78          3  1037.5748  1037.5742    34.9312    34.9306    1498.00    1498.00   4403.917    6.06101   81.76083     -0.008     0.0008     105695  0.000e+00
   4403.958  -39.33202   59.70666   2100.939   2131.683     3.0769     3.0781   3.259170   3.259195    97.6016    -0.0219     1.7392      98.78          3  1037.5753  1037.5744    34.9314    34.9304    1498.00    1498.00   4403.958    6.05491   81.67809     -0.013     0.0012     105696  0.000e+00
   4404.000  -39.33202   59.70666   2100.808   2131.549     3.0771     3.0781   3.259146   3.259252    97.6016    -0.0145     1.7392      98.78          3  1037.5743  1037.5743    34.9309    34.9311    1498.00    1498.00   4404.000    6.05478   81.67658     -0.026     0.0010     105697  0.000e+00
   4404.042  -39.33202   59.70666   2100.939   2131.683     3.0769     3.0779   3.259158   3.259223    97.6016    -0.0219     1.7392      98.78          3  1037.5751  1037.5748    34.9312    34.9310    1498.00    1498.00   4404.042    6.05490   81.67807     -0.030     0.0010     105698  0.000e+00
   4404.083  -39.33202   59.70666   2100.882   2131.625     3.0770     3.0781   3.259188   3.259223    97.6016    -0.0219     1.7392      98.78          3  1037.5751  1037.5743    34.9315    34.9308    1498.00    1498.00   4404.083    6.05483   81.67743     -0.038     0.0011     105699  0.000e+00
   4404.125  -39.33202   59.70666   2100.874   2131.616     3.0771     3.0782   3.259200   3.259252    97.6016    -0.0145     1.7392      98.78          3  1037.5750  1037.5745    34.9315    34.9310    1498.00    1498.00   4404.125    6.05481   81.67730     -0.043     0.0011     105700  0.000e+00
   4404.167  -39.33202   59.70666   2100.882   2131.625     3.0771     3.0779   3.259218   3.259166    97.5754    -0.0219     1.7392      98.78          3  1037.5753  1037.5740    34.9317    34.9302    1498.00    1498.00   4404.167    6.05480   81.67739     -0.048     0.0008     105701  0.000e+00
   4404.208  -39.33202   59.70666   2100.808   2131.549     3.0772     3.0781   3.259170   3.259258    97.5754    -0.0219     1.7404      98.78          3  1037.5744  1037.5743    34.9311    34.9312    1498.00    1498.00   4404.208    6.06095   81.76010     -0.056     0.0009     105702  0.000e+00
   4404.250  -39.33202   59.70666   2100.939   2131.683     3.0769     3.0781   3.259164   3.259252    97.5754    -0.0145     1.7392      98.78          3  1037.5752  1037.5749    34.9313    34.9311    1498.00    1498.00   4404.250    6.05490   81.67807     -0.056     0.0011     105703  0.000e+00
   4404.292  -39.33202   59.70666   2100.808   2131.549     3.0773     3.0779   3.259170   3.259223    97.5754    -0.0219     1.7392      98.78          3  1037.5743  1037.5742    34.9310    34.9310    1498.00    1498.00   4404.292    6.05474   81.67651     -0.065     0.0006     105704  0.000e+00
   4404.333  -39.33202   59.70666   2100.939   2131.683     3.0773     3.0781   3.259164   3.259218    97.5754    -0.0145     1.7392      98.78          3  1037.5748  1037.5746    34.9309    34.9307    1498.00    1498.00   4404.333    6.05486   81.67796     -0.064     0.0008     105705  0.000e+00
   4404.375  -39.33202   59.70666   2100.816   2131.558     3.0773     3.0778   3.259212   3.259195    97.6016    -0.0219     1.7392      98.78          3  1037.5748  1037.5741    34.9315    34.9308    1498.00    1498.00   4404.375    6.05473   81.67662     -0.072     0.0005     105706  0.000e+00
   4404.417  -39.33202   59.70666   2100.874   2131.616     3.0773     3.0781   3.259182   3.259223    97.5754    -0.0219     1.7392      98.78          3  1037.5747  1037.5743    34.9311    34.9308    1498.00    1498.00   4404.417    6.05479   81.67722     -0.071     0.0007     105707  0.000e+00
   4404.458  -39.33202   59.70666   2100.882   2131.625     3.0771     3.0781   3.259164   3.259252    97.6016    -0.0219     1.7392      98.78          3  1037.5747  1037.5746    34.9311    34.9311    1498.00    1498.00   4404.458    6.05483   81.67739     -0.074     0.0010     105708  0.000e+00
   4404.500  -39.33202   59.70666   2100.939   2131.683     3.0773     3.0781   3.259188   3.259223    97.5754    -0.0219     1.7392      98.78          3  1037.5750  1037.5746    34.9312    34.9308    1498.00    1498.00   4404.500    6.05485   81.67796     -0.070     0.0008     105709  0.000e+00
   4404.542  -39.33202   59.70666   2100.882   2131.625     3.0770     3.0779   3.259182   3.259223    97.5754    -0.0219     1.7392      98.78          3  1037.5750  1037.5745    34.9314    34.9309    1498.00    1498.00   4404.542    6.05484   81.67743     -0.068     0.0009     105710  0.000e+00
   4404.583  -39.33202   59.70666   2100.874   2131.616     3.0769     3.0779   3.259188   3.259218    97.5754    -0.0145     1.7392      98.78          3  1037.5751  1037.5744    34.9316    34.9309    1498.00    1498.00   4404.583    6.05484   81.67736     -0.071     0.0010     105711  0.000e+00
   4404.625  -39.33202   59.70666   2100.882   2131.625     3.0769     3.0779   3.259176   3.259258    97.6016    -0.0219     1.7379      98.78          3  1037.5750  1037.5749    34.9314    34.9314    1498.00    1498.00   4404.625    6.04866   81.59391     -0.069     0.0010     105712  0.000e+00
   4404.667  -39.33202   59.70666   2100.882   2131.625     3.0767     3.0779   3.259170   3.259223    97.6016    -0.0219     1.7392      98.78          3  1037.5752  1037.5745    34.9316    34.9309    1498.00    1498.00   4404.667    6.05488   81.67752     -0.067     0.0012     105713  0.000e+00
   4404.708  -39.33202   59.70666   2100.874   2131.616     3.0769     3.0781   3.259170   3.259189    97.6016    -0.0145     1.7404      98.78          3  1037.5749  1037.5740    34.9314    34.9304    1498.00    1498.00   4404.708    6.06104   81.76089     -0.069     0.0011     105714  0.000e+00
   4404.750  -39.33202   59.70666   2100.940   2131.684     3.0769     3.0779   3.259128   3.259223    97.6016    -0.0219     1.7392      98.78          3  1037.5749  1037.5747    34.9309    34.9309    1498.00    1498.00   4404.750    6.05493   81.67809     -0.062     0.0011     105715  0.000e+00
   4404.792  -39.33202   59.70666   2100.874   2131.616     3.0769     3.0781   3.259176   3.259195    97.6016    -0.0219     1.7392      98.78          3  1037.5750  1037.5741    34.9314    34.9305    1498.00    1498.00   4404.792    6.05484   81.67736     -0.060     0.0011     105716  0.000e+00
   4404.833  -39.33202   59.70666   2100.940   2131.684     3.0769     3.0778   3.259164   3.259218    97.6016    -0.0145     1.7404      98.78          3  1037.5752  1037.5748    34.9313    34.9310    1498.00    1498.00   4404.833    6.06109   81.76161     -0.058     0.0008     105717  0.000e+00
   4404.875  -39.33202   59.70666   2100.874   2131.616     3.0769     3.0781   3.259182   3.259258    97.6016    -0.0219     1.7392      98.78          3  1037.5751  1037.5747    34.9316    34.9312    1498.00    1498.00   4404.875    6.05485   81.67738     -0.055     0.0012     105718  0.000e+00
   4404.917  -39.33202   59.70666   2100.882   2131.625     3.0773     3.0779   3.259158   3.259218    97.5754    -0.0219     1.7404      98.78          3  1037.5745  1037.5744    34.9309    34.9309    1498.00    1498.00   4404.917    6.06101   81.76087     -0.052     0.0007     105719  0.000e+00
   4404.958  -39.33202   59.70666   2100.940   2131.684     3.0768     3.0779   3.259164   3.259223    97.5754    -0.0219     1.7392      98.78          3  1037.5753  1037.5747    34.9314    34.9309    1498.00    1498.00   4404.958    6.05492   81.67811     -0.048     0.0011     105720  0.000e+00
   4405.000  -39.33202   59.70666   2100.940   2131.684     3.0770     3.0781   3.259146   3.259223    97.6016    -0.0219     1.7392      98.78          3  1037.5749  1037.5746    34.9310    34.9308    1498.00    1498.00   4405.000    6.05490   81.67806     -0.041     0.0011     105721  0.000e+00
   4405.042  -39.33202   59.70666   2100.940   2131.684     3.0769     3.0779   3.259182   3.259189    97.6016    -0.0219     1.7392      98.78          3  1037.5753  1037.5744    34.9315    34.9305    1498.00    1498.00   4405.042    6.05489   81.67807     -0.034     0.0010     105722  0.000e+00
   4405.083  -39.33202   59.70666   2100.940   2131.684     3.0769     3.0782   3.259200   3.259258    97.5754    -0.0145     1.7392      98.78          3  1037.5755  1037.5748    34.9317    34.9310    1498.00    1498.00   4405.083    6.05489   81.67809     -0.027     0.0013     105723  0.000e+00
   4405.125  -39.33202   59.70666   2100.940   2131.684     3.0771     3.0779   3.259200   3.259223    97.6016    -0.0219     1.7392      98.78          3  1037.5753  1037.5747    34.9315    34.9309    1498.00    1498.00   4405.125    6.05486   81.67802     -0.023     0.0008     105724  0.000e+00
   4405.167  -39.33202   59.70666   2100.940   2131.684     3.0771     3.0781   3.259200   3.259252    97.5754    -0.0219     1.7392      98.78          3  1037.5753  1037.5749    34.9315    34.9311    1498.00    1498.00   4405.167    6.05486   81.67802     -0.019     0.0009     105725  0.000e+00
   4405.208  -39.33202   59.70666   2100.940   2131.684     3.0772     3.0779   3.259158   3.259223    97.5754    -0.0145     1.7392      98.78          3  1037.5749  1037.5747    34.9309    34.9309    1498.00    1498.00   4405.208    6.05488   81.67800     -0.011     0.0008     105726  0.000e+00
   4405.250  -39.33202   59.70666   2101.005   2131.751     3.0769     3.0779   3.259164   3.259258    97.6016    -0.0145     1.7392      98.78          3  1037.5754  1037.5754    34.9312    34.9313    1498.00    1498.00   4405.250    6.05496   81.67879     -0.004     0.0010     105727  0.000e+00
   4405.292  -39.33202   59.70666   2100.997   2131.742     3.0771     3.0781   3.259170   3.259252    97.6016    -0.0219     1.7392      98.78          3  1037.5753  1037.5751    34.9311    34.9310    1498.00    1498.00   4405.292    6.05492   81.67864      0.004     0.0010     105728  0.000e+00
   4405.333  -39.33202   59.70666   2100.940   2131.684     3.0770     3.0779   3.259164   3.259223    97.6016    -0.0219     1.7392      98.78          3  1037.5751  1037.5747    34.9312    34.9309    1498.00    1498.00   4405.333    6.05489   81.67806      0.011     0.0009     105729  0.000e+00
   4910.208  -39.33182   59.70680   1699.825   1723.046     3.3993     3.4000   3.270826   3.270862    97.5493    -0.0219     1.8165      98.78          4  1035.6918  1035.6915    34.9266    34.9263    1492.50    1492.50   4910.208    6.05059   82.26531     -0.864     0.0007     117846  0.000e+00
   4910.250  -39.33182   59.70680   1699.702   1722.921     3.3996     3.3999   3.270838   3.270862    97.5493    -0.0219     1.8177      98.78          4  1035.6912  1035.6911    34.9265    34.9265    1492.50    1492.50   4910.250    6.05624   82.34266     -0.879     0.0003     117847  0.000e+00
   4910.292  -39.33182   59.70680   1699.727   1722.946     3.3996     3.4000   3.270850   3.270891    97.5493    -0.0219     1.8177      98.78          4  1035.6914  1035.6913    34.9267    34.9267    1492.50    1492.50   4910.292    6.05625   82.34292     -0.887     0.0004     117848  0.000e+00
   4910.333  -39.33182   59.70680   1699.702   1722.921     3.3993     3.3999   3.270857   3.270862    97.5493    -0.0219     1.8177      98.78          4  1035.6916  1035.6911    34.9271    34.9265    1492.50    1492.50   4910.333    6.05626   82.34273     -0.895     0.0006     117849  0.000e+00
   4910.375  -39.33182   59.70680   1699.579   1722.796     3.3994     3.4000   3.270850   3.270862    97.5493    -0.0145     1.8177      98.78          4  1035.6909  1035.6904    34.9269    34.9264    1492.50    1492.50   4910.375    6.05615   82.34135     -0.905     0.0006     117850  0.000e+00
   4910.417  -39.33182   59.70680   1699.538   1722.754     3.3996     3.4000   3.270856   3.270891    97.5493    -0.0145     1.8177      98.78          4  1035.6906  1035.6905    34.9268    34.9268    1492.50    1492.50   4910.417    6.05609   82.34084     -0.916     0.0004     117851  0.000e+00
   4910.458  -39.33182   59.70680   1699.645   1722.862     3.3994     3.4000   3.270850   3.270862    97.5493    -0.0219     1.8177      98.78          4  1035.6912  1035.6907    34.9269    34.9264    1492.50    1492.50   4910.458    6.05620   82.34205     -0.917     0.0006     117852  0.000e+00
   4910.500  -39.33182   59.70680   1699.415   1722.629     3.3994     3.4000   3.270850   3.270862    97.5493    -0.0219     1.8177      98.78          4  1035.6902  1035.6898    34.9270    34.9265    1492.50    1492.50   4910.500    6.05601   82.33954     -0.930     0.0006     117853  0.000e+00
   4910.542  -39.33182   59.70680   1699.645   1722.862     3.3994     3.3999   3.270856   3.270862    97.5493    -0.0145     1.8177      98.78          4  1035.6913  1035.6909    34.9270    34.9266    1492.50    1492.50   4910.542    6.05620   82.34204     -0.926     0.0004     117854  0.000e+00
   4910.583  -39.33182   59.70680   1699.456   1722.671     3.3996     3.3997   3.270832   3.270862    97.5754    -0.0219     1.8177      98.78          4  1035.6901  1035.6902    34.9266    34.9268    1492.50    1492.50   4910.583    6.05603   82.33992     -0.933     0.0001     117855  0.000e+00
   4910.625  -39.33182   59.70680   1699.481   1722.696     3.3993     3.3999   3.270862   3.270862    97.5493    -0.0219     1.8177      98.78          4  1035.6907  1035.6902    34.9272    34.9266    1492.50    1492.50   4910.625    6.05607   82.34027     -0.934     0.0006     117856  0.000e+00
   4910.667  -39.33182   59.70680   1699.456   1722.671     3.3993     3.3997   3.270838   3.270862    97.5493    -0.0145     1.8177      98.78          4  1035.6905  1035.6902    34.9270    34.9268    1492.50    1492.50   4910.667    6.05607   82.34001     -0.932     0.0005     117857  0.000e+00
   4910.708  -39.33184   59.70680   1699.415   1722.629     3.3992     3.3999   3.270844   3.270828    97.5754    -0.0219     1.8177      98.78          4  1035.6905  1035.6896    34.9272    34.9263    1492.49    1492.50   4910.708    6.05605   82.33959     -0.929     0.0007     117858  0.000e+00
   4910.750  -39.33184   59.70680   1699.399   1722.612     3.3993     3.3999   3.270814   3.270919    97.5754    -0.0219     1.8165      98.78          4  1035.6899  1035.6904    34.9267    34.9274    1492.49    1492.50   4910.750    6.05023   82.26057     -0.925     0.0006     117859  0.000e+00
