Ship_data/Irminger/Irminger-2/ctd/process/at30_004.cnv
* Sea-Bird SBE 9 Data File:
* FileName = C:\data\ctd\at30_004.hdr
* Software Version Seasave V 7.21f
* Temperature SN = 2265
* Conductivity SN = 3021
* Number of Bytes Per Scan = 40
* Number of Voltage Words = 5
* Number of Scans Averaged by the Deck Unit = 1
* NMEA Latitude = 59 57.06 N
* NMEA Longitude = 039 25.14 W
* NMEA UTC (Time) = Aug 14 2015  14:16:48
# nquan = 36
# nvalues = 5372                        
# units = specified
# name 0 = timeS: Time, Elapsed [seconds]
# name 1 = longitude: Longitude [deg]
# name 2 = latitude: Latitude [deg]
# name 3 = depSM: Depth [salt water, m]
# name 4 = prDM: Pressure, Digiquartz [db]
# name 5 = t090C: Temperature [ITS-90, deg C]
# name 6 = t190C: Temperature, 2 [ITS-90, deg C]
# name 7 = c0S/m: Conductivity [S/m]
# name 8 = c1S/m: Conductivity, 2 [S/m]
# name 9 = CStarTr0: Beam Transmission, WET Labs C-Star [%]
# name 10 = flECO-AFL: Fluorescence, WET Labs ECO-AFL/FL [mg/m^3]
# name 11 = sbeox0V: Oxygen raw, SBE 43 [V]
# name 12 = altM: Altimeter [m]
# name 13 = nbf: Bottles Fired
# name 14 = density00: Density [density, Kg/m^3]
# name 15 = density11: Density, 2 [density, Kg/m^3]
# name 16 = sal00: Salinity, Practical [PSU]
# name 17 = sal11: Salinity, Practical, 2 [PSU]
# name 18 = svCM: Sound Velocity [Chen-Millero, m/s]
# name 19 = svCM1: Sound Velocity, 2 [Chen-Millero, m/s]
# name 20 = timeS: Time, Elapsed [seconds]
# name 21 = sbeox0ML/L: Oxygen, SBE 43 [ml/l]
# name 22 = sbeox0PS: Oxygen, SBE 43 [% saturation]
# name 23 = dz/dtM: Descent Rate [m/s]
# name 24 = T2-T190C: Temperature Difference, 2 - 1 [ITS-90, deg C]
# name 25 = depSM: Depth [salt water, m], lat = 59.951
# name 26 = density00: Density [density, Kg/m^3]
# name 27 = density11: Density, 2 [density, Kg/m^3]
# name 28 = sal00: Salinity, Practical [PSU]
# name 29 = sal11: Salinity, Practical, 2 [PSU]
# name 30 = svCM: Sound Velocity [Chen-Millero, m/s]
# name 31 = svCM1: Sound Velocity, 2 [Chen-Millero, m/s]
# name 32 = sbeox0ML/L: Oxygen, SBE 43 [ml/l], WS = 2
# name 33 = dz/dtM: Descent Rate [m/s], WS = 2
# name 34 = T2-T190C: Temperature Difference, 2 - 1 [ITS-90, deg C]
# name 35 = flag: flag
# span 0 =     37.745,   8015.878       
# span 1 =  -39.41887,  -39.41576       
# span 2 =   59.94830,   59.95096       
# span 3 =      1.000,   2689.001       
# span 4 =      1.010,   2732.219       
# span 5 =     1.4232,     8.2610       
# span 6 =     1.4242,     8.2793       
# span 7 =   3.134174,   3.631838       
# span 8 =   3.134192,   3.633563       
# span 9 =    93.6364,    97.4206       
# span 10 =    -0.0360,     1.6288      
# span 11 =     1.6879,     2.5407      
# span 12 =      10.96,     100.15      
# span 13 =          0,         11      
# span 14 =  1027.1241,  1040.4679      
# span 15 =  1027.1219,  1040.4671      
# span 16 =    34.8464,    34.9316      
# span 17 =    34.8304,    34.9311      
# span 18 =    1469.45,    1502.07      
# span 19 =    1469.45,    1502.06      
# span 20 =     37.745,   8015.878      
# span 21 =    6.01403,    7.04831      
# span 22 =   81.18976,  101.94126      
# span 23 =     -2.422,      1.541      
# span 24 =    -0.2385,     0.1528      
# span 25 =      1.000,   2689.000      
# span 26 =  1027.1240,  1040.4680      
# span 27 =  1027.1214,  1040.4672      
# span 28 =    34.8007,    34.9320      
# span 29 =    34.8468,    34.9320      
# span 30 =    1469.45,    1502.07      
# span 31 =    1469.44,    1502.06      
# span 32 =    6.01634,    7.10839      
# span 33 =     -2.430,      1.548      
# span 34 =    -0.2385,     0.1528      
# span 35 = 0.0000e+00, 0.0000e+00      
# interval = meters: 1                  
# start_time = Aug 14 2015 14:16:48 [NMEA time, header]
# bad_flag = -9.990e-29
*END*
[from data line 2338]
   3084.755  -39.41586   59.94836   2344.000   2379.725     2.7584     2.7592   3.240416   3.240428    97.3814    -0.0231     1.6988      98.78          0  1038.7257  1038.7250    34.9267    34.9261    1500.82    1500.82   3084.755    6.10641   81.72544      0.780     0.0008   2344.000  1038.7255  1038.7247    34.9264    34.9258    1500.82    1500.82    6.10193      0.846     0.0008 0.0000e+00
   3085.897  -39.41586   59.94836   2345.000   2380.746     2.7575     2.7583   3.240382   3.240396    97.3979    -0.0233     1.6986      98.78          0  1038.7303  1038.7297    34.9268    34.9261    1500.83    1500.83   3085.897    6.10556   81.71221      0.859     0.0008   2345.000  1038.7301  1038.7295    34.9265    34.9258    1500.83    1500.83    6.10195      0.966     0.0008 0.0000e+00
   3086.872  -39.41584   59.94836   2346.000   2381.767     2.7562     2.7570   3.240301   3.240312    97.3921    -0.0229     1.6987      98.78          0  1038.7351  1038.7345    34.9268    34.9261    1500.84    1500.84   3086.872    6.10372   81.68490      0.964     0.0008   2346.000  1038.7349  1038.7343    34.9264    34.9258    1500.84    1500.84    6.10354      1.150     0.0008 0.0000e+00
   3087.698  -39.41584   59.94836   2347.000   2382.788     2.7539     2.7546   3.240114   3.240138    97.3923    -0.0227     1.6987      98.78          0  1038.7399  1038.7395    34.9267    34.9263    1500.85    1500.85   3087.698    6.10422   81.68698      1.117     0.0007   2347.000  1038.7395  1038.7390    34.9261    34.9257    1500.85    1500.85    6.10501      1.315     0.0007 0.0000e+00
   3088.431  -39.41585   59.94836   2348.000   2383.809     2.7517     2.7524   3.239965   3.239985    97.3871    -0.0228     1.6992      98.78          0  1038.7448  1038.7443    34.9267    34.9262    1500.86    1500.86   3088.431    6.10476   81.68976      1.270     0.0007   2348.000  1038.7444  1038.7439    34.9262    34.9257    1500.86    1500.86    6.10856      1.401     0.0007 0.0000e+00
   3089.148  -39.41586   59.94836   2349.000   2384.829     2.7493     2.7501   3.239774   3.239810    97.3879    -0.0231     1.6989      98.78          0  1038.7498  1038.7493    34.9267    34.9262    1500.86    1500.87   3089.148    6.10898   81.74126      1.378     0.0008   2349.000  1038.7491  1038.7487    34.9260    34.9255    1500.86    1500.86    6.10860      1.375     0.0008 0.0000e+00
   3089.919  -39.41586   59.94836   2350.000   2385.850     2.7473     2.7479   3.239666   3.239648    97.3909    -0.0242     1.6984      98.78          0  1038.7545  1038.7539    34.9266    34.9259    1500.87    1500.87   3089.919    6.10900   81.73740      1.391     0.0006   2350.000  1038.7543  1038.7535    34.9264    34.9255    1500.87    1500.87    6.10694      1.211     0.0006 0.0000e+00
   3090.958  -39.41586   59.94836   2351.000   2386.871     2.7482     2.7482   3.239770   3.239735    97.3945    -0.0231     1.6984      98.78          0  1038.7588  1038.7585    34.9265    34.9261    1500.89    1500.89   3090.958    6.11039   81.75786      1.171    -0.0000   2351.000  1038.7585  1038.7582    34.9261    34.9257    1500.89    1500.89    6.10779      0.810    -0.0000 0.0000e+00
   3092.605  -39.41585   59.94836   2352.000   2387.892     2.7472     2.7482   3.239735   3.239780    97.3951    -0.0238     1.6985      98.78          0  1038.7637  1038.7631    34.9267    34.9261    1500.91    1500.91   3092.605    6.10858   81.73159      0.624     0.0011   2352.000  1038.7634  1038.7628    34.9263    34.9258    1500.91    1500.91    6.10908      0.663     0.0011 0.0000e+00
   3093.806  -39.41584   59.94836   2353.000   2388.913     2.7453     2.7462   3.239612   3.239643    97.3934    -0.0235     1.6981      98.78          0  1038.7686  1038.7679    34.9267    34.9261    1500.91    1500.92   3093.806    6.11057   81.75449      0.730     0.0009   2353.000  1038.7682  1038.7676    34.9263    34.9257    1500.91    1500.92    6.10800      1.062     0.0009 0.0000e+00
   3094.660  -39.41584   59.94836   2354.000   2389.934     2.7435     2.7444   3.239486   3.239524    97.3650    -0.0227     1.6978      98.78          0  1038.7733  1038.7728    34.9267    34.9262    1500.92    1500.93   3094.660    6.11112   81.75826      1.026     0.0009   2354.000  1038.7729  1038.7725    34.9262    34.9257    1500.92    1500.93    6.10772      1.221     0.0009 0.0000e+00
   3095.483  -39.41585   59.94836   2355.000   2390.955     2.7414     2.7424   3.239328   3.239368    97.3929    -0.0233     1.6972      98.78          0  1038.7782  1038.7776    34.9266    34.9261    1500.93    1500.94   3095.483    6.11117   81.75464      1.203     0.0010   2355.000  1038.7777  1038.7771    34.9261    34.9255    1500.93    1500.94    6.10597      1.178     0.0010 0.0000e+00
   3096.445  -39.41586   59.94836   2356.000   2391.976     2.7404     2.7409   3.239273   3.239258    97.3914    -0.0230     1.6971      98.78          0  1038.7826  1038.7821    34.9263    34.9257    1500.95    1500.95   3096.445    6.11048   81.74321      1.168     0.0005   2356.000  1038.7823  1038.7817    34.9260    34.9253    1500.94    1500.95    6.10633      0.926     0.0005 0.0000e+00
   3097.779  -39.41586   59.94836   2357.000   2392.997     2.7383     2.7385   3.239080   3.239069    97.3793    -0.0237     1.6967      98.78          0  1038.7874  1038.7869    34.9261    34.9256    1500.95    1500.95   3097.779    6.10806   81.70631      0.837     0.0003   2357.000  1038.7869  1038.7864    34.9255    34.9251    1500.95    1500.95    6.10535      0.761     0.0003 0.0000e+00
   3098.950  -39.41584   59.94836   2358.000   2394.018     2.7343     2.7353   3.238754   3.238791    97.3985    -0.0235     1.6966      98.78          0  1038.7922  1038.7917    34.9259    34.9253    1500.95    1500.96   3098.950    6.10839   81.70264      0.776     0.0010   2358.000  1038.7919  1038.7913    34.9253    34.9247    1500.95    1500.96    6.10645      1.088     0.0010 0.0000e+00
   3099.769  -39.41584   59.94836   2359.000   2395.039     2.7324     2.7330   3.238612   3.238631    97.3937    -0.0223     1.6967      98.78          0  1038.7970  1038.7965    34.9258    34.9253    1500.96    1500.96   3099.769    6.10757   81.68778      1.028     0.0006   2359.000  1038.7965  1038.7960    34.9251    34.9247    1500.96    1500.96    6.10810      1.360     0.0006 0.0000e+00
   3100.464  -39.41584   59.94836   2360.000   2396.060     2.7292     2.7299   3.238356   3.238381    97.3923    -0.0232     1.6968      98.78          0  1038.8019  1038.8015    34.9256    34.9253    1500.97    1500.97   3100.464    6.10931   81.70449      1.277     0.0007   2360.000  1038.8014  1038.8009    34.9249    34.9245    1500.96    1500.97    6.11009      1.468     0.0007 0.0000e+00
   3101.149  -39.41584   59.94836   2361.000   2397.081     2.7277     2.7285   3.238285   3.238300    97.3890    -0.0232     1.6965      98.78          0  1038.8068  1038.8062    34.9258    34.9252    1500.98    1500.98   3101.149    6.11061   81.71893      1.435     0.0007   2361.000  1038.8064  1038.8058    34.9252    34.9246    1500.98    1500.98    6.10980      1.480     0.0007 0.0000e+00
   3101.845  -39.41584   59.94838   2362.000   2398.102     2.7263     2.7268   3.238206   3.238179    97.3908    -0.0239     1.6961      98.78          0  1038.8115  1038.8109    34.9257    34.9251    1500.99    1500.99   3101.845    6.11207   81.73555      1.483     0.0005   2362.000  1038.8112  1038.8104    34.9252    34.9244    1500.99    1500.99    6.10850      1.379     0.0005 0.0000e+00
   3102.656  -39.41584   59.94838   2363.000   2399.123     2.7267     2.7249   3.238255   3.238041    97.3886    -0.0226     1.6960      98.78          0  1038.8158  1038.8157    34.9254    34.9249    1501.01    1501.00   3102.656    6.11206   81.73604      1.411    -0.0018   2363.000  1038.8154  1038.8151    34.9250    34.9243    1501.01    1501.00    6.10866      1.061    -0.0018 0.0000e+00
   3104.856  -39.41584   59.94836   2364.000   2400.144     2.7240     2.7253   3.238027   3.238103    97.3884    -0.0227     1.6959      98.78          0  1038.8204  1038.8197    34.9251    34.9244    1501.01    1501.02   3104.856    6.11010   81.70419      0.456     0.0014   2364.000  1038.8201  1038.8195    34.9246    34.9241    1501.01    1501.02    6.10979      0.298     0.0014 0.0000e+00
   3106.778  -39.41584   59.94836   2365.000   2401.165     2.7184     2.7191   3.237547   3.237577    97.3877    -0.0242     1.6962      98.78          0  1038.8259  1038.8256    34.9252    34.9249    1501.00    1501.01   3106.778    6.11202   81.71856      0.548     0.0008   2365.000  1038.8252  1038.8247    34.9243    34.9239    1501.00    1501.01    6.11294      1.080     0.0008 0.0000e+00
   3107.569  -39.41582   59.94836   2366.000   2402.186     2.7141     2.7145   3.237184   3.237180    97.3841    -0.0223     1.6962      98.78          0  1038.8308  1038.8304    34.9248    34.9244    1501.00    1501.00   3107.569    6.11354   81.73010      1.006     0.0003   2366.000  1038.8302  1038.8297    34.9240    34.9236    1501.00    1501.00    6.11459      1.333     0.0003 0.0000e+00
   3108.282  -39.41582   59.94836   2367.000   2403.207     2.7111     2.7116   3.236958   3.236948    97.3888    -0.0236     1.6964      98.78          0  1038.8358  1038.8352    34.9248    34.9242    1501.01    1501.01   3108.282    6.11520   81.74612      1.266     0.0005   2367.000  1038.8352  1038.8346    34.9240    34.9233    1501.01    1501.01    6.11682      1.443     0.0005 0.0000e+00
   3108.981  -39.41582   59.94836   2368.000   2404.228     2.7107     2.7113   3.236983   3.236994    97.3877    -0.0228     1.6961      98.78          0  1038.8405  1038.8398    34.9249    34.9242    1501.02    1501.02   3108.981    6.11727   81.77304      1.412     0.0006   2368.000  1038.8400  1038.8395    34.9243    34.9238    1501.02    1501.02    6.11621      1.466     0.0006 0.0000e+00
   3109.675  -39.41584   59.94836   2369.000   2405.249     2.7068     2.7080   3.236638   3.236709    97.3874    -0.0241     1.6961      98.78          0  1038.8456  1038.8451    34.9248    34.9245    1501.02    1501.03   3109.675    6.11810   81.77618      1.463     0.0012   2369.000  1038.8447  1038.8441    34.9237    34.9233    1501.02    1501.03    6.11771      1.451     0.0012 0.0000e+00
   3110.390  -39.41584   59.94837   2370.000   2406.270     2.7035     2.7027   3.236374   3.236234    97.3877    -0.0231     1.6961      98.78          0  1038.8502  1038.8501    34.9244    34.9241    1501.03    1501.02   3110.390    6.12071   81.80424      1.461    -0.0008   2370.000  1038.8496  1038.8490    34.9235    34.9227    1501.02    1501.02    6.11918      1.414    -0.0008 0.0000e+00
   3111.119  -39.41584   59.94838   2371.000   2407.291     2.7029     2.6981   3.236341   3.235812    97.3823    -0.0231     1.6961      98.78          0  1038.8546  1038.8546    34.9241    34.9231    1501.04    1501.02   3111.119    6.12021   81.79604      1.428    -0.0048   2371.000  1038.8541  1038.8538    34.9234    34.9221    1501.04    1501.02    6.12018      1.347    -0.0048 0.0000e+00
   3111.922  -39.41584   59.94838   2372.000   2408.312     2.6980     2.6949   3.235869   3.235552    97.3805    -0.0229     1.6961      98.78          0  1038.8595  1038.8594    34.9235    34.9229    1501.04    1501.02   3111.922    6.12198   81.80943      1.365    -0.0031   2372.000  1038.8586  1038.8586    34.9224    34.9218    1501.03    1501.02    6.12201      1.117    -0.0031 0.0000e+00
   3113.668  -39.41583   59.94836   2373.000   2409.333     2.6941     2.6965   3.235551   3.235729    97.3863    -0.0233     1.6963      98.78          0  1038.8641  1038.8634    34.9230    34.9224    1501.04    1501.05   3113.668    6.12349   81.82138      0.748     0.0024   2373.000  1038.8635  1038.8629    34.9222    34.9218    1501.03    1501.04    6.12440      0.484     0.0024 0.0000e+00
   3116.259  -39.41582   59.94836   2374.000   2410.354     2.6926     2.6930   3.235493   3.235461    97.3870    -0.0233     1.6969      98.78          0  1038.8690  1038.8683    34.9230    34.9222    1501.05    1501.05   3116.259    6.12605   81.85268      0.316     0.0003   2374.000  1038.8687  1038.8680    34.9226    34.9218    1501.05    1501.05    6.12851      0.798     0.0003 0.0000e+00
   3117.188  -39.41582   59.94836   2375.000   2411.375     2.6947     2.6953   3.235847   3.235788    97.3746    -0.0232     1.6975      98.78          0  1038.8739  1038.8728    34.9239    34.9226    1501.07    1501.07   3117.188    6.12755   81.87746      0.806     0.0006   2375.000  1038.8741  1038.8729    34.9242    34.9228    1501.07    1501.07    6.13227      1.261     0.0006 0.0000e+00
   3117.908  -39.41582   59.94836   2376.000   2412.396     2.6981     2.6988   3.236238   3.236238    97.3837    -0.0243     1.6971      98.78          0  1038.8787  1038.8781    34.9249    34.9241    1501.11    1501.11   3117.908    6.12905   81.90499      1.156     0.0007   2376.000  1038.8787  1038.8779    34.9247    34.9240    1501.11    1501.11    6.13006      1.425     0.0007 0.0000e+00
   3118.604  -39.41582   59.94836   2377.000   2413.417     2.6981     2.6987   3.236271   3.236268    97.3776    -0.0237     1.6967      98.78          0  1038.8833  1038.8826    34.9248    34.9242    1501.12    1501.13   3118.604    6.13070   81.92693      1.375     0.0006   2377.000  1038.8831  1038.8824    34.9247    34.9240    1501.12    1501.13    6.12906      1.472     0.0006 0.0000e+00
   3119.298  -39.41583   59.94837   2378.000   2414.438     2.6980     2.6986   3.236297   3.236298    97.3861    -0.0247     1.6964      98.78          0  1038.8878  1038.8872    34.9248    34.9241    1501.14    1501.14   3119.298    6.13285   81.95537      1.464     0.0007   2378.000  1038.8877  1038.8871    34.9247    34.9240    1501.14    1501.14    6.12825      1.460     0.0007 0.0000e+00
   3120.000  -39.41584   59.94838   2379.000   2415.459     2.6975     2.6984   3.236306   3.236327    97.3805    -0.0231     1.6961      98.78          0  1038.8926  1038.8918    34.9250    34.9243    1501.16    1501.16   3120.000    6.13349   81.96315      1.468     0.0009   2379.000  1038.8923  1038.8917    34.9248    34.9241    1501.16    1501.16    6.12765      1.412     0.0009 0.0000e+00
   3120.748  -39.41584   59.94836   2380.000   2416.480     2.6973     2.6977   3.236310   3.236290    97.3689    -0.0234     1.6956      98.78          0  1038.8969  1038.8964    34.9247    34.9242    1501.17    1501.17   3120.748    6.13037   81.92090      1.431     0.0004   2380.000  1038.8967  1038.8962    34.9246    34.9239    1501.17    1501.17    6.12556      1.312     0.0004 0.0000e+00
   3121.622  -39.41584   59.94836   2381.000   2417.501     2.6962     2.6965   3.236235   3.236208    97.3708    -0.0228     1.6952      98.78          0  1038.9016  1038.9010    34.9247    34.9240    1501.18    1501.19   3121.622    6.13094   81.92606      1.316     0.0003   2381.000  1038.9014  1038.9008    34.9244    34.9238    1501.18    1501.18    6.12457      0.939     0.0003 0.0000e+00
   3123.390  -39.41582   59.94836   2382.000   2418.522     2.6953     2.6967   3.236202   3.236265    97.3875    -0.0235     1.6947      98.78          0  1038.9063  1038.9054    34.9246    34.9239    1501.20    1501.20   3123.390    6.12602   81.85863      0.614     0.0014   2382.000  1038.9061  1038.9054    34.9245    34.9238    1501.20    1501.20    6.12301      0.506     0.0014 0.0000e+00
