Ship_data/Irminger/Irminger-2/ctd/process/at30_005.cnv
* Sea-Bird SBE 9 Data File:
* FileName = C:\data\ctd\at30_005.hdr
* Software Version Seasave V 7.21f
* Temperature SN = 2265
* Conductivity SN = 3021
* Number of Bytes Per Scan = 40
* Number of Voltage Words = 5
* Number of Scans Averaged by the Deck Unit = 1
* NMEA Latitude = 59 59.33 N
* NMEA Longitude = 039 27.67 W
* NMEA UTC (Time) = Aug 14 2015  19:36:17
# nquan = 36
# nvalues = 5314                        
# units = specified
# name 0 = timeS: Time, Elapsed [seconds]
# name 1 = longitude: Longitude [deg]
# name 2 = latitude: Latitude [deg]
# name 3 = depSM: Depth [salt water, m]
# name 4 = prDM: Pressure, Digiquartz [db]
# name 5 = t090C: Temperature [ITS-90, deg C]
# name 6 = t190C: Temperature, 2 [ITS-90, deg C]
# name 7 = c0S/m: Conductivity [S/m]
# name 8 = c1S/m: Conductivity, 2 [S/m]
# name 9 = CStarTr0: Beam Transmission, WET Labs C-Star [%]
# name 10 = flECO-AFL: Fluorescence, WET Labs ECO-AFL/FL [mg/m^3]
# name 11 = sbeox0V: Oxygen raw, SBE 43 [V]
# name 12 = altM: Altimeter [m]
# name 13 = nbf: Bottles Fired
# name 14 = density00: Density [density, Kg/m^3]
# name 15 = density11: Density, 2 [density, Kg/m^3]
# name 16 = sal00: Salinity, Practical [PSU]
# name 17 = sal11: Salinity, Practical, 2 [PSU]
# name 18 = svCM: Sound Velocity [Chen-Millero, m/s]
# name 19 = svCM1: Sound Velocity, 2 [Chen-Millero, m/s]
# name 20 = timeS: Time, Elapsed [seconds]
# name 21 = sbeox0ML/L: Oxygen, SBE 43 [ml/l]
# name 22 = sbeox0PS: Oxygen, SBE 43 [% saturation]
# name 23 = dz/dtM: Descent Rate [m/s]
# name 24 = T2-T190C: Temperature Difference, 2 - 1 [ITS-90, deg C]
# name 25 = depSM: Depth [salt water, m], lat = 59.9888
# name 26 = density00: Density [density, Kg/m^3]
# name 27 = density11: Density, 2 [density, Kg/m^3]
# name 28 = sal00: Salinity, Practical [PSU]
# name 29 = sal11: Salinity, Practical, 2 [PSU]
# name 30 = svCM: Sound Velocity [Chen-Millero, m/s]
# name 31 = svCM1: Sound Velocity, 2 [Chen-Millero, m/s]
# name 32 = sbeox0ML/L: Oxygen, SBE 43 [ml/l], WS = 2
# name 33 = dz/dtM: Descent Rate [m/s], WS = 2
# name 34 = T2-T190C: Temperature Difference, 2 - 1 [ITS-90, deg C]
# name 35 = flag: flag
# span 0 =     50.580,   7561.619       
# span 1 =  -39.48472,  -39.46129       
# span 2 =   59.98893,   59.99906       
# span 3 =      1.000,   2660.999       
# span 4 =      1.010,   2703.598       
# span 5 =     1.4169,     8.6129       
# span 6 =     1.4177,     8.6154       
# span 7 =   3.132965,   3.666565       
# span 8 =   3.132972,   3.667836       
# span 9 =    92.5648,    97.4822       
# span 10 =    -0.0370,     2.2559      
# span 11 =     1.6922,     2.5553      
# span 12 =       9.23,     105.35      
# span 13 =          0,         25      
# span 14 =  1027.0792,  1040.3412      
# span 15 =  1027.0842,  1040.3407      
# span 16 =    34.8481,    35.0142      
# span 17 =    34.8437,    35.0123      
# span 18 =    1471.60,    1501.75      
# span 19 =    1471.60,    1501.75      
# span 20 =     50.580,   7561.619      
# span 21 =    6.01238,    6.94033      
# span 22 =   81.49043,  102.40530      
# span 23 =     -1.959,      1.718      
# span 24 =    -0.2375,     0.0861      
# span 25 =      1.000,   2661.000      
# span 26 =  1027.0801,  1040.3412      
# span 27 =  1027.0880,  1040.3408      
# span 28 =    34.8476,    35.0185      
# span 29 =    34.8489,    35.0151      
# span 30 =    1471.60,    1501.75      
# span 31 =    1471.60,    1501.75      
# span 32 =    6.01011,    6.94310      
# span 33 =     -1.964,      1.717      
# span 34 =    -0.2375,     0.0861      
# span 35 = 0.0000e+00, 0.0000e+00      
# interval = meters: 1                  
# start_time = Aug 14 2015 19:36:17 [NMEA time, header]
# bad_flag = -9.990e-29
*END*
[from data line 2983]
   3845.189  -39.47534   59.99502   2330.999   2366.461     2.7431     2.7421   3.238518   3.238350    97.4509    -0.0225     1.7012      98.78          2  1038.6680  1038.6675    34.9257    34.9248    1500.52    1500.52   3845.189    6.10642   81.69396     -0.670    -0.0010   2331.000  1038.6683  1038.6677    34.9261    34.9252    1500.53    1500.52    6.10670     -0.735    -0.0010 0.0000e+00
   3846.480  -39.47536   59.99502   2329.999   2365.440     2.7448     2.7427   3.238661   3.238376    97.4465    -0.0224     1.7013      98.78          2  1038.6635  1038.6628    34.9260    34.9248    1500.52    1500.50   3846.480    6.10612   81.69356     -0.759    -0.0021   2330.000  1038.6638  1038.6632    34.9265    34.9253    1500.52    1500.51    6.10602     -0.877    -0.0021 0.0000e+00
   3847.531  -39.47537   59.99503   2328.999   2364.419     2.7494     2.7460   3.239068   3.238647    97.4525    -0.0228     1.7013      98.78          2  1038.6584  1038.6578    34.9263    34.9249    1500.52    1500.50   3847.531    6.10398   81.67440     -0.889    -0.0033   2329.000  1038.6591  1038.6583    34.9270    34.9255    1500.52    1500.50    6.10443     -1.077    -0.0033 0.0000e+00
   3848.407  -39.47538   59.99504   2327.999   2363.398     2.7525     2.7505   3.239321   3.239026    97.4352    -0.0215     1.7014      98.78          2  1038.6536  1038.6527    34.9265    34.9249    1500.51    1500.50   3848.407    6.10342   81.67332     -1.057    -0.0020   2328.000  1038.6542  1038.6533    34.9272    34.9258    1500.52    1500.50    6.10365     -1.219    -0.0020 0.0000e+00
   3849.213  -39.47538   59.99504   2326.999   2362.377     2.7541     2.7545   3.239413   3.239363    97.4614    -0.0236     1.7014      98.78          2  1038.6489  1038.6479    34.9266    34.9254    1500.50    1500.50   3849.213    6.10215   81.65957     -1.197     0.0004   2327.000  1038.6493  1038.6484    34.9271    34.9261    1500.50    1500.51    6.10240     -1.281     0.0004 0.0000e+00
   3850.004  -39.47540   59.99504   2325.999   2361.357     2.7561     2.7558   3.239562   3.239440    97.4643    -0.0226     1.7014      98.78          2  1038.6440  1038.6432    34.9266    34.9255    1500.50    1500.49   3850.004    6.10103   81.64875     -1.273    -0.0004   2326.000  1038.6445  1038.6438    34.9272    34.9262    1500.50    1500.49    6.10125     -1.280    -0.0004 0.0000e+00
   3850.809  -39.47540   59.99504   2324.999   2360.336     2.7573     2.7569   3.239608   3.239522    97.4603    -0.0233     1.7014      98.78          2  1038.6393  1038.6389    34.9266    34.9259    1500.48    1500.48   3850.809    6.10036   81.64197     -1.283    -0.0003   2325.000  1038.6396  1038.6393    34.9271    34.9264    1500.48    1500.48    6.10026     -1.235    -0.0003 0.0000e+00
   3851.667  -39.47539   59.99504   2323.999   2359.315     2.7561     2.7570   3.239387   3.239467    97.4558    -0.0226     1.7010      98.78          2  1038.6345  1038.6344    34.9261    34.9260    1500.46    1500.46   3851.667    6.10024   81.63791     -1.244     0.0009   2324.000  1038.6345  1038.6344    34.9261    34.9261    1500.46    1500.46    6.09770     -1.125     0.0009 0.0000e+00
   3852.670  -39.47538   59.99504   2322.999   2358.294     2.7542     2.7553   3.239142   3.239232    97.4521    -0.0232     1.7008      98.78          2  1038.6298  1038.6295    34.9255    34.9253    1500.43    1500.44   3852.670    6.09891   81.61585     -1.116     0.0011   2323.000  1038.6300  1038.6298    34.9257    34.9256    1500.43    1500.44    6.09629     -0.896     0.0011 0.0000e+00
   3854.123  -39.47538   59.99504   2321.999   2357.273     2.7539     2.7549   3.239064   3.239111    97.4547    -0.0230     1.7010      98.78          2  1038.6252  1038.6246    34.9254    34.9248    1500.42    1500.42   3854.123    6.09610   81.57749     -0.780     0.0010   2322.000  1038.6254  1038.6248    34.9256    34.9251    1500.42    1500.42    6.09640     -0.619     0.0010 0.0000e+00
   3855.762  -39.47540   59.99504   2320.999   2356.253     2.7558     2.7564   3.239187   3.239192    97.4544    -0.0235     1.7015      98.78          2  1038.6202  1038.6198    34.9253    34.9248    1500.41    1500.41   3855.762    6.09553   81.57368     -0.590     0.0006   2321.000  1038.6205  1038.6200    34.9255    34.9250    1500.41    1500.41    6.09796     -0.760     0.0006 0.0000e+00
   3856.884  -39.47541   59.99504   2319.999   2355.232     2.7556     2.7558   3.239118   3.239100    97.4582    -0.0227     1.7017      98.78          2  1038.6157  1038.6154    34.9252    34.9248    1500.39    1500.39   3856.884    6.09430   81.55691     -0.802     0.0002   2320.000  1038.6158  1038.6155    34.9253    34.9249    1500.39    1500.39    6.09810     -1.022     0.0002 0.0000e+00
   3857.801  -39.47542   59.99504   2318.999   2354.211     2.7558     2.7563   3.239086   3.239075    97.4525    -0.0237     1.7021      98.78          2  1038.6110  1038.6105    34.9250    34.9244    1500.37    1500.37   3857.801    6.09718   81.59569     -1.011     0.0005   2319.000  1038.6111  1038.6106    34.9252    34.9246    1500.37    1500.37    6.09968     -1.162     0.0005 0.0000e+00
   3858.647  -39.47542   59.99505   2317.999   2353.190     2.7579     2.7580   3.239271   3.239190    97.4459    -0.0226     1.7030      98.78          2  1038.6062  1038.6055    34.9251    34.9242    1500.36    1500.36   3858.647    6.09605   81.58489     -1.146     0.0000   2318.000  1038.6067  1038.6058    34.9257    34.9247    1500.36    1500.36    6.10305     -1.233     0.0000 0.0000e+00
   3859.459  -39.47542   59.99506   2316.999   2352.169     2.7620     2.7609   3.239603   3.239423    97.4498    -0.0237     1.7033      98.78          2  1038.6012  1038.6007    34.9253    34.9245    1500.36    1500.36   3859.459    6.09579   81.58963     -1.221    -0.0011   2317.000  1038.6017  1038.6011    34.9259    34.9249    1500.36    1500.36    6.10309     -1.262    -0.0011 0.0000e+00
   3860.267  -39.47542   59.99506   2315.999   2351.149     2.7647     2.7637   3.239806   3.239632    97.4437    -0.0223     1.7040      98.78          2  1038.5963  1038.5956    34.9254    34.9243    1500.36    1500.35   3860.267    6.09880   81.63549     -1.258    -0.0009   2316.000  1038.5967  1038.5961    34.9259    34.9248    1500.36    1500.35    6.10550     -1.238    -0.0009 0.0000e+00
   3861.111  -39.47542   59.99506   2314.999   2350.128     2.7674     2.7656   3.240047   3.239779    97.4471    -0.0226     1.7044      98.78          2  1038.5916  1038.5908    34.9257    34.9244    1500.35    1500.34   3861.111    6.09992   81.65611     -1.246    -0.0017   2315.000  1038.5922  1038.5913    34.9264    34.9251    1500.35    1500.34    6.10596     -1.147    -0.0017 0.0000e+00
   3862.080  -39.47542   59.99506   2313.999   2349.107     2.7707     2.7683   3.240317   3.240009    97.4466    -0.0232     1.7046      98.78          2  1038.5868  1038.5863    34.9260    34.9250    1500.35    1500.34   3862.080    6.10188   81.68927     -1.146    -0.0024   2314.000  1038.5873  1038.5868    34.9267    34.9255    1500.35    1500.34    6.10547     -0.949    -0.0024 0.0000e+00
   3863.402  -39.47543   59.99506   2312.999   2348.086     2.7722     2.7720   3.240398   3.240317    97.4610    -0.0241     1.7045      98.78          2  1038.5820  1038.5815    34.9261    34.9252    1500.34    1500.34   3863.402    6.10397   81.72031     -0.865    -0.0002   2313.000  1038.5824  1038.5819    34.9265    34.9258    1500.34    1500.34    6.10424     -0.673    -0.0002 0.0000e+00
   3865.027  -39.47544   59.99506   2311.999   2347.066     2.7734     2.7736   3.240473   3.240414    97.4596    -0.0227     1.7047      98.78          2  1038.5774  1038.5769    34.9262    34.9254    1500.33    1500.33   3865.027    6.10312   81.71143     -0.605     0.0001   2312.000  1038.5778  1038.5770    34.9266    34.9257    1500.33    1500.33    6.10424     -0.736     0.0001 0.0000e+00
   3866.155  -39.47546   59.99506   2310.999   2346.045     2.7744     2.7733   3.240526   3.240334    97.4500    -0.0228     1.7047      98.78          2  1038.5728  1038.5720    34.9262    34.9251    1500.31    1500.31   3866.155    6.10288   81.71036     -0.782    -0.0012   2311.000  1038.5731  1038.5725    34.9266    34.9256    1500.32    1500.31    6.10332     -1.066    -0.0012 0.0000e+00
   3867.013  -39.47546   59.99506   2309.999   2345.024     2.7752     2.7754   3.240549   3.240475    97.4490    -0.0223     1.7048      98.78          2  1038.5681  1038.5673    34.9262    34.9252    1500.30    1500.30   3867.013    6.10248   81.70647     -1.035     0.0002   2310.000  1038.5685  1038.5675    34.9266    34.9255    1500.30    1500.30    6.10239     -1.234     0.0002 0.0000e+00
   3867.816  -39.47546   59.99506   2308.999   2344.003     2.7773     2.7769   3.240724   3.240592    97.4514    -0.0219     1.7052      98.78          2  1038.5634  1038.5625    34.9263    34.9252    1500.29    1500.29   3867.816    6.10158   81.69879     -1.209    -0.0004   2309.000  1038.5638  1038.5630    34.9269    34.9258    1500.29    1500.29    6.10347     -1.258    -0.0004 0.0000e+00
   3868.639  -39.47546   59.99506   2307.999   2342.983     2.7806     2.7795   3.241025   3.240822    97.4509    -0.0226     1.7054      98.78          2  1038.5587  1038.5579    34.9268    34.9257    1500.29    1500.28   3868.639    6.09947   81.67741     -1.260    -0.0011   2308.000  1038.5593  1038.5583    34.9276    34.9263    1500.29    1500.28    6.10328     -1.182    -0.0011 0.0000e+00
   3869.568  -39.47546   59.99506   2306.999   2341.962     2.7845     2.7817   3.241376   3.241008    97.4480    -0.0231     1.7056      98.78          2  1038.5540  1038.5533    34.9273    34.9261    1500.29    1500.28   3869.568    6.09967   81.68821     -1.187    -0.0028   2307.000  1038.5546  1038.5538    34.9282    34.9267    1500.29    1500.28    6.10280     -1.031    -0.0028 0.0000e+00
   3870.643  -39.47546   59.99506   2305.999   2340.941     2.7878     2.7851   3.241622   3.241290    97.4466    -0.0230     1.7057      98.78          2  1038.5491  1038.5486    34.9275    34.9263    1500.29    1500.27   3870.643    6.10065   81.70815     -1.017    -0.0027   2306.000  1038.5494  1038.5490    34.9281    34.9269    1500.29    1500.28    6.10178     -0.906    -0.0027 0.0000e+00
   3871.813  -39.47546   59.99506   2304.999   2339.920     2.7914     2.7886   3.241980   3.241592    97.4493    -0.0232     1.7058      98.78          2  1038.5443  1038.5437    34.9280    34.9266    1500.29    1500.27   3871.813    6.10046   81.71313     -0.893    -0.0028   2305.000  1038.5452  1038.5442    34.9290    34.9273    1500.29    1500.27    6.10079     -0.856    -0.0028 0.0000e+00
   3873.035  -39.47546   59.99508   2303.999   2338.900     2.7961     2.7931   3.242376   3.241997    97.4440    -0.0235     1.7053      98.78          2  1038.5396  1038.5388    34.9286    34.9271    1500.29    1500.28   3873.035    6.09865   81.69875     -0.849    -0.0030   2304.000  1038.5400  1038.5394    34.9292    34.9279    1500.29    1500.28    6.09656     -0.807    -0.0030 0.0000e+00
   3874.342  -39.47548   59.99508   2302.999   2337.879     2.7977     2.7958   3.242480   3.242223    97.4461    -0.0235     1.7049      98.78          2  1038.5349  1038.5342    34.9287    34.9275    1500.28    1500.27   3874.342    6.09701   81.68005     -0.794    -0.0020   2303.000  1038.5353  1038.5348    34.9293    34.9283    1500.28    1500.27    6.09354     -0.790    -0.0020 0.0000e+00
   3875.573  -39.47548   59.99508   2301.999   2336.858     2.7977     2.7971   3.242440   3.242302    97.4447    -0.0227     1.7044      98.78          2  1038.5304  1038.5298    34.9288    34.9279    1500.26    1500.26   3875.573    6.09471   81.64938     -0.800    -0.0006   2302.000  1038.5308  1038.5300    34.9293    34.9283    1500.26    1500.26    6.09019     -0.911    -0.0006 0.0000e+00
   3876.605  -39.47548   59.99508   2300.999   2335.838     2.7984     2.7986   3.242453   3.242405    97.4446    -0.0235     1.7042      98.78          2  1038.5259  1038.5249    34.9289    34.9278    1500.25    1500.25   3876.605    6.09123   81.60397     -0.917     0.0002   2301.000  1038.5261  1038.5254    34.9293    34.9284    1500.25    1500.25    6.08821     -1.086     0.0002 0.0000e+00
   3877.476  -39.47548   59.99508   2299.999   2334.817     2.7969     2.7981   3.242185   3.242280    97.4420    -0.0226     1.7041      98.78          2  1038.5210  1038.5204    34.9283    34.9277    1500.22    1500.23   3877.476    6.08923   81.57399     -1.067     0.0012   2300.000  1038.5209  1038.5205    34.9281    34.9280    1500.22    1500.23    6.08723     -1.216     0.0012 0.0000e+00
   3878.290  -39.47548   59.99508   2298.999   2333.796     2.7943     2.7967   3.241903   3.242076    97.4460    -0.0230     1.7042      98.78          2  1038.5164  1038.5157    34.9276    34.9274    1500.20    1500.20   3878.290    6.08720   81.54131     -1.195     0.0023   2299.000  1038.5165  1038.5159    34.9279    34.9275    1500.20    1500.20    6.08711     -1.285     0.0023 0.0000e+00
   3879.066  -39.47548   59.99508   2297.999   2332.776     2.7957     2.7964   3.241979   3.241974    97.4459    -0.0226     1.7044      98.78          2  1038.5115  1038.5107    34.9275    34.9267    1500.18    1500.19   3879.066    6.08596   81.52731     -1.272     0.0008   2298.000  1038.5117  1038.5110    34.9279    34.9270    1500.18    1500.19    6.08740     -1.288     0.0008 0.0000e+00
   3879.875  -39.47549   59.99508   2296.999   2331.755     2.7973     2.7971   3.242081   3.241994    97.4486    -0.0234     1.7047      98.78          2  1038.5067  1038.5061    34.9275    34.9267    1500.17    1500.17   3879.875    6.08476   81.51443     -1.293    -0.0002   2297.000  1038.5070  1038.5063    34.9278    34.9270    1500.17    1500.17    6.08763     -1.206    -0.0002 0.0000e+00
   3880.783  -39.47550   59.99508   2295.999   2330.734     2.7987     2.7982   3.242162   3.242062    97.4458    -0.0239     1.7049      98.78          2  1038.5018  1038.5015    34.9274    34.9268    1500.16    1500.16   3880.783    6.08522   81.52341     -1.213    -0.0005   2296.000  1038.5022  1038.5017    34.9278    34.9271    1500.16    1500.16    6.08747     -1.025    -0.0005 0.0000e+00
   3881.987  -39.47550   59.99508   2294.999   2329.714     2.8012     2.8004   3.242357   3.242233    97.4523    -0.0230     1.7051      98.78          2  1038.4971  1038.4966    34.9276    34.9269    1500.16    1500.15   3881.987    6.08511   81.52715     -0.964    -0.0008   2295.000  1038.4973  1038.4969    34.9279    34.9273    1500.16    1500.15    6.08756     -0.716    -0.0008 0.0000e+00
   3883.852  -39.47550   59.99508   2293.999   2328.693     2.8028     2.8036   3.242461   3.242463    97.4504    -0.0228     1.7053      98.78          2  1038.4923  1038.4916    34.9277    34.9269    1500.15    1500.15   3883.852    6.08659   81.55022     -0.554     0.0007   2294.000  1038.4926  1038.4919    34.9280    34.9272    1500.15    1500.15    6.08714     -0.507     0.0007 0.0000e+00
   3885.583  -39.47552   59.99508   2292.999   2327.672     2.8047     2.8029   3.242576   3.242355    97.4548    -0.0226     1.7058      98.78          2  1038.4874  1038.4873    34.9276    34.9270    1500.14    1500.13   3885.583    6.08641   81.55153     -0.564    -0.0017   2293.000  1038.4877  1038.4873    34.9279    34.9271    1500.14    1500.13    6.08885     -0.795    -0.0017 0.0000e+00
