Ship_data/Irminger/Irminger-2/ctd/process/at30_011.ros
* Sea-Bird SBE 9 Data File:
* FileName = C:\data\ctd\at30_011.hdr
* Software Version Seasave V 7.21f
* Temperature SN = 2265
* Conductivity SN = 3021
* Number of Bytes Per Scan = 40
* Number of Voltage Words = 5
* Number of Scans Averaged by the Deck Unit = 1
* NMEA Latitude = 59 41.19 N
* NMEA Longitude = 039 21.93 W
* NMEA UTC (Time) = Aug 21 2015  19:14:51
** cal val post deployment at FLMB2
# nquan = 27
# nvalues = 588                                   
# units = specified
# name 0 = timeS: Time, Elapsed [seconds]
# name 1 = longitude: Longitude [deg]
# name 2 = latitude: Latitude [deg]
# name 3 = depSM: Depth [salt water, m]
# name 4 = prDM: Pressure, Digiquartz [db]
# name 5 = t090C: Temperature [ITS-90, deg C]
# name 6 = t190C: Temperature, 2 [ITS-90, deg C]
# name 7 = c0S/m: Conductivity [S/m]
# name 8 = c1S/m: Conductivity, 2 [S/m]
# name 9 = CStarTr0: Beam Transmission, WET Labs C-Star [%]
# name 10 = flECO-AFL: Fluorescence, WET Labs ECO-AFL/FL [mg/m^3]
# name 11 = sbeox0V: Oxygen raw, SBE 43 [V]
# name 12 = altM: Altimeter [m]
# name 13 = nbf: Bottles Fired
# name 14 = density00: Density [density, Kg/m^3]
# name 15 = density11: Density, 2 [density, Kg/m^3]
# name 16 = sal00: Salinity, Practical [PSU]
# name 17 = sal11: Salinity, Practical, 2 [PSU]
# name 18 = svCM: Sound Velocity [Chen-Millero, m/s]
# name 19 = svCM1: Sound Velocity, 2 [Chen-Millero, m/s]
# name 20 = timeS: Time, Elapsed [seconds]
# name 21 = sbeox0ML/L: Oxygen, SBE 43 [ml/l]
# name 22 = sbeox0PS: Oxygen, SBE 43 [% saturation]
# name 23 = dz/dtM: Descent Rate [m/s]
# name 24 = T2-T190C: Temperature Difference, 2 - 1 [ITS-90, deg C]
# name 25 = scan: Scan Count
# name 26 = flag:  0.000e+00
# interval = seconds: 0.0416667
# start_time = Aug 21 2015 19:14:51 [NMEA time, header]
# bad_flag = -9.990e-29
*END*
[from data line 484]
   6841.500  -39.33534   59.68324    400.962    405.165     3.7158     3.7164   3.239589   3.239678    97.4446    -0.0439     2.2108      98.73         10  1029.6130  1029.6133    34.8944    34.8948    1471.94    1471.94   6841.500    6.59531   90.34648     -0.511     0.0006     164197  0.000e+00
   6841.542  -39.33534   59.68324    401.019    405.222     3.7156     3.7163   3.239559   3.239621    97.4446    -0.0439     2.2108      98.73         10  1029.6131  1029.6131    34.8942    34.8942    1471.94    1471.94   6841.542    6.59539   90.34718     -0.520     0.0007     164198  0.000e+00
   6841.583  -39.33534   59.68324    400.962    405.165     3.7158     3.7162   3.239601   3.239621    97.4185    -0.0439     2.2108      98.73         10  1029.6131  1029.6129    34.8945    34.8943    1471.94    1471.94   6841.583    6.59530   90.34645     -0.533     0.0004     164199  0.000e+00
   6841.625  -39.33534   59.68324    400.962    405.165     3.7161     3.7164   3.239601   3.239621    97.4185    -0.0439     2.2108      98.73         10  1029.6128  1029.6128    34.8942    34.8941    1471.94    1471.94   6841.625    6.59525   90.34634     -0.544     0.0002     164200  0.000e+00
   6841.667  -39.33534   59.68324    400.906    405.108     3.7160     3.7163   3.239607   3.239621    97.4185    -0.0439     2.2108      98.73         10  1029.6128  1029.6126    34.8944    34.8942    1471.94    1471.94   6841.667    6.59522   90.34570     -0.552     0.0004     164201  0.000e+00
   6841.708  -39.33534   59.68324    400.841    405.043     3.7160     3.7161   3.239613   3.239678    97.4446    -0.0439     2.2108      98.73         10  1029.6126  1029.6131    34.8946    34.8952    1471.94    1471.94   6841.708    6.59516   90.34492     -0.568     0.0001     164202  0.000e+00
   7220.125  -39.33342   59.68294    149.889    151.368     4.0929     4.0914   3.262914   3.262832    97.2615    -0.0439     2.2681      98.73         11  1028.4066  1028.4073    34.9079    34.9085    1469.37    1469.36   7220.125    6.53044   90.28712     -0.099    -0.0015     173284  0.000e+00
   7220.167  -39.33342   59.68294    149.889    151.368     4.0929     4.0916   3.262920   3.262832    97.2877    -0.0439     2.2681      98.73         11  1028.4066  1028.4070    34.9079    34.9083    1469.37    1469.36   7220.167    6.53043   90.28710     -0.101    -0.0013     173285  0.000e+00
   7220.208  -39.33342   59.68294    149.889    151.368     4.0929     4.0918   3.262914   3.262815    97.2877    -0.0439     2.2681      98.73         11  1028.4066  1028.4066    34.9079    34.9078    1469.37    1469.36   7220.208    6.53043   90.28709     -0.103    -0.0010     173286  0.000e+00
   7220.250  -39.33342   59.68294    149.889    151.368     4.0930     4.0922   3.262920   3.262832    97.3138    -0.0439     2.2681      98.73         11  1028.4065  1028.4064    34.9078    34.9076    1469.37    1469.36   7220.250    6.53041   90.28704     -0.104    -0.0008     173287  0.000e+00
   7220.292  -39.33342   59.68294    149.889    151.368     4.0929     4.0922   3.262932   3.262861    97.2877    -0.0439     2.2681      98.73         11  1028.4067  1028.4068    34.9080    34.9080    1469.37    1469.36   7220.292    6.53042   90.28705     -0.102    -0.0008     173288  0.000e+00
   7220.333  -39.33342   59.68294    149.889    151.368     4.0929     4.0922   3.262914   3.262924    97.2877    -0.0439     2.2681      98.73         11  1028.4066  1028.4073    34.9079    34.9087    1469.37    1469.37   7220.333    6.53043   90.28705     -0.102    -0.0006     173289  0.000e+00
   7220.375  -39.33342   59.68294    149.946    151.425     4.0924     4.0924   3.262902   3.262929    97.2877    -0.0439     2.2681      98.73         11  1028.4072  1028.4075    34.9082    34.9086    1469.37    1469.37   7220.375    6.53055   90.28783     -0.099     0.0000     173290  0.000e+00
   7220.417  -39.33342   59.68294    149.825    151.303     4.0922     4.0924   3.262884   3.262889    97.3138    -0.0512     2.2681      98.73         11  1028.4066  1028.4066    34.9082    34.9082    1469.36    1469.36   7220.417    6.53047   90.28641     -0.102     0.0001     173291  0.000e+00
   7220.458  -39.33342   59.68294    149.889    151.368     4.0920     4.0922   3.262854   3.262889    97.3138    -0.0439     2.2681      98.73         11  1028.4068  1028.4070    34.9081    34.9083    1469.36    1469.36   7220.458    6.53057   90.28722     -0.101     0.0002     173292  0.000e+00
   7220.500  -39.33342   59.68294    149.889    151.368     4.0920     4.0924   3.262884   3.262924    97.2877    -0.0439     2.2681      98.73         11  1028.4071  1028.4072    34.9084    34.9085    1469.36    1469.37   7220.500    6.53055   90.28720     -0.100     0.0003     173293  0.000e+00
   7220.542  -39.33340   59.68294    149.889    151.368     4.0922     4.0920   3.262902   3.262901    97.3138    -0.0439     2.2681      98.73         11  1028.4071  1028.4072    34.9084    34.9086    1469.36    1469.36   7220.542    6.53051   90.28713     -0.098    -0.0002     173294  0.000e+00
   7220.583  -39.33340   59.68294    149.889    151.368     4.0920     4.0925   3.262884   3.262889    97.2877    -0.0439     2.2681      98.73         11  1028.4071  1028.4067    34.9084    34.9079    1469.36    1469.37   7220.583    6.53055   90.28717     -0.095     0.0005     173295  0.000e+00
   7220.625  -39.33340   59.68294    149.889    151.368     4.0917     4.0925   3.262830   3.262889    97.3138    -0.0439     2.2681      98.73         11  1028.4069  1028.4067    34.9081    34.9079    1469.36    1469.37   7220.625    6.53061   90.28723     -0.093     0.0008     173296  0.000e+00
   7220.667  -39.33340   59.68294    149.889    151.368     4.0916     4.0925   3.262812   3.262889    97.3138    -0.0439     2.2681      98.73         11  1028.4069  1028.4067    34.9080    34.9079    1469.36    1469.37   7220.667    6.53064   90.28726     -0.093     0.0009     173297  0.000e+00
   7220.708  -39.33340   59.68294    149.825    151.303     4.0915     4.0925   3.262812   3.262929    97.3138    -0.0439     2.2681      98.73         11  1028.4067  1028.4068    34.9082    34.9085    1469.36    1469.37   7220.708    6.53060   90.28651     -0.090     0.0011     173298  0.000e+00
   7220.750  -39.33340   59.68294    149.946    151.425     4.0911     4.0922   3.262794   3.262952    97.3138    -0.0439     2.2681      98.73         11  1028.4074  1028.4078    34.9083    34.9090    1469.36    1469.37   7220.750    6.53076   90.28802     -0.086     0.0011     173299  0.000e+00
   7220.792  -39.33340   59.68294    149.889    151.368     4.0911     4.0924   3.262764   3.262924    97.3138    -0.0512     2.2681      98.73         11  1028.4069  1028.4072    34.9080    34.9085    1469.36    1469.37   7220.792    6.53073   90.28734     -0.085     0.0013     173300  0.000e+00
   7220.833  -39.33340   59.68294    149.889    151.368     4.0910     4.0922   3.262751   3.262924    97.3138    -0.0512     2.2681      98.73         11  1028.4069  1028.4073    34.9080    34.9087    1469.36    1469.37   7220.833    6.53075   90.28735     -0.081     0.0012     173301  0.000e+00
   7220.875  -39.33340   59.68294    149.946    151.425     4.0909     4.0917   3.262770   3.262952    97.3138    -0.0512     2.2669      98.73         11  1028.4073  1028.4083    34.9082    34.9096    1469.36    1469.37   7220.875    6.52622   90.22474     -0.072     0.0008     173302  0.000e+00
   7220.917  -39.33340   59.68294    149.890    151.368     4.0907     4.0913   3.262764   3.262901    97.3138    -0.0439     2.2669      98.73         11  1028.4072  1028.4080    34.9084    34.9094    1469.36    1469.36   7220.917    6.52619   90.22410     -0.070     0.0005     173303  0.000e+00
   7220.958  -39.33340   59.68294    149.890    151.368     4.0911     4.0915   3.262770   3.262832    97.3138    -0.0512     2.2681      98.73         11  1028.4069  1028.4071    34.9080    34.9083    1469.36    1469.36   7220.958    6.53071   90.28726     -0.068     0.0004     173304  0.000e+00
   7221.000  -39.33340   59.68294    149.946    151.425     4.0911     4.0916   3.262824   3.262804    97.3138    -0.0439     2.2669      98.73         11  1028.4077  1028.4070    34.9087    34.9079    1469.36    1469.36   7221.000    6.52616   90.22466     -0.063     0.0005     173305  0.000e+00
   7221.042  -39.33340   59.68294    149.946    151.425     4.0911     4.0914   3.262800   3.262804    97.3138    -0.0439     2.2681      98.73         11  1028.4075  1028.4072    34.9084    34.9081    1469.36    1469.36   7221.042    6.53075   90.28792     -0.057     0.0003     173306  0.000e+00
   7221.083  -39.33340   59.68294    149.946    151.425     4.0911     4.0916   3.262800   3.262872    97.3138    -0.0439     2.2681      98.73         11  1028.4074  1028.4077    34.9083    34.9087    1469.36    1469.36   7221.083    6.53074   90.28789     -0.051     0.0004     173307  0.000e+00
   7221.125  -39.33340   59.68294    149.946    151.425     4.0911     4.0916   3.262794   3.262804    97.3138    -0.0439     2.2669      98.73         11  1028.4074  1028.4070    34.9083    34.9079    1469.36    1469.36   7221.125    6.52618   90.22461     -0.045     0.0005     173308  0.000e+00
   7221.167  -39.33340   59.68294    149.946    151.425     4.0909     4.0914   3.262764   3.262861    97.3138    -0.0439     2.2669      98.73         11  1028.4073  1028.4078    34.9081    34.9088    1469.36    1469.36   7221.167    6.52621   90.22464     -0.035     0.0005     173309  0.000e+00
   7221.208  -39.33340   59.68294    150.010    151.490     4.0907     4.0914   3.262770   3.262832    97.3138    -0.0439     2.2681      98.73         11  1028.4078  1028.4077    34.9084    34.9084    1469.36    1469.36   7221.208    6.53086   90.28870     -0.028     0.0007     173310  0.000e+00
   7221.250  -39.33340   59.68294    149.946    151.425     4.0908     4.0914   3.262764   3.262844    97.3138    -0.0439     2.2681      98.73         11  1028.4073  1028.4076    34.9082    34.9086    1469.36    1469.36   7221.250    6.53080   90.28790     -0.022     0.0005     173311  0.000e+00
   7221.292  -39.33340   59.68294    150.010    151.490     4.0909     4.0914   3.262770   3.262832    97.3138    -0.0439     2.2669      98.73         11  1028.4076  1028.4077    34.9082    34.9084    1469.36    1469.36   7221.292    6.52626   90.22536     -0.011     0.0005     173312  0.000e+00
   7221.333  -39.33340   59.68294    150.002    151.482     4.0907     4.0912   3.262782   3.262804    97.3138    -0.0365     2.2669      98.73         11  1028.4079  1028.4076    34.9085    34.9083    1469.36    1469.36   7221.333    6.52627   90.22529     -0.005     0.0005     173313  0.000e+00
   7221.375  -39.33340   59.68294    150.010    151.490     4.0910     4.0914   3.262764   3.262832    97.3138    -0.0439     2.2681      98.73         11  1028.4075  1028.4077    34.9080    34.9084    1469.36    1469.36   7221.375    6.53083   90.28859      0.005     0.0005     173314  0.000e+00
   7221.417  -39.33340   59.68294    150.067    151.547     4.0912     4.0915   3.262794   3.262844    97.3138    -0.0512     2.2681      98.73         11  1028.4078  1028.4080    34.9081    34.9084    1469.36    1469.36   7221.417    6.53083   90.28917      0.014     0.0003     173315  0.000e+00
   7221.458  -39.33340   59.68294    150.067    151.547     4.0916     4.0916   3.262854   3.262861    97.3138    -0.0439     2.2681      98.73         11  1028.4080  1028.4081    34.9084    34.9085    1469.37    1469.37   7221.458    6.53076   90.28907      0.027 -5.430e-07     173316  0.000e+00
   7221.500  -39.33340   59.68294    150.067    151.547     4.0918     4.0915   3.262830   3.262861    97.2877    -0.0512     2.2681      98.73         11  1028.4076  1028.4081    34.9079    34.9086    1469.37    1469.37   7221.500    6.53074   90.28900      0.037    -0.0003     173317  0.000e+00
   7221.542  -39.33340   59.68294    150.067    151.547     4.0916     4.0914   3.262812   3.262832    97.3138    -0.0439     2.2681      98.73         11  1028.4076  1028.4080    34.9079    34.9083    1469.36    1469.36   7221.542    6.53078   90.28905      0.046    -0.0002     173318  0.000e+00
   7221.583  -39.33340   59.68294    150.123    151.604     4.0914     4.0916   3.262794   3.262861    97.2877    -0.0439     2.2681      98.73         11  1028.4078  1028.4083    34.9079    34.9085    1469.36    1469.37   7221.583    6.53086   90.28974      0.062     0.0002     173319  0.000e+00
   7221.625  -39.33340   59.68294    150.123    151.604     4.0915     4.0915   3.262800   3.262844    97.3138    -0.0512     2.2681      98.73         11  1028.4078  1028.4082    34.9079    34.9083    1469.36    1469.37   7221.625    6.53084   90.28971      0.074     0.0001     173320  0.000e+00
   7221.667  -39.33340   59.68294    150.123    151.604     4.0914     4.0913   3.262812   3.262861    97.2877    -0.0439     2.2681      98.73         11  1028.4080  1028.4086    34.9081    34.9088    1469.36    1469.37   7221.667    6.53084   90.28971      0.085    -0.0001     173321  0.000e+00
   7221.708  -39.33340   59.68294    150.123    151.604     4.0914     4.0912   3.262812   3.262861    97.2877    -0.0439     2.2681      98.73         11  1028.4080  1028.4087    34.9081    34.9089    1469.36    1469.37   7221.708    6.53084   90.28970      0.096    -0.0002     173322  0.000e+00
   7221.750  -39.33340   59.68294    150.244    151.726     4.0916     4.0913   3.262830   3.262832    97.2877    -0.0439     2.2693      98.73         11  1028.4085  1028.4089    34.9081    34.9084    1469.37    1469.37   7221.750    6.53549   90.35434      0.113    -0.0003     173323  0.000e+00
   7221.792  -39.33340   59.68294    150.188    151.669     4.0918     4.0912   3.262842   3.262815    97.3138    -0.0512     2.2693      98.73         11  1028.4082  1028.4085    34.9080    34.9083    1469.37    1469.37   7221.792    6.53541   90.35361      0.127    -0.0006     173324  0.000e+00
   7221.833  -39.33340   59.68294    150.179    151.661     4.0919     4.0914   3.262842   3.262832    97.3138    -0.0439     2.2693      98.73         11  1028.4081  1028.4084    34.9079    34.9083    1469.37    1469.37   7221.833    6.53539   90.35347      0.136    -0.0005     173325  0.000e+00
   7221.875  -39.33340   59.68294    150.244    151.726     4.0919     4.0917   3.262824   3.262832    97.3138    -0.0439     2.2693      98.73         11  1028.4082  1028.4085    34.9076    34.9080    1469.37    1469.37   7221.875    6.53545   90.35422      0.152    -0.0002     173326  0.000e+00
   7221.917  -39.33340   59.68294    150.300    151.783     4.0915     4.0917   3.262812   3.262861    97.3138    -0.0512     2.2693      98.73         11  1028.4087  1028.4089    34.9079    34.9082    1469.37    1469.37   7221.917    6.53556   90.35498      0.166     0.0003     173327  0.000e+00
   7221.958  -39.33340   59.68294    150.308    151.791     4.0914     4.0917   3.262812   3.262872    97.3138    -0.0439     2.2693      98.73         11  1028.4088  1028.4091    34.9080    34.9084    1469.37    1469.37   7221.958    6.53558   90.35508      0.184     0.0003     173328  0.000e+00
   7222.000  -39.33340   59.68294    150.300    151.783     4.0912     4.0918   3.262812   3.262861    97.3138    -0.0439     2.2693      98.73         11  1028.4089  1028.4088    34.9082    34.9081    1469.37    1469.37   7222.000    6.53559   90.35501      0.197     0.0006     173329  0.000e+00
