Ship_data/Irminger/Irminger-2/ctd/process/at30_007.ros
* Sea-Bird SBE 9 Data File:
* FileName = C:\data\ctd\at30_007.hdr
* Software Version Seasave V 7.21f
* Temperature SN = 2265
* Conductivity SN = 3021
* Number of Bytes Per Scan = 40
* Number of Voltage Words = 5
* Number of Scans Averaged by the Deck Unit = 1
* NMEA Latitude = 59 46.29 N
* NMEA Longitude = 039 52.92 W
* NMEA UTC (Time) = Aug 17 2015  23:01:49
** Site of FLMA 2015 -- need to confirm bottom depth
# nquan = 27
# nvalues = 1176                                  
# units = specified
# name 0 = timeS: Time, Elapsed [seconds]
# name 1 = longitude: Longitude [deg]
# name 2 = latitude: Latitude [deg]
# name 3 = depSM: Depth [salt water, m]
# name 4 = prDM: Pressure, Digiquartz [db]
# name 5 = t090C: Temperature [ITS-90, deg C]
# name 6 = t190C: Temperature, 2 [ITS-90, deg C]
# name 7 = c0S/m: Conductivity [S/m]
# name 8 = c1S/m: Conductivity, 2 [S/m]
# name 9 = CStarTr0: Beam Transmission, WET Labs C-Star [%]
# name 10 = flECO-AFL: Fluorescence, WET Labs ECO-AFL/FL [mg/m^3]
# name 11 = sbeox0V: Oxygen raw, SBE 43 [V]
# name 12 = altM: Altimeter [m]
# name 13 = nbf: Bottles Fired
# name 14 = density00: Density [density, Kg/m^3]
# name 15 = density11: Density, 2 [density, Kg/m^3]
# name 16 = sal00: Salinity, Practical [PSU]
# name 17 = sal11: Salinity, Practical, 2 [PSU]
# name 18 = svCM: Sound Velocity [Chen-Millero, m/s]
# name 19 = svCM1: Sound Velocity, 2 [Chen-Millero, m/s]
# name 20 = timeS: Time, Elapsed [seconds]
# name 21 = sbeox0ML/L: Oxygen, SBE 43 [ml/l]
# name 22 = sbeox0PS: Oxygen, SBE 43 [% saturation]
# name 23 = dz/dtM: Descent Rate [m/s]
# name 24 = T2-T190C: Temperature Difference, 2 - 1 [ITS-90, deg C]
# name 25 = scan: Scan Count
# name 26 = flag:  0.000e+00
# interval = seconds: 0.0416667
# start_time = Aug 17 2015 23:01:49 [NMEA time, header]
# bad_flag = -9.990e-29
*END*
[from data line 806]
   5655.833  -39.88164   59.77140    396.000    400.149     3.7271     3.7272   3.240579   3.240601    97.7324    -0.0219     2.2214      98.78         17  1029.5905  1029.5907    34.8968    34.8970    1471.90    1471.91   5655.833    6.63021   90.85112     -1.102     0.0001     135741  0.000e+00
   5655.875  -39.88166   59.77140    395.879    400.026     3.7271     3.7271   3.240585   3.240601    97.7324    -0.0219     2.2214      98.78         17  1029.5901  1029.5903    34.8970    34.8972    1471.90    1471.90   5655.875    6.63010   90.84966     -1.118    -0.0000     135742  0.000e+00
   5655.917  -39.88166   59.77140    395.879    400.026     3.7272     3.7275   3.240585   3.240601    97.7324    -0.0219     2.2214      98.78         17  1029.5900  1029.5899    34.8969    34.8968    1471.90    1471.90   5655.917    6.63009   90.84962     -1.129     0.0003     135743  0.000e+00
   5655.958  -39.88166   59.77140    395.823    399.969     3.7275     3.7274   3.240561   3.240601    97.7324    -0.0219     2.2214      98.75         17  1029.5893  1029.5897    34.8964    34.8969    1471.90    1471.90   5655.958    6.63001   90.84885     -1.138    -0.0001     135744  0.000e+00
   5656.000  -39.88166   59.77140    395.766    399.912     3.7273     3.7272   3.240555   3.240601    97.7324    -0.0219     2.2214      98.78         17  1029.5891  1029.5897    34.8965    34.8972    1471.90    1471.90   5656.000    6.62999   90.84821     -1.148    -0.0001     135745  0.000e+00
   5656.042  -39.88166   59.77140    395.702    399.847     3.7273     3.7272   3.240543   3.240561    97.7324    -0.0219     2.2214      98.78         17  1029.5888  1029.5890    34.8964    34.8967    1471.90    1471.90   5656.042    6.62993   90.84742     -1.163    -0.0001     135746  0.000e+00
   5656.083  -39.88166   59.77140    395.645    399.790     3.7274     3.7271   3.240549   3.240572    97.7324    -0.0219     2.2214      98.78         17  1029.5885  1029.5890    34.8964    34.8970    1471.90    1471.90   5656.083    6.62987   90.84671     -1.172    -0.0003     135747  0.000e+00
   5656.125  -39.88166   59.77140    395.581    399.725     3.7273     3.7273   3.240561   3.240538    97.7324    -0.0219     2.2214      98.75         17  1029.5884  1029.5882    34.8967    34.8963    1471.90    1471.90   5656.125    6.62981   90.84594     -1.183     0.0000     135748  0.000e+00
   5656.167  -39.88166   59.77140    395.468    399.610     3.7275     3.7274   3.240555   3.240600    97.7324    -0.0219     2.2214      98.78         17  1029.5877  1029.5882    34.8965    34.8971    1471.90    1471.90   5656.167    6.62969   90.84453     -1.199    -0.0001     135749  0.000e+00
   5656.208  -39.88166   59.77140    395.524    399.667     3.7273     3.7275   3.240555   3.240572    97.7324    -0.0219     2.2214      98.78         17  1029.5881  1029.5881    34.8966    34.8966    1471.90    1471.90   5656.208    6.62976   90.84523     -1.205     0.0002     135750  0.000e+00
   5656.250  -39.88166   59.77140    395.403    399.545     3.7274     3.7276   3.240561   3.240538    97.7324    -0.0219     2.2214      98.78         17  1029.5876  1029.5872    34.8967    34.8962    1471.90    1471.90   5656.250    6.62964   90.84375     -1.216     0.0002     135751  0.000e+00
   5656.292  -39.88166   59.77140    395.339    399.480     3.7271     3.7275   3.240561   3.240572    97.7324    -0.0292     2.2214      98.78         17  1029.5876  1029.5873    34.8970    34.8967    1471.89    1471.90   5656.292    6.62961   90.84302     -1.229     0.0004     135752  0.000e+00
   5656.333  -39.88166   59.77140    395.290    399.431     3.7275     3.7272   3.240543   3.240538    97.7324    -0.0219     2.2214      98.78         17  1029.5869  1029.5870    34.8964    34.8966    1471.89    1471.89   5656.333    6.62953   90.84233     -1.238    -0.0002     135753  0.000e+00
   5656.375  -39.88166   59.77140    395.169    399.308     3.7273     3.7274   3.240567   3.240589    97.7324    -0.0219     2.2214      98.78         17  1029.5867  1029.5868    34.8970    34.8971    1471.89    1471.89   5656.375    6.62943   90.84092     -1.252     0.0001     135754  0.000e+00
   5656.417  -39.88166   59.77140    395.161    399.300     3.7274     3.7275   3.240543   3.240572    97.7324    -0.0292     2.2214      98.75         17  1029.5864  1029.5865    34.8966    34.8968    1471.89    1471.89   5656.417    6.62943   90.84079     -1.264     0.0002     135755  0.000e+00
   5656.458  -39.88166   59.77140    395.105    399.243     3.7275     3.7272   3.240531   3.240538    97.7324    -0.0219     2.2214      98.75         17  1029.5860  1029.5862    34.8964    34.8967    1471.89    1471.89   5656.458    6.62937   90.84007     -1.273    -0.0002     135756  0.000e+00
   5656.500  -39.88166   59.77140    395.048    399.186     3.7275     3.7275   3.240531   3.240572    97.7324    -0.0219     2.2214      98.78         17  1029.5857  1029.5861    34.8964    34.8969    1471.89    1471.89   5656.500    6.62932   90.83937     -1.283     0.0000     135757  0.000e+00
   5656.542  -39.88166   59.77140    394.992    399.129     3.7275     3.7274   3.240530   3.240538    97.7324    -0.0219     2.2214      98.78         17  1029.5855  1029.5856    34.8965    34.8966    1471.89    1471.89   5656.542    6.62927   90.83868     -1.294    -0.0001     135758  0.000e+00
   5656.583  -39.88166   59.77140    394.984    399.121     3.7274     3.7277   3.240524   3.240572    97.7324    -0.0219     2.2214      98.78         17  1029.5855  1029.5856    34.8965    34.8967    1471.89    1471.89   5656.583    6.62928   90.83860     -1.302     0.0003     135759  0.000e+00
   5656.625  -39.88166   59.77140    394.871    399.007     3.7271     3.7274   3.240548   3.240572    97.7324    -0.0219     2.2214      98.78         17  1029.5854  1029.5854    34.8971    34.8971    1471.89    1471.89   5656.625    6.62919   90.83729     -1.310     0.0003     135760  0.000e+00
   5656.667  -39.88166   59.77140    394.806    398.941     3.7275     3.7274   3.240542   3.240537    97.7324    -0.0219     2.2214      98.78         17  1029.5848  1029.5848    34.8967    34.8967    1471.89    1471.89   5656.667    6.62909   90.83641     -1.320    -0.0001     135761  0.000e+00
   5656.708  -39.88166   59.77140    394.750    398.884     3.7273     3.7277   3.240530   3.240560    97.7324    -0.0219     2.2214      98.78         17  1029.5846  1029.5845    34.8968    34.8967    1471.88    1471.89   5656.708    6.62907   90.83577     -1.327     0.0004     135762  0.000e+00
   5656.750  -39.88166   59.77140    394.750    398.884     3.7272     3.7274   3.240530   3.240600    97.7324    -0.0219     2.2214      98.78         17  1029.5847  1029.5852    34.8969    34.8975    1471.88    1471.89   5656.750    6.62908   90.83578     -1.331     0.0002     135763  0.000e+00
   5656.792  -39.88166   59.77140    394.629    398.762     3.7276     3.7275   3.240524   3.240509    97.7324    -0.0219     2.2214      98.78         17  1029.5837  1029.5837    34.8964    34.8963    1471.88    1471.88   5656.792    6.62891   90.83419     -1.343    -0.0001     135764  0.000e+00
   5656.833  -39.88166   59.77140    394.564    398.697     3.7275     3.7274   3.240506   3.240537    97.7062    -0.0219     2.2214      98.78         17  1029.5834  1029.5838    34.8964    34.8968    1471.88    1471.88   5656.833    6.62889   90.83345     -1.348    -0.0001     135765  0.000e+00
   5656.875  -39.88166   59.77140    394.516    398.648     3.7273     3.7275   3.240500   3.240537    97.7062    -0.0219     2.2214      98.78         17  1029.5833  1029.5835    34.8965    34.8968    1471.88    1471.88   5656.875    6.62887   90.83290     -1.357     0.0002     135766  0.000e+00
   5656.917  -39.88166   59.77140    394.508    398.640     3.7272     3.7272   3.240500   3.240509    97.7324    -0.0219     2.2214      98.78         17  1029.5834  1029.5834    34.8967    34.8967    1471.88    1471.88   5656.917    6.62887   90.83282     -1.360     0.0001     135767  0.000e+00
   5680.542  -39.88166   59.77140    371.231    375.097     3.7397     3.7393   3.240637   3.240650    97.7062    -0.0219     2.2285      98.78         18  1029.4739  1029.4744    34.8976    34.8982    1471.55    1471.55   5680.542    6.63416   90.93352     -1.306    -0.0005     136334  0.000e+00
   5680.583  -39.88166   59.77140    371.053    374.918     3.7399     3.7391   3.240637   3.240593    97.7062    -0.0219     2.2285      98.78         18  1029.4729  1029.4733    34.8975    34.8978    1471.55    1471.54   5680.583    6.63398   90.93133     -1.311    -0.0008     136335  0.000e+00
   5680.625  -39.88166   59.77140    371.053    374.918     3.7396     3.7393   3.240619   3.240644    97.7062    -0.0219     2.2285      98.78         18  1029.4731  1029.4736    34.8976    34.8983    1471.54    1471.54   5680.625    6.63403   90.93141     -1.314    -0.0003     136336  0.000e+00
   5680.667  -39.88166   59.77140    370.989    374.853     3.7397     3.7391   3.240625   3.240593    97.7062    -0.0219     2.2285      98.78         18  1029.4727  1029.4730    34.8976    34.8979    1471.54    1471.54   5680.667    6.63394   90.93057     -1.313    -0.0006     136337  0.000e+00
   5680.708  -39.88166   59.77140    370.989    374.853     3.7397     3.7393   3.240631   3.240564    97.7062    -0.0219     2.2285      98.78         18  1029.4728  1029.4726    34.8976    34.8974    1471.54    1471.54   5680.708    6.63394   90.93056     -1.314    -0.0005     136338  0.000e+00
   5680.750  -39.88166   59.77140    370.933    374.796     3.7397     3.7391   3.240637   3.240593    97.6800    -0.0219     2.2285      98.78         18  1029.4726  1029.4728    34.8978    34.8979    1471.54    1471.54   5680.750    6.63388   90.92986     -1.312    -0.0006     136339  0.000e+00
   5680.792  -39.88166   59.77140    370.876    374.739     3.7401     3.7391   3.240637   3.240593    97.7062    -0.0219     2.2285      98.78         18  1029.4720  1029.4725    34.8974    34.8979    1471.54    1471.54   5680.792    6.63379   90.92908     -1.313    -0.0010     136340  0.000e+00
   5680.833  -39.88166   59.77140    370.812    374.673     3.7397     3.7393   3.240655   3.240564    97.6800    -0.0219     2.2285      98.78         18  1029.4722  1029.4718    34.8980    34.8974    1471.54    1471.54   5680.833    6.63376   90.92838     -1.312    -0.0005     136341  0.000e+00
   5680.875  -39.88166   59.77140    370.755    374.616     3.7400     3.7391   3.240643   3.240593    97.7062    -0.0219     2.2285      98.78         18  1029.4716  1029.4720    34.8976    34.8980    1471.54    1471.54   5680.875    6.63368   90.92761     -1.312    -0.0009     136342  0.000e+00
   5680.917  -39.88166   59.77140    370.691    374.551     3.7399     3.7391   3.240613   3.240564    97.6800    -0.0219     2.2285      98.78         18  1029.4712  1029.4715    34.8974    34.8977    1471.54    1471.54   5680.917    6.63365   90.92685     -1.309    -0.0008     136343  0.000e+00
   5680.958  -39.88166   59.77140    370.691    374.551     3.7399     3.7391   3.240649   3.240615    97.7062    -0.0219     2.2297      98.78         18  1029.4715  1029.4720    34.8978    34.8983    1471.54    1471.54   5680.958    6.63840   90.99214     -1.307    -0.0008     136344  0.000e+00
   5681.000  -39.88166   59.77140    370.634    374.494     3.7400     3.7391   3.240649   3.240564    97.6800    -0.0219     2.2297      98.78         18  1029.4712  1029.4712    34.8978    34.8977    1471.54    1471.53   5681.000    6.63833   90.99141     -1.306    -0.0009     136345  0.000e+00
   5681.042  -39.88166   59.77140    370.513    374.372     3.7401     3.7389   3.240637   3.240564    97.6800    -0.0219     2.2285      98.78         18  1029.4705  1029.4709    34.8976    34.8979    1471.54    1471.53   5681.042    6.63345   90.92463     -1.306    -0.0011     136346  0.000e+00
   5681.083  -39.88166   59.77140    370.578    374.437     3.7399     3.7391   3.240613   3.240592    97.7062    -0.0219     2.2285      98.78         18  1029.4707  1029.4713    34.8975    34.8981    1471.54    1471.53   5681.083    6.63355   90.92543     -1.302    -0.0008     136347  0.000e+00
   5681.125  -39.88166   59.77140    370.513    374.372     3.7401     3.7395   3.240625   3.240564    97.7062    -0.0219     2.2297      98.78         18  1029.4704  1029.4704    34.8975    34.8974    1471.54    1471.53   5681.125    6.63822   90.98990     -1.292    -0.0006     136348  0.000e+00
   5681.167  -39.88166   59.77140    370.400    374.257     3.7400     3.7393   3.240595   3.240592    97.7062    -0.0219     2.2285      98.78         18  1029.4697  1029.4704    34.8972    34.8980    1471.53    1471.53   5681.167    6.63338   90.92324     -1.294    -0.0008     136349  0.000e+00
   5681.208  -39.88166   59.77140    370.457    374.315     3.7399     3.7395   3.240595   3.240592    97.7062    -0.0219     2.2285      98.78         18  1029.4700  1029.4704    34.8973    34.8978    1471.53    1471.53   5681.208    6.63344   90.92393     -1.286    -0.0004     136350  0.000e+00
   5681.250  -39.88166   59.77140    370.336    374.192     3.7399     3.7394   3.240607   3.240621    97.7062    -0.0219     2.2285      98.78         18  1029.4696  1029.4702    34.8975    34.8982    1471.53    1471.53   5681.250    6.63333   90.92247     -1.283    -0.0005     136351  0.000e+00
   5681.292  -39.88166   59.77140    370.279    374.135     3.7400     3.7396   3.240607   3.240581    97.7062    -0.0219     2.2297      98.78         18  1029.4693  1029.4694    34.8974    34.8975    1471.53    1471.53   5681.292    6.63802   90.98704     -1.276    -0.0004     136352  0.000e+00
   5681.333  -39.88166   59.77140    370.279    374.135     3.7397     3.7396   3.240601   3.240621    97.7324    -0.0219     2.2297      98.78         18  1029.4695  1029.4698    34.8977    34.8981    1471.53    1471.53   5681.333    6.63806   90.98710     -1.271    -0.0002     136353  0.000e+00
   5681.375  -39.88166   59.77140    370.279    374.135     3.7401     3.7396   3.240607   3.240564    97.7324    -0.0219     2.2297      98.78         18  1029.4692  1029.4692    34.8974    34.8973    1471.53    1471.53   5681.375    6.63801   90.98699     -1.259    -0.0004     136354  0.000e+00
   5681.417  -39.88166   59.77140    370.158    374.013     3.7397     3.7394   3.240589   3.240621    97.7324    -0.0292     2.2297      98.78         18  1029.4688  1029.4695    34.8976    34.8983    1471.53    1471.53   5681.417    6.63796   90.98562     -1.254    -0.0003     136355  0.000e+00
   5681.458  -39.88166   59.77140    370.102    373.956     3.7400     3.7398   3.240595   3.240592    97.7324    -0.0219     2.2297      98.78         18  1029.4684  1029.4686    34.8974    34.8976    1471.53    1471.53   5681.458    6.63787   90.98485     -1.252    -0.0002     136356  0.000e+00
   5681.500  -39.88166   59.77140    370.102    373.956     3.7401     3.7399   3.240625   3.240621    97.7062    -0.0219     2.2297      98.78         18  1029.4686  1029.4688    34.8977    34.8978    1471.53    1471.53   5681.500    6.63784   90.98481     -1.243    -0.0002     136357  0.000e+00
   5681.542  -39.88166   59.77140    370.037    373.890     3.7399     3.7398   3.240613   3.240621    97.7062    -0.0219     2.2285      98.78         18  1029.4684  1029.4686    34.8978    34.8980    1471.53    1471.53   5681.542    6.63305   90.91877     -1.236    -0.0001     136358  0.000e+00
   5681.583  -39.88166   59.77140    370.037    373.890     3.7399     3.7396   3.240607   3.240592    97.7062    -0.0219     2.2297      98.75         18  1029.4683  1029.4685    34.8977    34.8978    1471.53    1471.53   5681.583    6.63781   90.98405     -1.226    -0.0003     136359  0.000e+00
