Ship_data/Irminger/Irminger-2/ctd/process/at30_010_SV.cnv
* Sea-Bird SBE 9 Data File:
* FileName = C:\data\ctd\at30_010.hdr
* Software Version Seasave V 7.21f
* Temperature SN = 2265
* Conductivity SN = 3021
* Number of Bytes Per Scan = 40
* Number of Voltage Words = 5
* Number of Scans Averaged by the Deck Unit = 1
* NMEA Latitude = 59 45.71 N
* NMEA Longitude = 039 52.84 W
* NMEA UTC (Time) = Aug 19 2015  21:15:33
** FLMA 2 post deployment cal
# nquan = 15
# nvalues = 2687                        
# units = specified
# name 0 = depSM: Depth [salt water, m]
# name 1 = svCM: Sound Velocity [Chen-Millero, m/s]
# name 2 = svCM1: Sound Velocity, 2 [Chen-Millero, m/s]
# name 3 = timeS: Time, Elapsed [seconds]
# name 4 = depSM: Depth [salt water, m]
# name 5 = density00: Density [density, Kg/m^3]
# name 6 = density11: Density, 2 [density, Kg/m^3]
# name 7 = sal00: Salinity, Practical [PSU]
# name 8 = sal11: Salinity, Practical, 2 [PSU]
# name 9 = svCM: Sound Velocity [Chen-Millero, m/s]
# name 10 = svCM1: Sound Velocity, 2 [Chen-Millero, m/s]
# name 11 = sbeox0ML/L: Oxygen, SBE 43 [ml/l]
# name 12 = dz/dtM: Descent Rate [m/s]
# name 13 = T2-T190C: Temperature Difference, 2 - 1 [ITS-90, deg C]
# name 14 = flag:
# span 0 =      2.000,   2688.000       
# span 1 =    1471.29,    1502.64       
# span 2 =    1471.29,    1502.64       
# span 3 =     -2.754,   3256.645       
# span 4 =      2.000,   2688.000       
# span 5 =  1027.1091,  1040.4623       
# span 6 =  1027.1088,  1040.4617       
# span 7 =    34.8209,    35.0190       
# span 8 =    34.8409,    35.0198       
# span 9 =    1471.29,    1502.64       
# span 10 =    1471.29,    1502.64      
# span 11 =    6.00854,    7.02119      
# span 12 =     -0.177,      1.691      
# span 13 =    -0.0594,     0.0690      
# span 14 = 0.0000e+00, 0.0000e+00      
# interval = meters: 1                  
# start_time = Aug 19 2015 21:15:33 [NMEA time, header]
# bad_flag = -9.990e-29
*END*
[from data line 193]
    195.000    1471.37    1471.37    515.997    195.000  1028.6193  1028.6196    34.9506    34.9512    1471.37    1471.37    6.39672      0.405     0.0003 0.0000e+00
    196.000    1471.36    1471.36    518.530    196.000  1028.6246  1028.6250    34.9504    34.9510    1471.36    1471.36    6.39690      0.463     0.0002 0.0000e+00
    197.000    1471.36    1471.36    520.404    197.000  1028.6295  1028.6299    34.9502    34.9508    1471.36    1471.36    6.39622      0.573     0.0002 0.0000e+00
    198.000    1471.35    1471.35    522.178    198.000  1028.6343  1028.6349    34.9495    34.9503    1471.35    1471.35    6.39731      0.556     0.0000 0.0000e+00
    199.000    1471.35    1471.35    524.237    199.000  1028.6394  1028.6396    34.9494    34.9499    1471.35    1471.35    6.39896      0.419     0.0003 0.0000e+00
    200.000    1471.35    1471.35    526.680    200.000  1028.6442  1028.6447    34.9490    34.9496    1471.35    1471.35    6.39987      0.560     0.0000 0.0000e+00
    201.000    1471.36    1471.36    528.010    201.000  1028.6493  1028.6497    34.9493    34.9498    1471.36    1471.36    6.39811      0.867    -0.0003 0.0000e+00
    202.000    1471.37    1471.37    529.200    202.000  1028.6539  1028.6544    34.9489    34.9496    1471.36    1471.37    6.39806      0.684    -0.0001 0.0000e+00
    203.000    1471.39    1471.39    532.598    203.000  1028.6586  1028.6589    34.9491    34.9495    1471.39    1471.39    6.40418      0.199     0.0000 0.0000e+00
    204.000    1471.37    1471.37    534.273    204.000  1028.6632  1028.6642    34.9478    34.9491    1471.37    1471.37    6.40026      0.827     0.0001 0.0000e+00
    205.000    1471.35    1471.35    535.583    205.000  1028.6687  1028.6693    34.9475    34.9482    1471.35    1471.35    6.40275      0.673     0.0000 0.0000e+00
    206.000    1471.36    1471.36    537.298    206.000  1028.6735  1028.6740    34.9474    34.9479    1471.35    1471.36    6.40528      0.593     0.0001 0.0000e+00
    207.000    1471.36    1471.37    538.841    207.000  1028.6785  1028.6787    34.9475    34.9479    1471.36    1471.36    6.40540      0.769     0.0002 0.0000e+00
    208.000    1471.38    1471.38    540.006    208.000  1028.6830  1028.6836    34.9473    34.9480    1471.38    1471.38    6.40406      0.914     0.0000 0.0000e+00
    209.000    1471.39    1471.39    541.073    209.000  1028.6877  1028.6884    34.9471    34.9478    1471.39    1471.39    6.40279      0.956     0.0003 0.0000e+00
    210.000    1471.40    1471.40    542.130    210.000  1028.6925  1028.6931    34.9470    34.9477    1471.40    1471.40    6.40217      0.925     0.0001 0.0000e+00
    211.000    1471.41    1471.41    543.327    211.000  1028.6971  1028.6978    34.9467    34.9474    1471.41    1471.41    6.40330      0.747     0.0001 0.0000e+00
    212.000    1471.41    1471.41    544.872    212.000  1028.7020  1028.7025    34.9464    34.9470    1471.41    1471.41    6.40531      0.678    -0.0003 0.0000e+00
    213.000    1471.41    1471.41    546.124    213.000  1028.7072  1028.7075    34.9463    34.9469    1471.41    1471.41    6.40382      1.022     0.0003 0.0000e+00
    214.000    1471.39    1471.39    546.970    214.000  1028.7112  1028.7125    34.9445    34.9463    1471.39    1471.39    6.40148      1.210     0.0002 0.0000e+00
    215.000    1471.37    1471.38    547.793    215.000  1028.7170  1028.7177    34.9449    34.9456    1471.37    1471.37    6.40133      1.127    -0.0000 0.0000e+00
    216.000    1471.37    1471.37    548.870    216.000  1028.7217  1028.7224    34.9442    34.9452    1471.37    1471.37    6.40424      0.788     0.0003 0.0000e+00
    217.000    1471.37    1471.37    550.443    217.000  1028.7268  1028.7273    34.9440    34.9446    1471.36    1471.37    6.41103      0.639     0.0004 0.0000e+00
    218.000    1471.35    1471.36    551.839    218.000  1028.7316  1028.7324    34.9430    34.9442    1471.35    1471.35    6.41824      0.952    -0.0000 0.0000e+00
    219.000    1471.35    1471.35    552.721    219.000  1028.7369  1028.7374    34.9432    34.9439    1471.35    1471.35    6.41860      1.331    -0.0001 0.0000e+00
    220.000    1471.36    1471.36    553.399    220.000  1028.7415  1028.7423    34.9428    34.9437    1471.36    1471.36    6.41417      1.556    -0.0000 0.0000e+00
    221.000    1471.35    1471.35    554.018    221.000  1028.7463  1028.7472    34.9423    34.9433    1471.35    1471.35    6.40970      1.608    -0.0002 0.0000e+00
    222.000    1471.34    1471.34    554.642    222.000  1028.7512  1028.7522    34.9414    34.9426    1471.33    1471.33    6.40828      1.450    -0.0005 0.0000e+00
    223.000    1471.30    1471.30    555.484    223.000  1028.7565  1028.7576    34.9402    34.9417    1471.29    1471.30    6.41409      1.000     0.0001 0.0000e+00
    224.000    1471.29    1471.29    557.068    224.000  1028.7621  1028.7631    34.9408    34.9419    1471.29    1471.29    6.42339      0.530    -0.0002 0.0000e+00
    225.000    1471.30    1471.30    558.896    225.000  1028.7668  1028.7672    34.9405    34.9411    1471.30    1471.30    6.43423      0.844     0.0001 0.0000e+00
    226.000    1471.31    1471.31    559.822    226.000  1028.7717  1028.7722    34.9406    34.9411    1471.31    1471.31    6.43343      1.276     0.0001 0.0000e+00
    227.000    1471.32    1471.32    560.524    227.000  1028.7766  1028.7770    34.9407    34.9412    1471.32    1471.32    6.42781      1.481     0.0004 0.0000e+00
    228.000    1471.34    1471.34    561.172    228.000  1028.7814  1028.7817    34.9407    34.9411    1471.33    1471.33    6.42376      1.475    -0.0000 0.0000e+00
    229.000    1471.35    1471.35    561.903    229.000  1028.7860  1028.7865    34.9405    34.9411    1471.35    1471.35    6.42346      1.195    -0.0001 0.0000e+00
    230.000    1471.36    1471.37    563.065    230.000  1028.7908  1028.7910    34.9406    34.9409    1471.36    1471.36    6.42670      0.735     0.0002 0.0000e+00
    231.000    1471.38    1471.38    564.682    231.000  1028.7954  1028.7958    34.9406    34.9411    1471.38    1471.38    6.43241      0.674    -0.0001 0.0000e+00
    232.000    1471.40    1471.40    565.920    232.000  1028.8002  1028.8005    34.9406    34.9412    1471.40    1471.40    6.43317      1.003    -0.0001 0.0000e+00
    233.000    1471.41    1471.41    566.805    233.000  1028.8048  1028.8053    34.9406    34.9413    1471.41    1471.41    6.43230      1.280     0.0002 0.0000e+00
    234.000    1471.43    1471.43    567.527    234.000  1028.8096  1028.8099    34.9407    34.9412    1471.43    1471.43    6.42884      1.431     0.0005 0.0000e+00
    235.000    1471.44    1471.45    568.210    235.000  1028.8143  1028.8148    34.9407    34.9413    1471.44    1471.44    6.42448      1.461     0.0002 0.0000e+00
    236.000    1471.46    1471.46    568.912    236.000  1028.8190  1028.8193    34.9407    34.9411    1471.46    1471.46    6.42263      1.311     0.0001 0.0000e+00
    237.000    1471.47    1471.47    569.831    237.000  1028.8235  1028.8240    34.9403    34.9409    1471.47    1471.47    6.42396      0.896    -0.0004 0.0000e+00
    238.000    1471.47    1471.48    571.804    238.000  1028.8284  1028.8286    34.9400    34.9407    1471.47    1471.48    6.43107      0.434     0.0025 0.0000e+00
    239.000    1471.48    1471.48    573.461    239.000  1028.8331  1028.8337    34.9399    34.9406    1471.48    1471.48    6.43805      1.091    -0.0001 0.0000e+00
    240.000    1471.48    1471.49    574.200    240.000  1028.8379  1028.8386    34.9394    34.9404    1471.48    1471.48    6.43848      1.467     0.0000 0.0000e+00
    241.000    1471.49    1471.49    574.835    241.000  1028.8427  1028.8433    34.9393    34.9402    1471.49    1471.49    6.43275      1.643     0.0000 0.0000e+00
    242.000    1471.49    1471.49    575.423    242.000  1028.8473  1028.8481    34.9387    34.9398    1471.49    1471.49    6.42367      1.690     0.0002 0.0000e+00
    243.000    1471.49    1471.49    576.021    243.000  1028.8521  1028.8530    34.9380    34.9393    1471.48    1471.49    6.42331      1.504    -0.0002 0.0000e+00
    244.000    1471.48    1471.49    577.095    244.000  1028.8575  1028.8579    34.9384    34.9389    1471.48    1471.48    6.42855      0.743     0.0005 0.0000e+00
    245.000    1471.47    1471.49    578.965    245.000  1028.8621  1028.8625    34.9372    34.9385    1471.47    1471.49    6.43683      0.686     0.0045 0.0000e+00
    246.000    1471.45    1471.46    580.049    246.000  1028.8674  1028.8682    34.9369    34.9379    1471.45    1471.45    6.43860      1.149     0.0001 0.0000e+00
    247.000    1471.45    1471.45    580.815    247.000  1028.8722  1028.8732    34.9364    34.9375    1471.45    1471.45    6.44243      1.423    -0.0003 0.0000e+00
    248.000    1471.45    1471.45    581.480    248.000  1028.8773  1028.8779    34.9363    34.9371    1471.45    1471.45    6.44217      1.514    -0.0002 0.0000e+00
    249.000    1471.45    1471.45    582.145    249.000  1028.8823  1028.8828    34.9363    34.9368    1471.45    1471.45    6.44189      1.429    -0.0001 0.0000e+00
    250.000    1471.45    1471.45    582.920    250.000  1028.8868  1028.8876    34.9356    34.9366    1471.45    1471.45    6.44335      1.147     0.0002 0.0000e+00
    251.000    1471.45    1471.45    584.058    251.000  1028.8920  1028.8923    34.9356    34.9362    1471.45    1471.45    6.44592      0.748     0.0003 0.0000e+00
    252.000    1471.47    1471.47    585.687    252.000  1028.8967  1028.8970    34.9356    34.9360    1471.46    1471.47    6.45209      0.633    -0.0000 0.0000e+00
    253.000    1471.48    1471.48    587.040    253.000  1028.9015  1028.9019    34.9357    34.9362    1471.48    1471.48    6.45446      0.964     0.0001 0.0000e+00
    254.000    1471.50    1471.50    587.930    254.000  1028.9063  1028.9067    34.9358    34.9363    1471.50    1471.50    6.45377      1.258    -0.0002 0.0000e+00
    255.000    1471.51    1471.51    588.669    255.000  1028.9110  1028.9114    34.9358    34.9362    1471.51    1471.51    6.45376      1.391    -0.0000 0.0000e+00
    256.000    1471.52    1471.52    589.384    256.000  1028.9156  1028.9161    34.9356    34.9361    1471.52    1471.52    6.44912      1.357    -0.0002 0.0000e+00
    257.000    1471.53    1471.53    590.169    257.000  1028.9204  1028.9208    34.9355    34.9360    1471.53    1471.53    6.44560      1.171     0.0001 0.0000e+00
    258.000    1471.55    1471.55    591.192    258.000  1028.9252  1028.9255    34.9355    34.9359    1471.55    1471.55    6.44401      0.871     0.0002 0.0000e+00
    259.000    1471.56    1471.56    592.545    259.000  1028.9298  1028.9302    34.9354    34.9359    1471.56    1471.56    6.44760      0.739     0.0001 0.0000e+00
    260.000    1471.57    1471.57    593.796    260.000  1028.9344  1028.9349    34.9352    34.9358    1471.57    1471.57    6.44736      0.897     0.0001 0.0000e+00
    261.000    1471.58    1471.58    594.845    261.000  1028.9393  1028.9398    34.9351    34.9356    1471.58    1471.58    6.44998      0.980     0.0000 0.0000e+00
    262.000    1471.58    1471.59    595.874    262.000  1028.9440  1028.9446    34.9347    34.9354    1471.58    1471.58    6.45614      1.008     0.0001 0.0000e+00
    263.000    1471.57    1471.57    596.836    263.000  1028.9489  1028.9497    34.9339    34.9349    1471.57    1471.57    6.45980      1.168    -0.0001 0.0000e+00
    264.000    1471.57    1471.57    597.624    264.000  1028.9540  1028.9546    34.9339    34.9346    1471.57    1471.57    6.45544      1.416     0.0000 0.0000e+00
    265.000    1471.56    1471.56    598.282    265.000  1028.9584  1028.9595    34.9325    34.9339    1471.56    1471.56    6.45355      1.588    -0.0001 0.0000e+00
    266.000    1471.55    1471.55    598.890    266.000  1028.9639  1028.9645    34.9328    34.9336    1471.55    1471.55    6.45120      1.578    -0.0001 0.0000e+00
    267.000    1471.56    1471.56    599.562    267.000  1028.9685  1028.9692    34.9324    34.9333    1471.56    1471.56    6.45270      1.261     0.0001 0.0000e+00
    268.000    1471.55    1471.57    600.980    268.000  1028.9736  1028.9738    34.9321    34.9328    1471.54    1471.57    6.45698      0.552     0.0048 0.0000e+00
    269.000    1471.55    1471.56    603.139    269.000  1028.9778  1028.9788    34.9310    34.9326    1471.55    1471.56    6.46577      0.815     0.0026 0.0000e+00
    270.000    1471.53    1471.53    603.943    270.000  1028.9833  1028.9840    34.9309    34.9318    1471.53    1471.53    6.46274      1.334    -0.0003 0.0000e+00
    271.000    1471.54    1471.54    604.614    271.000  1028.9883  1028.9889    34.9309    34.9317    1471.54    1471.54    6.45758      1.484     0.0001 0.0000e+00
    272.000    1471.55    1471.55    605.282    272.000  1028.9930  1028.9935    34.9309    34.9315    1471.55    1471.55    6.45619      1.377     0.0001 0.0000e+00
    273.000    1471.56    1471.56    606.151    273.000  1028.9977  1028.9982    34.9306    34.9312    1471.56    1471.56    6.45826      0.973     0.0000 0.0000e+00
    274.000    1471.56    1471.56    607.511    274.000  1029.0026  1029.0031    34.9302    34.9308    1471.56    1471.56    6.46365      0.721     0.0003 0.0000e+00
    275.000    1471.55    1471.55    608.804    275.000  1029.0071  1029.0079    34.9290    34.9302    1471.54    1471.55    6.46757      0.882     0.0005 0.0000e+00
    276.000    1471.54    1471.54    609.839    276.000  1029.0126  1029.0129    34.9293    34.9297    1471.54    1471.54    6.46792      1.062    -0.0001 0.0000e+00
    277.000    1471.55    1471.55    610.729    277.000  1029.0173  1029.0177    34.9293    34.9299    1471.55    1471.55    6.46815      1.209     0.0001 0.0000e+00
    278.000    1471.57    1471.57    611.523    278.000  1029.0222  1029.0225    34.9295    34.9298    1471.57    1471.57    6.46408      1.318     0.0001 0.0000e+00
    279.000    1471.59    1471.59    612.265    279.000  1029.0267  1029.0271    34.9294    34.9298    1471.59    1471.59    6.46184      1.357     0.0000 0.0000e+00
    280.000    1471.60    1471.60    613.012    280.000  1029.0315  1029.0319    34.9295    34.9300    1471.60    1471.60    6.46084      1.298     0.0001 0.0000e+00
    281.000    1471.62    1471.62    613.841    281.000  1029.0360  1029.0364    34.9293    34.9298    1471.62    1471.62    6.46146      1.085     0.0000 0.0000e+00
    282.000    1471.64    1471.64    614.992    282.000  1029.0408  1029.0411    34.9294    34.9298    1471.63    1471.64    6.46350      0.768    -0.0001 0.0000e+00
    283.000    1471.65    1471.65    616.459    283.000  1029.0454  1029.0458    34.9294    34.9298    1471.65    1471.65    6.46514      0.720    -0.0000 0.0000e+00
    284.000    1471.67    1471.67    617.695    284.000  1029.0500  1029.0504    34.9295    34.9299    1471.67    1471.67    6.46924      0.962     0.0000 0.0000e+00
    285.000    1471.69    1471.69    618.637    285.000  1029.0548  1029.0552    34.9295    34.9300    1471.69    1471.69    6.46885      1.138     0.0001 0.0000e+00
    286.000    1471.70    1471.70    619.486    286.000  1029.0592  1029.0599    34.9288    34.9298    1471.69    1471.69    6.46728      1.191    -0.0004 0.0000e+00
    287.000    1471.70    1471.70    620.341    287.000  1029.0642  1029.0647    34.9289    34.9295    1471.70    1471.70    6.46836      1.147    -0.0000 0.0000e+00
    288.000    1471.71    1471.71    621.260    288.000  1029.0688  1029.0695    34.9285    34.9292    1471.71    1471.71    6.46733      1.060     0.0000 0.0000e+00
    289.000    1471.70    1471.71    622.250    289.000  1029.0739  1029.0743    34.9282    34.9288    1471.70    1471.70    6.46958      1.010    -0.0000 0.0000e+00
    290.000    1471.71    1471.71    623.261    290.000  1029.0786  1029.0792    34.9280    34.9288    1471.71    1471.71    6.47088      0.979    -0.0000 0.0000e+00
