Ship_data/Irminger/Irminger-2/ctd/process/at30_012_SV.cnv
* Sea-Bird SBE 9 Data File:
* FileName = C:\data\ctd\at30_012.hdr
* Software Version Seasave V 7.21f
* Temperature SN = 2265
* Conductivity SN = 3021
* Number of Bytes Per Scan = 40
* Number of Voltage Words = 5
* Number of Scans Averaged by the Deck Unit = 1
* NMEA Latitude = 59 59.98 N
* NMEA Longitude = 039 28.96 W
* NMEA UTC (Time) = Aug 23 2015  16:50:38
** Cal/Val for HYPM-2
# nquan = 15
# nvalues = 2646                        
# units = specified
# name 0 = depSM: Depth [salt water, m]
# name 1 = svCM: Sound Velocity [Chen-Millero, m/s]
# name 2 = svCM1: Sound Velocity, 2 [Chen-Millero, m/s]
# name 3 = timeS: Time, Elapsed [seconds]
# name 4 = depSM: Depth [salt water, m]
# name 5 = density00: Density [density, Kg/m^3]
# name 6 = density11: Density, 2 [density, Kg/m^3]
# name 7 = sal00: Salinity, Practical [PSU]
# name 8 = sal11: Salinity, Practical, 2 [PSU]
# name 9 = svCM: Sound Velocity [Chen-Millero, m/s]
# name 10 = svCM1: Sound Velocity, 2 [Chen-Millero, m/s]
# name 11 = sbeox0ML/L: Oxygen, SBE 43 [ml/l]
# name 12 = dz/dtM: Descent Rate [m/s]
# name 13 = T2-T190C: Temperature Difference, 2 - 1 [ITS-90, deg C]
# name 14 = flag:
# span 0 =      7.000,   2652.000       
# span 1 =    1470.39,    1501.01       
# span 2 =    1470.39,    1501.00       
# span 3 =     44.566,   3224.033       
# span 4 =      7.000,   2652.000       
# span 5 =  1027.1449,  1040.3141       
# span 6 =  1027.1443,  1040.3137       
# span 7 =    34.8274,    34.9557       
# span 8 =    34.8265,    34.9565       
# span 9 =    1470.38,    1501.01       
# span 10 =    1470.38,    1501.00      
# span 11 =    6.00000,    6.85558      
# span 12 =     -0.445,      1.744      
# span 13 =    -0.0197,     0.1179      
# span 14 = 0.0000e+00, 0.0000e+00      
# interval = meters: 1                  
# start_time = Aug 23 2015 16:50:38 [NMEA time, header]
# bad_flag = -9.990e-29
*END*
[from data line 2314]
   2321.000    1499.89    1499.89   2701.950   2321.000  1038.6337  1038.6335    34.9199    34.9197    1499.89    1499.89    6.13400      1.053     0.0004 0.0000e+00
   2322.000    1499.87    1499.87   2702.999   2322.000  1038.6388  1038.6385    34.9191    34.9189    1499.87    1499.87    6.13587      0.900     0.0006 0.0000e+00
   2323.000    1499.86    1499.86   2704.252   2323.000  1038.6445  1038.6438    34.9193    34.9185    1499.85    1499.86    6.13919      0.771     0.0006 0.0000e+00
   2324.000    1499.87    1499.87   2705.615   2324.000  1038.6493  1038.6486    34.9194    34.9186    1499.87    1499.87    6.14243      0.762     0.0002 0.0000e+00
   2325.000    1499.88    1499.88   2706.893   2325.000  1038.6539  1038.6534    34.9193    34.9187    1499.88    1499.88    6.14619      0.863     0.0007 0.0000e+00
   2326.000    1499.89    1499.89   2707.982   2326.000  1038.6589  1038.6584    34.9194    34.9187    1499.89    1499.89    6.14802      1.011     0.0007 0.0000e+00
   2327.000    1499.89    1499.89   2708.934   2327.000  1038.6638  1038.6636    34.9191    34.9188    1499.89    1499.89    6.14922      1.110     0.0007 0.0000e+00
   2328.000    1499.89    1499.89   2709.832   2328.000  1038.6693  1038.6687    34.9194    34.9188    1499.89    1499.89    6.15113      1.132     0.0003 0.0000e+00
   2329.000    1499.90    1499.90   2710.744   2329.000  1038.6741  1038.6736    34.9194    34.9190    1499.90    1499.90    6.15134      1.080     0.0009 0.0000e+00
   2330.000    1499.91    1499.91   2711.732   2330.000  1038.6787  1038.6782    34.9193    34.9188    1499.91    1499.91    6.15346      1.010     0.0006 0.0000e+00
   2331.000    1499.92    1499.92   2712.759   2331.000  1038.6836  1038.6830    34.9195    34.9188    1499.92    1499.92    6.15237      0.999     0.0005 0.0000e+00
   2332.000    1499.93    1499.93   2713.767   2332.000  1038.6887  1038.6881    34.9197    34.9191    1499.93    1499.93    6.15114      1.037     0.0006 0.0000e+00
   2333.000    1499.95    1499.95   2714.735   2333.000  1038.6936  1038.6931    34.9202    34.9197    1499.95    1499.95    6.15207      1.043     0.0008 0.0000e+00
   2334.000    1499.97    1499.97   2715.736   2334.000  1038.6984  1038.6976    34.9205    34.9198    1499.97    1499.97    6.15140      0.971     0.0004 0.0000e+00
   2335.000    1499.99    1499.99   2716.856   2335.000  1038.7031  1038.7024    34.9211    34.9201    1499.99    1499.99    6.15148      0.887    -0.0000 0.0000e+00
   2336.000    1500.01    1500.02   2718.012   2336.000  1038.7079  1038.7072    34.9217    34.9208    1500.01    1500.02    6.14998      0.926     0.0006 0.0000e+00
   2337.000    1500.04    1500.04   2719.051   2337.000  1038.7124  1038.7118    34.9218    34.9212    1500.04    1500.04    6.14737      1.040     0.0007 0.0000e+00
   2338.000    1500.05    1500.06   2719.986   2338.000  1038.7172  1038.7166    34.9221    34.9214    1500.05    1500.06    6.14567      1.116     0.0008 0.0000e+00
   2339.000    1500.06    1500.06   2720.893   2339.000  1038.7222  1038.7216    34.9222    34.9215    1500.06    1500.06    6.14368      1.098     0.0006 0.0000e+00
   2340.000    1500.08    1500.08   2721.862   2340.000  1038.7268  1038.7262    34.9222    34.9216    1500.08    1500.08    6.14254      0.964     0.0005 0.0000e+00
   2341.000    1500.10    1500.10   2723.134   2341.000  1038.7313  1038.7307    34.9222    34.9215    1500.09    1500.10    6.13976      0.690     0.0003 0.0000e+00
   2342.000    1500.11    1500.11   2724.833   2342.000  1038.7358  1038.7354    34.9220    34.9214    1500.11    1500.11    6.13856      0.663    -0.0002 0.0000e+00
   2343.000    1500.11    1500.11   2726.076   2343.000  1038.7410  1038.7404    34.9219    34.9214    1500.11    1500.11    6.13956      1.046     0.0007 0.0000e+00
   2344.000    1500.10    1500.10   2726.924   2344.000  1038.7455  1038.7455    34.9209    34.9210    1500.10    1500.10    6.14003      1.315     0.0005 0.0000e+00
   2345.000    1500.09    1500.09   2727.641   2345.000  1038.7506  1038.7505    34.9205    34.9204    1500.09    1500.09    6.14091      1.472     0.0006 0.0000e+00
   2346.000    1500.08    1500.08   2728.306   2346.000  1038.7557  1038.7556    34.9199    34.9198    1500.08    1500.08    6.13946      1.511     0.0008 0.0000e+00
   2347.000    1500.08    1500.08   2728.987   2347.000  1038.7611  1038.7604    34.9201    34.9194    1500.08    1500.08    6.14136      1.420     0.0008 0.0000e+00
   2348.000    1500.09    1500.09   2729.761   2348.000  1038.7656  1038.7650    34.9198    34.9193    1500.09    1500.09    6.14208      1.200     0.0007 0.0000e+00
   2349.000    1500.10    1500.10   2730.779   2349.000  1038.7703  1038.7695    34.9198    34.9190    1500.10    1500.10    6.14314      0.862     0.0008 0.0000e+00
   2350.000    1500.13    1500.12   2732.348   2350.000  1038.7747  1038.7742    34.9199    34.9190    1500.12    1500.12    6.14378      0.561    -0.0009 0.0000e+00
   2351.000    1500.13    1500.13   2734.078   2351.000  1038.7794  1038.7788    34.9197    34.9189    1500.13    1500.13    6.14593      0.730     0.0004 0.0000e+00
   2352.000    1500.15    1500.15   2735.253   2352.000  1038.7842  1038.7834    34.9197    34.9190    1500.15    1500.15    6.14818      1.015     0.0007 0.0000e+00
   2353.000    1500.16    1500.16   2736.157   2353.000  1038.7887  1038.7881    34.9197    34.9190    1500.16    1500.16    6.15120      1.216     0.0006 0.0000e+00
   2354.000    1500.17    1500.17   2736.942   2354.000  1038.7935  1038.7928    34.9196    34.9189    1500.17    1500.17    6.15079      1.338     0.0006 0.0000e+00
   2355.000    1500.19    1500.19   2737.682   2355.000  1038.7981  1038.7974    34.9197    34.9189    1500.19    1500.19    6.15164      1.369     0.0004 0.0000e+00
   2356.000    1500.20    1500.20   2738.431   2356.000  1038.8025  1038.8020    34.9194    34.9189    1500.20    1500.20    6.15120      1.297     0.0006 0.0000e+00
   2357.000    1500.22    1500.22   2739.276   2357.000  1038.8071  1038.8066    34.9193    34.9187    1500.21    1500.22    6.15145      1.118     0.0006 0.0000e+00
   2358.000    1500.23    1500.23   2740.316   2358.000  1038.8116  1038.8112    34.9192    34.9186    1500.23    1500.23    6.15214      0.878     0.0007 0.0000e+00
   2359.000    1500.24    1500.24   2741.677   2359.000  1038.8162  1038.8158    34.9188    34.9184    1500.24    1500.24    6.15333      0.706     0.0003 0.0000e+00
   2360.000    1500.21    1500.22   2743.081   2360.000  1038.8212  1038.8209    34.9175    34.9173    1500.21    1500.21    6.15650      0.824     0.0005 0.0000e+00
   2361.000    1500.20    1500.20   2744.184   2361.000  1038.8267  1038.8262    34.9174    34.9169    1500.20    1500.20    6.16384      1.006     0.0004 0.0000e+00
   2362.000    1500.21    1500.22   2745.136   2362.000  1038.8312  1038.8308    34.9173    34.9168    1500.21    1500.21    6.16486      1.109     0.0006 0.0000e+00
   2363.000    1500.22    1500.22   2746.034   2363.000  1038.8361  1038.8354    34.9172    34.9166    1500.22    1500.22    6.16738      1.144     0.0006 0.0000e+00
   2364.000    1500.22    1500.23   2746.923   2364.000  1038.8403  1038.8402    34.9163    34.9161    1500.22    1500.22    6.16861      1.137     0.0008 0.0000e+00
   2365.000    1500.20    1500.20   2747.831   2365.000  1038.8457  1038.8455    34.9156    34.9154    1500.20    1500.20    6.17388      1.113     0.0005 0.0000e+00
   2366.000    1500.20    1500.20   2748.762   2366.000  1038.8512  1038.8506    34.9161    34.9155    1500.20    1500.20    6.17639      1.074     0.0005 0.0000e+00
   2367.000    1500.22    1500.22   2749.748   2367.000  1038.8560  1038.8552    34.9163    34.9156    1500.22    1500.22    6.17957      0.971     0.0006 0.0000e+00
   2368.000    1500.22    1500.22   2750.910   2368.000  1038.8602  1038.8600    34.9154    34.9151    1500.22    1500.22    6.18139      0.808     0.0008 0.0000e+00
   2369.000    1500.19    1500.19   2752.252   2369.000  1038.8655  1038.8651    34.9143    34.9138    1500.19    1500.19    6.18599      0.800     0.0006 0.0000e+00
   2370.000    1500.18    1500.18   2753.401   2370.000  1038.8702  1038.8699    34.9134    34.9130    1500.18    1500.18    6.19235      0.997     0.0001 0.0000e+00
   2371.000    1500.19    1500.19   2754.345   2371.000  1038.8757  1038.8748    34.9141    34.9130    1500.19    1500.19    6.19538      1.125     0.0004 0.0000e+00
   2372.000    1500.21    1500.21   2755.231   2372.000  1038.8799  1038.8793    34.9139    34.9132    1500.21    1500.21    6.19794      1.103     0.0005 0.0000e+00
   2373.000    1500.20    1500.20   2756.216   2373.000  1038.8843  1038.8843    34.9124    34.9125    1500.20    1500.20    6.20313      0.975     0.0006 0.0000e+00
   2374.000    1500.17    1500.17   2757.342   2374.000  1038.8893  1038.8890    34.9111    34.9109    1500.17    1500.17    6.20834      0.896     0.0012 0.0000e+00
   2375.000    1500.16    1500.16   2758.459   2375.000  1038.8940  1038.8938    34.9102    34.9100    1500.16    1500.16    6.21484      0.977     0.0008 0.0000e+00
   2376.000    1500.15    1500.15   2759.445   2376.000  1038.8989  1038.8986    34.9095    34.9090    1500.15    1500.15    6.22068      1.076     0.0006 0.0000e+00
   2377.000    1500.15    1500.15   2760.362   2377.000  1038.9036  1038.9033    34.9090    34.9088    1500.15    1500.15    6.22576      1.119     0.0004 0.0000e+00
   2378.000    1500.15    1500.15   2761.276   2378.000  1038.9087  1038.9081    34.9089    34.9084    1500.15    1500.15    6.23094      1.084     0.0005 0.0000e+00
   2379.000    1500.19    1500.19   2762.264   2379.000  1038.9143  1038.9132    34.9113    34.9100    1500.19    1500.19    6.23556      0.969     0.0006 0.0000e+00
   2380.000    1500.22    1500.22   2763.423   2380.000  1038.9187  1038.9180    34.9115    34.9107    1500.22    1500.22    6.24026      0.831     0.0009 0.0000e+00
   2381.000    1500.24    1500.25   2764.693   2381.000  1038.9237  1038.9230    34.9123    34.9115    1500.24    1500.25    6.24326      0.840     0.0006 0.0000e+00
   2382.000    1500.28    1500.28   2765.826   2382.000  1038.9287  1038.9279    34.9135    34.9125    1500.28    1500.28    6.24493      0.963     0.0005 0.0000e+00
   2383.000    1500.31    1500.31   2766.830   2383.000  1038.9336  1038.9329    34.9144    34.9136    1500.31    1500.31    6.24158      1.053     0.0006 0.0000e+00
   2384.000    1500.34    1500.34   2767.778   2384.000  1038.9387  1038.9377    34.9158    34.9145    1500.34    1500.34    6.24108      1.064     0.0004 0.0000e+00
   2385.000    1500.38    1500.38   2768.762   2385.000  1038.9435  1038.9427    34.9170    34.9162    1500.38    1500.38    6.23538      0.997     0.0007 0.0000e+00
   2386.000    1500.40    1500.40   2769.837   2386.000  1038.9484  1038.9476    34.9174    34.9166    1500.40    1500.40    6.23098      0.921     0.0007 0.0000e+00
   2387.000    1500.41    1500.41   2770.965   2387.000  1038.9531  1038.9525    34.9174    34.9168    1500.41    1500.41    6.22501      0.920     0.0007 0.0000e+00
   2388.000    1500.42    1500.42   2772.053   2388.000  1038.9578  1038.9573    34.9172    34.9168    1500.42    1500.42    6.21873      0.949     0.0007 0.0000e+00
   2389.000    1500.41    1500.41   2773.122   2389.000  1038.9628  1038.9624    34.9167    34.9162    1500.41    1500.41    6.21436      0.957     0.0003 0.0000e+00
   2390.000    1500.41    1500.41   2774.181   2390.000  1038.9678  1038.9672    34.9165    34.9159    1500.41    1500.41    6.21098      0.992     0.0009 0.0000e+00
   2391.000    1500.42    1500.42   2775.173   2391.000  1038.9725  1038.9720    34.9163    34.9158    1500.42    1500.42    6.21005      1.074     0.0003 0.0000e+00
   2392.000    1500.43    1500.43   2776.087   2392.000  1038.9773  1038.9767    34.9163    34.9157    1500.43    1500.43    6.20830      1.142     0.0008 0.0000e+00
   2393.000    1500.45    1500.45   2776.971   2393.000  1038.9823  1038.9817    34.9170    34.9163    1500.45    1500.45    6.20545      1.117     0.0006 0.0000e+00
   2394.000    1500.46    1500.46   2777.935   2394.000  1038.9874  1038.9868    34.9174    34.9168    1500.46    1500.46    6.20630      0.982     0.0008 0.0000e+00
   2395.000    1500.47    1500.47   2779.111   2395.000  1038.9919  1038.9913    34.9170    34.9164    1500.47    1500.47    6.20240      0.774     0.0007 0.0000e+00
   2396.000    1500.48    1500.48   2780.568   2396.000  1038.9966  1038.9960    34.9170    34.9163    1500.48    1500.48    6.20248      0.701     0.0004 0.0000e+00
   2397.000    1500.50    1500.50   2781.933   2397.000  1039.0017  1039.0010    34.9176    34.9167    1500.50    1500.50    6.20268      0.829     0.0006 0.0000e+00
   2398.000    1500.51    1500.51   2783.066   2398.000  1039.0063  1039.0057    34.9176    34.9170    1500.51    1500.51    6.20086      0.982     0.0007 0.0000e+00
   2399.000    1500.51    1500.51   2784.028   2399.000  1039.0111  1039.0109    34.9171    34.9169    1500.51    1500.51    6.19943      1.135     0.0005 0.0000e+00
   2400.000    1500.52    1500.52   2784.875   2400.000  1039.0162  1039.0159    34.9172    34.9168    1500.51    1500.52    6.20102      1.267     0.0005 0.0000e+00
   2401.000    1500.53    1500.53   2785.647   2401.000  1039.0208  1039.0204    34.9170    34.9165    1500.53    1500.53    6.20174      1.337     0.0003 0.0000e+00
   2402.000    1500.53    1500.54   2786.400   2402.000  1039.0258  1039.0251    34.9171    34.9165    1500.53    1500.54    6.19841      1.323     0.0009 0.0000e+00
   2403.000    1500.55    1500.55   2787.197   2403.000  1039.0304  1039.0298    34.9171    34.9164    1500.55    1500.55    6.19749      1.220     0.0003 0.0000e+00
   2404.000    1500.56    1500.56   2788.102   2404.000  1039.0348  1039.0344    34.9165    34.9161    1500.55    1500.56    6.19577      1.016     0.0006 0.0000e+00
   2405.000    1500.57    1500.56   2789.371   2405.000  1039.0397  1039.0392    34.9166    34.9159    1500.57    1500.56    6.19373      0.660    -0.0006 0.0000e+00
   2406.000    1500.58    1500.57   2791.311   2406.000  1039.0441  1039.0438    34.9163    34.9158    1500.58    1500.57    6.19471      0.585    -0.0009 0.0000e+00
   2407.000    1500.59    1500.59   2792.630   2407.000  1039.0492  1039.0485    34.9165    34.9158    1500.59    1500.59    6.19614      1.013     0.0007 0.0000e+00
   2408.000    1500.60    1500.60   2793.503   2408.000  1039.0538  1039.0533    34.9166    34.9160    1500.60    1500.60    6.19709      1.262     0.0004 0.0000e+00
   2409.000    1500.62    1500.62   2794.265   2409.000  1039.0583  1039.0579    34.9165    34.9160    1500.62    1500.62    6.19798      1.385     0.0005 0.0000e+00
   2410.000    1500.62    1500.63   2794.975   2410.000  1039.0632  1039.0629    34.9164    34.9160    1500.62    1500.62    6.19939      1.398     0.0007 0.0000e+00
   2411.000    1500.62    1500.62   2795.726   2411.000  1039.0684  1039.0681    34.9161    34.9159    1500.62    1500.62    6.20024      1.298     0.0003 0.0000e+00
   2412.000    1500.62    1500.62   2796.577   2412.000  1039.0735  1039.0731    34.9161    34.9157    1500.62    1500.62    6.20090      1.091     0.0006 0.0000e+00
   2413.000    1500.62    1500.63   2797.668   2413.000  1039.0784  1039.0778    34.9161    34.9155    1500.62    1500.63    6.20035      0.826     0.0007 0.0000e+00
   2414.000    1500.64    1500.64   2799.107   2414.000  1039.0830  1039.0824    34.9160    34.9153    1500.64    1500.63    6.20063      0.677     0.0000 0.0000e+00
   2415.000    1500.65    1500.65   2800.542   2415.000  1039.0878  1039.0872    34.9160    34.9153    1500.65    1500.65    6.20132      0.802     0.0006 0.0000e+00
