Ship_data/Irminger/Irminger-2/ctd/process/at30_013.ros
* Sea-Bird SBE 9 Data File:
* FileName = C:\data\ctd\at30_013.hdr
* Software Version Seasave V 7.21f
* Temperature SN = 2265
* Conductivity SN = 3021
* Number of Bytes Per Scan = 40
* Number of Voltage Words = 5
* Number of Scans Averaged by the Deck Unit = 1
* NMEA Latitude = 59 53.87 N
* NMEA Longitude = 039 34.33 W
* NMEA UTC (Time) = Aug 23 2015  21:20:25
** cal / val for SUMO 2
# nquan = 27
# nvalues = 539                                   
# units = specified
# name 0 = timeS: Time, Elapsed [seconds]
# name 1 = longitude: Longitude [deg]
# name 2 = latitude: Latitude [deg]
# name 3 = depSM: Depth [salt water, m]
# name 4 = prDM: Pressure, Digiquartz [db]
# name 5 = t090C: Temperature [ITS-90, deg C]
# name 6 = t190C: Temperature, 2 [ITS-90, deg C]
# name 7 = c0S/m: Conductivity [S/m]
# name 8 = c1S/m: Conductivity, 2 [S/m]
# name 9 = CStarTr0: Beam Transmission, WET Labs C-Star [%]
# name 10 = flECO-AFL: Fluorescence, WET Labs ECO-AFL/FL [mg/m^3]
# name 11 = sbeox0V: Oxygen raw, SBE 43 [V]
# name 12 = altM: Altimeter [m]
# name 13 = nbf: Bottles Fired
# name 14 = density00: Density [density, Kg/m^3]
# name 15 = density11: Density, 2 [density, Kg/m^3]
# name 16 = sal00: Salinity, Practical [PSU]
# name 17 = sal11: Salinity, Practical, 2 [PSU]
# name 18 = svCM: Sound Velocity [Chen-Millero, m/s]
# name 19 = svCM1: Sound Velocity, 2 [Chen-Millero, m/s]
# name 20 = timeS: Time, Elapsed [seconds]
# name 21 = sbeox0ML/L: Oxygen, SBE 43 [ml/l]
# name 22 = sbeox0PS: Oxygen, SBE 43 [% saturation]
# name 23 = dz/dtM: Descent Rate [m/s]
# name 24 = T2-T190C: Temperature Difference, 2 - 1 [ITS-90, deg C]
# name 25 = scan: Scan Count
# name 26 = flag:  0.000e+00
# interval = seconds: 0.0416667
# start_time = Aug 23 2015 21:20:25 [NMEA time, header]
# bad_flag = -9.990e-29
*END*
[from data line 430]
   4468.208  -39.57892   59.90050     20.384     20.579     8.4242     8.4262   3.650650   3.650697    93.4945    -0.0512     2.5022      98.73          9  1027.2109  1027.2095    34.8828    34.8813    1484.26    1484.27   4468.208    6.53335   99.86266      0.030     0.0020     107238  0.000e+00
   4468.250  -39.57892   59.90050     20.384     20.579     8.4244     8.4261   3.650644   3.650703    93.4945    -0.0512     2.5010      98.73          9  1027.2107  1027.2096    34.8826    34.8814    1484.26    1484.27   4468.250    6.52930   99.80099      0.046     0.0018     107239  0.000e+00
   4468.292  -39.57892   59.90050     20.384     20.579     8.4237     8.4263   3.650581   3.650733    93.5468    -0.0512     2.5022      98.73          9  1027.2108  1027.2097    34.8826    34.8816    1484.26    1484.27   4468.292    6.53344   99.86270      0.063     0.0026     107240  0.000e+00
   4468.333  -39.57892   59.90050     20.440     20.635     8.4227     8.4262   3.650480   3.650799    93.5730    -0.0512     2.4998      98.73          9  1027.2111  1027.2106    34.8824    34.8824    1484.25    1484.27   4468.333    6.52557   99.74023      0.078     0.0034     107241  0.000e+00
   4468.375  -39.57892   59.90050     20.408     20.603     8.4227     8.4261   3.650430   3.650793    93.5730    -0.0512     2.4998      98.73          9  1027.2106  1027.2104    34.8819    34.8824    1484.25    1484.27   4468.375    6.52557   99.73982      0.091     0.0034     107242  0.000e+00
   4468.417  -39.57892   59.90050     20.440     20.635     8.4237     8.4265   3.650612   3.650799    93.5992    -0.0512     2.5010      98.73          9  1027.2113  1027.2103    34.8828    34.8821    1484.26    1484.27   4468.417    6.52943   99.80175      0.106     0.0027     107243  0.000e+00
   4468.458  -39.57892   59.90050     20.504     20.700     8.4255     8.4258   3.650795   3.650733    93.5730    -0.0439     2.5010      98.73          9  1027.2114  1027.2106    34.8830    34.8820    1484.27    1484.27   4468.458    6.52921   99.80238      0.126     0.0003     107244  0.000e+00
   4468.500  -39.57892   59.90050     20.440     20.635     8.4271     8.4256   3.650908   3.650763    93.5730    -0.0512     2.5022      98.73          9  1027.2106  1027.2108    34.8826    34.8825    1484.27    1484.27   4468.500    6.53295   99.86301      0.136    -0.0015     107245  0.000e+00
   4468.542  -39.57892   59.90050     20.504     20.700     8.4278     8.4257   3.651034   3.650733    93.5992    -0.0512     2.5010      98.73          9  1027.2112  1027.2107    34.8832    34.8821    1484.28    1484.27   4468.542    6.52884   99.80210      0.153    -0.0022     107246  0.000e+00
   4468.583  -39.57892   59.90050     20.560     20.757     8.4281     8.4254   3.651040   3.650733    93.5992    -0.0512     2.5010      98.73          9  1027.2113  1027.2112    34.8830    34.8823    1484.28    1484.27   4468.583    6.52885   99.80279      0.169    -0.0027     107247  0.000e+00
   4468.625  -39.57892   59.90050     20.504     20.700     8.4273     8.4253   3.650933   3.650703    93.5730    -0.0512     2.5010      98.73          9  1027.2109  1027.2108    34.8826    34.8821    1484.27    1484.27   4468.625    6.52894   99.80214      0.181    -0.0020     107248  0.000e+00
   4569.958  -39.57906   59.90056     13.382     13.510     8.4237     8.4240   3.650302   3.650270    93.6253    -0.0512     2.5019      98.73         10  1027.1789  1027.1785    34.8830    34.8824    1484.14    1484.14   4569.958    6.52639   99.75531     -0.006     0.0002     109680  0.000e+00
   4570.000  -39.57906   59.90056     13.446     13.575     8.4237     8.4241   3.650295   3.650211    93.6253    -0.0512     2.5031      98.73         10  1027.1792  1027.1781    34.8829    34.8816    1484.14    1484.14   4570.000    6.53047   99.81772     -0.010     0.0003     109681  0.000e+00
   4570.042  -39.57906   59.90056     13.462     13.591     8.4237     8.4242   3.650289   3.650306    93.6253    -0.0512     2.5031      98.73         10  1027.1792  1027.1789    34.8828    34.8825    1484.14    1484.14   4570.042    6.53049   99.81792     -0.010     0.0005     109682  0.000e+00
   4570.083  -39.57906   59.90056     13.446     13.575     8.4239     8.4240   3.650264   3.650270    93.6253    -0.0512     2.5031      98.73         10  1027.1788  1027.1787    34.8824    34.8824    1484.14    1484.14   4570.083    6.53047   99.81768     -0.012     0.0001     109683  0.000e+00
   4570.125  -39.57906   59.90056     13.382     13.510     8.4240     8.4242   3.650295   3.650276    93.5992    -0.0512     2.5031      98.73         10  1027.1786  1027.1783    34.8826    34.8822    1484.14    1484.14   4570.125    6.53039   99.81684     -0.016     0.0002     109684  0.000e+00
   4570.167  -39.57906   59.90056     13.446     13.575     8.4237     8.4240   3.650295   3.650270    93.5992    -0.0585     2.5031      98.73         10  1027.1792  1027.1787    34.8829    34.8824    1484.14    1484.14   4570.167    6.53047   99.81769     -0.017     0.0002     109685  0.000e+00
   4570.208  -39.57906   59.90056     13.382     13.510     8.4239     8.4242   3.650283   3.650241    93.5730    -0.0512     2.5031      98.73         10  1027.1786  1027.1780    34.8826    34.8818    1484.14    1484.14   4570.208    6.53040   99.81684     -0.021     0.0003     109686  0.000e+00
   4570.250  -39.57906   59.90056     13.398     13.526     8.4238     8.4242   3.650289   3.650270    93.5992    -0.0512     2.5031      98.73         10  1027.1788  1027.1784    34.8827    34.8822    1484.14    1484.14   4570.250    6.53042   99.81704     -0.025     0.0003     109687  0.000e+00
   4570.292  -39.57906   59.90056     13.446     13.575     8.4237     8.4243   3.650283   3.650241    93.5992    -0.0512     2.5031      98.73         10  1027.1791  1027.1782    34.8827    34.8817    1484.14    1484.14   4570.292    6.53047   99.81767     -0.022     0.0006     109688  0.000e+00
   4570.333  -39.57906   59.90056     13.382     13.510     8.4237     8.4242   3.650283   3.650241    93.5992    -0.0512     2.5031      98.73         10  1027.1788  1027.1780    34.8828    34.8818    1484.14    1484.14   4570.333    6.53042   99.81684     -0.030     0.0005     109689  0.000e+00
   4570.375  -39.57906   59.90056     13.446     13.575     8.4239     8.4243   3.650308   3.650306    93.5992    -0.0512     2.5031      98.73         10  1027.1791  1027.1787    34.8828    34.8824    1484.14    1484.14   4570.375    6.53045   99.81764     -0.028     0.0004     109690  0.000e+00
   4570.417  -39.57906   59.90056     13.446     13.575     8.4237     8.4242   3.650314   3.650270    93.5992    -0.0512     2.5031      98.73         10  1027.1793  1027.1785    34.8831    34.8821    1484.14    1484.14   4570.417    6.53046   99.81765     -0.027     0.0005     109691  0.000e+00
   4570.458  -39.57906   59.90056     13.342     13.469     8.4238     8.4242   3.650314   3.650276    93.4945    -0.0512     2.5043      98.73         10  1027.1788  1027.1782    34.8830    34.8823    1484.14    1484.14   4570.458    6.53439   99.87787     -0.034     0.0003     109692  0.000e+00
   4570.500  -39.57906   59.90056     13.446     13.575     8.4237     8.4240   3.650270   3.650270    93.4422    -0.0512     2.5031      98.73         10  1027.1790  1027.1787    34.8826    34.8824    1484.14    1484.14   4570.500    6.53048   99.81763     -0.034     0.0002     109693  0.000e+00
   4570.542  -39.57906   59.90056     13.382     13.510     8.4237     8.4241   3.650270   3.650241    93.4422    -0.0512     2.5031      98.73         10  1027.1787  1027.1781    34.8827    34.8820    1484.14    1484.14   4570.542    6.53043   99.81681     -0.034     0.0004     109694  0.000e+00
   4570.583  -39.57906   59.90056     13.382     13.510     8.4236     8.4240   3.650264   3.650276    93.4945    -0.0512     2.5031      98.73         10  1027.1788  1027.1785    34.8827    34.8825    1484.14    1484.14   4570.583    6.53044   99.81681     -0.038     0.0004     109695  0.000e+00
   4570.625  -39.57906   59.90056     13.446     13.575     8.4237     8.4241   3.650276   3.650241    93.4945    -0.0512     2.5031      98.73         10  1027.1790  1027.1784    34.8827    34.8819    1484.14    1484.14   4570.625    6.53047   99.81761     -0.036     0.0003     109696  0.000e+00
   4570.667  -39.57906   59.90056     13.398     13.526     8.4238     8.4240   3.650283   3.650306    93.5207    -0.0512     2.5019      98.73         10  1027.1788  1027.1788    34.8826    34.8828    1484.14    1484.14   4570.667    6.52639   99.75539     -0.039     0.0001     109697  0.000e+00
   4570.708  -39.57906   59.90056     13.382     13.510     8.4236     8.4239   3.650289   3.650241    93.5207    -0.0512     2.5031      98.73         10  1027.1790  1027.1783    34.8830    34.8822    1484.14    1484.14   4570.708    6.53043   99.81679     -0.039     0.0003     109698  0.000e+00
   4570.750  -39.57906   59.90056     13.382     13.510     8.4237     8.4243   3.650283   3.650276    93.5468    -0.0512     2.5019      98.73         10  1027.1788  1027.1782    34.8828    34.8821    1484.14    1484.14   4570.750    6.52639   99.75518     -0.042     0.0006     109699  0.000e+00
   4570.792  -39.57906   59.90056     13.446     13.575     8.4237     8.4243   3.650264   3.650241    93.5468    -0.0512     2.5031      98.73         10  1027.1789  1027.1782    34.8825    34.8817    1484.14    1484.14   4570.792    6.53048   99.81759     -0.037     0.0006     109700  0.000e+00
   4570.833  -39.57906   59.90056     13.326     13.453     8.4239     8.4242   3.650257   3.650306    93.5468    -0.0512     2.5031      98.73         10  1027.1782  1027.1783    34.8824    34.8826    1484.14    1484.14   4570.833    6.53036   99.81601     -0.042     0.0003     109701  0.000e+00
   4570.875  -39.57906   59.90056     13.398     13.526     8.4237     8.4240   3.650295   3.650241    93.5468    -0.0512     2.5019      98.73         10  1027.1790  1027.1783    34.8829    34.8821    1484.14    1484.14   4570.875    6.52640   99.75537     -0.044     0.0003     109702  0.000e+00
   4570.917  -39.57906   59.90056     13.446     13.575     8.4237     8.4242   3.650276   3.650270    93.5730    -0.0512     2.5031      98.73         10  1027.1790  1027.1785    34.8827    34.8821    1484.14    1484.14   4570.917    6.53047   99.81757     -0.042     0.0005     109703  0.000e+00
   4570.958  -39.57906   59.90056     13.382     13.510     8.4237     8.4242   3.650295   3.650276    93.5992    -0.0512     2.5019      98.73         10  1027.1789  1027.1783    34.8829    34.8823    1484.14    1484.14   4570.958    6.52638   99.75515     -0.044     0.0005     109704  0.000e+00
   4571.000  -39.57906   59.90056     13.382     13.510     8.4237     8.4242   3.650314   3.650270    93.5992    -0.0512     2.5031      98.73         10  1027.1790  1027.1783    34.8831    34.8822    1484.14    1484.14   4571.000    6.53040   99.81673     -0.043     0.0004     109705  0.000e+00
   4571.042  -39.57906   59.90056     13.398     13.526     8.4237     8.4239   3.650314   3.650276    93.5992    -0.0512     2.5031      98.73         10  1027.1792  1027.1787    34.8831    34.8825    1484.14    1484.14   4571.042    6.53042   99.81693     -0.043     0.0002     109706  0.000e+00
   4571.083  -39.57906   59.90056     13.382     13.510     8.4237     8.4240   3.650295   3.650241    93.6253    -0.0512     2.5019      98.73         10  1027.1789  1027.1782    34.8829    34.8821    1484.14    1484.14   4571.083    6.52638   99.75512     -0.041     0.0002     109707  0.000e+00
   4571.125  -39.57906   59.90056     13.382     13.510     8.4237     8.4241   3.650283   3.650241    93.5992    -0.0512     2.5031      98.73         10  1027.1788  1027.1781    34.8828    34.8820    1484.14    1484.14   4571.125    6.53041   99.81671     -0.042     0.0003     109708  0.000e+00
   4571.167  -39.57906   59.90056     13.446     13.575     8.4235     8.4243   3.650264   3.650241    93.5730    -0.0512     2.5031      98.75         10  1027.1791  1027.1782    34.8827    34.8817    1484.14    1484.14   4571.167    6.53050   99.81755     -0.040     0.0008     109709  0.000e+00
   4571.208  -39.57906   59.90056     13.382     13.510     8.4236     8.4240   3.650276   3.650276    93.5730    -0.0512     2.5019      98.73         10  1027.1789  1027.1785    34.8828    34.8825    1484.14    1484.14   4571.208    6.52640   99.75512     -0.037     0.0004     109710  0.000e+00
   4571.250  -39.57906   59.90056     13.398     13.526     8.4237     8.4242   3.650283   3.650270    93.5730    -0.0512     2.5006      98.73         10  1027.1789  1027.1783    34.8828    34.8821    1484.14    1484.14   4571.250    6.52237   99.69372     -0.036     0.0005     109711  0.000e+00
   4571.292  -39.57906   59.90056     13.382     13.510     8.4234     8.4243   3.650289   3.650270    93.5730    -0.0512     2.5031      98.73         10  1027.1792  1027.1781    34.8832    34.8820    1484.14    1484.14   4571.292    6.53045   99.81672     -0.037     0.0009     109712  0.000e+00
   4571.333  -39.57906   59.90056     13.447     13.575     8.4236     8.4239   3.650264   3.650276    93.5992    -0.0512     2.5031      98.73         10  1027.1790  1027.1789    34.8827    34.8825    1484.14    1484.14   4571.333    6.53049   99.81752     -0.034     0.0003     109713  0.000e+00
   4571.375  -39.57906   59.90056     13.382     13.510     8.4238     8.4242   3.650276   3.650270    93.5992    -0.0512     2.5006      98.73         10  1027.1786  1027.1783    34.8826    34.8822    1484.14    1484.14   4571.375    6.52234   99.69348     -0.031     0.0003     109714  0.000e+00
   4571.417  -39.57906   59.90056     13.447     13.575     8.4237     8.4238   3.650289   3.650241    93.5992    -0.0512     2.5019      98.73         10  1027.1791  1027.1786    34.8828    34.8822    1484.14    1484.14   4571.417    6.52643   99.75590     -0.031     0.0001     109715  0.000e+00
   4571.458  -39.57906   59.90056     13.398     13.526     8.4235     8.4242   3.650264   3.650270    93.5992    -0.0512     2.5031      98.73         10  1027.1789  1027.1783    34.8828    34.8821    1484.14    1484.14   4571.458    6.53045   99.81688     -0.026     0.0007     109716  0.000e+00
   4571.500  -39.57906   59.90056     13.447     13.575     8.4237     8.4243   3.650302   3.650306    93.5992    -0.0512     2.5019      98.73         10  1027.1792  1027.1787    34.8829    34.8824    1484.14    1484.14   4571.500    6.52642   99.75588     -0.023     0.0006     109717  0.000e+00
   4571.542  -39.57906   59.90056     13.382     13.510     8.4236     8.4241   3.650295   3.650241    93.6253    -0.0512     2.5019      98.73         10  1027.1790  1027.1781    34.8830    34.8820    1484.14    1484.14   4571.542    6.52639   99.75507     -0.023     0.0005     109718  0.000e+00
   4571.583  -39.57906   59.90056     13.447     13.575     8.4237     8.4240   3.650283   3.650276    93.6253    -0.0512     2.5031      98.73         10  1027.1791  1027.1788    34.8828    34.8824    1484.14    1484.14   4571.583    6.53047   99.81747     -0.019     0.0003     109719  0.000e+00
   4571.625  -39.57906   59.90056     13.382     13.510     8.4237     8.4243   3.650308   3.650241    93.5730    -0.0512     2.5019      98.73         10  1027.1790  1027.1779    34.8830    34.8817    1484.14    1484.14   4571.625    6.52636   99.75504     -0.019     0.0006     109720  0.000e+00
   4571.667  -39.57906   59.90056     13.463     13.591     8.4238     8.4241   3.650295   3.650276    93.5730    -0.0512     2.5031      98.73         10  1027.1791  1027.1788    34.8827    34.8823    1484.14    1484.14   4571.667    6.53046   99.81764     -0.013     0.0002     109721  0.000e+00
