Ship_data/Irminger/Irminger-2/ctd/process/at30_004_SV.cnv
* Sea-Bird SBE 9 Data File:
* FileName = C:\data\ctd\at30_004.hdr
* Software Version Seasave V 7.21f
* Temperature SN = 2265
* Conductivity SN = 3021
* Number of Bytes Per Scan = 40
* Number of Voltage Words = 5
* Number of Scans Averaged by the Deck Unit = 1
* NMEA Latitude = 59 57.06 N
* NMEA Longitude = 039 25.14 W
* NMEA UTC (Time) = Aug 14 2015  14:16:48
# nquan = 15
# nvalues = 2684                        
# units = specified
# name 0 = depSM: Depth [salt water, m]
# name 1 = svCM: Sound Velocity [Chen-Millero, m/s]
# name 2 = svCM1: Sound Velocity, 2 [Chen-Millero, m/s]
# name 3 = timeS: Time, Elapsed [seconds]
# name 4 = depSM: Depth [salt water, m]
# name 5 = density00: Density [density, Kg/m^3]
# name 6 = density11: Density, 2 [density, Kg/m^3]
# name 7 = sal00: Salinity, Practical [PSU]
# name 8 = sal11: Salinity, Practical, 2 [PSU]
# name 9 = svCM: Sound Velocity [Chen-Millero, m/s]
# name 10 = svCM1: Sound Velocity, 2 [Chen-Millero, m/s]
# name 11 = sbeox0ML/L: Oxygen, SBE 43 [ml/l]
# name 12 = dz/dtM: Descent Rate [m/s]
# name 13 = T2-T190C: Temperature Difference, 2 - 1 [ITS-90, deg C]
# name 14 = flag:
# span 0 =      6.000,   2689.001       
# span 1 =    1469.45,    1502.07       
# span 2 =    1469.45,    1502.06       
# span 3 =     37.745,   3601.679       
# span 4 =      6.000,   2689.000       
# span 5 =  1027.1639,  1040.4680       
# span 6 =  1027.1632,  1040.4672       
# span 7 =    34.8007,    34.9315       
# span 8 =    34.8469,    34.9308       
# span 9 =    1469.45,    1502.07       
# span 10 =    1469.44,    1502.06      
# span 11 =    6.01700,    7.10839      
# span 12 =     -0.115,      1.548      
# span 13 =    -0.1488,     0.1528      
# span 14 = 0.0000e+00, 0.0000e+00      
# interval = meters: 1                  
# start_time = Aug 14 2015 14:16:48 [NMEA time, header]
# bad_flag = -9.990e-29
*END*
[from data line 868]
    874.000    1479.00    1479.00   1549.960    874.000  1031.8231  1031.8231    34.8729    34.8729    1479.00    1479.00    6.58564      1.242     0.0001 0.0000e+00
    875.000    1479.01    1479.01   1550.793    875.000  1031.8275  1031.8275    34.8723    34.8724    1479.01    1479.01    6.58250      1.140     0.0006 0.0000e+00
    876.000    1479.01    1479.02   1551.782    876.000  1031.8324  1031.8324    34.8722    34.8724    1479.01    1479.02    6.58454      0.913     0.0006 0.0000e+00
    877.000    1479.02    1479.03   1553.083    877.000  1031.8370  1031.8369    34.8720    34.8720    1479.02    1479.03    6.58602      0.725     0.0003 0.0000e+00
    878.000    1479.04    1479.04   1554.555    878.000  1031.8416  1031.8417    34.8718    34.8718    1479.04    1479.03    6.58994      0.670    -0.0015 0.0000e+00
    879.000    1479.06    1479.05   1556.094    879.000  1031.8462  1031.8462    34.8717    34.8717    1479.06    1479.05    6.58806      0.669    -0.0008 0.0000e+00
    880.000    1479.07    1479.07   1557.526    880.000  1031.8510  1031.8508    34.8718    34.8717    1479.07    1479.07    6.58718      0.771     0.0000 0.0000e+00
    881.000    1479.07    1479.08   1558.737    881.000  1031.8555  1031.8556    34.8712    34.8715    1479.07    1479.08    6.58733      0.906     0.0012 0.0000e+00
    882.000    1479.08    1479.08   1559.785    882.000  1031.8606  1031.8604    34.8715    34.8713    1479.08    1479.08    6.58501      1.030     0.0004 0.0000e+00
    883.000    1479.09    1479.09   1560.718    883.000  1031.8650  1031.8650    34.8710    34.8710    1479.09    1479.09    6.58504      1.108     0.0006 0.0000e+00
    884.000    1479.10    1479.11   1561.624    884.000  1031.8696  1031.8696    34.8708    34.8709    1479.10    1479.11    6.58303      1.087     0.0004 0.0000e+00
    885.000    1479.12    1479.12   1562.596    885.000  1031.8744  1031.8743    34.8709    34.8708    1479.12    1479.12    6.58288      1.012     0.0004 0.0000e+00
    886.000    1479.11    1479.11   1563.630    886.000  1031.8785  1031.8790    34.8694    34.8701    1479.11    1479.11    6.58479      0.970     0.0012 0.0000e+00
    887.000    1479.11    1479.12   1564.681    887.000  1031.8838  1031.8839    34.8695    34.8698    1479.11    1479.12    6.58661      0.958     0.0019 0.0000e+00
    888.000    1479.12    1479.12   1565.760    888.000  1031.8884  1031.8884    34.8693    34.8694    1479.12    1479.12    6.58827      0.888     0.0006 0.0000e+00
    889.000    1479.14    1479.14   1567.027    889.000  1031.8931  1031.8931    34.8693    34.8692    1479.14    1479.13    6.58836      0.727    -0.0005 0.0000e+00
    890.000    1479.15    1479.15   1568.548    890.000  1031.8977  1031.8976    34.8693    34.8690    1479.15    1479.15    6.58603      0.667    -0.0007 0.0000e+00
    891.000    1479.17    1479.17   1569.982    891.000  1031.9023  1031.9022    34.8692    34.8690    1479.17    1479.17    6.58535      0.770     0.0001 0.0000e+00
    892.000    1479.18    1479.18   1571.201    892.000  1031.9070  1031.9070    34.8690    34.8690    1479.18    1479.18    6.58654      0.900     0.0006 0.0000e+00
    893.000    1479.18    1479.18   1572.252    893.000  1031.9116  1031.9117    34.8684    34.8686    1479.18    1479.18    6.58709      1.032     0.0005 0.0000e+00
    894.000    1479.18    1479.18   1573.183    894.000  1031.9164  1031.9165    34.8682    34.8683    1479.18    1479.18    6.58756      1.118     0.0002 0.0000e+00
    895.000    1479.19    1479.20   1574.078    895.000  1031.9211  1031.9210    34.8682    34.8681    1479.19    1479.20    6.58527      1.091     0.0005 0.0000e+00
    896.000    1479.21    1479.21   1575.071    896.000  1031.9258  1031.9257    34.8680    34.8680    1479.21    1479.21    6.58442      0.920     0.0006 0.0000e+00
    897.000    1479.22    1479.22   1576.362    897.000  1031.9303  1031.9303    34.8677    34.8677    1479.22    1479.22    6.58244      0.733    -0.0004 0.0000e+00
    898.000    1479.23    1479.23   1577.726    898.000  1031.9351  1031.9349    34.8675    34.8674    1479.23    1479.23    6.58319      0.834    -0.0002 0.0000e+00
    899.000    1479.24    1479.23   1578.817    899.000  1031.9397  1031.9397    34.8671    34.8670    1479.23    1479.23    6.58461      0.991    -0.0004 0.0000e+00
    900.000    1479.24    1479.24   1579.802    900.000  1031.9445  1031.9445    34.8670    34.8670    1479.24    1479.24    6.58395      1.009     0.0006 0.0000e+00
    901.000    1479.26    1479.26   1580.841    901.000  1031.9491  1031.9491    34.8668    34.8669    1479.26    1479.26    6.58264      0.903     0.0002 0.0000e+00
    902.000    1479.27    1479.27   1582.153    902.000  1031.9537  1031.9536    34.8669    34.8666    1479.27    1479.27    6.58301      0.668    -0.0006 0.0000e+00
    903.000    1479.29    1479.28   1583.910    903.000  1031.9583  1031.9583    34.8667    34.8665    1479.29    1479.28    6.58287      0.594    -0.0018 0.0000e+00
    904.000    1479.30    1479.30   1585.375    904.000  1031.9631  1031.9630    34.8666    34.8664    1479.29    1479.30    6.58518      0.814     0.0002 0.0000e+00
    905.000    1479.31    1479.31   1586.494    905.000  1031.9678  1031.9678    34.8666    34.8666    1479.31    1479.31    6.58632      0.990     0.0003 0.0000e+00
    906.000    1479.33    1479.33   1587.444    906.000  1031.9724  1031.9724    34.8666    34.8666    1479.33    1479.33    6.58597      1.149     0.0002 0.0000e+00
    907.000    1479.34    1479.35   1588.270    907.000  1031.9769  1031.9772    34.8664    34.8667    1479.34    1479.35    6.58254      1.318     0.0005 0.0000e+00
    908.000    1479.35    1479.35   1588.992    908.000  1031.9817  1031.9818    34.8660    34.8662    1479.35    1479.35    6.58307      1.435     0.0004 0.0000e+00
    909.000    1479.36    1479.36   1589.677    909.000  1031.9863  1031.9865    34.8658    34.8660    1479.36    1479.36    6.58088      1.455     0.0001 0.0000e+00
    910.000    1479.37    1479.37   1590.384    910.000  1031.9911  1031.9912    34.8657    34.8658    1479.37    1479.37    6.58167      1.280     0.0001 0.0000e+00
    911.000    1479.39    1479.40   1593.128    911.000  1031.9956  1031.9955    34.8657    34.8658    1479.39    1479.40    6.57858      0.242     0.0012 0.0000e+00
    912.000    1479.40    1479.40   1596.160    912.000  1032.0004  1032.0005    34.8656    34.8657    1479.40    1479.40    6.57961      1.339     0.0003 0.0000e+00
    913.000    1479.41    1479.41   1596.892    913.000  1032.0051  1032.0051    34.8656    34.8657    1479.41    1479.41    6.57974      1.440     0.0000 0.0000e+00
    914.000    1479.43    1479.43   1597.584    914.000  1032.0098  1032.0096    34.8656    34.8655    1479.43    1479.43    6.58011      1.456     0.0003 0.0000e+00
    915.000    1479.44    1479.44   1598.285    915.000  1032.0144  1032.0144    34.8656    34.8657    1479.44    1479.44    6.58013      1.423     0.0004 0.0000e+00
    916.000    1479.46    1479.46   1599.012    916.000  1032.0189  1032.0189    34.8655    34.8655    1479.46    1479.46    6.57821      1.344     0.0001 0.0000e+00
    917.000    1479.47    1479.47   1599.812    917.000  1032.0234  1032.0237    34.8650    34.8653    1479.47    1479.47    6.57989      1.153    -0.0004 0.0000e+00
    918.000    1479.48    1479.48   1600.865    918.000  1032.0283  1032.0282    34.8652    34.8651    1479.48    1479.48    6.58160      0.847     0.0003 0.0000e+00
    919.000    1479.50    1479.50   1602.210    919.000  1032.0330  1032.0330    34.8650    34.8652    1479.50    1479.50    6.58061      0.728     0.0003 0.0000e+00
    920.000    1479.51    1479.51   1604.017    920.000  1032.0375  1032.0375    34.8647    34.8649    1479.51    1479.51    6.57939      0.428     0.0007 0.0000e+00
    921.000    1479.52    1479.52   1606.595    921.000  1032.0422  1032.0421    34.8646    34.8645    1479.52    1479.52    6.57733      0.605     0.0003 0.0000e+00
    922.000    1479.53    1479.53   1607.779    922.000  1032.0470  1032.0469    34.8646    34.8646    1479.53    1479.53    6.58033      1.007     0.0003 0.0000e+00
    923.000    1479.55    1479.55   1608.661    923.000  1032.0518  1032.0515    34.8647    34.8646    1479.55    1479.55    6.57884      1.261     0.0005 0.0000e+00
    924.000    1479.56    1479.56   1609.404    924.000  1032.0563  1032.0564    34.8646    34.8647    1479.56    1479.56    6.58048      1.400     0.0002 0.0000e+00
    925.000    1479.58    1479.58   1610.109    925.000  1032.0610  1032.0610    34.8647    34.8646    1479.58    1479.58    6.57875      1.436     0.0003 0.0000e+00
    926.000    1479.59    1479.59   1610.814    926.000  1032.0658  1032.0656    34.8646    34.8645    1479.59    1479.59    6.57641      1.407     0.0007 0.0000e+00
    927.000    1479.61    1479.61   1611.551    927.000  1032.0704  1032.0703    34.8646    34.8645    1479.61    1479.61    6.57444      1.296     0.0002 0.0000e+00
    928.000    1479.63    1479.63   1613.782    928.000  1032.0747  1032.0747    34.8643    34.8643    1479.63    1479.63    6.56970      0.362     0.0005 0.0000e+00
    929.000    1479.64    1479.64   1616.659    929.000  1032.0792  1032.0795    34.8641    34.8643    1479.64    1479.64    6.56902      1.021    -0.0002 0.0000e+00
    930.000    1479.64    1479.65   1617.476    930.000  1032.0841  1032.0842    34.8639    34.8641    1479.64    1479.65    6.56966      1.201     0.0005 0.0000e+00
    931.000    1479.66    1479.66   1618.271    931.000  1032.0889  1032.0887    34.8639    34.8639    1479.66    1479.66    6.57129      1.294     0.0008 0.0000e+00
    932.000    1479.67    1479.67   1619.045    932.000  1032.0936  1032.0934    34.8637    34.8635    1479.67    1479.67    6.57188      1.308    -0.0000 0.0000e+00
    933.000    1479.68    1479.68   1619.821    933.000  1032.0983  1032.0981    34.8638    34.8636    1479.68    1479.68    6.57420      1.279     0.0001 0.0000e+00
    934.000    1479.69    1479.70   1620.634    934.000  1032.1028  1032.1028    34.8635    34.8635    1479.69    1479.70    6.57527      1.180     0.0003 0.0000e+00
    935.000    1479.71    1479.71   1621.582    935.000  1032.1074  1032.1075    34.8632    34.8634    1479.71    1479.71    6.57612      0.952     0.0004 0.0000e+00
    936.000    1479.72    1479.72   1622.866    936.000  1032.1121  1032.1121    34.8631    34.8633    1479.72    1479.72    6.57848      0.725     0.0003 0.0000e+00
    937.000    1479.74    1479.75   1624.228    937.000  1032.1168  1032.1166    34.8635    34.8634    1479.74    1479.75    6.57845      0.832     0.0009 0.0000e+00
    938.000    1479.76    1479.76   1625.364    938.000  1032.1215  1032.1212    34.8635    34.8633    1479.76    1479.76    6.57570      0.835     0.0001 0.0000e+00
    939.000    1479.78    1479.78   1628.101    939.000  1032.1259  1032.1259    34.8632    34.8633    1479.78    1479.78    6.57144      0.235     0.0007 0.0000e+00
    940.000    1479.79    1479.79   1630.068    940.000  1032.1306  1032.1307    34.8633    34.8634    1479.79    1479.79    6.57217      1.186     0.0000 0.0000e+00
    941.000    1479.80    1479.80   1630.823    941.000  1032.1351  1032.1354    34.8629    34.8632    1479.80    1479.80    6.57213      1.399     0.0002 0.0000e+00
    942.000    1479.81    1479.81   1631.522    942.000  1032.1400  1032.1400    34.8630    34.8630    1479.81    1479.81    6.57283      1.463     0.0001 0.0000e+00
    943.000    1479.83    1479.83   1632.213    943.000  1032.1448  1032.1448    34.8630    34.8630    1479.83    1479.83    6.57314      1.461     0.0001 0.0000e+00
    944.000    1479.84    1479.84   1632.907    944.000  1032.1494  1032.1493    34.8629    34.8629    1479.84    1479.84    6.57229      1.408     0.0005 0.0000e+00
    945.000    1479.86    1479.86   1633.656    945.000  1032.1538  1032.1539    34.8626    34.8626    1479.86    1479.86    6.57267      1.224    -0.0003 0.0000e+00
    946.000    1479.87    1479.87   1634.832    946.000  1032.1584  1032.1584    34.8623    34.8624    1479.87    1479.87    6.57183      0.678     0.0003 0.0000e+00
    947.000    1479.88    1479.89   1636.976    947.000  1032.1630  1032.1631    34.8622    34.8624    1479.88    1479.89    6.57020      0.469     0.0006 0.0000e+00
    948.000    1479.90    1479.90   1638.802    948.000  1032.1677  1032.1676    34.8624    34.8622    1479.90    1479.90    6.57297      0.667     0.0000 0.0000e+00
    949.000    1479.91    1479.91   1640.072    949.000  1032.1726  1032.1725    34.8625    34.8624    1479.91    1479.91    6.57308      0.967     0.0005 0.0000e+00
    950.000    1479.94    1479.93   1640.987    950.000  1032.1774  1032.1772    34.8628    34.8626    1479.94    1479.93    6.57411      1.242    -0.0006 0.0000e+00
    951.000    1479.95    1479.95   1641.733    951.000  1032.1818  1032.1818    34.8625    34.8626    1479.95    1479.95    6.57299      1.405     0.0002 0.0000e+00
    952.000    1479.97    1479.97   1642.425    952.000  1032.1865  1032.1866    34.8627    34.8628    1479.97    1479.97    6.57527      1.456     0.0002 0.0000e+00
    953.000    1479.99    1479.99   1643.124    953.000  1032.1912  1032.1912    34.8628    34.8627    1479.99    1479.99    6.57492      1.413    -0.0002 0.0000e+00
    954.000    1480.01    1480.01   1643.866    954.000  1032.1957  1032.1957    34.8627    34.8629    1480.01    1480.01    6.57326      1.230     0.0019 0.0000e+00
    955.000    1480.03    1480.03   1645.519    955.000  1032.2002  1032.2002    34.8628    34.8629    1480.03    1480.03    6.57310      0.517     0.0005 0.0000e+00
    956.000    1480.06    1480.06   1648.966    956.000  1032.2053  1032.2050    34.8636    34.8632    1480.06    1480.06    6.57425      0.634     0.0001 0.0000e+00
    957.000    1480.09    1480.09   1649.844    957.000  1032.2100  1032.2098    34.8644    34.8643    1480.09    1480.10    6.57333      1.162     0.0007 0.0000e+00
    958.000    1480.11    1480.11   1650.613    958.000  1032.2147  1032.2145    34.8646    34.8645    1480.11    1480.11    6.57290      1.372     0.0005 0.0000e+00
    959.000    1480.13    1480.13   1651.316    959.000  1032.2191  1032.2192    34.8644    34.8646    1480.13    1480.13    6.57190      1.430     0.0003 0.0000e+00
    960.000    1480.15    1480.15   1652.026    960.000  1032.2239  1032.2238    34.8645    34.8645    1480.15    1480.15    6.57152      1.420     0.0004 0.0000e+00
    961.000    1480.16    1480.17   1652.747    961.000  1032.2284  1032.2283    34.8644    34.8643    1480.16    1480.17    6.57097      1.343     0.0005 0.0000e+00
    962.000    1480.18    1480.18   1653.548    962.000  1032.2329  1032.2329    34.8642    34.8642    1480.18    1480.18    6.56819      1.128     0.0000 0.0000e+00
    963.000    1480.19    1480.20   1654.840    963.000  1032.2375  1032.2374    34.8641    34.8641    1480.19    1480.20    6.56880      0.630     0.0005 0.0000e+00
    964.000    1480.21    1480.21   1656.709    964.000  1032.2422  1032.2421    34.8641    34.8639    1480.21    1480.21    6.56784      0.610     0.0003 0.0000e+00
    965.000    1480.23    1480.22   1658.344    965.000  1032.2468  1032.2467    34.8639    34.8638    1480.23    1480.22    6.57059      0.575    -0.0008 0.0000e+00
    966.000    1480.23    1480.23   1660.038    966.000  1032.2516  1032.2515    34.8637    34.8636    1480.23    1480.23    6.57410      0.774    -0.0000 0.0000e+00
    967.000    1480.24    1480.24   1661.088    967.000  1032.2563  1032.2563    34.8636    34.8638    1480.24    1480.24    6.57335      1.170     0.0004 0.0000e+00
    968.000    1480.25    1480.25   1661.847    968.000  1032.2609  1032.2611    34.8632    34.8635    1480.25    1480.25    6.57181      1.385     0.0003 0.0000e+00
