Ship_data/Irminger/Irminger-2/ctd/process/at30_006.ros
* Sea-Bird SBE 9 Data File:
* FileName = C:\data\ctd\at30_006.hdr
* Software Version Seasave V 7.21f
* Temperature SN = 2265
* Conductivity SN = 3021
* Number of Bytes Per Scan = 40
* Number of Voltage Words = 5
* Number of Scans Averaged by the Deck Unit = 1
* NMEA Latitude = 59 51.06 N
* NMEA Longitude = 039 05.71 W
* NMEA UTC (Time) = Aug 17 2015  17:02:11
# nquan = 27
# nvalues = 588                                   
# units = specified
# name 0 = timeS: Time, Elapsed [seconds]
# name 1 = longitude: Longitude [deg]
# name 2 = latitude: Latitude [deg]
# name 3 = depSM: Depth [salt water, m]
# name 4 = prDM: Pressure, Digiquartz [db]
# name 5 = t090C: Temperature [ITS-90, deg C]
# name 6 = t190C: Temperature, 2 [ITS-90, deg C]
# name 7 = c0S/m: Conductivity [S/m]
# name 8 = c1S/m: Conductivity, 2 [S/m]
# name 9 = CStarTr0: Beam Transmission, WET Labs C-Star [%]
# name 10 = flECO-AFL: Fluorescence, WET Labs ECO-AFL/FL [mg/m^3]
# name 11 = sbeox0V: Oxygen raw, SBE 43 [V]
# name 12 = altM: Altimeter [m]
# name 13 = nbf: Bottles Fired
# name 14 = density00: Density [density, Kg/m^3]
# name 15 = density11: Density, 2 [density, Kg/m^3]
# name 16 = sal00: Salinity, Practical [PSU]
# name 17 = sal11: Salinity, Practical, 2 [PSU]
# name 18 = svCM: Sound Velocity [Chen-Millero, m/s]
# name 19 = svCM1: Sound Velocity, 2 [Chen-Millero, m/s]
# name 20 = timeS: Time, Elapsed [seconds]
# name 21 = sbeox0ML/L: Oxygen, SBE 43 [ml/l]
# name 22 = sbeox0PS: Oxygen, SBE 43 [% saturation]
# name 23 = dz/dtM: Descent Rate [m/s]
# name 24 = T2-T190C: Temperature Difference, 2 - 1 [ITS-90, deg C]
# name 25 = scan: Scan Count
# name 26 = flag:  0.000e+00
# interval = seconds: 0.0416667
# start_time = Aug 17 2015 17:02:11 [NMEA time, header]
# bad_flag = -9.990e-29
*END*
[from data line 484]
   3336.208  -39.09562   59.85480     31.324     31.624     7.9901     7.9909   3.609558   3.609565    94.2008    -0.0219     2.5267      98.78         10  1027.3174  1027.3167    34.8697    34.8689    1482.80    1482.80   3336.208    6.69223  101.29293     -0.053     0.0008      80070  0.000e+00
   3336.250  -39.09562   59.85480     31.260     31.560     7.9901     7.9909   3.609558   3.609595    94.0962    -0.0219     2.5267      98.75         10  1027.3170  1027.3166    34.8696    34.8693    1482.79    1482.80   3336.250    6.69216  101.29208     -0.043     0.0008      80071  0.000e+00
   3336.292  -39.09562   59.85480     31.292     31.592     7.9901     7.9909   3.609540   3.609565    93.8869    -0.0219     2.5267      98.75         10  1027.3170  1027.3165    34.8694    34.8689    1482.80    1482.80   3336.292    6.69220  101.29250     -0.034     0.0008      80072  0.000e+00
   3336.333  -39.09562   59.85480     31.324     31.625     7.9900     7.9909   3.609546   3.609595    93.8346    -0.0219     2.5254      98.78         10  1027.3174  1027.3169    34.8696    34.8692    1482.80    1482.80   3336.333    6.68816  101.23116     -0.021     0.0009      80073  0.000e+00
   3336.375  -39.09562   59.85480     31.260     31.560     7.9903     7.9914   3.609558   3.609565    93.8869    -0.0219     2.5267      98.78         10  1027.3169  1027.3159    34.8695    34.8685    1482.80    1482.80   3336.375    6.69214  101.29204     -0.015     0.0011      80074  0.000e+00
   3336.417  -39.09562   59.85480     31.324     31.625     7.9903     7.9912   3.609558   3.609625    93.9392    -0.0219     2.5230      98.78         10  1027.3172  1027.3169    34.8695    34.8693    1482.80    1482.80   3336.417    6.67996  101.10757     -0.001     0.0009      80075  0.000e+00
   3532.917  -39.09568   59.85510      1.866      1.884     8.6028     8.6016   3.665948   3.665779    94.3578    -0.0219     2.5188      98.78         11  1027.0938  1027.0935    34.8775    34.8768    1484.61    1484.61   3532.917    6.54543  100.44241     -0.049    -0.0012      84791  0.000e+00
   3532.958  -39.09568   59.85510      1.754      1.771     8.6026     8.6023   3.665916   3.665749    94.3839    -0.0219     2.5176      98.78         11  1027.0932  1027.0922    34.8773    34.8759    1484.61    1484.61   3532.958    6.54135  100.37949     -0.057    -0.0004      84792  0.000e+00
   3533.000  -39.09568   59.85510      1.866      1.884     8.6028     8.6024   3.665879   3.665779    94.3839    -0.0219     2.5176      98.75         11  1027.0932  1027.0927    34.8767    34.8760    1484.61    1484.61   3533.000    6.54145  100.38092     -0.054    -0.0004      84793  0.000e+00
   3533.042  -39.09568   59.85510      1.746      1.763     8.6026     8.6024   3.665910   3.665844    94.3839    -0.0219     2.5188      98.75         11  1027.0931  1027.0928    34.8773    34.8768    1484.61    1484.61   3533.042    6.54536  100.44085     -0.062    -0.0002      84794  0.000e+00
   3533.083  -39.09568   59.85510      1.818      1.836     8.6022     8.6023   3.665885   3.665814    94.3839    -0.0219     2.5176      98.78         11  1027.0936  1027.0930    34.8773    34.8766    1484.61    1484.61   3533.083    6.54146  100.38034     -0.061     0.0000      84795  0.000e+00
   3533.125  -39.09568   59.85510      1.810      1.827     8.6022     8.6024   3.665866   3.665880    94.3578    -0.0219     2.5176      98.75         11  1027.0934  1027.0933    34.8771    34.8771    1484.61    1484.61   3533.125    6.54146  100.38023     -0.065     0.0002      84796  0.000e+00
   3533.167  -39.09568   59.85510      1.698      1.714     8.6024     8.6021   3.665910   3.665844    94.3839    -0.0219     2.5176      98.78         11  1027.0931  1027.0928    34.8775    34.8771    1484.61    1484.61   3533.167    6.54133  100.37876     -0.070    -0.0003      84797  0.000e+00
   3533.208  -39.09568   59.85510      1.810      1.828     8.6026     8.6023   3.665954   3.665844    94.3578    -0.0219     2.5188      98.75         11  1027.0938  1027.0932    34.8777    34.8769    1484.61    1484.61   3533.208    6.54539  100.44166     -0.072    -0.0004      84798  0.000e+00
   3533.250  -39.09568   59.85510      1.746      1.763     8.6029     8.6024   3.665935   3.665814    94.3578    -0.0219     2.5188      98.78         11  1027.0930  1027.0925    34.8772    34.8765    1484.61    1484.61   3533.250    6.54531  100.44079     -0.075    -0.0005      84799  0.000e+00
   3533.292  -39.09568   59.85510      1.754      1.771     8.6029     8.6024   3.665954   3.665880    94.3578    -0.0219     2.5188      98.78         11  1027.0932  1027.0931    34.8774    34.8772    1484.61    1484.61   3533.292    6.54531  100.44089     -0.082    -0.0005      84800  0.000e+00
   3533.333  -39.09568   59.85510      1.746      1.763     8.6029     8.6026   3.665967   3.665880    94.3578    -0.0219     2.5188      98.75         11  1027.0933  1027.0929    34.8776    34.8770    1484.61    1484.61   3533.333    6.54529  100.44078     -0.084    -0.0003      84801  0.000e+00
   3533.375  -39.09568   59.85510      1.698      1.714     8.6029     8.6031   3.665942   3.665844    94.3839    -0.0219     2.5188      98.78         11  1027.0929  1027.0919    34.8773    34.8761    1484.61    1484.61   3533.375    6.54526  100.44015     -0.090     0.0002      84802  0.000e+00
   3533.417  -39.09568   59.85510      1.690      1.706     8.6026     8.6027   3.665929   3.665910    94.3578    -0.0219     2.5188      98.78         11  1027.0930  1027.0928    34.8775    34.8772    1484.61    1484.61   3533.417    6.54530  100.44008     -0.098     0.0001      84803  0.000e+00
   3533.458  -39.09568   59.85510      1.698      1.714     8.6026     8.6032   3.665910   3.665880    94.3839    -0.0219     2.5188      98.75         11  1027.0929  1027.0921    34.8773    34.8764    1484.61    1484.61   3533.458    6.54531  100.44018     -0.104     0.0006      84804  0.000e+00
   3533.500  -39.09568   59.85510      1.690      1.706     8.6026     8.6036   3.665948   3.665910    94.3839    -0.0219     2.5188      98.78         11  1027.0932  1027.0920    34.8777    34.8763    1484.61    1484.61   3533.500    6.54529  100.44007     -0.110     0.0010      84805  0.000e+00
   3533.542  -39.09568   59.85510      1.690      1.706     8.6024     8.6042   3.665916   3.665910    94.3839    -0.0219     2.5188      98.78         11  1027.0931  1027.0914    34.8776    34.8757    1484.61    1484.61   3533.542    6.54532  100.44008     -0.115     0.0018      84806  0.000e+00
   3533.583  -39.09568   59.85510      1.642      1.657     8.6028     8.6044   3.665916   3.665976    94.3839    -0.0219     2.5188      98.75         11  1027.0926  1027.0916    34.8772    34.8762    1484.61    1484.61   3533.583    6.54524  100.43942     -0.122     0.0016      84807  0.000e+00
   3533.625  -39.09568   59.85510      1.634      1.649     8.6026     8.6049   3.665954   3.666006    94.3839    -0.0219     2.5176      98.75         11  1027.0930  1027.0913    34.8778    34.8761    1484.61    1484.61   3533.625    6.54123  100.37785     -0.130     0.0023      84808  0.000e+00
   3533.667  -39.09568   59.85510      1.698      1.714     8.6028     8.6051   3.665942   3.666042    94.3839    -0.0219     2.5188      98.78         11  1027.0930  1027.0917    34.8775    34.8763    1484.61    1484.62   3533.667    6.54528  100.44013     -0.137     0.0023      84809  0.000e+00
   3533.708  -39.09568   59.85510      1.570      1.584     8.6029     8.6047   3.665954   3.666042    94.4101    -0.0219     2.5188      98.78         11  1027.0925  1027.0915    34.8775    34.8767    1484.61    1484.61   3533.708    6.54514  100.43845     -0.146     0.0018      84810  0.000e+00
   3533.750  -39.09568   59.85510      1.634      1.649     8.6031     8.6047   3.665986   3.666072    94.3839    -0.0219     2.5188      98.75         11  1027.0928  1027.0920    34.8777    34.8770    1484.61    1484.61   3533.750    6.54517  100.43926     -0.152     0.0016      84811  0.000e+00
   3533.792  -39.09568   59.85510      1.642      1.657     8.6032     8.6047   3.665998   3.666006    94.3839    -0.0219     2.5188      98.78         11  1027.0928  1027.0915    34.8776    34.8763    1484.61    1484.61   3533.792    6.54515  100.43934     -0.156     0.0015      84812  0.000e+00
   3533.833  -39.09568   59.85510      1.634      1.649     8.6034     8.6049   3.665998   3.666042    94.3839    -0.0219     2.5188      98.78         11  1027.0927  1027.0916    34.8775    34.8765    1484.61    1484.61   3533.833    6.54513  100.43922     -0.160     0.0015      84813  0.000e+00
   3533.875  -39.09568   59.85510      1.578      1.593     8.6034     8.6047   3.665979   3.666042    94.3839    -0.0292     2.5188      98.75         11  1027.0923  1027.0916    34.8773    34.8767    1484.61    1484.61   3533.875    6.54509  100.43848     -0.170     0.0013      84814  0.000e+00
   3533.917  -39.09568   59.85510      1.570      1.585     8.6035     8.6047   3.665967   3.666072    94.3839    -0.0219     2.5188      98.78         11  1027.0920  1027.0918    34.8771    34.8770    1484.61    1484.61   3533.917    6.54507  100.43836     -0.176     0.0012      84815  0.000e+00
   3533.958  -39.09568   59.85510      1.578      1.593     8.6035     8.6044   3.666011   3.666042    94.3578    -0.0219     2.5188      98.78         11  1027.0924  1027.0918    34.8775    34.8770    1484.61    1484.61   3533.958    6.54505  100.43846     -0.181     0.0009      84816  0.000e+00
   3534.000  -39.09568   59.85510      1.570      1.585     8.6031     8.6042   3.665986   3.666042    94.3839    -0.0219     2.5188      98.75         11  1027.0926  1027.0920    34.8777    34.8772    1484.61    1484.61   3534.000    6.54511  100.43840     -0.189     0.0011      84817  0.000e+00
   3534.042  -39.09568   59.85510      1.570      1.585     8.6029     8.6041   3.665916   3.666006    94.3839    -0.0219     2.5188      98.78         11  1027.0921  1027.0918    34.8771    34.8769    1484.61    1484.61   3534.042    6.54516  100.43841     -0.193     0.0011      84818  0.000e+00
   3534.083  -39.09568   59.85510      1.578      1.593     8.6029     8.6042   3.665916   3.665976    94.3839    -0.0219     2.5188      98.78         11  1027.0922  1027.0915    34.8771    34.8765    1484.61    1484.61   3534.083    6.54516  100.43851     -0.195     0.0013      84819  0.000e+00
   3534.125  -39.09568   59.85510      1.570      1.585     8.6024     8.6039   3.665879   3.665970    94.3839    -0.0219     2.5188      98.75         11  1027.0923  1027.0917    34.8772    34.8767    1484.60    1484.61   3534.125    6.54523  100.43846     -0.201     0.0015      84820  0.000e+00
   3534.167  -39.09568   59.85510      1.522      1.536     8.6024     8.6039   3.665860   3.666006    94.3578    -0.0219     2.5188      98.75         11  1027.0920  1027.0918    34.8771    34.8771    1484.60    1484.61   3534.167    6.54520  100.43783     -0.205     0.0015      84821  0.000e+00
   3534.208  -39.09568   59.85510      1.570      1.585     8.6024     8.6041   3.665885   3.666042    94.3839    -0.0219     2.5188      98.78         11  1027.0924  1027.0921    34.8773    34.8773    1484.60    1484.61   3534.208    6.54523  100.43845     -0.209     0.0017      84822  0.000e+00
   3534.250  -39.09568   59.85510      1.570      1.585     8.6021     8.6042   3.665897   3.665976    94.3839    -0.0292     2.5188      98.75         11  1027.0928  1027.0914    34.8777    34.8765    1484.60    1484.61   3534.250    6.54526  100.43847     -0.209     0.0021      84823  0.000e+00
   3534.292  -39.09568   59.85510      1.522      1.536     8.6024     8.6041   3.665916   3.666006    94.3839    -0.0219     2.5188      98.75         11  1027.0924  1027.0916    34.8777    34.8770    1484.60    1484.61   3534.292    6.54517  100.43781     -0.210     0.0017      84824  0.000e+00
   3534.333  -39.09568   59.85510      1.570      1.585     8.6022     8.6042   3.665910   3.665940    94.3578    -0.0219     2.5188      98.78         11  1027.0927  1027.0911    34.8777    34.8761    1484.60    1484.61   3534.333    6.54523  100.43845     -0.208     0.0020      84825  0.000e+00
   3534.375  -39.09568   59.85510      1.522      1.536     8.6024     8.6042   3.665897   3.666006    94.3578    -0.0219     2.5188      98.75         11  1027.0923  1027.0915    34.8775    34.8768    1484.60    1484.61   3534.375    6.54518  100.43780     -0.211     0.0018      84826  0.000e+00
   3534.417  -39.09568   59.85510      1.514      1.528     8.6022     8.6044   3.665897   3.665976    94.3839    -0.0219     2.5188      98.75         11  1027.0924  1027.0910    34.8776    34.8763    1484.60    1484.61   3534.417    6.54519  100.43771     -0.210     0.0022      84827  0.000e+00
   3534.458  -39.09568   59.85510      1.578      1.593     8.6021     8.6047   3.665879   3.666006    94.3839    -0.0219     2.5188      98.78         11  1027.0926  1027.0913    34.8775    34.8763    1484.60    1484.61   3534.458    6.54527  100.43855     -0.208     0.0026      84828  0.000e+00
   3534.500  -39.09568   59.85510      1.570      1.585     8.6018     8.6047   3.665910   3.666042    94.3839    -0.0292     2.5188      98.75         11  1027.0932  1027.0915    34.8782    34.8767    1484.60    1484.61   3534.500    6.54528  100.43848     -0.202     0.0029      84829  0.000e+00
   3534.542  -39.09568   59.85510      1.514      1.528     8.6018     8.6049   3.665910   3.666072    94.3839    -0.0219     2.5188      98.78         11  1027.0929  1027.0914    34.8782    34.8768    1484.60    1484.61   3534.542    6.54523  100.43774     -0.202     0.0031      84830  0.000e+00
   3534.583  -39.09568   59.85510      1.578      1.593     8.6022     8.6049   3.665879   3.666006    94.3839    -0.0219     2.5188      98.78         11  1027.0925  1027.0911    34.8774    34.8761    1484.60    1484.61   3534.583    6.54525  100.43852     -0.195     0.0027      84831  0.000e+00
   3534.625  -39.09568   59.85510      1.570      1.585     8.6022     8.6049   3.665847   3.666072    94.3578    -0.0219     2.5188      98.78         11  1027.0922  1027.0916    34.8770    34.8768    1484.60    1484.61   3534.625    6.54526  100.43841     -0.193     0.0027      84832  0.000e+00
   3534.667  -39.09568   59.85510      1.522      1.536     8.6022     8.6047   3.665853   3.666042    94.3316    -0.0219     2.5188      98.75         11  1027.0920  1027.0913    34.8771    34.8767    1484.60    1484.61   3534.667    6.54521  100.43778     -0.190     0.0025      84833  0.000e+00
   3534.708  -39.09568   59.85510      1.570      1.585     8.6022     8.6049   3.665866   3.666072    94.3316    -0.0219     2.5188      98.78         11  1027.0924  1027.0916    34.8772    34.8768    1484.60    1484.61   3534.708    6.54525  100.43840     -0.180     0.0027      84834  0.000e+00
   3534.750  -39.09568   59.85510      1.570      1.585     8.6021     8.6046   3.665847   3.666072    94.3839    -0.0219     2.5188      98.78         11  1027.0923  1027.0919    34.8772    34.8771    1484.60    1484.61   3534.750    6.54528  100.43841     -0.173     0.0025      84835  0.000e+00
   3534.792  -39.09568   59.85510      1.522      1.536     8.6018     8.6046   3.665853   3.666072    94.3578    -0.0219     2.5188      98.78         11  1027.0925  1027.0917    34.8776    34.8772    1484.60    1484.61   3534.792    6.54526  100.43782     -0.168     0.0028      84836  0.000e+00
