Ship_data/Irminger/Irminger-2/ctd/process/at30_004.ros
* Sea-Bird SBE 9 Data File:
* FileName = C:\data\ctd\at30_004.hdr
* Software Version Seasave V 7.21f
* Temperature SN = 2265
* Conductivity SN = 3021
* Number of Bytes Per Scan = 40
* Number of Voltage Words = 5
* Number of Scans Averaged by the Deck Unit = 1
* NMEA Latitude = 59 57.06 N
* NMEA Longitude = 039 25.14 W
* NMEA UTC (Time) = Aug 14 2015  14:16:48
# nquan = 27
# nvalues = 539                                   
# units = specified
# name 0 = timeS: Time, Elapsed [seconds]
# name 1 = longitude: Longitude [deg]
# name 2 = latitude: Latitude [deg]
# name 3 = depSM: Depth [salt water, m]
# name 4 = prDM: Pressure, Digiquartz [db]
# name 5 = t090C: Temperature [ITS-90, deg C]
# name 6 = t190C: Temperature, 2 [ITS-90, deg C]
# name 7 = c0S/m: Conductivity [S/m]
# name 8 = c1S/m: Conductivity, 2 [S/m]
# name 9 = CStarTr0: Beam Transmission, WET Labs C-Star [%]
# name 10 = flECO-AFL: Fluorescence, WET Labs ECO-AFL/FL [mg/m^3]
# name 11 = sbeox0V: Oxygen raw, SBE 43 [V]
# name 12 = altM: Altimeter [m]
# name 13 = nbf: Bottles Fired
# name 14 = density00: Density [density, Kg/m^3]
# name 15 = density11: Density, 2 [density, Kg/m^3]
# name 16 = sal00: Salinity, Practical [PSU]
# name 17 = sal11: Salinity, Practical, 2 [PSU]
# name 18 = svCM: Sound Velocity [Chen-Millero, m/s]
# name 19 = svCM1: Sound Velocity, 2 [Chen-Millero, m/s]
# name 20 = timeS: Time, Elapsed [seconds]
# name 21 = sbeox0ML/L: Oxygen, SBE 43 [ml/l]
# name 22 = sbeox0PS: Oxygen, SBE 43 [% saturation]
# name 23 = dz/dtM: Descent Rate [m/s]
# name 24 = T2-T190C: Temperature Difference, 2 - 1 [ITS-90, deg C]
# name 25 = scan: Scan Count
# name 26 = flag:  0.000e+00
# interval = seconds: 0.0416667
# start_time = Aug 14 2015 14:16:48 [NMEA time, header]
# bad_flag = -9.990e-29
*END*
[from data line 108]
   6414.458  -39.41582   59.94834    501.901    507.298     3.6551     3.6551   3.238252   3.238467    97.2877    -0.0219     2.1928      52.16          3  1030.0869  1030.0889    34.8883    34.8909    1473.35    1473.36   6414.458    6.62360   90.59642      0.310     0.0000     153948  0.000e+00
   6414.500  -39.41582   59.94834    501.974    507.371     3.6547     3.6540   3.238174   3.238284    97.2615    -0.0292     2.1928      52.14          3  1030.0869  1030.0886    34.8878    34.8899    1473.35    1473.35   6414.500    6.62376   90.59740      0.319    -0.0007     153949  0.000e+00
   6414.542  -39.41582   59.94834    501.901    507.298     3.6545     3.6530   3.238156   3.238199    97.2353    -0.0219     2.1940      52.14          3  1030.0865  1030.0884    34.8878    34.8899    1473.35    1473.35   6414.542    6.62859   90.66308      0.324    -0.0015     153950  0.000e+00
   6414.583  -39.41582   59.94834    501.966    507.363     3.6542     3.6528   3.238132   3.238108    97.2615    -0.0292     2.1928      52.14          3  1030.0869  1030.0880    34.8879    34.8890    1473.35    1473.35   6414.583    6.62384   90.59741      0.333    -0.0013     153951  0.000e+00
   6414.625  -39.41582   59.94834    502.039    507.437     3.6542     3.6530   3.238102   3.237988    97.2877    -0.0219     2.1928      52.14          3  1030.0869  1030.0869    34.8875    34.8873    1473.35    1473.35   6414.625    6.62392   90.59826      0.344    -0.0011     153952  0.000e+00
   6414.667  -39.41582   59.94834    502.023    507.420     3.6540     3.6526   3.238108   3.238022    97.3138    -0.0219     2.1940      52.14          3  1030.0871  1030.0876    34.8877    34.8882    1473.35    1473.34   6414.667    6.62879   90.66463      0.352    -0.0014     153953  0.000e+00
   6414.708  -39.41582   59.94834    502.087    507.486     3.6540     3.6527   3.238126   3.238022    97.3400    -0.0219     2.1928      52.14          3  1030.0875  1030.0878    34.8879    34.8881    1473.35    1473.35   6414.708    6.62397   90.59886      0.363    -0.0013     153954  0.000e+00
   6414.750  -39.41582   59.94834    502.039    507.437     3.6540     3.6537   3.238126   3.237959    97.3400    -0.0292     2.1928      52.14          3  1030.0873  1030.0861    34.8879    34.8863    1473.35    1473.35   6414.750    6.62393   90.59827      0.368    -0.0003     153955  0.000e+00
   6414.792  -39.41582   59.94834    502.087    507.486     3.6543     3.6537   3.238138   3.238022    97.3400    -0.0292     2.1928      52.14          3  1030.0873  1030.0869    34.8877    34.8870    1473.35    1473.35   6414.792    6.62392   90.59873      0.378    -0.0007     153956  0.000e+00
   6414.833  -39.41582   59.94834    502.087    507.486     3.6543     3.6543   3.238204   3.238079    97.3400    -0.0219     2.1904      69.62          3  1030.0879  1030.0868    34.8885    34.8870    1473.35    1473.35   6414.833    6.61416   90.46567      0.384    -0.0000     153957  0.000e+00
   6414.875  -39.41582   59.94834    502.160    507.559     3.6547     3.6544   3.238168   3.238136    97.3400    -0.0219     2.1904      94.14          3  1030.0876  1030.0876    34.8877    34.8876    1473.35    1473.35   6414.875    6.61420   90.46643      0.395    -0.0003     153958  0.000e+00
   6414.917  -39.41582   59.94834    502.200    507.600     3.6540     3.6540   3.238150   3.238170    97.3400    -0.0219     2.1904     100.00          3  1030.0882  1030.0884    34.8881    34.8884    1473.35    1473.35   6414.917    6.61433   90.46708      0.406    -0.0000     153959  0.000e+00
   6414.958  -39.41582   59.94834    502.200    507.600     3.6532     3.6535   3.238108   3.238199    97.3400    -0.0219     2.1904      99.56          3  1030.0886  1030.0892    34.8885    34.8893    1473.35    1473.35   6414.958    6.61446   90.46729      0.416     0.0003     153960  0.000e+00
   6415.000  -39.41582   59.94834    502.217    507.617     3.6530     3.6528   3.238036   3.238108    97.3661    -0.0219     2.1904      98.97          3  1030.0881  1030.0890    34.8878    34.8889    1473.35    1473.35   6415.000    6.61453   90.46752      0.424    -0.0002     153961  0.000e+00
   6415.042  -39.41582   59.94834    502.265    507.666     3.6526     3.6527   3.238012   3.238051    97.3661    -0.0292     2.1916      98.66          3  1030.0885  1030.0888    34.8879    34.8883    1473.35    1473.35   6415.042    6.61951   90.53473      0.437     0.0001     153962  0.000e+00
   6415.083  -39.41582   59.94834    502.265    507.666     3.6524     3.6524   3.238006   3.238022    97.3661    -0.0219     2.1904      98.71          3  1030.0886  1030.0888    34.8881    34.8882    1473.35    1473.35   6415.083    6.61467   90.46824      0.444     0.0000     153963  0.000e+00
   6415.125  -39.41582   59.94834    502.322    507.723     3.6523     3.6522   3.237964   3.237988    97.3661    -0.0219     2.1916      98.75          3  1030.0886  1030.0889    34.8877    34.8881    1473.35    1473.35   6415.125    6.61963   90.53547      0.452    -0.0001     153964  0.000e+00
   6415.167  -39.41582   59.94834    502.338    507.739     3.6524     3.6520   3.237994   3.238022    97.3661    -0.0292     2.1904      98.78          3  1030.0888  1030.0895    34.8879    34.8886    1473.35    1473.35   6415.167    6.61474   90.46907      0.462    -0.0004     153965  0.000e+00
   6415.208  -39.41582   59.94834    502.322    507.723     3.6523     3.6519   3.238012   3.237959    97.3661    -0.0219     2.1904      98.75          3  1030.0891  1030.0890    34.8883    34.8881    1473.35    1473.35   6415.208    6.61474   90.46891      0.470    -0.0004     153966  0.000e+00
   6415.250  -39.41582   59.94834    502.378    507.780     3.6523     3.6520   3.238024   3.237931    97.3400    -0.0219     2.1940      98.78          3  1030.0895  1030.0888    34.8884    34.8875    1473.35    1473.35   6415.250    6.62937   90.66914      0.478    -0.0002     153967  0.000e+00
   6415.292  -39.41582   59.94834    502.394    507.796     3.6521     3.6522   3.237976   3.238022    97.3400    -0.0219     2.1904      98.78          3  1030.0892  1030.0896    34.8880    34.8884    1473.35    1473.35   6415.292    6.61484   90.46979      0.485     0.0001     153968  0.000e+00
   6415.333  -39.41582   59.94834    502.499    507.903     3.6523     3.6520   3.237988   3.237931    97.3400    -0.0292     2.1916      98.78          3  1030.0896  1030.0893    34.8879    34.8875    1473.35    1473.35   6415.333    6.61977   90.53751      0.500    -0.0002     153969  0.000e+00
   6415.375  -39.41584   59.94834    502.443    507.846     3.6524     3.6520   3.238006   3.237988    97.3400    -0.0219     2.1916      98.78          3  1030.0894  1030.0896    34.8880    34.8882    1473.35    1473.35   6415.375    6.61969   90.53677      0.505    -0.0004     153970  0.000e+00
   6415.417  -39.41584   59.94834    502.516    507.919     3.6523     3.6520   3.238006   3.237988    97.3400    -0.0292     2.1916      98.75          3  1030.0899  1030.0899    34.8881    34.8881    1473.35    1473.35   6415.417    6.61977   90.53767      0.515    -0.0002     153971  0.000e+00
   6415.458  -39.41584   59.94834    502.621    508.025     3.6524     3.6520   3.238006   3.237960    97.3661    -0.0292     2.1916      98.78          3  1030.0902  1030.0901    34.8879    34.8877    1473.35    1473.35   6415.458    6.61984   90.53886      0.530    -0.0004     153972  0.000e+00
   6415.500  -39.41584   59.94834    502.499    507.903     3.6523     3.6517   3.237988   3.237988    97.3661    -0.0219     2.1916      98.78          3  1030.0896  1030.0902    34.8879    34.8885    1473.35    1473.35   6415.500    6.61977   90.53745      0.534    -0.0006     153973  0.000e+00
   6415.542  -39.41584   59.94834    502.572    507.976     3.6519     3.6514   3.237994   3.237960    97.3661    -0.0219     2.1904      98.78          3  1030.0903  1030.0905    34.8883    34.8884    1473.35    1473.35   6415.542    6.61501   90.47186      0.545    -0.0005     153974  0.000e+00
   6415.583  -39.41584   59.94834    502.677    508.083     3.6518     3.6511   3.237916   3.237903    97.3661    -0.0219     2.1916      98.78          3  1030.0902  1030.0907    34.8875    34.8880    1473.35    1473.35   6415.583    6.62003   90.53968      0.555    -0.0007     153975  0.000e+00
   6415.625  -39.41584   59.94834    502.621    508.025     3.6511     3.6509   3.237892   3.237931    97.3661    -0.0219     2.1904      98.78          3  1030.0903  1030.0909    34.8879    34.8886    1473.35    1473.35   6415.625    6.61521   90.47263      0.562    -0.0002     153976  0.000e+00
   6415.667  -39.41584   59.94834    502.693    508.099     3.6511     3.6508   3.237910   3.237868    97.3661    -0.0219     2.1916      98.78          3  1030.0908  1030.0908    34.8881    34.8880    1473.35    1473.35   6415.667    6.62013   90.54001      0.567    -0.0004     153977  0.000e+00
   6415.708  -39.41584   59.94834    502.742    508.148     3.6507     3.6509   3.237916   3.237840    97.3661    -0.0219     2.1916      98.78          3  1030.0915  1030.0905    34.8886    34.8874    1473.35    1473.35   6415.708    6.62023   90.54070      0.579     0.0002     153978  0.000e+00
   6415.750  -39.41584   59.94834    502.742    508.148     3.6508     3.6508   3.237880   3.237840    97.3661    -0.0219     2.1916      98.78          3  1030.0910  1030.0907    34.8880    34.8876    1473.35    1473.35   6415.750    6.62023   90.54065      0.589    -0.0001     153979  0.000e+00
   6415.792  -39.41584   59.94834    502.758    508.164     3.6508     3.6508   3.237880   3.237846    97.3661    -0.0219     2.1916      98.78          3  1030.0911  1030.0908    34.8880    34.8877    1473.35    1473.35   6415.792    6.62024   90.54083      0.597    -0.0001     153980  0.000e+00
   6415.833  -39.41584   59.94834    502.798    508.205     3.6507     3.6503   3.237844   3.237840    97.3661    -0.0219     2.1916      98.78          3  1030.0910  1030.0914    34.8877    34.8881    1473.35    1473.35   6415.833    6.62031   90.54133      0.604    -0.0004     153981  0.000e+00
   6415.875  -39.41584   59.94834    502.863    508.271     3.6505     3.6503   3.237844   3.237811    97.3661    -0.0292     2.1904      98.78          3  1030.0915  1030.0914    34.8878    34.8877    1473.35    1473.35   6415.875    6.61553   90.47560      0.612    -0.0002     153982  0.000e+00
   6415.917  -39.41584   59.94834    502.814    508.222     3.6504     3.6500   3.237844   3.237811    97.3661    -0.0219     2.1916      98.78          3  1030.0914  1030.0915    34.8880    34.8881    1473.35    1473.35   6415.917    6.62037   90.54159      0.615    -0.0004     153983  0.000e+00
   6415.958  -39.41584   59.94834    502.919    508.328     3.6500     3.6501   3.237808   3.237783    97.3661    -0.0219     2.1916      98.78          3  1030.0919  1030.0915    34.8879    34.8875    1473.35    1473.35   6415.958    6.62053   90.54292      0.624     0.0001     153984  0.000e+00
   6416.000  -39.41584   59.94834    502.920    508.328     3.6497     3.6500   3.237778   3.237811    97.3661    -0.0219     2.1916      98.78          3  1030.0918  1030.0919    34.8878    34.8880    1473.35    1473.35   6416.000    6.62058   90.54298      0.630     0.0002     153985  0.000e+00
   6416.042  -39.41584   59.94834    502.920    508.328     3.6498     3.6498   3.237772   3.237754    97.3661    -0.0219     2.1928      98.78          3  1030.0917  1030.0916    34.8877    34.8875    1473.35    1473.35   6416.042    6.62543   90.60947      0.638    -0.0001     153986  0.000e+00
   6807.625  -39.41588   59.94834    250.998    253.542     3.9156     3.9141   3.251714   3.251571    97.2353    -0.0219     2.2292      98.78          4  1028.8999  1028.9000    34.9080    34.9079    1470.30    1470.30   6807.625    6.50108   89.49684      0.226    -0.0015     163384  0.000e+00
   6807.667  -39.41588   59.94834    251.047    253.591     3.9155     3.9141   3.251696   3.251611    97.2353    -0.0292     2.2292      98.75          4  1028.9000  1028.9005    34.9078    34.9083    1470.30    1470.30   6807.667    6.50114   89.49741      0.235    -0.0014     163385  0.000e+00
   6807.708  -39.41588   59.94834    250.926    253.469     3.9156     3.9141   3.251684   3.251571    97.2092    -0.0219     2.2292      98.78          4  1028.8993  1028.8996    34.9077    34.9079    1470.30    1470.29   6807.708    6.50103   89.49596      0.232    -0.0015     163386  0.000e+00
   6807.750  -39.41588   59.94834    250.998    253.542     3.9155     3.9141   3.251684   3.251571    97.2092    -0.0219     2.2292      98.78          4  1028.8997  1028.9000    34.9077    34.9079    1470.30    1470.30   6807.750    6.50111   89.49682      0.235    -0.0014     163387  0.000e+00
   6807.792  -39.41588   59.94834    251.047    253.591     3.9156     3.9141   3.251684   3.251611    97.2092    -0.0219     2.2292      98.78          4  1028.8998  1028.9005    34.9076    34.9083    1470.30    1470.30   6807.792    6.50114   89.49735      0.240    -0.0015     163388  0.000e+00
   6807.833  -39.41588   59.94834    250.999    253.542     3.9150     3.9136   3.251660   3.251542    97.2092    -0.0219     2.2292      98.78          4  1028.8999  1028.9001    34.9079    34.9080    1470.30    1470.29   6807.833    6.50118   89.49691      0.238    -0.0014     163389  0.000e+00
   6807.875  -39.41588   59.94834    251.047    253.591     3.9153     3.9139   3.251672   3.251520    97.2092    -0.0219     2.2292      98.78          4  1028.9000  1028.8998    34.9077    34.9074    1470.30    1470.30   6807.875    6.50118   89.49739      0.241    -0.0014     163390  0.000e+00
   6807.917  -39.41588   59.94834    250.982    253.526     3.9151     3.9138   3.251684   3.251571    97.2092    -0.0292     2.2292      98.78          4  1028.9000  1028.9002    34.9081    34.9082    1470.30    1470.29   6807.917    6.50114   89.49666      0.239    -0.0014     163391  0.000e+00
   6807.958  -39.41588   59.94834    251.055    253.599     3.9151     3.9139   3.251666   3.251491    97.2092    -0.0292     2.2292      98.78          4  1028.9001  1028.8996    34.9079    34.9070    1470.30    1470.30   6807.958    6.50121   89.49750      0.241    -0.0012     163392  0.000e+00
   6808.000  -39.41588   59.94834    251.047    253.591     3.9151     3.9144   3.251636   3.251542    97.2092    -0.0219     2.2292      98.78          4  1028.8998  1028.8996    34.9075    34.9072    1470.30    1470.30   6808.000    6.50122   89.49739      0.240    -0.0007     163393  0.000e+00
   6808.042  -39.41588   59.94834    251.055    253.599     3.9150     3.9147   3.251642   3.251571    97.2353    -0.0219     2.2292      98.78          4  1028.9000  1028.8996    34.9077    34.9072    1470.30    1470.30   6808.042    6.50123   89.49750      0.239    -0.0003     163394  0.000e+00
   6808.083  -39.41588   59.94834    251.103    253.648     3.9150     3.9149   3.251654   3.251611    97.2092    -0.0219     2.2292      98.78          4  1028.9004  1028.9000    34.9079    34.9074    1470.30    1470.30   6808.083    6.50127   89.49807      0.243    -0.0001     163395  0.000e+00
   6808.125  -39.41588   59.94834    251.047    253.591     3.9146     3.9147   3.251636   3.251662    97.2092    -0.0292     2.2304      98.78          4  1028.9003  1028.9004    34.9080    34.9082    1470.30    1470.30   6808.125    6.50594   89.56167      0.243     0.0001     163396  0.000e+00
   6808.167  -39.41588   59.94834    251.055    253.599     3.9145     3.9146   3.251624   3.251668    97.2092    -0.0219     2.2280      98.78          4  1028.9003  1028.9007    34.9081    34.9085    1470.30    1470.30   6808.167    6.49665   89.43340      0.242     0.0001     163397  0.000e+00
