Ship_data/Irminger/Irminger-2/ctd/process/at30_005.ros
* Sea-Bird SBE 9 Data File:
* FileName = C:\data\ctd\at30_005.hdr
* Software Version Seasave V 7.21f
* Temperature SN = 2265
* Conductivity SN = 3021
* Number of Bytes Per Scan = 40
* Number of Voltage Words = 5
* Number of Scans Averaged by the Deck Unit = 1
* NMEA Latitude = 59 59.33 N
* NMEA Longitude = 039 27.67 W
* NMEA UTC (Time) = Aug 14 2015  19:36:17
# nquan = 27
# nvalues = 1176                                  
# units = specified
# name 0 = timeS: Time, Elapsed [seconds]
# name 1 = longitude: Longitude [deg]
# name 2 = latitude: Latitude [deg]
# name 3 = depSM: Depth [salt water, m]
# name 4 = prDM: Pressure, Digiquartz [db]
# name 5 = t090C: Temperature [ITS-90, deg C]
# name 6 = t190C: Temperature, 2 [ITS-90, deg C]
# name 7 = c0S/m: Conductivity [S/m]
# name 8 = c1S/m: Conductivity, 2 [S/m]
# name 9 = CStarTr0: Beam Transmission, WET Labs C-Star [%]
# name 10 = flECO-AFL: Fluorescence, WET Labs ECO-AFL/FL [mg/m^3]
# name 11 = sbeox0V: Oxygen raw, SBE 43 [V]
# name 12 = altM: Altimeter [m]
# name 13 = nbf: Bottles Fired
# name 14 = density00: Density [density, Kg/m^3]
# name 15 = density11: Density, 2 [density, Kg/m^3]
# name 16 = sal00: Salinity, Practical [PSU]
# name 17 = sal11: Salinity, Practical, 2 [PSU]
# name 18 = svCM: Sound Velocity [Chen-Millero, m/s]
# name 19 = svCM1: Sound Velocity, 2 [Chen-Millero, m/s]
# name 20 = timeS: Time, Elapsed [seconds]
# name 21 = sbeox0ML/L: Oxygen, SBE 43 [ml/l]
# name 22 = sbeox0PS: Oxygen, SBE 43 [% saturation]
# name 23 = dz/dtM: Descent Rate [m/s]
# name 24 = T2-T190C: Temperature Difference, 2 - 1 [ITS-90, deg C]
# name 25 = scan: Scan Count
# name 26 = flag:  0.000e+00
# interval = seconds: 0.0416667
# start_time = Aug 14 2015 19:36:17 [NMEA time, header]
# bad_flag = -9.990e-29
*END*
[from data line 806]
   7274.167  -39.48426   59.99886    101.802    102.797     5.1523     5.1502   3.363514   3.363310    97.1307    -0.0219     2.2995      98.78         17  1028.1275  1028.1276    34.9935    34.9933    1473.03    1473.02   7274.167    6.41989   91.08788      0.279    -0.0021     174581  0.000e+00
   7274.208  -39.48426   59.99886    101.827    102.821     5.1524     5.1502   3.363502   3.363275    97.1045    -0.0219     2.3007      98.78         17  1028.1274  1028.1274    34.9932    34.9929    1473.03    1473.02   7274.208    6.42432   91.15081      0.273    -0.0022     174582  0.000e+00
   7274.250  -39.48426   59.99886    101.802    102.797     5.1525     5.1501   3.363521   3.363344    97.1045    -0.0219     2.3007      98.78         17  1028.1273  1028.1280    34.9933    34.9938    1473.03    1473.02   7274.250    6.42427   91.15048      0.264    -0.0024     174583  0.000e+00
   7274.292  -39.48426   59.99886    101.827    102.821     5.1524     5.1502   3.363533   3.363281    97.1307    -0.0219     2.3007      98.78         17  1028.1277  1028.1275    34.9935    34.9930    1473.03    1473.02   7274.292    6.42429   91.15078      0.256    -0.0022     174584  0.000e+00
   7274.333  -39.48426   59.99886    101.859    102.854     5.1530     5.1502   3.363575   3.363339    97.1307    -0.0219     2.3007      98.78         17  1028.1277  1028.1281    34.9934    34.9936    1473.03    1473.02   7274.333    6.42423   91.15103      0.252    -0.0028     174585  0.000e+00
   7274.375  -39.48426   59.99886    101.746    102.740     5.1529     5.1504   3.363612   3.363344    97.1045    -0.0219     2.3007      98.78         17  1028.1276  1028.1276    34.9940    34.9936    1473.03    1473.02   7274.375    6.42412   91.14969      0.239    -0.0026     174586  0.000e+00
   7274.417  -39.48426   59.99886    101.827    102.821     5.1536     5.1507   3.363606   3.363368    97.0784    -0.0219     2.3007      98.78         17  1028.1272  1028.1278    34.9931    34.9935    1473.03    1473.02   7274.417    6.42411   91.15048      0.232    -0.0030     174587  0.000e+00
   7274.458  -39.48426   59.99886    101.859    102.854     5.1538     5.1504   3.363581   3.363373    97.1045    -0.0219     2.3007      98.78         17  1028.1270  1028.1283    34.9927    34.9938    1473.03    1473.02   7274.458    6.42413   91.15083      0.227    -0.0034     174588  0.000e+00
   7274.500  -39.48426   59.99886    101.827    102.821     5.1538     5.1508   3.363630   3.363344    97.1045    -0.0292     2.3007      98.75         17  1028.1272  1028.1275    34.9932    34.9930    1473.03    1473.02   7274.500    6.42407   91.15042      0.220    -0.0030     174589  0.000e+00
   7274.542  -39.48426   59.99886    101.802    102.797     5.1539     5.1509   3.363655   3.363339    97.1045    -0.0219     2.3007      98.78         17  1028.1273  1028.1272    34.9934    34.9929    1473.03    1473.02   7274.542    6.42403   91.15010      0.208    -0.0030     174590  0.000e+00
   7274.583  -39.48426   59.99886    101.883    102.878     5.1538     5.1507   3.363636   3.363402    97.1045    -0.0219     2.3007      98.78         17  1028.1275  1028.1284    34.9933    34.9938    1473.03    1473.02   7274.583    6.42412   91.15107      0.205    -0.0031     174591  0.000e+00
   7274.625  -39.48426   59.99886    101.802    102.797     5.1541     5.1510   3.363642   3.363431    97.1045    -0.0292     2.2995      98.78         17  1028.1269  1028.1280    34.9930    34.9939    1473.03    1473.02   7274.625    6.41959   91.08734      0.194    -0.0031     174592  0.000e+00
   7274.667  -39.48426   59.99886    101.802    102.797     5.1539     5.1521   3.363636   3.363437    97.0784    -0.0219     2.3007      98.75         17  1028.1271  1028.1270    34.9932    34.9928    1473.03    1473.02   7274.667    6.42403   91.15006      0.184    -0.0018     174593  0.000e+00
   7274.708  -39.48426   59.99886    101.827    102.821     5.1535     5.1524   3.363642   3.363495    97.0784    -0.0219     2.3007      98.78         17  1028.1277  1028.1273    34.9937    34.9931    1473.03    1473.03   7274.708    6.42410   91.15043      0.176    -0.0010     174594  0.000e+00
   7274.750  -39.48426   59.99886    101.802    102.797     5.1536     5.1528   3.363636   3.363524    97.0784    -0.0219     2.2995      98.78         17  1028.1274  1028.1271    34.9935    34.9931    1473.03    1473.03   7274.750    6.41965   91.08742      0.165    -0.0008     174595  0.000e+00
   7274.792  -39.48426   59.99886    101.827    102.821     5.1536     5.1533   3.363606   3.363587    97.1045    -0.0219     2.3007      98.75         17  1028.1272  1028.1274    34.9931    34.9933    1473.03    1473.03   7274.792    6.42410   91.15037      0.159    -0.0004     174596  0.000e+00
   7274.833  -39.48426   59.99886    101.802    102.797     5.1534     5.1540   3.363581   3.363651    97.1307    -0.0219     2.2982      98.78         17  1028.1271  1028.1272    34.9931    34.9933    1473.03    1473.03   7274.833    6.41528   91.02474      0.149     0.0006     174597  0.000e+00
   7274.875  -39.48426   59.99886    101.827    102.821     5.1527     5.1544   3.363545   3.363674    97.1045    -0.0219     2.2995      98.75         17  1028.1275  1028.1271    34.9934    34.9931    1473.03    1473.03   7274.875    6.41982   91.08785      0.141     0.0017     174598  0.000e+00
   7274.917  -39.48426   59.99886    101.802    102.797     5.1530     5.1547   3.363514   3.363709    97.1045    -0.0219     2.3007      98.78         17  1028.1269  1028.1270    34.9928    34.9932    1473.03    1473.04   7274.917    6.42420   91.15018      0.131     0.0017     174599  0.000e+00
   7274.958  -39.48426   59.99886    101.802    102.797     5.1524     5.1547   3.363484   3.363738    97.1045    -0.0219     2.2995      98.75         17  1028.1271  1028.1273    34.9930    34.9935    1473.03    1473.04   7274.958    6.41986   91.08760      0.123     0.0023     174600  0.000e+00
   7275.000  -39.48426   59.99886    101.762    102.756     5.1519     5.1543   3.363453   3.363773    97.1307    -0.0219     2.2995      98.75         17  1028.1272  1028.1279    34.9932    34.9944    1473.02    1473.03   7275.000    6.41991   91.08722      0.114     0.0024     174601  0.000e+00
   7275.042  -39.48426   59.99886    101.802    102.797     5.1518     5.1539   3.363423   3.363738    97.1307    -0.0219     2.2995      98.78         17  1028.1271  1028.1280    34.9929    34.9944    1473.02    1473.03   7275.042    6.41997   91.08770      0.105     0.0021     174602  0.000e+00
   7275.083  -39.48426   59.99886    101.762    102.756     5.1517     5.1537   3.363429   3.363709    97.1307    -0.0219     2.2995      98.78         17  1028.1271  1028.1278    34.9931    34.9943    1473.02    1473.03   7275.083    6.41994   91.08723      0.094     0.0020     174603  0.000e+00
   7275.125  -39.48426   59.99886    101.802    102.797     5.1518     5.1529   3.363441   3.363680    97.1307    -0.0219     2.2995      98.78         17  1028.1273  1028.1285    34.9931    34.9948    1473.02    1473.03   7275.125    6.41996   91.08767      0.084     0.0010     174604  0.000e+00
   7275.167  -39.48426   59.99886    101.762    102.756     5.1516     5.1523   3.363423   3.363582    97.1307    -0.0219     2.2995      98.78         17  1028.1272  1028.1280    34.9932    34.9943    1473.02    1473.03   7275.167    6.41996   91.08724      0.075     0.0007     174605  0.000e+00
   7275.208  -39.48426   59.99886    101.746    102.740     5.1514     5.1523   3.363393   3.363559    97.1307    -0.0219     2.2995      98.78         17  1028.1270  1028.1277    34.9931    34.9940    1473.02    1473.03   7275.208    6.41998   91.08707      0.066     0.0009     174606  0.000e+00
   7275.250  -39.48426   59.99886    101.802    102.797     5.1513     5.1523   3.363417   3.363437    97.1307    -0.0219     2.2995      98.78         17  1028.1275  1028.1268    34.9934    34.9926    1473.02    1473.03   7275.250    6.42003   91.08774      0.059     0.0009     174607  0.000e+00
   7279.500  -39.48424   59.99888    100.919    101.904     5.1521     5.1541   3.363459   3.363616    97.1307    -0.0219     2.3007      98.78         18  1028.1234  1028.1230    34.9935    34.9932    1473.01    1473.02   7279.500    6.42347   91.13840     -0.072     0.0020     174709  0.000e+00
   7279.542  -39.48424   59.99888    100.935    101.921     5.1521     5.1537   3.363453   3.363581    97.1307    -0.0219     2.2994      98.78         18  1028.1235  1028.1231    34.9935    34.9933    1473.01    1473.02   7279.542    6.41908   91.07591     -0.061     0.0016     174710  0.000e+00
   7279.583  -39.48424   59.99888    100.919    101.904     5.1521     5.1537   3.363423   3.363616    97.1045    -0.0219     2.2994      98.78         18  1028.1232  1028.1233    34.9932    34.9936    1473.01    1473.02   7279.583    6.41908   91.07571     -0.057     0.0017     174711  0.000e+00
   7279.625  -39.48424   59.99888    100.999    101.986     5.1520     5.1537   3.363429   3.363616    97.1045    -0.0219     2.2994      98.78         18  1028.1236  1028.1237    34.9932    34.9936    1473.01    1473.02   7279.625    6.41915   91.07666     -0.047     0.0017     174712  0.000e+00
   7279.667  -39.48424   59.99888    100.919    101.904     5.1521     5.1537   3.363423   3.363645    97.1045    -0.0219     2.2994      98.78         18  1028.1232  1028.1236    34.9932    34.9940    1473.01    1473.02   7279.667    6.41908   91.07568     -0.039     0.0017     174713  0.000e+00
   7279.708  -39.48424   59.99888    100.999    101.986     5.1520     5.1539   3.363429   3.363616    97.1045    -0.0219     2.2982      98.75         18  1028.1236  1028.1235    34.9932    34.9934    1473.01    1473.02   7279.708    6.41473   91.01396     -0.032     0.0019     174714  0.000e+00
   7279.750  -39.48424   59.99888    100.919    101.904     5.1517     5.1537   3.363398   3.363616    97.1045    -0.0219     2.2982      98.78         18  1028.1233  1028.1233    34.9932    34.9936    1473.01    1473.02   7279.750    6.41471   91.01305     -0.027     0.0020     174715  0.000e+00
   7279.792  -39.48426   59.99888    100.999    101.986     5.1518     5.1539   3.363398   3.363616    97.1045    -0.0219     2.2982      98.78         18  1028.1235  1028.1235    34.9931    34.9934    1473.01    1473.02   7279.792    6.41476   91.01397     -0.016     0.0021     174716  0.000e+00
   7279.833  -39.48426   59.99888    100.975    101.961     5.1517     5.1538   3.363392   3.363616    97.1045    -0.0219     2.2982      98.78         18  1028.1234  1028.1235    34.9931    34.9935    1473.01    1473.02   7279.833    6.41476   91.01369     -0.008     0.0021     174717  0.000e+00
   7279.875  -39.48426   59.99888    100.975    101.961     5.1517     5.1539   3.363392   3.363616    97.1307    -0.0219     2.2982      98.78         18  1028.1234  1028.1234    34.9931    34.9934    1473.01    1473.02   7279.875    6.41476   91.01368     -0.002     0.0022     174718  0.000e+00
   7279.917  -39.48426   59.99888    100.935    101.921     5.1515     5.1539   3.363386   3.363651    97.1045    -0.0219     2.2982      98.78         18  1028.1234  1028.1236    34.9933    34.9939    1473.01    1473.02   7279.917    6.41475   91.01324      0.001     0.0024     174719  0.000e+00
   7279.958  -39.48426   59.99888    101.031    102.018     5.1517     5.1541   3.363398   3.363651    97.1307    -0.0219     2.2982      98.78         18  1028.1237  1028.1238    34.9932    34.9936    1473.01    1473.02   7279.958    6.41480   91.01432      0.009     0.0024     174720  0.000e+00
   7280.000  -39.48426   59.99888    100.999    101.986     5.1517     5.1543   3.363392   3.363616    97.1307    -0.0219     2.2982      98.78         18  1028.1236  1028.1232    34.9932    34.9930    1473.01    1473.02   7280.000    6.41478   91.01394      0.017     0.0026     174721  0.000e+00
   7280.042  -39.48426   59.99888    100.975    101.961     5.1516     5.1543   3.363423   3.363651    97.1307    -0.0219     2.2982      98.78         18  1028.1239  1028.1234    34.9936    34.9935    1473.01    1473.02   7280.042    6.41476   91.01366      0.025     0.0027     174722  0.000e+00
   7280.083  -39.48426   59.99888    100.999    101.986     5.1518     5.1544   3.363459   3.363680    97.1569    -0.0292     2.2982      98.75         18  1028.1240  1028.1236    34.9938    34.9936    1473.01    1473.02   7280.083    6.41473   91.01388      0.026     0.0026     174723  0.000e+00
   7280.125  -39.48426   59.99888    101.031    102.018     5.1521     5.1547   3.363453   3.363674    97.1307    -0.0219     2.2982      98.75         18  1028.1239  1028.1235    34.9934    34.9933    1473.01    1473.02   7280.125    6.41473   91.01420      0.037     0.0026     174724  0.000e+00
   7280.167  -39.48426   59.99888    100.999    101.986     5.1522     5.1549   3.363459   3.363709    97.1307    -0.0219     2.2970      98.78         18  1028.1237  1028.1234    34.9934    34.9935    1473.01    1473.02   7280.167    6.41026   90.95109      0.041     0.0027     174725  0.000e+00
   7280.208  -39.48426   59.99888    101.031    102.018     5.1524     5.1550   3.363514   3.363709    97.1307    -0.0292     2.2970      98.78         18  1028.1241  1028.1234    34.9938    34.9933    1473.01    1473.02   7280.208    6.41023   90.95142      0.046     0.0026     174726  0.000e+00
   7280.250  -39.48426   59.99888    101.031    102.018     5.1528     5.1547   3.363520   3.363738    97.1307    -0.0219     2.2982      98.78         18  1028.1238  1028.1240    34.9934    34.9939    1473.02    1473.02   7280.250    6.41460   91.01400      0.051     0.0019     174727  0.000e+00
   7280.292  -39.48426   59.99888    100.999    101.986     5.1529     5.1546   3.363508   3.363709    97.1307    -0.0219     2.2970      98.75         18  1028.1235  1028.1237    34.9932    34.9938    1473.02    1473.02   7280.292    6.41015   90.95090      0.056     0.0016     174728  0.000e+00
   7280.333  -39.48426   59.99888    101.031    102.018     5.1532     5.1541   3.363545   3.363709    97.1307    -0.0219     2.2970      98.78         18  1028.1237  1028.1243    34.9934    34.9943    1473.02    1473.02   7280.333    6.41013   90.95123      0.060     0.0009     174729  0.000e+00
   7280.375  -39.48426   59.99888    101.055    102.042     5.1533     5.1537   3.363545   3.363651    97.1307    -0.0219     2.2982      98.78         18  1028.1237  1028.1242    34.9932    34.9940    1473.02    1473.02   7280.375    6.41455   91.01416      0.066     0.0005     174730  0.000e+00
   7280.417  -39.48426   59.99888    101.031    102.018     5.1532     5.1534   3.363575   3.363552    97.1307    -0.0219     2.2970      98.75         18  1028.1240  1028.1235    34.9937    34.9932    1473.02    1473.02   7280.417    6.41011   90.95120      0.070     0.0003     174731  0.000e+00
   7280.458  -39.48426   59.99888    101.055    102.042     5.1534     5.1532   3.363575   3.363558    97.1045    -0.0219     2.2970      98.78         18  1028.1238  1028.1239    34.9934    34.9934    1473.02    1473.02   7280.458    6.41010   90.95142      0.075    -0.0002     174732  0.000e+00
   7280.500  -39.48426   59.99888    101.031    102.018     5.1532     5.1533   3.363563   3.363495    97.1045    -0.0219     2.2970      98.78         18  1028.1239  1028.1231    34.9936    34.9927    1473.02    1473.02   7280.500    6.41012   90.95118      0.078     0.0001     174733  0.000e+00
   7280.542  -39.48426   59.99888    101.055    102.043     5.1533     5.1533   3.363581   3.363553    97.1045    -0.0219     2.2970      98.78         18  1028.1240  1028.1238    34.9936    34.9933    1473.02    1473.02   7280.542    6.41011   90.95141      0.083    -0.0000     174734  0.000e+00
