Ship_data/Irminger/Irminger-2/ctd/process/at30_008_SV.cnv
* Sea-Bird SBE 9 Data File:
* FileName = C:\data\ctd\at30_008.hdr
* Software Version Seasave V 7.21f
* Temperature SN = 2265
* Conductivity SN = 3021
* Number of Bytes Per Scan = 40
* Number of Voltage Words = 5
* Number of Scans Averaged by the Deck Unit = 1
* NMEA Latitude = 59 43.12 N
* NMEA Longitude = 039 21.38 W
* NMEA UTC (Time) = Aug 19 2015  12:16:11
** Confirmation of seafloor depth at FLMB -2  site
# nquan = 15
# nvalues = 2806                        
# units = specified
# name 0 = depSM: Depth [salt water, m]
# name 1 = svCM: Sound Velocity [Chen-Millero, m/s]
# name 2 = svCM1: Sound Velocity, 2 [Chen-Millero, m/s]
# name 3 = timeS: Time, Elapsed [seconds]
# name 4 = depSM: Depth [salt water, m]
# name 5 = density00: Density [density, Kg/m^3]
# name 6 = density11: Density, 2 [density, Kg/m^3]
# name 7 = sal00: Salinity, Practical [PSU]
# name 8 = sal11: Salinity, Practical, 2 [PSU]
# name 9 = svCM: Sound Velocity [Chen-Millero, m/s]
# name 10 = svCM1: Sound Velocity, 2 [Chen-Millero, m/s]
# name 11 = sbeox0ML/L: Oxygen, SBE 43 [ml/l]
# name 12 = dz/dtM: Descent Rate [m/s]
# name 13 = T2-T190C: Temperature Difference, 2 - 1 [ITS-90, deg C]
# name 14 = flag:
# span 0 =      1.000,   2806.000       
# span 1 =    1469.44,    1504.10       
# span 2 =    1469.45,    1504.10       
# span 3 =    -19.871,   3337.076       
# span 4 =      1.000,   2806.000       
# span 5 =  1027.1008,  1040.9860       
# span 6 =  1027.1007,  1040.9856       
# span 7 =    34.8428,    34.9413       
# span 8 =    34.8451,    34.9422       
# span 9 =    1469.44,    1504.10       
# span 10 =    1469.45,    1504.10      
# span 11 =    5.99175,    6.92492      
# span 12 =     -0.062,      1.562      
# span 13 =    -0.0054,     0.0266      
# span 14 = 0.0000e+00, 0.0000e+00      
# interval = meters: 1                  
# start_time = Aug 19 2015 12:16:11 [NMEA time, header]
# bad_flag = -9.990e-29
*END*
[from data line 1254]
   1255.000    1486.06    1486.06   1561.160   1255.000  1033.5947  1033.5946    34.9064    34.9065    1486.06    1486.06    6.19254      0.866     0.0006 0.0000e+00
   1256.000    1486.07    1486.07   1562.352   1256.000  1033.5990  1033.5992    34.9060    34.9063    1486.07    1486.07    6.19193      0.897     0.0005 0.0000e+00
   1257.000    1486.08    1486.08   1563.393   1257.000  1033.6040  1033.6040    34.9060    34.9060    1486.08    1486.08    6.18802      1.091     0.0005 0.0000e+00
   1258.000    1486.09    1486.09   1564.242   1258.000  1033.6088  1033.6088    34.9061    34.9061    1486.09    1486.09    6.18871      1.235     0.0004 0.0000e+00
   1259.000    1486.11    1486.11   1565.046   1259.000  1033.6133  1033.6133    34.9060    34.9060    1486.11    1486.11    6.18704      1.185     0.0005 0.0000e+00
   1260.000    1486.13    1486.13   1566.043   1260.000  1033.6180  1033.6179    34.9062    34.9062    1486.13    1486.13    6.18806      0.857     0.0009 0.0000e+00
   1261.000    1486.15    1486.16   1567.541   1261.000  1033.6227  1033.6226    34.9065    34.9065    1486.15    1486.16    6.19213      0.712     0.0009 0.0000e+00
   1262.000    1486.18    1486.18   1568.690   1262.000  1033.6274  1033.6273    34.9072    34.9071    1486.18    1486.18    6.19034      1.110     0.0005 0.0000e+00
   1263.000    1486.20    1486.20   1569.485   1263.000  1033.6317  1033.6318    34.9067    34.9069    1486.20    1486.20    6.18929      1.316     0.0005 0.0000e+00
   1264.000    1486.20    1486.20   1570.228   1264.000  1033.6366  1033.6366    34.9066    34.9068    1486.20    1486.20    6.18620      1.310     0.0004 0.0000e+00
   1265.000    1486.22    1486.22   1571.068   1265.000  1033.6414  1033.6414    34.9068    34.9068    1486.22    1486.22    6.18493      1.066     0.0006 0.0000e+00
   1266.000    1486.25    1486.25   1572.260   1266.000  1033.6460  1033.6459    34.9073    34.9072    1486.25    1486.25    6.18404      0.772     0.0005 0.0000e+00
   1267.000    1486.27    1486.27   1573.587   1267.000  1033.6508  1033.6508    34.9076    34.9077    1486.27    1486.27    6.18070      0.881     0.0004 0.0000e+00
   1268.000    1486.29    1486.29   1574.593   1268.000  1033.6555  1033.6555    34.9080    34.9079    1486.29    1486.29    6.17838      1.112     0.0004 0.0000e+00
   1269.000    1486.31    1486.32   1575.440   1269.000  1033.6604  1033.6602    34.9086    34.9084    1486.31    1486.32    6.17474      1.234     0.0005 0.0000e+00
   1270.000    1486.34    1486.34   1576.244   1270.000  1033.6653  1033.6650    34.9092    34.9089    1486.34    1486.34    6.17293      1.229     0.0004 0.0000e+00
   1271.000    1486.36    1486.36   1577.101   1271.000  1033.6698  1033.6698    34.9093    34.9093    1486.36    1486.36    6.17039      1.115     0.0005 0.0000e+00
   1272.000    1486.38    1486.38   1578.095   1272.000  1033.6746  1033.6746    34.9096    34.9096    1486.38    1486.38    6.16682      0.962     0.0004 0.0000e+00
   1273.000    1486.40    1486.40   1579.226   1273.000  1033.6792  1033.6791    34.9097    34.9098    1486.40    1486.40    6.16211      0.881     0.0005 0.0000e+00
   1274.000    1486.42    1486.43   1580.382   1274.000  1033.6838  1033.6837    34.9100    34.9100    1486.42    1486.43    6.15858      0.884     0.0006 0.0000e+00
   1275.000    1486.45    1486.45   1581.519   1275.000  1033.6887  1033.6885    34.9106    34.9104    1486.45    1486.45    6.15720      0.904     0.0005 0.0000e+00
   1276.000    1486.47    1486.47   1582.629   1276.000  1033.6932  1033.6932    34.9108    34.9108    1486.47    1486.47    6.15465      0.945     0.0005 0.0000e+00
   1277.000    1486.49    1486.49   1583.662   1277.000  1033.6979  1033.6979    34.9109    34.9110    1486.49    1486.49    6.15383      1.015     0.0005 0.0000e+00
   1278.000    1486.51    1486.51   1584.631   1278.000  1033.7025  1033.7025    34.9112    34.9112    1486.51    1486.51    6.15037      1.061     0.0006 0.0000e+00
   1279.000    1486.53    1486.53   1585.578   1279.000  1033.7073  1033.7073    34.9115    34.9114    1486.53    1486.54    6.14935      1.071     0.0005 0.0000e+00
   1280.000    1486.55    1486.55   1586.535   1280.000  1033.7119  1033.7120    34.9115    34.9117    1486.55    1486.55    6.14710      1.030     0.0004 0.0000e+00
   1281.000    1486.57    1486.57   1587.564   1281.000  1033.7167  1033.7167    34.9116    34.9117    1486.57    1486.57    6.14550      0.954     0.0005 0.0000e+00
   1282.000    1486.58    1486.58   1588.665   1282.000  1033.7213  1033.7213    34.9115    34.9116    1486.58    1486.58    6.14053      0.939     0.0005 0.0000e+00
   1283.000    1486.60    1486.60   1589.690   1283.000  1033.7261  1033.7260    34.9118    34.9117    1486.60    1486.60    6.13589      1.079     0.0005 0.0000e+00
   1284.000    1486.62    1486.62   1590.558   1284.000  1033.7308  1033.7307    34.9121    34.9121    1486.62    1486.62    6.13089      1.224     0.0004 0.0000e+00
   1285.000    1486.64    1486.64   1591.357   1285.000  1033.7355  1033.7354    34.9123    34.9123    1486.64    1486.64    6.12821      1.240     0.0004 0.0000e+00
   1286.000    1486.66    1486.66   1592.202   1286.000  1033.7402  1033.7401    34.9126    34.9125    1486.66    1486.66    6.12326      1.093     0.0005 0.0000e+00
   1287.000    1486.68    1486.68   1593.287   1287.000  1033.7448  1033.7446    34.9126    34.9126    1486.68    1486.68    6.12221      0.847     0.0005 0.0000e+00
   1288.000    1486.70    1486.71   1594.551   1288.000  1033.7496  1033.7494    34.9131    34.9130    1486.70    1486.71    6.11819      0.875     0.0008 0.0000e+00
   1289.000    1486.73    1486.73   1595.587   1289.000  1033.7540  1033.7540    34.9132    34.9133    1486.73    1486.73    6.11463      1.031     0.0005 0.0000e+00
   1290.000    1486.74    1486.75   1596.547   1290.000  1033.7588  1033.7587    34.9135    34.9133    1486.75    1486.75    6.10970      1.002     0.0005 0.0000e+00
   1291.000    1486.77    1486.77   1597.680   1291.000  1033.7635  1033.7634    34.9138    34.9137    1486.77    1486.77    6.10974      0.810     0.0005 0.0000e+00
   1292.000    1486.79    1486.80   1599.055   1292.000  1033.7684  1033.7682    34.9145    34.9144    1486.80    1486.80    6.11030      0.778     0.0006 0.0000e+00
   1293.000    1486.82    1486.83   1600.218   1293.000  1033.7734  1033.7731    34.9155    34.9152    1486.83    1486.83    6.10938      1.026     0.0006 0.0000e+00
   1294.000    1486.86    1486.86   1601.098   1294.000  1033.7780  1033.7778    34.9160    34.9159    1486.86    1486.86    6.10626      1.202     0.0005 0.0000e+00
   1295.000    1486.87    1486.88   1601.911   1295.000  1033.7825  1033.7825    34.9159    34.9160    1486.87    1486.88    6.10624      1.261     0.0005 0.0000e+00
   1296.000    1486.89    1486.89   1602.715   1296.000  1033.7871  1033.7871    34.9160    34.9161    1486.89    1486.89    6.10345      1.245     0.0005 0.0000e+00
   1297.000    1486.91    1486.91   1603.544   1297.000  1033.7919  1033.7919    34.9161    34.9161    1486.91    1486.91    6.10199      1.215     0.0004 0.0000e+00
   1298.000    1486.92    1486.93   1604.387   1298.000  1033.7965  1033.7965    34.9162    34.9161    1486.92    1486.93    6.09878      1.185     0.0004 0.0000e+00
   1299.000    1486.94    1486.94   1605.265   1299.000  1033.8010  1033.8010    34.9160    34.9160    1486.94    1486.94    6.09465      1.107     0.0005 0.0000e+00
   1300.000    1486.95    1486.95   1606.255   1300.000  1033.8059  1033.8058    34.9161    34.9161    1486.95    1486.95    6.09281      0.931     0.0005 0.0000e+00
   1301.000    1486.97    1486.97   1607.495   1301.000  1033.8107  1033.8105    34.9163    34.9162    1486.97    1486.97    6.09112      0.778     0.0005 0.0000e+00
   1302.000    1486.99    1486.99   1608.766   1302.000  1033.8154  1033.8153    34.9168    34.9166    1486.99    1486.99    6.09037      0.895     0.0005 0.0000e+00
   1303.000    1487.02    1487.03   1609.790   1303.000  1033.8204  1033.8202    34.9179    34.9175    1487.03    1487.03    6.08915      1.040     0.0003 0.0000e+00
   1304.000    1487.06    1487.06   1610.755   1304.000  1033.8250  1033.8250    34.9183    34.9183    1487.06    1487.06    6.08491      0.981     0.0004 0.0000e+00
   1305.000    1487.07    1487.07   1611.923   1305.000  1033.8297  1033.8296    34.9183    34.9184    1487.07    1487.07    6.08204      0.788     0.0005 0.0000e+00
   1306.000    1487.10    1487.10   1613.251   1306.000  1033.8346  1033.8345    34.9191    34.9189    1487.10    1487.10    6.07715      0.853     0.0005 0.0000e+00
   1307.000    1487.12    1487.13   1614.287   1307.000  1033.8392  1033.8392    34.9196    34.9196    1487.12    1487.13    6.07065      1.082     0.0004 0.0000e+00
   1308.000    1487.14    1487.15   1615.161   1308.000  1033.8441  1033.8440    34.9198    34.9199    1487.14    1487.15    6.06860      1.180     0.0005 0.0000e+00
   1309.000    1487.16    1487.17   1616.015   1309.000  1033.8488  1033.8486    34.9201    34.9200    1487.16    1487.17    6.06578      1.177     0.0005 0.0000e+00
   1310.000    1487.18    1487.18   1616.893   1310.000  1033.8534  1033.8534    34.9201    34.9203    1487.18    1487.18    6.06294      1.129     0.0004 0.0000e+00
   1311.000    1487.20    1487.20   1617.816   1311.000  1033.8580  1033.8580    34.9202    34.9204    1487.20    1487.20    6.06066      1.093     0.0004 0.0000e+00
   1312.000    1487.22    1487.22   1618.745   1312.000  1033.8629  1033.8628    34.9206    34.9206    1487.22    1487.22    6.05823      1.109     0.0005 0.0000e+00
   1313.000    1487.24    1487.24   1619.647   1313.000  1033.8678  1033.8677    34.9212    34.9212    1487.24    1487.24    6.05501      1.148     0.0005 0.0000e+00
   1314.000    1487.26    1487.26   1620.515   1314.000  1033.8724  1033.8724    34.9212    34.9213    1487.26    1487.26    6.05449      1.166     0.0005 0.0000e+00
   1315.000    1487.27    1487.28   1621.397   1315.000  1033.8773  1033.8771    34.9216    34.9214    1487.27    1487.28    6.05114      1.095     0.0005 0.0000e+00
   1316.000    1487.29    1487.29   1622.418   1316.000  1033.8821  1033.8820    34.9217    34.9216    1487.29    1487.29    6.04846      0.883     0.0005 0.0000e+00
   1317.000    1487.31    1487.31   1623.779   1317.000  1033.8868  1033.8867    34.9220    34.9220    1487.31    1487.31    6.04560      0.710     0.0006 0.0000e+00
   1318.000    1487.33    1487.33   1625.180   1318.000  1033.8915  1033.8914    34.9222    34.9222    1487.33    1487.33    6.04467      0.778     0.0004 0.0000e+00
   1319.000    1487.35    1487.35   1626.404   1319.000  1033.8962  1033.8961    34.9223    34.9223    1487.35    1487.35    6.04206      0.898     0.0005 0.0000e+00
   1320.000    1487.36    1487.37   1627.454   1320.000  1033.9008  1033.9009    34.9223    34.9225    1487.36    1487.37    6.04299      1.040     0.0002 0.0000e+00
   1321.000    1487.38    1487.38   1628.365   1321.000  1033.9055  1033.9055    34.9223    34.9224    1487.38    1487.38    6.04036      1.172     0.0005 0.0000e+00
   1322.000    1487.39    1487.40   1629.200   1322.000  1033.9102  1033.9102    34.9223    34.9224    1487.39    1487.40    6.03843      1.236     0.0005 0.0000e+00
   1323.000    1487.41    1487.41   1630.013   1323.000  1033.9148  1033.9147    34.9224    34.9223    1487.41    1487.41    6.03916      1.195     0.0005 0.0000e+00
   1324.000    1487.43    1487.43   1630.923   1324.000  1033.9194  1033.9193    34.9223    34.9223    1487.43    1487.43    6.04015      1.020     0.0004 0.0000e+00
   1325.000    1487.44    1487.44   1632.061   1325.000  1033.9241  1033.9241    34.9223    34.9224    1487.44    1487.44    6.03800      0.847     0.0005 0.0000e+00
   1326.000    1487.46    1487.46   1633.241   1326.000  1033.9290  1033.9287    34.9227    34.9226    1487.46    1487.46    6.03792      1.001     0.0004 0.0000e+00
   1327.000    1487.48    1487.48   1634.132   1327.000  1033.9336  1033.9336    34.9228    34.9228    1487.48    1487.48    6.03684      1.296     0.0004 0.0000e+00
   1328.000    1487.49    1487.50   1634.843   1328.000  1033.9382  1033.9382    34.9228    34.9228    1487.49    1487.50    6.03442      1.461     0.0004 0.0000e+00
   1329.000    1487.51    1487.51   1635.510   1329.000  1033.9430  1033.9430    34.9230    34.9231    1487.51    1487.51    6.03202      1.435     0.0004 0.0000e+00
   1330.000    1487.52    1487.52   1636.271   1330.000  1033.9476  1033.9478    34.9229    34.9230    1487.52    1487.52    6.02978      1.146     0.0005 0.0000e+00
   1331.000    1487.53    1487.54   1637.697   1331.000  1033.9523  1033.9523    34.9227    34.9228    1487.53    1487.54    6.02728      0.572     0.0007 0.0000e+00
   1332.000    1487.55    1487.55   1639.465   1332.000  1033.9572  1033.9572    34.9229    34.9230    1487.55    1487.55    6.02697      0.867     0.0005 0.0000e+00
   1333.000    1487.57    1487.57   1640.403   1333.000  1033.9620  1033.9620    34.9234    34.9234    1487.57    1487.57    6.02715      1.146     0.0004 0.0000e+00
   1334.000    1487.59    1487.59   1641.249   1334.000  1033.9667  1033.9667    34.9234    34.9235    1487.59    1487.59    6.02627      1.160     0.0004 0.0000e+00
   1335.000    1487.60    1487.60   1642.196   1335.000  1033.9714  1033.9713    34.9235    34.9235    1487.60    1487.60    6.02848      0.938     0.0005 0.0000e+00
   1336.000    1487.62    1487.62   1643.553   1336.000  1033.9761  1033.9761    34.9235    34.9236    1487.62    1487.62    6.03047      0.716     0.0004 0.0000e+00
   1337.000    1487.64    1487.64   1644.852   1337.000  1033.9808  1033.9808    34.9237    34.9238    1487.64    1487.64    6.03206      1.025     0.0004 0.0000e+00
   1338.000    1487.65    1487.65   1645.685   1338.000  1033.9855  1033.9856    34.9238    34.9240    1487.65    1487.65    6.03102      1.372     0.0005 0.0000e+00
   1339.000    1487.67    1487.67   1646.358   1339.000  1033.9904  1033.9904    34.9241    34.9242    1487.67    1487.67    6.02739      1.542     0.0004 0.0000e+00
   1340.000    1487.69    1487.69   1646.991   1340.000  1033.9950  1033.9952    34.9243    34.9246    1487.69    1487.69    6.02611      1.529     0.0004 0.0000e+00
   1341.000    1487.70    1487.71   1647.683   1341.000  1033.9999  1033.9998    34.9247    34.9246    1487.70    1487.71    6.02468      1.298     0.0005 0.0000e+00
   1342.000    1487.72    1487.73   1648.711   1342.000  1034.0046  1034.0045    34.9250    34.9248    1487.72    1487.73    6.02379      0.815     0.0005 0.0000e+00
   1343.000    1487.75    1487.75   1650.215   1343.000  1034.0093  1034.0092    34.9251    34.9252    1487.75    1487.75    6.02404      0.783     0.0006 0.0000e+00
   1344.000    1487.77    1487.77   1651.253   1344.000  1034.0142  1034.0139    34.9257    34.9254    1487.77    1487.77    6.02182      1.119     0.0006 0.0000e+00
   1345.000    1487.79    1487.79   1652.090   1345.000  1034.0187  1034.0187    34.9257    34.9257    1487.79    1487.79    6.02021      1.177     0.0005 0.0000e+00
   1346.000    1487.80    1487.81   1653.000   1346.000  1034.0234  1034.0234    34.9258    34.9258    1487.80    1487.81    6.01852      0.997     0.0004 0.0000e+00
   1347.000    1487.82    1487.82   1654.266   1347.000  1034.0280  1034.0280    34.9258    34.9258    1487.82    1487.82    6.02066      0.724     0.0004 0.0000e+00
   1348.000    1487.85    1487.85   1655.674   1348.000  1034.0328  1034.0327    34.9263    34.9263    1487.85    1487.85    6.02158      0.843     0.0004 0.0000e+00
   1349.000    1487.87    1487.87   1656.726   1349.000  1034.0376  1034.0375    34.9267    34.9267    1487.87    1487.87    6.01961      1.045     0.0004 0.0000e+00
