Ship_data/Irminger/Irminger-2/ctd/process/at30_006_SV.cnv
* Sea-Bird SBE 9 Data File:
* FileName = C:\data\ctd\at30_006.hdr
* Software Version Seasave V 7.21f
* Temperature SN = 2265
* Conductivity SN = 3021
* Number of Bytes Per Scan = 40
* Number of Voltage Words = 5
* Number of Scans Averaged by the Deck Unit = 1
* NMEA Latitude = 59 51.06 N
* NMEA Longitude = 039 05.71 W
* NMEA UTC (Time) = Aug 17 2015  17:02:11
# nquan = 15
# nvalues = 1001                        
# units = specified
# name 0 = depSM: Depth [salt water, m]
# name 1 = svCM: Sound Velocity [Chen-Millero, m/s]
# name 2 = svCM1: Sound Velocity, 2 [Chen-Millero, m/s]
# name 3 = timeS: Time, Elapsed [seconds]
# name 4 = depSM: Depth [salt water, m]
# name 5 = density00: Density [density, Kg/m^3]
# name 6 = density11: Density, 2 [density, Kg/m^3]
# name 7 = sal00: Salinity, Practical [PSU]
# name 8 = sal11: Salinity, Practical, 2 [PSU]
# name 9 = svCM: Sound Velocity [Chen-Millero, m/s]
# name 10 = svCM1: Sound Velocity, 2 [Chen-Millero, m/s]
# name 11 = sbeox0ML/L: Oxygen, SBE 43 [ml/l]
# name 12 = dz/dtM: Descent Rate [m/s]
# name 13 = T2-T190C: Temperature Difference, 2 - 1 [ITS-90, deg C]
# name 14 = flag:
# span 0 =      1.000,   1001.000       
# span 1 =    1469.68,    1484.76       
# span 2 =    1469.68,    1484.78       
# span 3 =     -0.063,   1485.541       
# span 4 =      1.000,   1001.000       
# span 5 =  1027.0876,  1032.4091       
# span 6 =  1027.0873,  1032.4088       
# span 7 =    34.8592,    34.9195       
# span 8 =    34.8672,    34.9208       
# span 9 =    1469.68,    1484.76       
# span 10 =    1469.68,    1484.78      
# span 11 =    6.46850,    6.92407      
# span 12 =     -0.025,      1.676      
# span 13 =    -0.1145,     0.0626      
# span 14 = 0.0000e+00, 0.0000e+00      
# interval = meters: 1                  
# start_time = Aug 17 2015 17:02:11 [NMEA time, header]
# bad_flag = -9.990e-29
*END*
[from data line 386]
    387.000    1471.90    1471.90    675.078    387.000  1029.5459  1029.5461    34.8984    34.8988    1471.90    1471.90    6.60898      1.030     0.0003 0.0000e+00
    388.000    1471.92    1471.92    675.950    388.000  1029.5508  1029.5508    34.8988    34.8989    1471.92    1471.92    6.60484      1.229     0.0009 0.0000e+00
    389.000    1471.94    1471.95    676.729    389.000  1029.5554  1029.5557    34.8990    34.8993    1471.94    1471.95    6.60386      1.230     0.0004 0.0000e+00
    390.000    1471.96    1471.96    677.618    390.000  1029.5599  1029.5603    34.8988    34.8992    1471.96    1471.96    6.60580      1.020     0.0000 0.0000e+00
    391.000    1471.98    1471.98    678.783    391.000  1029.5645  1029.5649    34.8985    34.8992    1471.98    1471.98    6.60686      0.847     0.0000 0.0000e+00
    392.000    1471.98    1471.98    679.917    392.000  1029.5696  1029.5697    34.8986    34.8989    1471.98    1471.98    6.60678      1.020     0.0003 0.0000e+00
    393.000    1472.02    1472.02    680.805    393.000  1029.5746  1029.5745    34.8997    34.8996    1472.02    1472.02    6.60388      1.164     0.0003 0.0000e+00
    394.000    1472.04    1472.04    681.663    394.000  1029.5790  1029.5791    34.8997    34.8999    1472.04    1472.04    6.60522      1.083    -0.0001 0.0000e+00
    395.000    1472.06    1472.06    682.812    395.000  1029.5835  1029.5837    34.8995    34.8999    1472.06    1472.06    6.60687      0.729     0.0001 0.0000e+00
    396.000    1472.08    1472.08    684.456    396.000  1029.5880  1029.5884    34.8995    34.8999    1472.08    1472.08    6.61230      0.675     0.0004 0.0000e+00
    397.000    1472.09    1472.10    685.675    397.000  1029.5929  1029.5931    34.8995    34.8999    1472.09    1472.10    6.61545      1.032     0.0006 0.0000e+00
    398.000    1472.07    1472.09    686.526    398.000  1029.5872  1029.5979    34.8858    34.8994    1472.07    1472.09    6.61282      1.276     0.0007 0.0000e+00
    399.000    1472.08    1472.08    687.266    399.000  1029.6022  1029.6028    34.8979    34.8987    1472.08    1472.08    6.61362      1.347    -0.0003 0.0000e+00
    400.000    1472.09    1472.09    688.036    400.000  1029.6069  1029.6074    34.8978    34.8984    1472.09    1472.09    6.61450      1.196     0.0006 0.0000e+00
    401.000    1472.10    1472.10    689.046    401.000  1029.6117  1029.6121    34.8978    34.8983    1472.10    1472.10    6.61787      0.871    -0.0001 0.0000e+00
    402.000    1472.11    1472.11    690.362    402.000  1029.6162  1029.6167    34.8974    34.8981    1472.11    1472.11    6.62214      0.838     0.0007 0.0000e+00
    403.000    1472.12    1472.12    691.402    403.000  1029.6210  1029.6216    34.8971    34.8980    1472.12    1472.12    6.62100      1.160     0.0014 0.0000e+00
    404.000    1472.13    1472.13    692.173    404.000  1029.6257  1029.6262    34.8971    34.8977    1472.13    1472.13    6.61721      1.372     0.0002 0.0000e+00
    405.000    1472.15    1472.15    692.873    405.000  1029.6306  1029.6309    34.8974    34.8978    1472.15    1472.15    6.61453      1.356     0.0004 0.0000e+00
    406.000    1472.16    1472.16    693.700    406.000  1029.6353  1029.6356    34.8973    34.8977    1472.16    1472.16    6.61538      1.023     0.0002 0.0000e+00
    407.000    1472.18    1472.18    695.150    407.000  1029.6399  1029.6401    34.8972    34.8976    1472.18    1472.18    6.61484      0.613     0.0003 0.0000e+00
    408.000    1472.20    1472.20    696.748    408.000  1029.6445  1029.6449    34.8973    34.8977    1472.20    1472.20    6.61870      0.793     0.0000 0.0000e+00
    409.000    1472.21    1472.21    697.821    409.000  1029.6492  1029.6498    34.8970    34.8977    1472.21    1472.21    6.61964      1.088     0.0002 0.0000e+00
    410.000    1472.22    1472.22    698.665    410.000  1029.6541  1029.6544    34.8972    34.8976    1472.22    1472.22    6.61791      1.216     0.0000 0.0000e+00
    411.000    1472.24    1472.24    699.491    411.000  1029.6587  1029.6592    34.8971    34.8977    1472.24    1472.24    6.61517      1.155    -0.0000 0.0000e+00
    412.000    1472.25    1472.26    700.448    412.000  1029.6636  1029.6638    34.8973    34.8977    1472.25    1472.26    6.61397      0.969     0.0000 0.0000e+00
    413.000    1472.28    1472.28    701.596    413.000  1029.6681  1029.6685    34.8973    34.8977    1472.28    1472.28    6.61348      0.861    -0.0000 0.0000e+00
    414.000    1472.28    1472.28    702.753    414.000  1029.6727  1029.6733    34.8969    34.8977    1472.28    1472.28    6.61593      0.938     0.0002 0.0000e+00
    415.000    1472.30    1472.30    703.752    415.000  1029.6776  1029.6780    34.8972    34.8976    1472.30    1472.30    6.61538      1.071     0.0001 0.0000e+00
    416.000    1472.31    1472.31    704.652    416.000  1029.6825  1029.6827    34.8973    34.8977    1472.31    1472.31    6.61396      1.150     0.0001 0.0000e+00
    417.000    1472.33    1472.33    705.513    417.000  1029.6870  1029.6874    34.8972    34.8977    1472.33    1472.33    6.61681      1.180     0.0000 0.0000e+00
    418.000    1472.35    1472.35    706.367    418.000  1029.6915  1029.6921    34.8970    34.8977    1472.35    1472.35    6.61545      1.165    -0.0000 0.0000e+00
    419.000    1472.36    1472.36    707.259    419.000  1029.6962  1029.6967    34.8968    34.8974    1472.36    1472.36    6.61479      1.066    -0.0002 0.0000e+00
    420.000    1472.36    1472.37    708.322    420.000  1029.7010  1029.7015    34.8967    34.8973    1472.36    1472.37    6.61714      0.841     0.0001 0.0000e+00
    421.000    1472.37    1472.37    709.776    421.000  1029.7057  1029.7059    34.8961    34.8965    1472.36    1472.37    6.62057      0.650     0.0003 0.0000e+00
    422.000    1472.36    1472.36    711.257    422.000  1029.7106  1029.7109    34.8957    34.8962    1472.36    1472.36    6.62032      0.819     0.0002 0.0000e+00
    423.000    1472.37    1472.37    712.317    423.000  1029.7155  1029.7158    34.8957    34.8962    1472.37    1472.37    6.61809      1.087     0.0003 0.0000e+00
    424.000    1472.38    1472.39    713.159    424.000  1029.7198  1029.7205    34.8953    34.8961    1472.38    1472.39    6.61594      1.273     0.0003 0.0000e+00
    425.000    1472.39    1472.39    713.912    425.000  1029.7246  1029.7251    34.8950    34.8957    1472.39    1472.39    6.61294      1.343     0.0001 0.0000e+00
    426.000    1472.40    1472.40    714.658    426.000  1029.7292  1029.7299    34.8947    34.8956    1472.40    1472.40    6.61118      1.268     0.0006 0.0000e+00
    427.000    1472.41    1472.42    715.547    427.000  1029.7340  1029.7344    34.8948    34.8953    1472.41    1472.42    6.61032      0.999     0.0010 0.0000e+00
    428.000    1472.42    1472.42    716.827    428.000  1029.7384  1029.7389    34.8942    34.8949    1472.42    1472.42    6.61285      0.709     0.0007 0.0000e+00
    429.000    1472.41    1472.41    718.234    429.000  1029.7434  1029.7438    34.8936    34.8940    1472.41    1472.41    6.61865      0.849    -0.0001 0.0000e+00
    430.000    1472.42    1472.42    719.255    430.000  1029.7482  1029.7485    34.8936    34.8941    1472.42    1472.42    6.61745      1.165     0.0000 0.0000e+00
    431.000    1472.44    1472.44    720.026    431.000  1029.7529  1029.7533    34.8937    34.8943    1472.44    1472.44    6.61437      1.365     0.0002 0.0000e+00
    432.000    1472.45    1472.46    720.734    432.000  1029.7576  1029.7579    34.8937    34.8941    1472.45    1472.45    6.61250      1.351     0.0002 0.0000e+00
    433.000    1472.47    1472.47    721.556    433.000  1029.7622  1029.7627    34.8936    34.8941    1472.47    1472.47    6.60912      1.049    -0.0006 0.0000e+00
    434.000    1472.47    1472.47    722.970    434.000  1029.7667  1029.7672    34.8930    34.8934    1472.47    1472.47    6.60606      0.588    -0.0013 0.0000e+00
    435.000    1472.48    1472.48    724.687    435.000  1029.7715  1029.7719    34.8927    34.8931    1472.47    1472.48    6.60686      0.782     0.0000 0.0000e+00
    436.000    1472.50    1472.50    725.729    436.000  1029.7767  1029.7769    34.8936    34.8938    1472.50    1472.50    6.60508      1.164     0.0001 0.0000e+00
    437.000    1472.52    1472.52    726.496    437.000  1029.7811  1029.7816    34.8933    34.8938    1472.52    1472.52    6.60281      1.353     0.0001 0.0000e+00
    438.000    1472.53    1472.53    727.213    438.000  1029.7858  1029.7863    34.8930    34.8936    1472.53    1472.53    6.60448      1.349     0.0002 0.0000e+00
    439.000    1472.54    1472.54    728.012    439.000  1029.7906  1029.7910    34.8932    34.8937    1472.54    1472.54    6.60805      1.150     0.0001 0.0000e+00
    440.000    1472.56    1472.56    729.048    440.000  1029.7952  1029.7957    34.8930    34.8935    1472.56    1472.56    6.61485      0.897     0.0002 0.0000e+00
    441.000    1472.57    1472.57    730.257    441.000  1029.7999  1029.8003    34.8930    34.8935    1472.57    1472.57    6.62253      0.858     0.0001 0.0000e+00
    442.000    1472.59    1472.59    731.364    442.000  1029.8047  1029.8051    34.8931    34.8936    1472.59    1472.59    6.62678      0.987     0.0001 0.0000e+00
    443.000    1472.60    1472.60    732.325    443.000  1029.8093  1029.8097    34.8928    34.8934    1472.60    1472.60    6.62732      1.082     0.0000 0.0000e+00
    444.000    1472.62    1472.62    733.251    444.000  1029.8141  1029.8143    34.8930    34.8934    1472.62    1472.62    6.62867      1.044     0.0002 0.0000e+00
    445.000    1472.63    1472.63    734.294    445.000  1029.8187  1029.8191    34.8929    34.8934    1472.63    1472.63    6.62609      0.913     0.0002 0.0000e+00
    446.000    1472.65    1472.65    735.464    446.000  1029.8235  1029.8237    34.8930    34.8934    1472.65    1472.65    6.62546      0.860     0.0002 0.0000e+00
    447.000    1472.67    1472.67    736.625    447.000  1029.8281  1029.8285    34.8931    34.8936    1472.67    1472.67    6.62260      0.898     0.0002 0.0000e+00
    448.000    1472.69    1472.69    737.718    448.000  1029.8329  1029.8331    34.8932    34.8935    1472.69    1472.69    6.62146      0.960     0.0002 0.0000e+00
    449.000    1472.70    1472.70    738.733    449.000  1029.8375  1029.8376    34.8931    34.8934    1472.70    1472.70    6.62027      1.026     0.0002 0.0000e+00
    450.000    1472.72    1472.72    739.693    450.000  1029.8422  1029.8425    34.8932    34.8936    1472.72    1472.72    6.61986      1.069     0.0002 0.0000e+00
    451.000    1472.74    1472.74    740.630    451.000  1029.8469  1029.8472    34.8933    34.8937    1472.74    1472.74    6.62387      1.080     0.0002 0.0000e+00
    452.000    1472.75    1472.76    741.567    452.000  1029.8516  1029.8518    34.8933    34.8936    1472.75    1472.76    6.62704      1.090     0.0001 0.0000e+00
    453.000    1472.77    1472.77    742.486    453.000  1029.8563  1029.8566    34.8935    34.8938    1472.77    1472.77    6.62784      1.097     0.0001 0.0000e+00
    454.000    1472.81    1472.81    743.419    454.000  1029.8613  1029.8613    34.8944    34.8945    1472.81    1472.81    6.62899      1.032    -0.0000 0.0000e+00
    455.000    1472.83    1472.83    744.482    455.000  1029.8657  1029.8662    34.8942    34.8947    1472.83    1472.83    6.62811      0.879     0.0002 0.0000e+00
    456.000    1472.84    1472.84    745.739    456.000  1029.8704  1029.8708    34.8941    34.8946    1472.84    1472.84    6.62734      0.785     0.0002 0.0000e+00
    457.000    1472.86    1472.86    746.999    457.000  1029.8751  1029.8755    34.8942    34.8947    1472.86    1472.86    6.62588      0.867     0.0002 0.0000e+00
    458.000    1472.88    1472.88    748.074    458.000  1029.8798  1029.8801    34.8942    34.8947    1472.88    1472.88    6.62721      1.047     0.0001 0.0000e+00
    459.000    1472.88    1472.89    748.963    459.000  1029.8840  1029.8848    34.8934    34.8943    1472.88    1472.88    6.62674      1.214     0.0005 0.0000e+00
    460.000    1472.89    1472.89    749.753    460.000  1029.8893  1029.8896    34.8936    34.8941    1472.89    1472.89    6.62368      1.275     0.0002 0.0000e+00
    461.000    1472.90    1472.90    750.556    461.000  1029.8939  1029.8943    34.8934    34.8939    1472.90    1472.90    6.62184      1.160     0.0001 0.0000e+00
    462.000    1472.91    1472.91    751.558    462.000  1029.8986  1029.8989    34.8932    34.8937    1472.91    1472.91    6.62017      0.873     0.0002 0.0000e+00
    463.000    1472.92    1472.92    753.005    463.000  1029.9031  1029.9034    34.8929    34.8933    1472.92    1472.92    6.61722      0.658     0.0001 0.0000e+00
    464.000    1472.93    1472.93    754.398    464.000  1029.9080  1029.9082    34.8928    34.8931    1472.93    1472.93    6.61387      0.897     0.0003 0.0000e+00
    465.000    1472.93    1472.93    755.367    465.000  1029.9125  1029.9131    34.8922    34.8930    1472.93    1472.93    6.61238      1.172    -0.0003 0.0000e+00
    466.000    1472.94    1472.95    756.159    466.000  1029.9175  1029.9177    34.8925    34.8928    1472.94    1472.94    6.61133      1.312     0.0001 0.0000e+00
    467.000    1472.96    1472.96    756.909    467.000  1029.9221  1029.9226    34.8924    34.8930    1472.96    1472.96    6.61262      1.308     0.0001 0.0000e+00
    468.000    1472.97    1472.97    757.711    468.000  1029.9269  1029.9272    34.8925    34.8929    1472.97    1472.97    6.61359      1.198     0.0002 0.0000e+00
    469.000    1472.99    1472.99    758.619    469.000  1029.9316  1029.9319    34.8924    34.8928    1472.99    1472.99    6.61571      1.050     0.0001 0.0000e+00
    470.000    1473.00    1473.00    759.652    470.000  1029.9363  1029.9366    34.8923    34.8928    1473.00    1473.00    6.61939      0.946     0.0002 0.0000e+00
    471.000    1473.02    1473.02    760.762    471.000  1029.9410  1029.9413    34.8926    34.8928    1473.02    1473.02    6.62162      0.866    -0.0006 0.0000e+00
    472.000    1473.03    1473.04    762.026    472.000  1029.9458  1029.9459    34.8924    34.8927    1473.03    1473.04    6.62090      0.748     0.0007 0.0000e+00
    473.000    1473.05    1473.05    763.466    473.000  1029.9503  1029.9506    34.8922    34.8925    1473.05    1473.05    6.62130      0.707    -0.0000 0.0000e+00
    474.000    1473.06    1473.06    764.806    474.000  1029.9551  1029.9553    34.8922    34.8925    1473.06    1473.06    6.62430      0.887     0.0003 0.0000e+00
    475.000    1473.08    1473.08    765.798    475.000  1029.9598  1029.9600    34.8923    34.8925    1473.08    1473.08    6.62531      1.169     0.0001 0.0000e+00
    476.000    1473.10    1473.10    766.576    476.000  1029.9645  1029.9647    34.8924    34.8928    1473.10    1473.10    6.62308      1.366     0.0002 0.0000e+00
    477.000    1473.11    1473.12    767.280    477.000  1029.9691  1029.9695    34.8924    34.8929    1473.11    1473.12    6.62081      1.421     0.0001 0.0000e+00
    478.000    1473.13    1473.13    767.997    478.000  1029.9739  1029.9741    34.8925    34.8929    1473.13    1473.13    6.62239      1.323     0.0001 0.0000e+00
    479.000    1473.16    1473.16    768.844    479.000  1029.9788  1029.9788    34.8932    34.8931    1473.16    1473.16    6.62311      1.059    -0.0006 0.0000e+00
    480.000    1473.20    1473.20    770.020    480.000  1029.9832  1029.9834    34.8935    34.8939    1473.20    1473.20    6.62111      0.753     0.0002 0.0000e+00
    481.000    1473.23    1473.24    771.495    481.000  1029.9885  1029.9883    34.8950    34.8950    1473.23    1473.24    6.62223      0.734     0.0018 0.0000e+00
