Ship_data/Irminger/Irminger-2/ctd/process/at30_010.ros
* Sea-Bird SBE 9 Data File:
* FileName = C:\data\ctd\at30_010.hdr
* Software Version Seasave V 7.21f
* Temperature SN = 2265
* Conductivity SN = 3021
* Number of Bytes Per Scan = 40
* Number of Voltage Words = 5
* Number of Scans Averaged by the Deck Unit = 1
* NMEA Latitude = 59 45.71 N
* NMEA Longitude = 039 52.84 W
* NMEA UTC (Time) = Aug 19 2015  21:15:33
** FLMA 2 post deployment cal
# nquan = 27
# nvalues = 588                                   
# units = specified
# name 0 = timeS: Time, Elapsed [seconds]
# name 1 = longitude: Longitude [deg]
# name 2 = latitude: Latitude [deg]
# name 3 = depSM: Depth [salt water, m]
# name 4 = prDM: Pressure, Digiquartz [db]
# name 5 = t090C: Temperature [ITS-90, deg C]
# name 6 = t190C: Temperature, 2 [ITS-90, deg C]
# name 7 = c0S/m: Conductivity [S/m]
# name 8 = c1S/m: Conductivity, 2 [S/m]
# name 9 = CStarTr0: Beam Transmission, WET Labs C-Star [%]
# name 10 = flECO-AFL: Fluorescence, WET Labs ECO-AFL/FL [mg/m^3]
# name 11 = sbeox0V: Oxygen raw, SBE 43 [V]
# name 12 = altM: Altimeter [m]
# name 13 = nbf: Bottles Fired
# name 14 = density00: Density [density, Kg/m^3]
# name 15 = density11: Density, 2 [density, Kg/m^3]
# name 16 = sal00: Salinity, Practical [PSU]
# name 17 = sal11: Salinity, Practical, 2 [PSU]
# name 18 = svCM: Sound Velocity [Chen-Millero, m/s]
# name 19 = svCM1: Sound Velocity, 2 [Chen-Millero, m/s]
# name 20 = timeS: Time, Elapsed [seconds]
# name 21 = sbeox0ML/L: Oxygen, SBE 43 [ml/l]
# name 22 = sbeox0PS: Oxygen, SBE 43 [% saturation]
# name 23 = dz/dtM: Descent Rate [m/s]
# name 24 = T2-T190C: Temperature Difference, 2 - 1 [ITS-90, deg C]
# name 25 = scan: Scan Count
# name 26 = flag:  0.000e+00
# interval = seconds: 0.0416667
# start_time = Aug 19 2015 21:15:33 [NMEA time, header]
# bad_flag = -9.990e-29
*END*
[from data line 162]
   4570.542  -39.88260   59.76210   1801.523   1826.586     3.2569     3.2575   3.262675   3.262683    97.6016    -0.0512     1.7958      98.73          4  1036.1801  1036.1796    34.9297    34.9291    1493.64    1493.64   4570.542    6.05876   82.09133      0.285     0.0006     109694  0.000e+00
   4570.583  -39.88260   59.76210   1801.490   1826.553     3.2567     3.2577   3.262651   3.262678    97.6016    -0.0512     1.7958      98.73          4  1036.1799  1036.1792    34.9296    34.9289    1493.63    1493.64   4570.583    6.05877   82.09103      0.272     0.0010     109695  0.000e+00
   4570.625  -39.88260   59.76210   1801.523   1826.586     3.2575     3.2577   3.262651   3.262706    97.6016    -0.0512     1.7958      98.73          4  1036.1793  1036.1796    34.9288    34.9292    1493.64    1493.64   4570.625    6.05869   82.09113      0.261     0.0002     109696  0.000e+00
   4570.667  -39.88260   59.76210   1801.457   1826.520     3.2571     3.2580   3.262705   3.262706    97.6016    -0.0512     1.7958      98.73          4  1036.1799  1036.1790    34.9299    34.9289    1493.64    1493.64   4570.667    6.05867   82.09055      0.246     0.0010     109697  0.000e+00
   4570.708  -39.88260   59.76210   1801.433   1826.495     3.2574     3.2575   3.262681   3.262683    97.6016    -0.0512     1.7945      98.73          4  1036.1793  1036.1792    34.9293    34.9292    1493.64    1493.64   4570.708    6.05271   82.01020      0.231     0.0001     109698  0.000e+00
   4570.750  -39.88260   59.76210   1801.523   1826.586     3.2572     3.2579   3.262681   3.262706    97.6016    -0.0512     1.7958      98.73          4  1036.1798  1036.1795    34.9294    34.9291    1493.64    1493.64   4570.750    6.05871   82.09121      0.219     0.0006     109699  0.000e+00
   4570.792  -39.88260   59.76210   1801.458   1826.520     3.2574     3.2579   3.262693   3.262678    97.6277    -0.0512     1.7958      98.73          4  1036.1796  1036.1789    34.9295    34.9287    1493.64    1493.64   4570.792    6.05864   82.09045      0.205     0.0005     109700  0.000e+00
   4570.833  -39.88260   59.76210   1801.490   1826.553     3.2572     3.2579   3.262675   3.262706    97.6016    -0.0512     1.7958      98.73          4  1036.1796  1036.1793    34.9294    34.9291    1493.64    1493.64   4570.833    6.05869   82.09084      0.190     0.0006     109701  0.000e+00
   4570.875  -39.88260   59.76210   1801.458   1826.520     3.2571     3.2575   3.262663   3.262683    97.6277    -0.0512     1.7958      98.73          4  1036.1795  1036.1793    34.9294    34.9291    1493.64    1493.64   4570.875    6.05869   82.09054      0.178     0.0005     109702  0.000e+00
   4570.917  -39.88260   59.76210   1801.400   1826.461     3.2572     3.2577   3.262681   3.262678    97.6277    -0.0585     1.7958      98.73          4  1036.1793  1036.1788    34.9295    34.9289    1493.64    1493.64   4570.917    6.05861   82.08985      0.158     0.0005     109703  0.000e+00
   4570.958  -39.88260   59.76210   1801.433   1826.495     3.2571     3.2579   3.262675   3.262678    97.6277    -0.0512     1.7958      98.73          4  1036.1796  1036.1788    34.9296    34.9288    1493.64    1493.64   4570.958    6.05866   82.09026      0.145     0.0008     109704  0.000e+00
   4571.000  -39.88260   59.76210   1801.458   1826.520     3.2571     3.2575   3.262663   3.262683    97.6277    -0.0512     1.7958      98.73          4  1036.1795  1036.1793    34.9294    34.9291    1493.64    1493.64   4571.000    6.05869   82.09053      0.131     0.0005     109705  0.000e+00
   4571.042  -39.88260   59.76210   1801.433   1826.495     3.2570     3.2579   3.262645   3.262706    97.6277    -0.0585     1.7958      98.73          4  1036.1794  1036.1791    34.9293    34.9291    1493.63    1493.64   4571.042    6.05869   82.09029      0.118     0.0009     109706  0.000e+00
   4571.083  -39.88260   59.76210   1801.400   1826.461     3.2574     3.2577   3.262651   3.262678    97.6277    -0.0512     1.7958      98.73          4  1036.1789  1036.1788    34.9290    34.9289    1493.64    1493.64   4571.083    6.05861   82.08980      0.101     0.0004     109707  0.000e+00
   4571.125  -39.88260   59.76210   1801.335   1826.395     3.2574     3.2580   3.262681   3.262649    97.6016    -0.0512     1.7958      98.73          4  1036.1789  1036.1780    34.9294    34.9283    1493.63    1493.64   4571.125    6.05854   82.08909      0.081     0.0007     109708  0.000e+00
   4571.167  -39.88260   59.76210   1801.368   1826.428     3.2574     3.2577   3.262693   3.262718    97.6016    -0.0512     1.7958      98.73          4  1036.1792  1036.1791    34.9295    34.9294    1493.64    1493.64   4571.167    6.05856   82.08944      0.068     0.0004     109709  0.000e+00
   4571.208  -39.88260   59.76210   1801.400   1826.462     3.2577     3.2580   3.262693   3.262678    97.6016    -0.0512     1.7958      98.73          4  1036.1790  1036.1785    34.9291    34.9286    1493.64    1493.64   4571.208    6.05854   82.08968      0.049     0.0003     109710  0.000e+00
   4571.250  -39.88260   59.76210   1801.335   1826.395     3.2574     3.2580   3.262675   3.262678    97.6016    -0.0512     1.7958      98.73          4  1036.1789  1036.1782    34.9293    34.9286    1493.63    1493.64   4571.250    6.05854   82.08908      0.036     0.0007     109711  0.000e+00
   4571.292  -39.88260   59.76210   1801.310   1826.370     3.2574     3.2587   3.262681   3.262706    97.6016    -0.0512     1.7958      98.73          4  1036.1788  1036.1778    34.9294    34.9283    1493.63    1493.64   4571.292    6.05852   82.08880      0.018     0.0013     109712  0.000e+00
   4571.333  -39.88260   59.76210   1801.335   1826.395     3.2574     3.2588   3.262693   3.262718    97.6016    -0.0512     1.7958      98.73          4  1036.1790  1036.1778    34.9295    34.9283    1493.63    1493.64   4571.333    6.05853   82.08907     -0.001     0.0015     109713  0.000e+00
   4571.375  -39.88260   59.76210   1801.278   1826.336     3.2574     3.2588   3.262693   3.262769    97.6277    -0.0512     1.7958      98.73          4  1036.1788  1036.1781    34.9296    34.9289    1493.63    1493.64   4571.375    6.05848   82.08844     -0.017     0.0015     109714  0.000e+00
   4571.417  -39.88260   59.76210   1801.310   1826.370     3.2574     3.2585   3.262675   3.262735    97.6016    -0.0585     1.7958      98.73          4  1036.1787  1036.1782    34.9293    34.9288    1493.63    1493.64   4571.417    6.05851   82.08878     -0.030     0.0011     109715  0.000e+00
   4571.458  -39.88260   59.76210   1801.278   1826.336     3.2575     3.2587   3.262681   3.262706    97.6016    -0.0512     1.7958      98.73          4  1036.1785  1036.1776    34.9292    34.9283    1493.63    1493.64   4571.458    6.05847   82.08838     -0.050     0.0011     109716  0.000e+00
   4571.500  -39.88260   59.76210   1801.278   1826.336     3.2575     3.2588   3.262693   3.262718    97.6016    -0.0512     1.7958      98.73          4  1036.1786  1036.1776    34.9294    34.9283    1493.63    1493.64   4571.500    6.05846   82.08838     -0.062     0.0013     109717  0.000e+00
   4571.542  -39.88260   59.76210   1801.245   1826.303     3.2574     3.2587   3.262651   3.262798    97.6277    -0.0512     1.7958      98.73          4  1036.1783  1036.1784    34.9291    34.9294    1493.63    1493.64   4571.542    6.05848   82.08807     -0.079     0.0013     109718  0.000e+00
   4571.583  -39.88260   59.76210   1801.212   1826.270     3.2575     3.2587   3.262675   3.262769    97.6277    -0.0512     1.7958      98.73          4  1036.1782  1036.1780    34.9292    34.9291    1493.63    1493.64   4571.583    6.05842   82.08766     -0.094     0.0011     109719  0.000e+00
   4571.625  -39.88260   59.76210   1801.212   1826.270     3.2575     3.2588   3.262693   3.262735    97.6277    -0.0512     1.7958      98.73          4  1036.1784  1036.1775    34.9294    34.9285    1493.63    1493.64   4571.625    6.05841   82.08765     -0.109     0.0013     109720  0.000e+00
   4571.667  -39.88260   59.76210   1801.179   1826.236     3.2574     3.2590   3.262693   3.262746    97.6277    -0.0585     1.7958      98.73          4  1036.1784  1036.1773    34.9296    34.9285    1493.63    1493.64   4571.667    6.05840   82.08735     -0.124     0.0016     109721  0.000e+00
   4571.708  -39.88260   59.76210   1801.155   1826.211     3.2575     3.2588   3.262675   3.262769    97.6277    -0.0439     1.7958      98.73          4  1036.1779  1036.1776    34.9292    34.9290    1493.63    1493.64   4571.708    6.05837   82.08702     -0.142     0.0013     109722  0.000e+00
   4571.750  -39.88260   59.76210   1801.122   1826.178     3.2577     3.2590   3.262663   3.262769    97.6277    -0.0512     1.7958      98.73          4  1036.1775  1036.1773    34.9289    34.9288    1493.63    1493.64   4571.750    6.05833   82.08661     -0.157     0.0013     109723  0.000e+00
   4571.792  -39.88260   59.76210   1801.155   1826.211     3.2576     3.2588   3.262663   3.262769    97.6016    -0.0512     1.7958      98.73          4  1036.1778  1036.1776    34.9290    34.9290    1493.63    1493.64   4571.792    6.05837   82.08700     -0.171     0.0012     109724  0.000e+00
   4571.833  -39.88260   59.76210   1801.089   1826.145     3.2575     3.2590   3.262681   3.262746    97.6016    -0.0512     1.7958      98.73          4  1036.1777  1036.1769    34.9293    34.9286    1493.63    1493.64   4571.833    6.05831   82.08630     -0.190     0.0015     109725  0.000e+00
   4571.875  -39.88260   59.76210   1801.057   1826.111     3.2575     3.2587   3.262675   3.262735    97.6277    -0.0512     1.7958      98.73          4  1036.1775  1036.1770    34.9293    34.9288    1493.63    1493.63   4571.875    6.05829   82.08594     -0.203     0.0011     109726  0.000e+00
   4571.917  -39.88260   59.76210   1801.155   1826.212     3.2575     3.2588   3.262681   3.262735    97.6277    -0.0512     1.7958      98.73          4  1036.1780  1036.1772    34.9293    34.9286    1493.63    1493.64   4571.917    6.05836   82.08700     -0.215     0.0013     109727  0.000e+00
   5004.417  -39.88314   59.76216   1500.834   1520.616     3.5347     3.5354   3.274501   3.274508    97.5493    -0.0512     1.8541      98.73          5  1034.7600  1034.7595    34.9267    34.9261    1489.69    1489.69   5004.417    6.04171   82.41690      0.129     0.0006     120107  0.000e+00
   5004.458  -39.88314   59.76216   1500.776   1520.558     3.5348     3.5354   3.274489   3.274566    97.5493    -0.0512     1.8541      98.73          5  1034.7596  1034.7598    34.9265    34.9269    1489.69    1489.69   5004.458    6.04166   82.41624      0.122     0.0005     120108  0.000e+00
   5004.500  -39.88314   59.76216   1500.834   1520.616     3.5347     3.5355   3.274507   3.274537    97.5754    -0.0585     1.8541      98.73          5  1034.7602  1034.7596    34.9269    34.9263    1489.69    1489.69   5004.500    6.04172   82.41690      0.118     0.0008     120109  0.000e+00
   5004.542  -39.88314   59.76216   1500.768   1520.550     3.5347     3.5354   3.274513   3.274537    97.5754    -0.0512     1.8541      98.73          5  1034.7599  1034.7595    34.9269    34.9265    1489.69    1489.69   5004.542    6.04165   82.41617      0.105     0.0006     120110  0.000e+00
   5004.583  -39.88314   59.76216   1500.776   1520.558     3.5351     3.5352   3.274501   3.274537    97.5754    -0.0512     1.8541      98.73          5  1034.7594  1034.7597    34.9263    34.9267    1489.69    1489.69   5004.583    6.04162   82.41613      0.096     0.0001     120111  0.000e+00
   5004.625  -39.88314   59.76216   1500.768   1520.550     3.5347     3.5352   3.274525   3.274537    97.5754    -0.0512     1.8541      98.73          5  1034.7601  1034.7596    34.9271    34.9267    1489.69    1489.69   5004.625    6.04165   82.41617      0.091     0.0005     120112  0.000e+00
   5004.667  -39.88314   59.76216   1500.834   1520.616     3.5347     3.5355   3.274525   3.274508    97.5754    -0.0512     1.8541      98.73          5  1034.7603  1034.7593    34.9271    34.9260    1489.69    1489.69   5004.667    6.04171   82.41687      0.088     0.0008     120113  0.000e+00
   5004.708  -39.88314   59.76216   1500.776   1520.558     3.5347     3.5354   3.274519   3.274508    97.5493    -0.0512     1.8541      98.73          5  1034.7600  1034.7593    34.9270    34.9262    1489.69    1489.69   5004.708    6.04165   82.41622      0.078     0.0006     120114  0.000e+00
   5004.750  -39.88314   59.76216   1500.768   1520.550     3.5350     3.5354   3.274495   3.274543    97.5493    -0.0512     1.8541      98.73          5  1034.7595  1034.7595    34.9265    34.9266    1489.69    1489.69   5004.750    6.04163   82.41606      0.072     0.0004     120115  0.000e+00
   5004.792  -39.88314   59.76216   1500.711   1520.492     3.5348     3.5355   3.274531   3.274508    97.5754    -0.0512     1.8541      98.73          5  1034.7597  1034.7588    34.9270    34.9260    1489.69    1489.69   5004.792    6.04158   82.41546      0.061     0.0007     120116  0.000e+00
   5004.833  -39.88314   59.76216   1500.834   1520.617     3.5347     3.5354   3.274531   3.274566    97.5754    -0.0512     1.8541      98.73          5  1034.7603  1034.7600    34.9271    34.9268    1489.69    1489.69   5004.833    6.04169   82.41682      0.057     0.0006     120117  0.000e+00
   5004.875  -39.88314   59.76216   1500.711   1520.492     3.5348     3.5352   3.274501   3.274508    97.6016    -0.0732     1.8541      98.73          5  1034.7594  1034.7591    34.9267    34.9264    1489.69    1489.69   5004.875    6.04159   82.41544      0.046     0.0004     120118  0.000e+00
   5004.917  -39.88314   59.76216   1500.768   1520.550     3.5350     3.5355   3.274525   3.274537    97.5754    -0.0439     1.8541      98.73          5  1034.7598  1034.7593    34.9268    34.9264    1489.69    1489.69   5004.917    6.04161   82.41603      0.037     0.0006     120119  0.000e+00
   5004.958  -39.88314   59.76216   1500.711   1520.492     3.5347     3.5354   3.274507   3.274537    97.5754    -0.0512     1.8529      98.73          5  1034.7596  1034.7593    34.9269    34.9265    1489.69    1489.69   5004.958    6.03599   82.33891      0.025     0.0006     120120  0.000e+00
   5005.000  -39.88314   59.76216   1500.768   1520.550     3.5350     3.5355   3.274489   3.274480    97.5754    -0.0512     1.8541      98.73          5  1034.7594  1034.7588    34.9264    34.9257    1489.69    1489.69   5005.000    6.04163   82.41601      0.021     0.0006     120121  0.000e+00
   5005.042  -39.88314   59.76216   1500.711   1520.492     3.5347     3.5352   3.274507   3.274537    97.5754    -0.0512     1.8541      98.73          5  1034.7596  1034.7594    34.9269    34.9267    1489.69    1489.69   5005.042    6.04161   82.41546      0.012     0.0005     120122  0.000e+00
   5005.083  -39.88314   59.76216   1500.777   1520.559     3.5349     3.5354   3.274495   3.274566    97.5754    -0.0512     1.8541      98.73          5  1034.7596  1034.7598    34.9265    34.9269    1489.69    1489.69   5005.083    6.04164   82.41610      0.008     0.0005     120123  0.000e+00
   5005.125  -39.88316   59.76216   1500.711   1520.492     3.5347     3.5352   3.274507   3.274537    97.5754    -0.0512     1.8541      98.73          5  1034.7596  1034.7594    34.9269    34.9267    1489.69    1489.69   5005.125    6.04161   82.41545     -0.001     0.0005     120124  0.000e+00
