Ship_data/Irminger/Irminger-2/ctd/process/at30_006.ros
* Sea-Bird SBE 9 Data File:
* FileName = C:\data\ctd\at30_006.hdr
* Software Version Seasave V 7.21f
* Temperature SN = 2265
* Conductivity SN = 3021
* Number of Bytes Per Scan = 40
* Number of Voltage Words = 5
* Number of Scans Averaged by the Deck Unit = 1
* NMEA Latitude = 59 51.06 N
* NMEA Longitude = 039 05.71 W
* NMEA UTC (Time) = Aug 17 2015  17:02:11
# nquan = 27
# nvalues = 588                                   
# units = specified
# name 0 = timeS: Time, Elapsed [seconds]
# name 1 = longitude: Longitude [deg]
# name 2 = latitude: Latitude [deg]
# name 3 = depSM: Depth [salt water, m]
# name 4 = prDM: Pressure, Digiquartz [db]
# name 5 = t090C: Temperature [ITS-90, deg C]
# name 6 = t190C: Temperature, 2 [ITS-90, deg C]
# name 7 = c0S/m: Conductivity [S/m]
# name 8 = c1S/m: Conductivity, 2 [S/m]
# name 9 = CStarTr0: Beam Transmission, WET Labs C-Star [%]
# name 10 = flECO-AFL: Fluorescence, WET Labs ECO-AFL/FL [mg/m^3]
# name 11 = sbeox0V: Oxygen raw, SBE 43 [V]
# name 12 = altM: Altimeter [m]
# name 13 = nbf: Bottles Fired
# name 14 = density00: Density [density, Kg/m^3]
# name 15 = density11: Density, 2 [density, Kg/m^3]
# name 16 = sal00: Salinity, Practical [PSU]
# name 17 = sal11: Salinity, Practical, 2 [PSU]
# name 18 = svCM: Sound Velocity [Chen-Millero, m/s]
# name 19 = svCM1: Sound Velocity, 2 [Chen-Millero, m/s]
# name 20 = timeS: Time, Elapsed [seconds]
# name 21 = sbeox0ML/L: Oxygen, SBE 43 [ml/l]
# name 22 = sbeox0PS: Oxygen, SBE 43 [% saturation]
# name 23 = dz/dtM: Descent Rate [m/s]
# name 24 = T2-T190C: Temperature Difference, 2 - 1 [ITS-90, deg C]
# name 25 = scan: Scan Count
# name 26 = flag:  0.000e+00
# interval = seconds: 0.0416667
# start_time = Aug 17 2015 17:02:11 [NMEA time, header]
# bad_flag = -9.990e-29
*END*
[from data line 376]
   3155.667  -39.09560   59.85454     51.894     52.394     6.4418     6.4461   3.467900   3.468171    95.2734    -0.0219     2.4770      98.78          8  1027.6338  1027.6321    34.8707    34.8693    1477.18    1477.20   3155.667    6.79515   99.28411      0.071     0.0043      75737  0.000e+00
   3155.708  -39.09560   59.85454     51.902     52.402     6.4422     6.4469   3.467881   3.468189    95.2734    -0.0292     2.4770      98.78          8  1027.6333  1027.6315    34.8701    34.8687    1477.18    1477.20   3155.708    6.79512   99.28414      0.066     0.0047      75738  0.000e+00
   3155.750  -39.09560   59.85454     51.950     52.451     6.4419     6.4462   3.467869   3.468171    95.2734    -0.0219     2.4770      98.75          8  1027.6336  1027.6322    34.8701    34.8691    1477.18    1477.20   3155.750    6.79520   99.28479      0.063     0.0043      75739  0.000e+00
   3155.792  -39.09560   59.85454     51.846     52.345     6.4411     6.4451   3.467869   3.468282    95.2734    -0.0219     2.4770      98.75          8  1027.6339  1027.6338    34.8710    34.8715    1477.18    1477.20   3155.792    6.79520   99.28359      0.052     0.0040      75740  0.000e+00
   3155.833  -39.09560   59.85454     51.846     52.345     6.4409     6.4451   3.467776   3.468200    95.2734    -0.0292     2.4758      98.75          8  1027.6333  1027.6331    34.8702    34.8706    1477.18    1477.19   3155.833    6.79103   99.22154      0.043     0.0043      75741  0.000e+00
   3155.875  -39.09560   59.85454     51.894     52.394     6.4410     6.4445   3.467746   3.468060    95.2472    -0.0219     2.4770      98.78          8  1027.6332  1027.6326    34.8698    34.8697    1477.18    1477.19   3155.875    6.79532   99.28423      0.039     0.0035      75742  0.000e+00
   3155.917  -39.09560   59.85454     51.902     52.402     6.4407     6.4438   3.467746   3.467984    95.2472    -0.0219     2.4770      98.75          8  1027.6335  1027.6326    34.8701    34.8695    1477.18    1477.19   3155.917    6.79537   99.28438      0.032     0.0032      75743  0.000e+00
   3155.958  -39.09560   59.85454     51.830     52.329     6.4410     6.4435   3.467764   3.467966    95.2472    -0.0292     2.4758      98.78          8  1027.6330  1027.6325    34.8700    34.8697    1477.18    1477.19   3155.958    6.79100   99.22129      0.024     0.0025      75744  0.000e+00
   3156.000  -39.09560   59.85454     51.846     52.345     6.4407     6.4433   3.467758   3.467954    95.2472    -0.0219     2.4758      98.75          8  1027.6334  1027.6326    34.8703    34.8698    1477.18    1477.19   3156.000    6.79106   99.22156      0.013     0.0026      75745  0.000e+00
   3156.042  -39.09560   59.85454     51.846     52.345     6.4403     6.4438   3.467746   3.467937    95.2472    -0.0219     2.4770      98.78          8  1027.6336  1027.6320    34.8705    34.8690    1477.18    1477.19   3156.042    6.79536   99.28370      0.006     0.0035      75746  0.000e+00
   3156.083  -39.09560   59.85454     51.830     52.329     6.4400     6.4438   3.467764   3.467954    95.2734    -0.0292     2.4770      98.78          8  1027.6340  1027.6321    34.8710    34.8692    1477.17    1477.19   3156.083    6.79537   99.28354     -0.002     0.0038      75747  0.000e+00
   3156.125  -39.09560   59.85454     51.846     52.345     6.4397     6.4441   3.467702   3.468013    95.2734    -0.0219     2.4770      98.78          8  1027.6337  1027.6324    34.8706    34.8696    1477.17    1477.19   3156.125    6.79545   99.28380     -0.005     0.0044      75748  0.000e+00
   3156.167  -39.09560   59.85454     51.773     52.272     6.4403     6.4443   3.467752   3.468001    95.2734    -0.0219     2.4770      98.78          8  1027.6333  1027.6318    34.8706    34.8693    1477.17    1477.19   3156.167    6.79529   99.28275     -0.016     0.0040      75749  0.000e+00
   3156.208  -39.09560   59.85454     51.846     52.345     6.4415     6.4449   3.467887   3.467796    95.1949    -0.0219     2.4770      98.78          8  1027.6338  1027.6297    34.8709    34.8663    1477.18    1477.19   3156.208    6.79515   99.28347     -0.024     0.0035      75750  0.000e+00
   3156.250  -39.09560   59.85454     51.790     52.289     6.4423     6.4451   3.467974   3.468060    94.8287    -0.0219     2.4770      98.75          8  1027.6335  1027.6316    34.8710    34.8691    1477.18    1477.19   3156.250    6.79495   99.28259     -0.034     0.0028      75751  0.000e+00
   3156.292  -39.09560   59.85454     51.774     52.272     6.4426     6.4453   3.468035   3.468077    94.6979    -0.0219     2.4770      98.78          8  1027.6336  1027.6315    34.8714    34.8691    1477.18    1477.19   3156.292    6.79486   99.28232     -0.041     0.0026      75752  0.000e+00
   3326.458  -39.09562   59.85478     31.255     31.555     7.9922     7.9929   3.609753   3.609720    94.1485    -0.0219     2.5291      30.23          9  1027.3167  1027.3158    34.8696    34.8686    1482.80    1482.80   3326.458    6.70007  101.41654     -0.172     0.0007      79836  0.000e+00
   3326.500  -39.09562   59.85478     31.255     31.555     7.9922     7.9929   3.609753   3.609726    94.1223    -0.0219     2.5291      32.09          9  1027.3167  1027.3159    34.8696    34.8687    1482.80    1482.80   3326.500    6.70007  101.41653     -0.171     0.0007      79837  0.000e+00
   3326.542  -39.09562   59.85478     31.199     31.498     7.9924     7.9930   3.609752   3.609785    94.1223    -0.0219     2.5291      32.75          9  1027.3163  1027.3160    34.8695    34.8692    1482.80    1482.80   3326.542    6.70000  101.41577     -0.172     0.0007      79838  0.000e+00
   3326.583  -39.09562   59.85478     31.288     31.587     7.9924     7.9930   3.609753   3.609726    94.1223    -0.0219     2.5291      32.72          9  1027.3167  1027.3159    34.8695    34.8685    1482.80    1482.80   3326.583    6.70008  101.41692     -0.168     0.0007      79839  0.000e+00
   3326.625  -39.09562   59.85478     31.199     31.498     7.9926     7.9932   3.609727   3.609756    94.1485    -0.0292     2.5291      32.65          9  1027.3159  1027.3156    34.8690    34.8688    1482.80    1482.80   3326.625    6.69999  101.41573     -0.166     0.0006      79840  0.000e+00
   3326.667  -39.09562   59.85478     31.255     31.555     7.9919     7.9930   3.609740   3.609756    94.1485    -0.0219     2.5316      32.63          9  1027.3169  1027.3160    34.8698    34.8689    1482.80    1482.80   3326.667    6.70827  101.54009     -0.165     0.0011      79841  0.000e+00
   3326.708  -39.09562   59.85478     31.199     31.498     7.9922     7.9932   3.609734   3.609791    94.1747    -0.0219     2.5303      32.63          9  1027.3163  1027.3159    34.8695    34.8691    1482.80    1482.80   3326.708    6.70411  101.47754     -0.164     0.0010      79842  0.000e+00
   3326.750  -39.09562   59.85478     31.199     31.498     7.9924     7.9932   3.609740   3.609720    94.1747    -0.0219     2.5291      32.63          9  1027.3162  1027.3153    34.8694    34.8684    1482.80    1482.80   3326.750    6.70001  101.41574     -0.161     0.0008      79843  0.000e+00
   3326.792  -39.09562   59.85478     31.231     31.531     7.9922     7.9930   3.609734   3.609726    94.2008    -0.0219     2.5303      32.63          9  1027.3164  1027.3156    34.8695    34.8686    1482.80    1482.80   3326.792    6.70414  101.47795     -0.159     0.0008      79844  0.000e+00
   3326.833  -39.09562   59.85478     31.256     31.555     7.9922     7.9935   3.609696   3.609756    94.2008    -0.0219     2.5291      32.63          9  1027.3162  1027.3155    34.8690    34.8684    1482.80    1482.81   3326.833    6.70009  101.41649     -0.152     0.0013      79845  0.000e+00
   3326.875  -39.09562   59.85478     31.199     31.498     7.9922     7.9935   3.609734   3.609791    94.2008    -0.0219     2.5291      32.63          9  1027.3163  1027.3156    34.8695    34.8688    1482.80    1482.81   3326.875    6.70003  101.41575     -0.156     0.0013      79846  0.000e+00
   3326.917  -39.09562   59.85478     31.199     31.498     7.9920     7.9935   3.609752   3.609785    94.2008    -0.0219     2.5291      32.63          9  1027.3166  1027.3155    34.8698    34.8687    1482.80    1482.81   3326.917    6.70004  101.41576     -0.151     0.0015      79847  0.000e+00
   3326.958  -39.09562   59.85478     31.199     31.498     7.9920     7.9933   3.609727   3.609791    94.2270    -0.0219     2.5291      32.63          9  1027.3164  1027.3158    34.8696    34.8690    1482.80    1482.81   3326.958    6.70005  101.41576     -0.149     0.0013      79848  0.000e+00
   3327.000  -39.09562   59.85478     31.199     31.498     7.9922     7.9933   3.609715   3.609791    94.2270    -0.0292     2.5291      32.67          9  1027.3162  1027.3158    34.8693    34.8690    1482.80    1482.81   3327.000    6.70003  101.41573     -0.145     0.0011      79849  0.000e+00
   3327.042  -39.09562   59.85478     31.232     31.531     7.9920     7.9933   3.609721   3.609785    94.2270    -0.0219     2.5291      68.42          9  1027.3165  1027.3158    34.8695    34.8689    1482.80    1482.81   3327.042    6.70008  101.41617     -0.136     0.0013      79850  0.000e+00
   3327.083  -39.09562   59.85478     31.199     31.498     7.9919     7.9933   3.609715   3.609791    94.2270    -0.0219     2.5267      96.53          9  1027.3164  1027.3158    34.8696    34.8690    1482.80    1482.81   3327.083    6.69191  101.29223     -0.133     0.0014      79851  0.000e+00
   3327.125  -39.09562   59.85478     31.256     31.555     7.9920     7.9935   3.609721   3.609815    94.2270    -0.0219     2.5267     100.00          9  1027.3166  1027.3160    34.8695    34.8690    1482.80    1482.81   3327.125    6.69194  101.29294     -0.128     0.0015      79852  0.000e+00
   3327.167  -39.09562   59.85478     31.199     31.498     7.9922     7.9933   3.609721   3.609791    94.0700    -0.0219     2.5267      99.71          9  1027.3162  1027.3158    34.8693    34.8690    1482.80    1482.81   3327.167    6.69187  101.29217     -0.126     0.0011      79853  0.000e+00
   3327.208  -39.09562   59.85478     31.199     31.498     7.9919     7.9935   3.609740   3.609756    93.9392    -0.0219     2.5267      98.93          9  1027.3167  1027.3153    34.8699    34.8684    1482.80    1482.81   3327.208    6.69190  101.29221     -0.120     0.0016      79854  0.000e+00
   3327.250  -39.09562   59.85478     31.232     31.531     7.9920     7.9935   3.609752   3.609791    93.9654    -0.0219     2.5267      98.63          9  1027.3168  1027.3158    34.8698    34.8688    1482.80    1482.81   3327.250    6.69190  101.29261     -0.118     0.0014      79855  0.000e+00
   3327.292  -39.09562   59.85478     31.199     31.498     7.9920     7.9933   3.609734   3.609851    94.0177    -0.0219     2.5267      98.71          9  1027.3165  1027.3163    34.8696    34.8696    1482.80    1482.81   3327.292    6.69188  101.29218     -0.112     0.0013      79856  0.000e+00
   3327.333  -39.09562   59.85478     31.200     31.499     7.9920     7.9933   3.609721   3.609791    94.0962    -0.0219     2.5279      98.75          9  1027.3164  1027.3158    34.8695    34.8690    1482.80    1482.81   3327.333    6.69597  101.35394     -0.108     0.0013      79857  0.000e+00
   3327.375  -39.09562   59.85478     31.256     31.555     7.9920     7.9933   3.609740   3.609791    94.1223    -0.0219     2.5267      98.78          9  1027.3167  1027.3160    34.8697    34.8690    1482.80    1482.81   3327.375    6.69193  101.29291     -0.100     0.0013      79858  0.000e+00
   3327.417  -39.09562   59.85478     31.200     31.499     7.9920     7.9933   3.609752   3.609785    94.1485    -0.0292     2.5267      98.78          9  1027.3166  1027.3157    34.8698    34.8689    1482.80    1482.81   3327.417    6.69187  101.29216     -0.098     0.0013      79859  0.000e+00
   3327.458  -39.09562   59.85478     31.256     31.555     7.9922     7.9932   3.609727   3.609756    94.1223    -0.0219     2.5291      98.75          9  1027.3165  1027.3158    34.8694    34.8687    1482.80    1482.81   3327.458    6.70007  101.41641     -0.089     0.0010      79860  0.000e+00
   3327.500  -39.09562   59.85478     31.167     31.466     7.9922     7.9932   3.609715   3.609756    94.1223    -0.0219     2.5267      98.75          9  1027.3160  1027.3155    34.8693    34.8688    1482.80    1482.80   3327.500    6.69184  101.29171     -0.086     0.0010      79861  0.000e+00
   3327.542  -39.09562   59.85478     31.200     31.499     7.9924     7.9933   3.609696   3.609791    94.0962    -0.0219     2.5279      98.75          9  1027.3158  1027.3158    34.8689    34.8690    1482.80    1482.81   3327.542    6.69594  101.35388     -0.083     0.0010      79862  0.000e+00
   3327.583  -39.09562   59.85478     31.200     31.499     7.9922     7.9933   3.609734   3.609785    94.1485    -0.0219     2.5279      98.78          9  1027.3163  1027.3157    34.8695    34.8689    1482.80    1482.81   3327.583    6.69594  101.35389     -0.079     0.0011      79863  0.000e+00
   3327.625  -39.09562   59.85478     31.256     31.555     7.9922     7.9932   3.609753   3.609791    94.1485    -0.0219     2.5279      98.75          9  1027.3167  1027.3161    34.8696    34.8691    1482.80    1482.81   3327.625    6.69598  101.35463     -0.072     0.0010      79864  0.000e+00
   3327.667  -39.09562   59.85478     31.256     31.555     7.9920     7.9935   3.609702   3.609851    94.1747    -0.0219     2.5279      98.78          9  1027.3164  1027.3163    34.8693    34.8694    1482.80    1482.81   3327.667    6.69602  101.35464     -0.064     0.0015      79865  0.000e+00
   3327.708  -39.09562   59.85478     31.232     31.531     7.9922     7.9935   3.609709   3.609756    94.2008    -0.0219     2.5279      98.75          9  1027.3162  1027.3154    34.8692    34.8684    1482.80    1482.81   3327.708    6.69598  101.35430     -0.061     0.0013      79866  0.000e+00
   3327.750  -39.09562   59.85478     31.200     31.499     7.9920     7.9933   3.609696   3.609756    94.1747    -0.0219     2.5279      98.75          9  1027.3161  1027.3155    34.8692    34.8686    1482.80    1482.80   3327.750    6.69597  101.35389     -0.058     0.0013      79867  0.000e+00
   3327.792  -39.09562   59.85478     31.256     31.556     7.9920     7.9935   3.609709   3.609815    94.1747    -0.0219     2.5279      98.78          9  1027.3165  1027.3160    34.8693    34.8690    1482.80    1482.81   3327.792    6.69602  101.35463     -0.049     0.0015      79868  0.000e+00
   3327.833  -39.09562   59.85478     31.200     31.499     7.9920     7.9935   3.609702   3.609791    94.1485    -0.0219     2.5279      98.78          9  1027.3162  1027.3156    34.8693    34.8688    1482.80    1482.81   3327.833    6.69597  101.35388     -0.047     0.0015      79869  0.000e+00
   3327.875  -39.09562   59.85478     31.256     31.556     7.9920     7.9932   3.609709   3.609785    94.0962    -0.0292     2.5279      98.78          9  1027.3165  1027.3161    34.8693    34.8690    1482.80    1482.81   3327.875    6.69602  101.35462     -0.041     0.0011      79870  0.000e+00
   3327.917  -39.09562   59.85478     31.232     31.531     7.9914     7.9935   3.609715   3.609821    93.9654    -0.0219     2.5279      98.78          9  1027.3170  1027.3160    34.8700    34.8691    1482.80    1482.81   3327.917    6.69607  101.35438     -0.033     0.0021      79871  0.000e+00
   3327.958  -39.09562   59.85478     31.200     31.499     7.9913     7.9937   3.609696   3.609785    93.8869    -0.0219     2.5279      98.78          9  1027.3169  1027.3154    34.8700    34.8686    1482.80    1482.81   3327.958    6.69606  101.35397     -0.032     0.0024      79872  0.000e+00
