Ship_data/Irminger/Irminger-2/ctd/process/at30_010_SV.cnv
* Sea-Bird SBE 9 Data File:
* FileName = C:\data\ctd\at30_010.hdr
* Software Version Seasave V 7.21f
* Temperature SN = 2265
* Conductivity SN = 3021
* Number of Bytes Per Scan = 40
* Number of Voltage Words = 5
* Number of Scans Averaged by the Deck Unit = 1
* NMEA Latitude = 59 45.71 N
* NMEA Longitude = 039 52.84 W
* NMEA UTC (Time) = Aug 19 2015  21:15:33
** FLMA 2 post deployment cal
# nquan = 15
# nvalues = 2687                        
# units = specified
# name 0 = depSM: Depth [salt water, m]
# name 1 = svCM: Sound Velocity [Chen-Millero, m/s]
# name 2 = svCM1: Sound Velocity, 2 [Chen-Millero, m/s]
# name 3 = timeS: Time, Elapsed [seconds]
# name 4 = depSM: Depth [salt water, m]
# name 5 = density00: Density [density, Kg/m^3]
# name 6 = density11: Density, 2 [density, Kg/m^3]
# name 7 = sal00: Salinity, Practical [PSU]
# name 8 = sal11: Salinity, Practical, 2 [PSU]
# name 9 = svCM: Sound Velocity [Chen-Millero, m/s]
# name 10 = svCM1: Sound Velocity, 2 [Chen-Millero, m/s]
# name 11 = sbeox0ML/L: Oxygen, SBE 43 [ml/l]
# name 12 = dz/dtM: Descent Rate [m/s]
# name 13 = T2-T190C: Temperature Difference, 2 - 1 [ITS-90, deg C]
# name 14 = flag:
# span 0 =      2.000,   2688.000       
# span 1 =    1471.29,    1502.64       
# span 2 =    1471.29,    1502.64       
# span 3 =     -2.754,   3256.645       
# span 4 =      2.000,   2688.000       
# span 5 =  1027.1091,  1040.4623       
# span 6 =  1027.1088,  1040.4617       
# span 7 =    34.8209,    35.0190       
# span 8 =    34.8409,    35.0198       
# span 9 =    1471.29,    1502.64       
# span 10 =    1471.29,    1502.64      
# span 11 =    6.00854,    7.02119      
# span 12 =     -0.177,      1.691      
# span 13 =    -0.0594,     0.0690      
# span 14 = 0.0000e+00, 0.0000e+00      
# interval = meters: 1                  
# start_time = Aug 19 2015 21:15:33 [NMEA time, header]
# bad_flag = -9.990e-29
*END*
[from data line 1157]
   1159.000    1483.41    1483.41   1498.187   1159.000  1033.1466  1033.1466    34.8626    34.8627    1483.41    1483.41    6.58039      1.152     0.0004 0.0000e+00
   1160.000    1483.43    1483.43   1500.056   1160.000  1033.1511  1033.1511    34.8625    34.8625    1483.43    1483.43    6.58184      0.425     0.0005 0.0000e+00
   1161.000    1483.44    1483.45   1502.027   1161.000  1033.1559  1033.1559    34.8626    34.8627    1483.44    1483.45    6.58332      1.090     0.0004 0.0000e+00
   1162.000    1483.46    1483.46   1502.784   1162.000  1033.1604  1033.1605    34.8626    34.8628    1483.46    1483.46    6.58421      1.477     0.0003 0.0000e+00
   1163.000    1483.48    1483.48   1503.413   1163.000  1033.1650  1033.1652    34.8626    34.8628    1483.48    1483.48    6.58281      1.643     0.0001 0.0000e+00
   1164.000    1483.49    1483.50   1504.009   1164.000  1033.1698  1033.1697    34.8628    34.8627    1483.49    1483.50    6.57761      1.650     0.0002 0.0000e+00
   1165.000    1483.51    1483.51   1504.635   1165.000  1033.1744  1033.1744    34.8628    34.8628    1483.51    1483.51    6.57635      1.462     0.0003 0.0000e+00
   1166.000    1483.52    1483.53   1505.544   1166.000  1033.1790  1033.1791    34.8624    34.8626    1483.52    1483.53    6.57678      0.865     0.0002 0.0000e+00
   1167.000    1483.54    1483.54   1507.681   1167.000  1033.1836  1033.1835    34.8624    34.8624    1483.54    1483.54    6.57668      0.495     0.0011 0.0000e+00
   1168.000    1483.55    1483.55   1508.846   1168.000  1033.1882  1033.1885    34.8623    34.8626    1483.55    1483.55    6.57931      1.181     0.0004 0.0000e+00
   1169.000    1483.57    1483.57   1509.603   1169.000  1033.1929  1033.1931    34.8623    34.8626    1483.57    1483.57    6.57892      1.402     0.0002 0.0000e+00
   1170.000    1483.59    1483.59   1510.292   1170.000  1033.1978  1033.1976    34.8626    34.8625    1483.59    1483.59    6.57790      1.437     0.0001 0.0000e+00
   1171.000    1483.60    1483.60   1511.013   1171.000  1033.2023  1033.2023    34.8625    34.8625    1483.60    1483.60    6.57670      1.316     0.0002 0.0000e+00
   1172.000    1483.62    1483.62   1511.872   1172.000  1033.2070  1033.2070    34.8625    34.8625    1483.62    1483.62    6.57766      1.072     0.0003 0.0000e+00
   1173.000    1483.63    1483.63   1512.963   1173.000  1033.2115  1033.2117    34.8624    34.8625    1483.63    1483.63    6.57760      0.869     0.0003 0.0000e+00
   1174.000    1483.65    1483.65   1514.165   1174.000  1033.2162  1033.2162    34.8624    34.8624    1483.65    1483.65    6.57396      0.872     0.0003 0.0000e+00
   1175.000    1483.67    1483.67   1515.285   1175.000  1033.2208  1033.2208    34.8624    34.8625    1483.67    1483.67    6.57247      0.944     0.0003 0.0000e+00
   1176.000    1483.68    1483.68   1516.320   1176.000  1033.2255  1033.2255    34.8623    34.8625    1483.68    1483.68    6.57148      1.004     0.0003 0.0000e+00
   1177.000    1483.70    1483.70   1517.319   1177.000  1033.2301  1033.2301    34.8624    34.8624    1483.70    1483.70    6.57082      1.002     0.0003 0.0000e+00
   1178.000    1483.71    1483.72   1518.354   1178.000  1033.2347  1033.2349    34.8624    34.8625    1483.71    1483.72    6.56890      0.976     0.0003 0.0000e+00
   1179.000    1483.73    1483.73   1519.391   1179.000  1033.2394  1033.2394    34.8624    34.8624    1483.73    1483.73    6.56782      1.007     0.0003 0.0000e+00
   1180.000    1483.75    1483.75   1520.356   1180.000  1033.2440  1033.2441    34.8625    34.8627    1483.75    1483.75    6.56754      1.100     0.0003 0.0000e+00
   1181.000    1483.77    1483.77   1521.247   1181.000  1033.2488  1033.2487    34.8626    34.8626    1483.77    1483.77    6.56428      1.122     0.0003 0.0000e+00
   1182.000    1483.79    1483.79   1522.186   1182.000  1033.2532  1033.2533    34.8625    34.8627    1483.79    1483.79    6.56508      0.987     0.0002 0.0000e+00
   1183.000    1483.80    1483.80   1523.409   1183.000  1033.2579  1033.2579    34.8625    34.8626    1483.80    1483.80    6.56645      0.751     0.0003 0.0000e+00
   1184.000    1483.82    1483.82   1524.806   1184.000  1033.2625  1033.2626    34.8625    34.8626    1483.82    1483.82    6.56689      0.847     0.0003 0.0000e+00
   1185.000    1483.84    1483.84   1525.822   1185.000  1033.2672  1033.2672    34.8627    34.8628    1483.84    1483.84    6.56751      1.187     0.0003 0.0000e+00
   1186.000    1483.85    1483.85   1526.584   1186.000  1033.2717  1033.2719    34.8626    34.8627    1483.85    1483.85    6.56554      1.416     0.0002 0.0000e+00
   1187.000    1483.87    1483.87   1527.259   1187.000  1033.2764  1033.2764    34.8625    34.8626    1483.87    1483.87    6.56331      1.495     0.0005 0.0000e+00
   1188.000    1483.88    1483.88   1527.931   1188.000  1033.2811  1033.2810    34.8626    34.8625    1483.88    1483.88    6.56122      1.409     0.0003 0.0000e+00
   1189.000    1483.90    1483.90   1528.742   1189.000  1033.2858  1033.2856    34.8625    34.8625    1483.90    1483.90    6.56087      1.017     0.0003 0.0000e+00
   1190.000    1483.91    1483.92   1530.649   1190.000  1033.2903  1033.2902    34.8623    34.8622    1483.91    1483.92    6.56272      0.433     0.0006 0.0000e+00
   1191.000    1483.93    1483.93   1532.253   1191.000  1033.2953  1033.2950    34.8630    34.8627    1483.94    1483.94    6.56572      1.098     0.0001 0.0000e+00
   1192.000    1483.95    1483.96   1533.005   1192.000  1033.2998  1033.2998    34.8629    34.8630    1483.95    1483.96    6.56333      1.391     0.0005 0.0000e+00
   1193.000    1483.97    1483.97   1533.685   1193.000  1033.3044  1033.3043    34.8629    34.8629    1483.97    1483.97    6.55958      1.530     0.0002 0.0000e+00
   1194.000    1483.99    1483.99   1534.328   1194.000  1033.3091  1033.3091    34.8629    34.8630    1483.99    1483.99    6.55690      1.508     0.0002 0.0000e+00
   1195.000    1484.00    1484.01   1535.035   1195.000  1033.3137  1033.3136    34.8630    34.8629    1484.00    1484.01    6.55523      1.266     0.0004 0.0000e+00
   1196.000    1484.02    1484.02   1536.140   1196.000  1033.3182  1033.3182    34.8629    34.8629    1484.02    1484.02    6.55526      0.742     0.0004 0.0000e+00
   1197.000    1484.04    1484.04   1537.874   1197.000  1033.3229  1033.3228    34.8629    34.8628    1484.04    1484.04    6.55670      0.677     0.0004 0.0000e+00
   1198.000    1484.05    1484.05   1539.010   1198.000  1033.3276  1033.3275    34.8629    34.8629    1484.05    1484.05    6.55811      1.071     0.0004 0.0000e+00
   1199.000    1484.07    1484.07   1539.856   1199.000  1033.3323  1033.3322    34.8629    34.8628    1484.07    1484.07    6.55841      1.297     0.0004 0.0000e+00
   1200.000    1484.08    1484.09   1540.584   1200.000  1033.3369  1033.3369    34.8629    34.8629    1484.08    1484.09    6.55861      1.427     0.0003 0.0000e+00
   1201.000    1484.10    1484.10   1541.274   1201.000  1033.3416  1033.3416    34.8629    34.8630    1484.10    1484.10    6.55535      1.472     0.0002 0.0000e+00
   1202.000    1484.12    1484.12   1541.962   1202.000  1033.3463  1033.3461    34.8631    34.8629    1484.12    1484.12    6.55627      1.376     0.0003 0.0000e+00
   1203.000    1484.14    1484.14   1542.813   1203.000  1033.3508  1033.3507    34.8631    34.8630    1484.14    1484.14    6.55613      0.973     0.0004 0.0000e+00
   1204.000    1484.15    1484.16   1545.005   1204.000  1033.3553  1033.3552    34.8630    34.8628    1484.15    1484.16    6.55433      0.331     0.0004 0.0000e+00
   1205.000    1484.18    1484.18   1546.628   1205.000  1033.3602  1033.3601    34.8634    34.8633    1484.18    1484.18    6.55520      1.212     0.0004 0.0000e+00
   1206.000    1484.20    1484.20   1547.318   1206.000  1033.3649  1033.3646    34.8635    34.8633    1484.20    1484.20    6.55341      1.519     0.0003 0.0000e+00
   1207.000    1484.21    1484.21   1547.940   1207.000  1033.3693  1033.3694    34.8634    34.8635    1484.21    1484.21    6.55036      1.649     0.0002 0.0000e+00
   1208.000    1484.23    1484.23   1548.536   1208.000  1033.3740  1033.3739    34.8635    34.8634    1484.23    1484.23    6.54707      1.627     0.0002 0.0000e+00
   1209.000    1484.25    1484.25   1549.175   1209.000  1033.3787  1033.3787    34.8635    34.8635    1484.25    1484.25    6.54585      1.387     0.0004 0.0000e+00
   1210.000    1484.27    1484.27   1550.321   1210.000  1033.3833  1033.3831    34.8636    34.8634    1484.27    1484.27    6.54651      0.713     0.0004 0.0000e+00
   1211.000    1484.28    1484.29   1552.184   1211.000  1033.3879  1033.3878    34.8637    34.8635    1484.28    1484.29    6.54744      0.784     0.0003 0.0000e+00
   1212.000    1484.30    1484.30   1553.071   1212.000  1033.3926  1033.3926    34.8637    34.8638    1484.30    1484.30    6.54654      1.265     0.0003 0.0000e+00
   1213.000    1484.32    1484.32   1553.799   1213.000  1033.3972  1033.3972    34.8638    34.8638    1484.32    1484.32    6.54361      1.405     0.0003 0.0000e+00
   1214.000    1484.34    1484.34   1554.510   1214.000  1033.4019  1033.4019    34.8639    34.8638    1484.34    1484.34    6.54471      1.327     0.0003 0.0000e+00
   1215.000    1484.36    1484.36   1555.361   1215.000  1033.4064  1033.4064    34.8638    34.8638    1484.36    1484.36    6.54443      1.049     0.0003 0.0000e+00
   1216.000    1484.37    1484.37   1556.538   1216.000  1033.4110  1033.4109    34.8638    34.8637    1484.37    1484.37    6.54457      0.815     0.0004 0.0000e+00
   1217.000    1484.39    1484.39   1557.781   1217.000  1033.4156  1033.4155    34.8638    34.8637    1484.39    1484.39    6.54310      0.841     0.0004 0.0000e+00
   1218.000    1484.41    1484.41   1559.005   1218.000  1033.4202  1033.4202    34.8637    34.8637    1484.41    1484.41    6.54354      0.801     0.0003 0.0000e+00
   1219.000    1484.43    1484.43   1560.279   1219.000  1033.4248  1033.4248    34.8638    34.8639    1484.43    1484.43    6.54458      0.869     0.0004 0.0000e+00
   1220.000    1484.44    1484.45   1561.322   1220.000  1033.4296  1033.4294    34.8640    34.8639    1484.44    1484.45    6.54525      1.097     0.0004 0.0000e+00
   1221.000    1484.47    1484.47   1562.174   1221.000  1033.4343  1033.4341    34.8645    34.8642    1484.47    1484.47    6.54365      1.248     0.0005 0.0000e+00
   1222.000    1484.49    1484.49   1562.955   1222.000  1033.4388  1033.4387    34.8645    34.8645    1484.49    1484.49    6.54112      1.290     0.0003 0.0000e+00
   1223.000    1484.51    1484.51   1563.747   1223.000  1033.4435  1033.4434    34.8648    34.8646    1484.51    1484.51    6.54016      1.244     0.0005 0.0000e+00
   1224.000    1484.54    1484.54   1564.598   1224.000  1033.4482  1033.4480    34.8651    34.8648    1484.54    1484.54    6.53625      1.132     0.0004 0.0000e+00
   1225.000    1484.57    1484.57   1565.576   1225.000  1033.4531  1033.4528    34.8661    34.8658    1484.57    1484.57    6.53386      0.938     0.0003 0.0000e+00
   1226.000    1484.60    1484.60   1566.850   1226.000  1033.4574  1033.4573    34.8662    34.8662    1484.60    1484.60    6.53059      0.736     0.0006 0.0000e+00
   1227.000    1484.63    1484.63   1568.190   1227.000  1033.4623  1033.4620    34.8668    34.8666    1484.63    1484.63    6.52776      0.924     0.0003 0.0000e+00
   1228.000    1484.65    1484.65   1569.124   1228.000  1033.4669  1033.4667    34.8671    34.8669    1484.65    1484.65    6.52564      1.242     0.0002 0.0000e+00
   1229.000    1484.67    1484.68   1569.865   1229.000  1033.4714  1033.4713    34.8672    34.8672    1484.67    1484.68    6.51961      1.385     0.0003 0.0000e+00
   1230.000    1484.70    1484.70   1570.585   1230.000  1033.4764  1033.4760    34.8682    34.8676    1484.70    1484.70    6.51544      1.300     0.0003 0.0000e+00
   1231.000    1484.72    1484.73   1571.543   1231.000  1033.4807  1033.4806    34.8679    34.8678    1484.73    1484.73    6.51117      0.823     0.0005 0.0000e+00
   1232.000    1484.74    1484.74   1573.882   1232.000  1033.4854  1033.4851    34.8678    34.8676    1484.74    1484.74    6.50719      0.441     0.0003 0.0000e+00
   1233.000    1484.76    1484.77   1575.020   1233.000  1033.4901  1033.4899    34.8684    34.8680    1484.77    1484.77    6.50850      1.253     0.0002 0.0000e+00
   1234.000    1484.79    1484.79   1575.728   1234.000  1033.4952  1033.4946    34.8693    34.8685    1484.79    1484.79    6.50412      1.518     0.0004 0.0000e+00
   1235.000    1484.83    1484.83   1576.357   1235.000  1033.4994  1033.4994    34.8695    34.8695    1484.83    1484.83    6.50241      1.633     0.0003 0.0000e+00
   1236.000    1484.85    1484.85   1576.961   1236.000  1033.5042  1033.5042    34.8697    34.8696    1484.85    1484.85    6.49864      1.594     0.0002 0.0000e+00
   1237.000    1484.86    1484.86   1577.628   1237.000  1033.5088  1033.5087    34.8697    34.8696    1484.86    1484.86    6.49608      1.359     0.0005 0.0000e+00
   1238.000    1484.88    1484.88   1578.563   1238.000  1033.5133  1033.5133    34.8696    34.8695    1484.88    1484.88    6.49564      0.919     0.0004 0.0000e+00
   1239.000    1484.90    1484.90   1580.002   1239.000  1033.5179  1033.5178    34.8697    34.8696    1484.90    1484.90    6.49530      0.690     0.0006 0.0000e+00
   1240.000    1484.92    1484.92   1581.296   1240.000  1033.5226  1033.5225    34.8699    34.8698    1484.92    1484.92    6.49455      0.983     0.0005 0.0000e+00
   1241.000    1484.95    1484.95   1582.192   1241.000  1033.5276  1033.5272    34.8707    34.8703    1484.95    1484.95    6.49338      1.195     0.0003 0.0000e+00
   1242.000    1484.98    1484.98   1583.001   1242.000  1033.5325  1033.5317    34.8717    34.8709    1484.98    1484.98    6.49005      1.216     0.0005 0.0000e+00
   1243.000    1485.01    1485.01   1583.883   1243.000  1033.5367  1033.5365    34.8719    34.8716    1485.01    1485.01    6.48757      1.018     0.0002 0.0000e+00
   1244.000    1485.04    1485.04   1585.196   1244.000  1033.5414  1033.5411    34.8722    34.8720    1485.04    1485.04    6.48267      0.659    -0.0001 0.0000e+00
   1245.000    1485.06    1485.07   1586.844   1245.000  1033.5459  1033.5459    34.8725    34.8725    1485.06    1485.07    6.47823      0.752     0.0009 0.0000e+00
   1246.000    1485.08    1485.09   1587.944   1246.000  1033.5505  1033.5504    34.8726    34.8725    1485.08    1485.09    6.47425      1.108     0.0008 0.0000e+00
   1247.000    1485.10    1485.11   1588.754   1247.000  1033.5553  1033.5551    34.8728    34.8727    1485.11    1485.11    6.47031      1.351     0.0005 0.0000e+00
   1248.000    1485.12    1485.13   1589.455   1248.000  1033.5598  1033.5597    34.8729    34.8728    1485.13    1485.13    6.46808      1.476     0.0005 0.0000e+00
   1249.000    1485.15    1485.15   1590.123   1249.000  1033.5653  1033.5645    34.8743    34.8733    1485.16    1485.15    6.46326      1.469     0.0000 0.0000e+00
   1250.000    1485.21    1485.21   1590.833   1250.000  1033.5702  1033.5693    34.8762    34.8752    1485.21    1485.22    6.46131      1.297     0.0008 0.0000e+00
   1251.000    1485.27    1485.27   1591.832   1251.000  1033.5746  1033.5741    34.8773    34.8768    1485.27    1485.27    6.45503      0.825     0.0003 0.0000e+00
   1252.000    1485.29    1485.29   1593.629   1252.000  1033.5791  1033.5787    34.8773    34.8768    1485.29    1485.29    6.44652      0.595     0.0003 0.0000e+00
   1253.000    1485.31    1485.32   1594.818   1253.000  1033.5836  1033.5834    34.8776    34.8773    1485.32    1485.32    6.44113      1.188     0.0003 0.0000e+00
   1254.000    1485.33    1485.34   1595.550   1254.000  1033.5881  1033.5881    34.8776    34.8777    1485.34    1485.34    6.43680      1.471     0.0002 0.0000e+00
