Ship_data/Irminger/Irminger-2/ctd/process/at30_011_SV.cnv
* Sea-Bird SBE 9 Data File:
* FileName = C:\data\ctd\at30_011.hdr
* Software Version Seasave V 7.21f
* Temperature SN = 2265
* Conductivity SN = 3021
* Number of Bytes Per Scan = 40
* Number of Voltage Words = 5
* Number of Scans Averaged by the Deck Unit = 1
* NMEA Latitude = 59 41.19 N
* NMEA Longitude = 039 21.93 W
* NMEA UTC (Time) = Aug 21 2015  19:14:51
** cal val post deployment at FLMB2
# nquan = 15
# nvalues = 2810                        
# units = specified
# name 0 = depSM: Depth [salt water, m]
# name 1 = svCM: Sound Velocity [Chen-Millero, m/s]
# name 2 = svCM1: Sound Velocity, 2 [Chen-Millero, m/s]
# name 3 = timeS: Time, Elapsed [seconds]
# name 4 = depSM: Depth [salt water, m]
# name 5 = density00: Density [density, Kg/m^3]
# name 6 = density11: Density, 2 [density, Kg/m^3]
# name 7 = sal00: Salinity, Practical [PSU]
# name 8 = sal11: Salinity, Practical, 2 [PSU]
# name 9 = svCM: Sound Velocity [Chen-Millero, m/s]
# name 10 = svCM1: Sound Velocity, 2 [Chen-Millero, m/s]
# name 11 = sbeox0ML/L: Oxygen, SBE 43 [ml/l]
# name 12 = dz/dtM: Descent Rate [m/s]
# name 13 = T2-T190C: Temperature Difference, 2 - 1 [ITS-90, deg C]
# name 14 = flag:
# span 0 =      2.000,   2811.000       
# span 1 =    1469.10,    1503.53       
# span 2 =    1469.11,    1503.53       
# span 3 =     30.320,   3392.229       
# span 4 =      2.000,   2811.000       
# span 5 =  1027.0731,  1041.0105       
# span 6 =  1027.0732,  1041.0100       
# span 7 =    34.8341,    34.9384       
# span 8 =    34.8459,    34.9405       
# span 9 =    1469.10,    1503.53       
# span 10 =    1469.10,    1503.53      
# span 11 =    6.00379,    7.01181      
# span 12 =     -0.023,      1.738      
# span 13 =    -0.2827,     0.0288      
# span 14 = 0.0000e+00, 0.0000e+00      
# interval = meters: 1                  
# start_time = Aug 21 2015 19:14:51 [NMEA time, header]
# bad_flag = -9.990e-29
*END*
[from data line 386]
    388.000    1471.74    1471.74    754.018    388.000  1029.5522  1029.5529    34.8946    34.8954    1471.74    1471.74    6.60148      1.633    -0.0001 0.0000e+00
    389.000    1471.75    1471.75    754.616    389.000  1029.5570  1029.5576    34.8947    34.8955    1471.75    1471.75    6.59682      1.663    -0.0002 0.0000e+00
    390.000    1471.77    1471.77    755.222    390.000  1029.5616  1029.5621    34.8947    34.8954    1471.77    1471.77    6.59400      1.520    -0.0001 0.0000e+00
    391.000    1471.78    1471.79    755.980    391.000  1029.5664  1029.5668    34.8947    34.8953    1471.78    1471.79    6.59575      1.154     0.0002 0.0000e+00
    392.000    1471.80    1471.80    757.143    392.000  1029.5709  1029.5715    34.8946    34.8954    1471.80    1471.80    6.59662      0.764     0.0001 0.0000e+00
    393.000    1471.81    1471.82    758.685    393.000  1029.5756  1029.5762    34.8945    34.8952    1471.81    1471.82    6.60245      0.628    -0.0000 0.0000e+00
    394.000    1471.83    1471.83    760.192    394.000  1029.5803  1029.5808    34.8945    34.8951    1471.83    1471.83    6.60869      0.771     0.0000 0.0000e+00
    395.000    1471.85    1471.85    761.359    395.000  1029.5851  1029.5856    34.8947    34.8953    1471.85    1471.85    6.61429      0.977     0.0001 0.0000e+00
    396.000    1471.87    1471.87    762.298    396.000  1029.5898  1029.5905    34.8948    34.8955    1471.87    1471.87    6.61391      1.162    -0.0000 0.0000e+00
    397.000    1471.88    1471.88    763.115    397.000  1029.5945  1029.5950    34.8948    34.8953    1471.88    1471.88    6.61400      1.281    -0.0001 0.0000e+00
    398.000    1471.90    1471.90    763.877    398.000  1029.5991  1029.5996    34.8948    34.8953    1471.90    1471.90    6.61063      1.342    -0.0000 0.0000e+00
    399.000    1471.92    1471.92    764.622    399.000  1029.6038  1029.6042    34.8947    34.8953    1471.92    1471.92    6.61043      1.336    -0.0002 0.0000e+00
    400.000    1471.93    1471.93    765.397    400.000  1029.6084  1029.6090    34.8946    34.8953    1471.93    1471.93    6.60815      1.201     0.0000 0.0000e+00
    401.000    1471.94    1471.94    766.376    401.000  1029.6128  1029.6135    34.8939    34.8948    1471.94    1471.94    6.60870      0.924    -0.0000 0.0000e+00
    402.000    1471.93    1471.94    767.631    402.000  1029.6177  1029.6183    34.8935    34.8942    1471.93    1471.93    6.61077      0.783     0.0001 0.0000e+00
    403.000    1471.94    1471.94    768.906    403.000  1029.6227  1029.6229    34.8936    34.8940    1471.94    1471.94    6.61212      0.850     0.0001 0.0000e+00
    404.000    1471.96    1471.96    770.006    404.000  1029.6274  1029.6277    34.8937    34.8940    1471.96    1471.96    6.61246      0.972    -0.0000 0.0000e+00
    405.000    1471.97    1471.98    771.011    405.000  1029.6320  1029.6324    34.8936    34.8941    1471.97    1471.98    6.61200      0.975    -0.0001 0.0000e+00
    406.000    1471.99    1471.99    772.129    406.000  1029.6367  1029.6372    34.8936    34.8942    1471.99    1471.99    6.61415      0.857    -0.0001 0.0000e+00
    407.000    1472.00    1472.01    773.332    407.000  1029.6415  1029.6418    34.8935    34.8941    1472.00    1472.00    6.61515      0.918     0.0001 0.0000e+00
    408.000    1472.02    1472.02    774.325    408.000  1029.6462  1029.6466    34.8936    34.8941    1472.02    1472.02    6.61608      1.130     0.0001 0.0000e+00
    409.000    1472.03    1472.03    775.151    409.000  1029.6510  1029.6514    34.8936    34.8941    1472.03    1472.03    6.61366      1.241    -0.0001 0.0000e+00
    410.000    1472.05    1472.05    775.961    410.000  1029.6556  1029.6561    34.8936    34.8942    1472.05    1472.05    6.61351      1.149     0.0000 0.0000e+00
    411.000    1472.07    1472.07    777.018    411.000  1029.6602  1029.6606    34.8934    34.8940    1472.07    1472.07    6.61503      0.815     0.0002 0.0000e+00
    412.000    1472.08    1472.08    778.491    412.000  1029.6649  1029.6653    34.8934    34.8938    1472.08    1472.08    6.61788      0.752    -0.0002 0.0000e+00
    413.000    1472.09    1472.09    779.581    413.000  1029.6697  1029.6702    34.8933    34.8939    1472.09    1472.09    6.61316      1.163    -0.0001 0.0000e+00
    414.000    1472.11    1472.11    780.330    414.000  1029.6742  1029.6749    34.8930    34.8939    1472.11    1472.10    6.60944      1.472    -0.0004 0.0000e+00
    415.000    1472.12    1472.12    780.963    415.000  1029.6791  1029.6794    34.8932    34.8937    1472.12    1472.12    6.60179      1.624    -0.0001 0.0000e+00
    416.000    1472.13    1472.13    781.570    416.000  1029.6837  1029.6842    34.8931    34.8937    1472.13    1472.13    6.59600      1.624     0.0002 0.0000e+00
    417.000    1472.15    1472.15    782.201    417.000  1029.6885  1029.6888    34.8931    34.8937    1472.15    1472.15    6.59743      1.313     0.0001 0.0000e+00
    418.000    1472.17    1472.17    784.004    418.000  1029.6930  1029.6934    34.8930    34.8934    1472.17    1472.17    6.60547      0.435    -0.0000 0.0000e+00
    419.000    1472.17    1472.18    786.128    419.000  1029.6976  1029.6982    34.8927    34.8935    1472.17    1472.18    6.61281      0.935     0.0005 0.0000e+00
    420.000    1472.19    1472.19    786.994    420.000  1029.7026  1029.7029    34.8932    34.8936    1472.19    1472.19    6.60913      1.251     0.0000 0.0000e+00
    421.000    1472.21    1472.21    787.739    421.000  1029.7068  1029.7075    34.8926    34.8935    1472.21    1472.21    6.60887      1.360     0.0002 0.0000e+00
    422.000    1472.21    1472.22    788.479    422.000  1029.7118  1029.7123    34.8926    34.8933    1472.21    1472.22    6.61036      1.319     0.0010 0.0000e+00
    423.000    1472.23    1472.23    789.286    423.000  1029.7166  1029.7169    34.8926    34.8930    1472.23    1472.23    6.61269      1.191     0.0001 0.0000e+00
    424.000    1472.24    1472.24    790.190    424.000  1029.7212  1029.7217    34.8925    34.8930    1472.24    1472.24    6.61583      1.102    -0.0006 0.0000e+00
    425.000    1472.25    1472.25    791.122    425.000  1029.7257  1029.7264    34.8920    34.8928    1472.25    1472.25    6.61481      1.098    -0.0001 0.0000e+00
    426.000    1472.26    1472.26    792.029    426.000  1029.7308  1029.7312    34.8922    34.8926    1472.26    1472.26    6.61408      1.092    -0.0001 0.0000e+00
    427.000    1472.28    1472.28    792.992    427.000  1029.7354  1029.7358    34.8921    34.8927    1472.28    1472.28    6.61386      0.978    -0.0001 0.0000e+00
    428.000    1472.29    1472.29    794.198    428.000  1029.7400  1029.7405    34.8920    34.8926    1472.29    1472.29    6.61647      0.740    -0.0000 0.0000e+00
    429.000    1472.31    1472.31    795.699    429.000  1029.7446  1029.7451    34.8918    34.8924    1472.31    1472.31    6.61853      0.727     0.0000 0.0000e+00
    430.000    1472.31    1472.31    796.914    430.000  1029.7494  1029.7499    34.8916    34.8922    1472.31    1472.31    6.61778      0.950     0.0001 0.0000e+00
    431.000    1472.32    1472.32    797.891    431.000  1029.7543  1029.7546    34.8915    34.8920    1472.32    1472.32    6.61650      1.074     0.0001 0.0000e+00
    432.000    1472.33    1472.33    798.817    432.000  1029.7590  1029.7593    34.8914    34.8919    1472.33    1472.33    6.61758      1.065     0.0001 0.0000e+00
    433.000    1472.34    1472.34    799.796    433.000  1029.7638  1029.7640    34.8914    34.8919    1472.34    1472.34    6.61843      1.026     0.0000 0.0000e+00
    434.000    1472.36    1472.36    800.775    434.000  1029.7684  1029.7689    34.8914    34.8920    1472.36    1472.36    6.61673      1.100     0.0000 0.0000e+00
    435.000    1472.37    1472.37    801.636    435.000  1029.7731  1029.7736    34.8913    34.8919    1472.37    1472.37    6.61460      1.267     0.0002 0.0000e+00
    436.000    1472.38    1472.38    802.382    436.000  1029.7777  1029.7783    34.8910    34.8917    1472.38    1472.38    6.61216      1.390    -0.0006 0.0000e+00
    437.000    1472.39    1472.40    803.090    437.000  1029.7822  1029.7830    34.8905    34.8916    1472.39    1472.40    6.61281      1.332     0.0010 0.0000e+00
    438.000    1472.40    1472.40    803.947    438.000  1029.7871  1029.7877    34.8905    34.8912    1472.40    1472.40    6.61315      0.969     0.0004 0.0000e+00
    439.000    1472.41    1472.41    805.541    439.000  1029.7917  1029.7922    34.8905    34.8909    1472.41    1472.41    6.61705      0.553    -0.0007 0.0000e+00
    440.000    1472.43    1472.43    807.130    440.000  1029.7964  1029.7970    34.8902    34.8911    1472.43    1472.43    6.62140      0.835     0.0000 0.0000e+00
    441.000    1472.44    1472.44    808.178    441.000  1029.8014  1029.8018    34.8905    34.8909    1472.44    1472.44    6.62032      1.038    -0.0006 0.0000e+00
    442.000    1472.44    1472.44    809.112    442.000  1029.8058  1029.8063    34.8897    34.8903    1472.44    1472.44    6.61993      1.072     0.0002 0.0000e+00
    443.000    1472.45    1472.45    810.073    443.000  1029.8107  1029.8110    34.8898    34.8902    1472.45    1472.45    6.62029      1.053     0.0001 0.0000e+00
    444.000    1472.47    1472.47    811.025    444.000  1029.8154  1029.8157    34.8899    34.8903    1472.47    1472.47    6.62024      1.093     0.0003 0.0000e+00
    445.000    1472.49    1472.49    811.916    445.000  1029.8199  1029.8204    34.8898    34.8903    1472.49    1472.49    6.62082      1.172    -0.0001 0.0000e+00
    446.000    1472.50    1472.50    812.755    446.000  1029.8248  1029.8251    34.8900    34.8903    1472.50    1472.50    6.61728      1.219     0.0001 0.0000e+00
    447.000    1472.53    1472.53    813.587    447.000  1029.8295  1029.8297    34.8902    34.8906    1472.53    1472.53    6.61423      1.143     0.0002 0.0000e+00
    448.000    1472.54    1472.55    814.566    448.000  1029.8340  1029.8345    34.8900    34.8907    1472.54    1472.55    6.61468      0.944     0.0003 0.0000e+00
    449.000    1472.56    1472.56    815.740    449.000  1029.8387  1029.8392    34.8900    34.8906    1472.56    1472.56    6.61704      0.876     0.0001 0.0000e+00
    450.000    1472.58    1472.58    816.837    450.000  1029.8435  1029.8439    34.8902    34.8907    1472.58    1472.58    6.61727      0.973    -0.0000 0.0000e+00
    451.000    1472.59    1472.59    817.831    451.000  1029.8479  1029.8486    34.8897    34.8905    1472.59    1472.59    6.61657      1.037    -0.0003 0.0000e+00
    452.000    1472.59    1472.59    818.793    452.000  1029.8529  1029.8533    34.8896    34.8902    1472.59    1472.59    6.61625      1.049    -0.0002 0.0000e+00
    453.000    1472.61    1472.61    819.767    453.000  1029.8577  1029.8580    34.8897    34.8902    1472.61    1472.61    6.61539      1.011     0.0000 0.0000e+00
    454.000    1472.62    1472.62    820.800    454.000  1029.8623  1029.8628    34.8896    34.8902    1472.62    1472.62    6.61975      0.952    -0.0002 0.0000e+00
    455.000    1472.63    1472.64    821.906    455.000  1029.8668  1029.8674    34.8894    34.8900    1472.63    1472.64    6.62077      0.879     0.0000 0.0000e+00
    456.000    1472.65    1472.65    823.096    456.000  1029.8717  1029.8721    34.8894    34.8900    1472.65    1472.65    6.61814      0.862     0.0001 0.0000e+00
    457.000    1472.66    1472.66    824.224    457.000  1029.8765  1029.8767    34.8895    34.8899    1472.66    1472.66    6.61614      0.942     0.0001 0.0000e+00
    458.000    1472.68    1472.68    825.259    458.000  1029.8810  1029.8815    34.8893    34.8900    1472.68    1472.68    6.61539      0.990     0.0001 0.0000e+00
    459.000    1472.70    1472.70    826.282    459.000  1029.8857  1029.8862    34.8894    34.8900    1472.70    1472.70    6.61629      0.982     0.0001 0.0000e+00
    460.000    1472.71    1472.71    827.302    460.000  1029.8904  1029.8909    34.8894    34.8899    1472.71    1472.71    6.61843      1.043     0.0000 0.0000e+00
    461.000    1472.73    1472.73    828.225    461.000  1029.8951  1029.8955    34.8895    34.8899    1472.73    1472.73    6.61883      1.156    -0.0000 0.0000e+00
    462.000    1472.74    1472.75    829.063    462.000  1029.8998  1029.9001    34.8894    34.8898    1472.74    1472.75    6.61954      1.249     0.0000 0.0000e+00
    463.000    1472.76    1472.76    829.847    463.000  1029.9045  1029.9049    34.8894    34.8899    1472.76    1472.76    6.61865      1.276     0.0000 0.0000e+00
    464.000    1472.78    1472.78    830.649    464.000  1029.9092  1029.9095    34.8894    34.8899    1472.78    1472.78    6.61627      1.238     0.0000 0.0000e+00
    465.000    1472.79    1472.79    831.492    465.000  1029.9137  1029.9142    34.8892    34.8898    1472.79    1472.79    6.61675      1.121     0.0002 0.0000e+00
    466.000    1472.81    1472.81    832.503    466.000  1029.9185  1029.9188    34.8893    34.8897    1472.81    1472.81    6.61986      0.878     0.0001 0.0000e+00
    467.000    1472.82    1472.82    833.936    467.000  1029.9230  1029.9233    34.8891    34.8896    1472.82    1472.82    6.62243      0.645     0.0001 0.0000e+00
    468.000    1472.84    1472.84    835.471    468.000  1029.9277  1029.9281    34.8892    34.8897    1472.84    1472.84    6.62300      0.761     0.0002 0.0000e+00
    469.000    1472.85    1472.85    836.632    469.000  1029.9324  1029.9330    34.8890    34.8897    1472.85    1472.85    6.62444      0.937     0.0005 0.0000e+00
    470.000    1472.86    1472.87    837.671    470.000  1029.9373  1029.9376    34.8891    34.8897    1472.86    1472.87    6.62178      0.979     0.0004 0.0000e+00
    471.000    1472.88    1472.88    838.691    471.000  1029.9419  1029.9423    34.8890    34.8895    1472.88    1472.88    6.62115      1.045     0.0000 0.0000e+00
    472.000    1472.90    1472.90    839.606    472.000  1029.9465  1029.9470    34.8890    34.8895    1472.90    1472.90    6.61860      1.189     0.0002 0.0000e+00
    473.000    1472.91    1472.92    840.401    473.000  1029.9513  1029.9517    34.8892    34.8896    1472.91    1472.92    6.61604      1.301     0.0001 0.0000e+00
    474.000    1472.93    1472.93    841.162    474.000  1029.9559  1029.9563    34.8891    34.8896    1472.93    1472.93    6.61345      1.344    -0.0001 0.0000e+00
    475.000    1472.95    1472.95    841.913    475.000  1029.9609  1029.9611    34.8895    34.8896    1472.95    1472.95    6.61135      1.295    -0.0004 0.0000e+00
    476.000    1472.97    1472.97    842.735    476.000  1029.9655  1029.9657    34.8894    34.8899    1472.97    1472.97    6.61130      1.144     0.0003 0.0000e+00
    477.000    1472.99    1472.99    843.734    477.000  1029.9700  1029.9705    34.8894    34.8900    1472.99    1472.99    6.61251      0.890     0.0000 0.0000e+00
    478.000    1473.01    1473.01    845.054    478.000  1029.9746  1029.9750    34.8896    34.8901    1473.01    1473.01    6.61314      0.763    -0.0001 0.0000e+00
    479.000    1473.01    1473.01    846.276    479.000  1029.9790  1029.9799    34.8884    34.8897    1473.01    1473.01    6.61521      0.938     0.0012 0.0000e+00
    480.000    1473.01    1473.01    847.256    480.000  1029.9843  1029.9846    34.8886    34.8891    1473.01    1473.01    6.61676      1.062     0.0006 0.0000e+00
    481.000    1473.03    1473.03    848.207    481.000  1029.9889  1029.9893    34.8887    34.8892    1473.03    1473.03    6.61498      0.960     0.0002 0.0000e+00
    482.000    1473.05    1473.05    849.623    482.000  1029.9934  1029.9939    34.8887    34.8892    1473.05    1473.05    6.61832      0.603     0.0004 0.0000e+00
