Ship_data/Irminger/Irminger-2/ctd/process/at30_005.ros
* Sea-Bird SBE 9 Data File:
* FileName = C:\data\ctd\at30_005.hdr
* Software Version Seasave V 7.21f
* Temperature SN = 2265
* Conductivity SN = 3021
* Number of Bytes Per Scan = 40
* Number of Voltage Words = 5
* Number of Scans Averaged by the Deck Unit = 1
* NMEA Latitude = 59 59.33 N
* NMEA Longitude = 039 27.67 W
* NMEA UTC (Time) = Aug 14 2015  19:36:17
# nquan = 27
# nvalues = 1176                                  
# units = specified
# name 0 = timeS: Time, Elapsed [seconds]
# name 1 = longitude: Longitude [deg]
# name 2 = latitude: Latitude [deg]
# name 3 = depSM: Depth [salt water, m]
# name 4 = prDM: Pressure, Digiquartz [db]
# name 5 = t090C: Temperature [ITS-90, deg C]
# name 6 = t190C: Temperature, 2 [ITS-90, deg C]
# name 7 = c0S/m: Conductivity [S/m]
# name 8 = c1S/m: Conductivity, 2 [S/m]
# name 9 = CStarTr0: Beam Transmission, WET Labs C-Star [%]
# name 10 = flECO-AFL: Fluorescence, WET Labs ECO-AFL/FL [mg/m^3]
# name 11 = sbeox0V: Oxygen raw, SBE 43 [V]
# name 12 = altM: Altimeter [m]
# name 13 = nbf: Bottles Fired
# name 14 = density00: Density [density, Kg/m^3]
# name 15 = density11: Density, 2 [density, Kg/m^3]
# name 16 = sal00: Salinity, Practical [PSU]
# name 17 = sal11: Salinity, Practical, 2 [PSU]
# name 18 = svCM: Sound Velocity [Chen-Millero, m/s]
# name 19 = svCM1: Sound Velocity, 2 [Chen-Millero, m/s]
# name 20 = timeS: Time, Elapsed [seconds]
# name 21 = sbeox0ML/L: Oxygen, SBE 43 [ml/l]
# name 22 = sbeox0PS: Oxygen, SBE 43 [% saturation]
# name 23 = dz/dtM: Descent Rate [m/s]
# name 24 = T2-T190C: Temperature Difference, 2 - 1 [ITS-90, deg C]
# name 25 = scan: Scan Count
# name 26 = flag:  0.000e+00
# interval = seconds: 0.0416667
# start_time = Aug 14 2015 19:36:17 [NMEA time, header]
# bad_flag = -9.990e-29
*END*
   3336.458  -39.47350   59.99422   2659.394   2701.957     1.4174     1.4189   3.133083   3.133130    96.3982    -0.0219     1.7012      10.21          1  1040.3342  1040.3332    34.8979    34.8968    1500.41    1500.41   3336.458    6.63976   85.90887     -0.661     0.0015      80076  0.000e+00
   3336.500  -39.47350   59.99422   2659.411   2701.974     1.4174     1.4189   3.133077   3.133130    96.4244    -0.0219     1.7012      10.26          1  1040.3342  1040.3332    34.8977    34.8968    1500.41    1500.41   3336.500    6.63977   85.90906     -0.656     0.0015      80077  0.000e+00
   3336.542  -39.47350   59.99422   2659.394   2701.957     1.4174     1.4189   3.133029   3.133130    96.4244    -0.0292     1.6999      10.31          1  1040.3337  1040.3332    34.8972    34.8968    1500.40    1500.41   3336.542    6.63274   85.81766     -0.648     0.0015      80078  0.000e+00
   3336.583  -39.47350   59.99422   2659.411   2701.974     1.4174     1.4187   3.133012   3.133102    96.4244    -0.0219     1.6999      10.33          1  1040.3335  1040.3331    34.8969    34.8966    1500.40    1500.41   3336.583    6.63276   85.81786     -0.637     0.0013      80079  0.000e+00
   3336.625  -39.47350   59.99422   2659.337   2701.898     1.4172     1.4187   3.133012   3.133159    96.4244    -0.0219     1.7012      10.31          1  1040.3334  1040.3334    34.8972    34.8974    1500.40    1500.41   3336.625    6.63977   85.90837     -0.631     0.0015      80080  0.000e+00
   3336.667  -39.47350   59.99422   2659.395   2701.957     1.4172     1.4189   3.133053   3.133130    96.4244    -0.0219     1.7012      10.31          1  1040.3340  1040.3332    34.8976    34.8968    1500.40    1500.41   3336.667    6.63980   85.90906     -0.621     0.0016      80081  0.000e+00
   3336.708  -39.47350   59.99422   2659.345   2701.906     1.4172     1.4187   3.133029   3.133102    96.4244    -0.0219     1.7012      10.38          1  1040.3336  1040.3329    34.8974    34.8967    1500.40    1500.41   3336.708    6.63977   85.90852     -0.609     0.0015      80082  0.000e+00
   3336.750  -39.47350   59.99422   2659.395   2701.957     1.4174     1.4189   3.133053   3.133159    96.4244    -0.0219     1.7012      10.43          1  1040.3339  1040.3335    34.8975    34.8972    1500.41    1500.41   3336.750    6.63979   85.90907     -0.598     0.0015      80083  0.000e+00
   3336.792  -39.47350   59.99422   2659.279   2701.839     1.4174     1.4189   3.133035   3.133159    96.4244    -0.0219     1.7012      10.45          1  1040.3333  1040.3330    34.8973    34.8972    1500.40    1500.41   3336.792    6.63969   85.90776     -0.591     0.0015      80084  0.000e+00
   3336.833  -39.47350   59.99422   2659.337   2701.898     1.4172     1.4190   3.133059   3.133130    96.4244    -0.0219     1.7012      10.43          1  1040.3339  1040.3328    34.8977    34.8967    1500.40    1500.41   3336.833    6.63975   85.90850     -0.578     0.0018      80085  0.000e+00
   3336.875  -39.47350   59.99422   2659.337   2701.898     1.4172     1.4186   3.133053   3.133159    96.3721    -0.0219     1.7012      10.45          1  1040.3338  1040.3335    34.8977    34.8975    1500.40    1500.41   3336.875    6.63976   85.90853     -0.566     0.0014      80086  0.000e+00
   3336.917  -39.47350   59.99422   2659.279   2701.839     1.4174     1.4189   3.133023   3.133130    96.3459    -0.0219     1.7012      10.48          1  1040.3332  1040.3327    34.8972    34.8969    1500.40    1500.41   3336.917    6.63971   85.90784     -0.555     0.0015      80087  0.000e+00
   3336.958  -39.47350   59.99422   2659.270   2701.830     1.4174     1.4187   3.133053   3.133159    96.3721    -0.0292     1.7012      10.50          1  1040.3334  1040.3331    34.8975    34.8974    1500.40    1500.41   3336.958    6.63968   85.90775     -0.542     0.0013      80088  0.000e+00
   3337.000  -39.47350   59.99422   2659.279   2701.839     1.4177     1.4189   3.133071   3.133130    96.3721    -0.0219     1.7012      10.53          1  1040.3333  1040.3327    34.8974    34.8969    1500.40    1500.41   3337.000    6.63963   85.90774     -0.532     0.0012      80089  0.000e+00
   3337.042  -39.47350   59.99422   2659.270   2701.830     1.4175     1.4183   3.133077   3.133187    96.3982    -0.0219     1.7012      10.50          1  1040.3335  1040.3338    34.8977    34.8982    1500.40    1500.41   3337.042    6.63965   85.90775     -0.522     0.0007      80090  0.000e+00
   3337.083  -39.47350   59.99422   2659.270   2701.830     1.4175     1.4187   3.133095   3.133130    96.3982    -0.0292     1.7012      10.53          1  1040.3336  1040.3328    34.8979    34.8971    1500.40    1500.41   3337.083    6.63964   85.90778     -0.505     0.0012      80091  0.000e+00
   3337.125  -39.47350   59.99422   2659.279   2701.839     1.4174     1.4184   3.133059   3.133159    96.3982    -0.0219     1.7012      10.57          1  1040.3335  1040.3334    34.8976    34.8977    1500.40    1500.41   3337.125    6.63970   85.90798     -0.496     0.0011      80092  0.000e+00
   3337.167  -39.47350   59.99422   2659.270   2701.830     1.4177     1.4187   3.133083   3.133102    96.4244    -0.0219     1.7012      10.57          1  1040.3334  1040.3325    34.8976    34.8967    1500.40    1500.41   3337.167    6.63963   85.90776     -0.481     0.0010      80093  0.000e+00
   3337.208  -39.47350   59.99422   2659.221   2701.779     1.4177     1.4184   3.133059   3.133130    96.4244    -0.0219     1.7012      10.57          1  1040.3329  1040.3329    34.8973    34.8974    1500.40    1500.41   3337.208    6.63960   85.90721     -0.467     0.0007      80094  0.000e+00
   3337.250  -39.47350   59.99422   2659.270   2701.830     1.4177     1.4186   3.133083   3.133130    96.4244    -0.0292     1.7012      10.57          1  1040.3334  1040.3329    34.8976    34.8972    1500.40    1500.41   3337.250    6.63963   85.90781     -0.452     0.0009      80095  0.000e+00
   3337.292  -39.47350   59.99422   2659.270   2701.830     1.4178     1.4184   3.133101   3.133130    96.4244    -0.0219     1.7012      10.62          1  1040.3334  1040.3331    34.8977    34.8974    1500.41    1500.41   3337.292    6.63960   85.90779     -0.438     0.0006      80096  0.000e+00
   3337.333  -39.47350   59.99422   2659.221   2701.779     1.4180     1.4187   3.133107   3.133074    96.4244    -0.0219     1.7012      10.65          1  1040.3331  1040.3321    34.8976    34.8964    1500.41    1500.41   3337.333    6.63953   85.90716     -0.425     0.0007      80097  0.000e+00
   3337.375  -39.47350   59.99422   2659.270   2701.830     1.4182     1.4186   3.133124   3.133159    96.4244    -0.0292     1.7012      10.67          1  1040.3333  1040.3332    34.8976    34.8975    1500.41    1500.41   3337.375    6.63954   85.90769     -0.412     0.0004      80098  0.000e+00
   3337.417  -39.47350   59.99422   2659.221   2701.779     1.4182     1.4186   3.133112   3.133102    96.4244    -0.0292     1.7012      10.67          1  1040.3330  1040.3325    34.8975    34.8969    1500.41    1500.41   3337.417    6.63950   85.90714     -0.395     0.0004      80099  0.000e+00
   3337.458  -39.47350   59.99422   2659.270   2701.830     1.4182     1.4184   3.133118   3.133102    96.4244    -0.0219     1.7012      10.65          1  1040.3332  1040.3328    34.8975    34.8970    1500.41    1500.41   3337.458    6.63955   85.90774     -0.381     0.0003      80100  0.000e+00
   3337.500  -39.47350   59.99422   2659.204   2701.763     1.4182     1.4186   3.133112   3.133130    96.4244    -0.0219     1.7012      10.70          1  1040.3329  1040.3327    34.8975    34.8973    1500.41    1500.41   3337.500    6.63949   85.90701     -0.369     0.0004      80101  0.000e+00
   3337.542  -39.47350   59.99422   2659.221   2701.779     1.4182     1.4187   3.133118   3.133102    96.3982    -0.0219     1.7012      10.72          1  1040.3330  1040.3323    34.8975    34.8967    1500.41    1500.41   3337.542    6.63951   85.90722     -0.354     0.0005      80102  0.000e+00
   3337.583  -39.47350   59.99422   2659.270   2701.830     1.4180     1.4187   3.133136   3.133130    96.3982    -0.0219     1.7012      10.70          1  1040.3336  1040.3328    34.8979    34.8971    1500.41    1500.41   3337.583    6.63957   85.90790     -0.334     0.0007      80103  0.000e+00
   3337.625  -39.47350   59.99422   2659.279   2701.839     1.4178     1.4187   3.133136   3.133130    96.4244    -0.0219     1.7012      10.70          1  1040.3338  1040.3329    34.8981    34.8971    1500.41    1500.41   3337.625    6.63961   85.90810     -0.321     0.0009      80104  0.000e+00
   3337.667  -39.47350   59.99422   2659.204   2701.763     1.4180     1.4187   3.133112   3.133159    96.4244    -0.0219     1.7012      10.72          1  1040.3331  1040.3328    34.8977    34.8974    1500.40    1500.41   3337.667    6.63953   85.90719     -0.305     0.0007      80105  0.000e+00
   3337.708  -39.47350   59.99422   2659.270   2701.830     1.4178     1.4187   3.133083   3.133102    96.4244    -0.0292     1.7012      10.72          1  1040.3332  1040.3325    34.8974    34.8967    1500.41    1500.41   3337.708    6.63964   85.90806     -0.289     0.0009      80106  0.000e+00
   3337.750  -39.47350   59.99422   2659.221   2701.779     1.4178     1.4187   3.133071   3.133130    96.3982    -0.0219     1.7012      10.72          1  1040.3329  1040.3326    34.8973    34.8971    1500.40    1500.41   3337.750    6.63960   85.90752     -0.278     0.0009      80107  0.000e+00
   3337.792  -39.47350   59.99422   2659.270   2701.830     1.4177     1.4187   3.133071   3.133159    96.3982    -0.0219     1.7012      10.72          1  1040.3332  1040.3331    34.8974    34.8974    1500.40    1500.41   3337.792    6.63966   85.90817     -0.263     0.0010      80108  0.000e+00
   3337.833  -39.47350   59.99422   2659.204   2701.763     1.4177     1.4187   3.133089   3.133130    96.3982    -0.0292     1.7012      10.74          1  1040.3331  1040.3325    34.8977    34.8971    1500.40    1500.41   3337.833    6.63960   85.90743     -0.250     0.0010      80109  0.000e+00
   3337.875  -39.47350   59.99422   2659.279   2701.839     1.4174     1.4187   3.133089   3.133130    96.3982    -0.0219     1.7025      10.74          1  1040.3338  1040.3329    34.8980    34.8971    1500.40    1500.41   3337.875    6.64677   85.99974     -0.231     0.0014      80110  0.000e+00
   3337.917  -39.47350   59.99422   2659.270   2701.830     1.4174     1.4187   3.133077   3.133159    96.3982    -0.0219     1.7012      10.74          1  1040.3336  1040.3331    34.8978    34.8974    1500.40    1500.41   3337.917    6.63971   85.90838     -0.216     0.0013      80111  0.000e+00
   3337.958  -39.47350   59.99422   2659.279   2701.839     1.4177     1.4187   3.133053   3.133159    96.3982    -0.0292     1.7000      10.74          1  1040.3331  1040.3331    34.8972    34.8974    1500.40    1500.41   3337.958    6.63264   85.81711     -0.203     0.0010      80112  0.000e+00
   3338.000  -39.47350   59.99422   2659.204   2701.763     1.4175     1.4187   3.133041   3.133159    96.3721    -0.0219     1.7012      10.77          1  1040.3329  1040.3328    34.8973    34.8974    1500.40    1500.41   3338.000    6.63966   85.90762     -0.189     0.0012      80113  0.000e+00
   3338.042  -39.47350   59.99422   2659.337   2701.898     1.4175     1.4187   3.133041   3.133130    96.3721    -0.0219     1.7012      10.74          1  1040.3334  1040.3331    34.8972    34.8970    1500.40    1500.41   3338.042    6.63978   85.90918     -0.174     0.0012      80114  0.000e+00
   3338.083  -39.47350   59.99422   2659.279   2701.839     1.4175     1.4186   3.133059   3.133159    96.3982    -0.0292     1.7012      10.77          1  1040.3333  1040.3332    34.8975    34.8975    1500.40    1500.41   3338.083    6.63972   85.90854     -0.158     0.0011      80115  0.000e+00
   3338.125  -39.47350   59.99422   2659.270   2701.830     1.4174     1.4184   3.133059   3.133130    96.3982    -0.0219     1.7012      10.77          1  1040.3335  1040.3331    34.8976    34.8974    1500.40    1500.41   3338.125    6.63974   85.90854     -0.145     0.0011      80116  0.000e+00
   3338.167  -39.47350   59.99422   2659.221   2701.779     1.4172     1.4183   3.133065   3.133130    96.3982    -0.0219     1.7012      10.79          1  1040.3334  1040.3330    34.8979    34.8976    1500.40    1500.41   3338.167    6.63971   85.90805     -0.135     0.0010      80117  0.000e+00
   3338.208  -39.47350   59.99422   2659.337   2701.898     1.4174     1.4181   3.133053   3.133159    96.3982    -0.0292     1.7012      10.77          1  1040.3337  1040.3340    34.8975    34.8980    1500.40    1500.41   3338.208    6.63981   85.90936     -0.120     0.0008      80118  0.000e+00
   3338.250  -39.47350   59.99422   2659.337   2701.898     1.4177     1.4181   3.133041   3.133102    96.3721    -0.0219     1.7000      10.79          1  1040.3332  1040.3334    34.8970    34.8973    1500.41    1500.41   3338.250    6.63271   85.81797     -0.102     0.0004      80119  0.000e+00
   3338.292  -39.47350   59.99422   2659.279   2701.839     1.4175     1.4184   3.133059   3.133102    96.3982    -0.0219     1.7012      10.79          1  1040.3333  1040.3329    34.8975    34.8970    1500.40    1500.41   3338.292    6.63973   85.90867     -0.089     0.0009      80120  0.000e+00
   3338.333  -39.47350   59.99422   2659.270   2701.830     1.4177     1.4181   3.133071   3.133074    96.3721    -0.0219     1.7012      10.77          1  1040.3332  1040.3329    34.8974    34.8970    1500.40    1500.41   3338.333    6.63969   85.90853     -0.082     0.0004      80121  0.000e+00
   3338.375  -39.47350   59.99422   2659.345   2701.907     1.4174     1.4186   3.133089   3.133074    96.3982    -0.0219     1.7037      10.77          1  1040.3341  1040.3327    34.8980    34.8964    1500.40    1500.41   3338.375    6.65391   86.09210     -0.065     0.0013      80122  0.000e+00
   3338.417  -39.47350   59.99422   2659.337   2701.898     1.4179     1.4189   3.133089   3.133130    96.3982    -0.0292     1.7012      10.79          1  1040.3335  1040.3329    34.8974    34.8969    1500.41    1500.41   3338.417    6.63972   85.90927     -0.052     0.0010      80123  0.000e+00
   3338.458  -39.47350   59.99422   2659.337   2701.898     1.4175     1.4186   3.133077   3.133130    96.3982    -0.0219     1.7012      10.79          1  1040.3337  1040.3332    34.8976    34.8971    1500.41    1500.41   3338.458    6.63978   85.90945     -0.038     0.0011      80124  0.000e+00
   3644.208  -39.47466   59.99474   2501.365   2540.447     2.3181     2.3230   3.206773   3.207173    97.2615    -0.0219     1.6922      98.78          2  1039.4956  1039.4945    34.9126    34.9122    1501.62    1501.64   3644.208    6.27824   83.10253      0.234     0.0050      87462  0.000e+00
   3644.250  -39.47466   59.99474   2501.266   2540.345     2.3180     2.3230   3.206761   3.207156    97.2615    -0.0219     1.6935      98.78          2  1039.4951  1039.4940    34.9126    34.9121    1501.62    1501.64   3644.250    6.28489   83.19029      0.234     0.0050      87463  0.000e+00
   3644.292  -39.47466   59.99474   2501.365   2540.447     2.3183     2.3232   3.206743   3.207156    97.2353    -0.0292     1.6922      98.78          2  1039.4951  1039.4942    34.9120    34.9118    1501.62    1501.64   3644.292    6.27824   83.10250      0.233     0.0049      87464  0.000e+00
   3644.333  -39.47466   59.99474   2501.266   2540.345     2.3180     2.3232   3.206767   3.207156    97.2353    -0.0292     1.6922      98.78          2  1039.4952  1039.4938    34.9127    34.9118    1501.62    1501.64   3644.333    6.27818   83.10153      0.231     0.0052      87465  0.000e+00
