Ship_data/Irminger/Irminger-2/ctd/process/at30_009_SV.cnv
* Sea-Bird SBE 9 Data File:
* FileName = C:\data\ctd\at30_009.hdr
* Software Version Seasave V 7.21f
* Temperature SN = 2265
* Conductivity SN = 3021
* Number of Bytes Per Scan = 40
* Number of Voltage Words = 5
* Number of Scans Averaged by the Deck Unit = 1
* NMEA Latitude = 59 42.40 N
* NMEA Longitude = 039 19.92 W
* NMEA UTC (Time) = Aug 19 2015  15:06:00
** FLMB 1 for cal
# nquan = 15
# nvalues = 2800                        
# units = specified
# name 0 = depSM: Depth [salt water, m]
# name 1 = svCM: Sound Velocity [Chen-Millero, m/s]
# name 2 = svCM1: Sound Velocity, 2 [Chen-Millero, m/s]
# name 3 = timeS: Time, Elapsed [seconds]
# name 4 = depSM: Depth [salt water, m]
# name 5 = density00: Density [density, Kg/m^3]
# name 6 = density11: Density, 2 [density, Kg/m^3]
# name 7 = sal00: Salinity, Practical [PSU]
# name 8 = sal11: Salinity, Practical, 2 [PSU]
# name 9 = svCM: Sound Velocity [Chen-Millero, m/s]
# name 10 = svCM1: Sound Velocity, 2 [Chen-Millero, m/s]
# name 11 = sbeox0ML/L: Oxygen, SBE 43 [ml/l]
# name 12 = dz/dtM: Descent Rate [m/s]
# name 13 = T2-T190C: Temperature Difference, 2 - 1 [ITS-90, deg C]
# name 14 = flag:
# span 0 =     10.000,   2809.000       
# span 1 =    1469.42,    1504.21       
# span 2 =    1469.42,    1504.21       
# span 3 =     58.170,   3323.208       
# span 4 =     10.000,   2809.000       
# span 5 =  1027.1470,  1040.9969       
# span 6 =  1027.1466,  1040.9957       
# span 7 =    34.8394,    34.9402       
# span 8 =    34.8429,    34.9408       
# span 9 =    1469.42,    1504.21       
# span 10 =    1469.41,    1504.21      
# span 11 =    5.98548,    6.94137      
# span 12 =      0.006,      1.579      
# span 13 =    -0.1289,     0.0110      
# span 14 = 0.0000e+00, 0.0000e+00      
# interval = meters: 1                  
# start_time = Aug 19 2015 15:06:00 [NMEA time, header]
# bad_flag = -9.990e-29
*END*
[from data line 1928]
   1938.000    1495.85    1495.85   2293.043   1938.000  1036.8091  1036.8090    34.9306    34.9305    1495.85    1495.85    6.03648      0.902     0.0004 0.0000e+00
   1939.000    1495.85    1495.85   2294.150   1939.000  1036.8138  1036.8137    34.9304    34.9302    1495.85    1495.85    6.03800      1.019     0.0005 0.0000e+00
   1940.000    1495.87    1495.87   2295.060   1940.000  1036.8185  1036.8184    34.9304    34.9303    1495.87    1495.87    6.03867      1.175     0.0005 0.0000e+00
   1941.000    1495.88    1495.88   2295.899   1941.000  1036.8232  1036.8230    34.9304    34.9302    1495.88    1495.88    6.03906      1.161     0.0005 0.0000e+00
   1942.000    1495.90    1495.90   2296.856   1942.000  1036.8278  1036.8276    34.9303    34.9303    1495.90    1495.90    6.04009      0.916     0.0004 0.0000e+00
   1943.000    1495.91    1495.91   2298.371   1943.000  1036.8323  1036.8322    34.9302    34.9301    1495.91    1495.91    6.04078      0.608     0.0005 0.0000e+00
   1944.000    1495.92    1495.93   2299.829   1944.000  1036.8372  1036.8370    34.9304    34.9303    1495.92    1495.93    6.04281      0.957     0.0004 0.0000e+00
   1945.000    1495.94    1495.94   2300.737   1945.000  1036.8419  1036.8418    34.9305    34.9304    1495.94    1495.94    6.04169      1.264     0.0004 0.0000e+00
   1946.000    1495.95    1495.96   2301.477   1946.000  1036.8467  1036.8464    34.9306    34.9304    1495.95    1495.96    6.04199      1.385     0.0004 0.0000e+00
   1947.000    1495.97    1495.97   2302.199   1947.000  1036.8513  1036.8512    34.9307    34.9305    1495.97    1495.97    6.04029      1.353     0.0004 0.0000e+00
   1948.000    1495.98    1495.98   2302.991   1948.000  1036.8561  1036.8558    34.9307    34.9305    1495.98    1495.98    6.04051      1.220     0.0005 0.0000e+00
   1949.000    1496.00    1496.00   2303.894   1949.000  1036.8610  1036.8607    34.9310    34.9308    1496.00    1496.00    6.03875      1.050     0.0006 0.0000e+00
   1950.000    1496.01    1496.02   2304.963   1950.000  1036.8655  1036.8652    34.9309    34.9308    1496.01    1496.02    6.03784      0.902     0.0005 0.0000e+00
   1951.000    1496.03    1496.03   2306.155   1951.000  1036.8700  1036.8699    34.9308    34.9309    1496.03    1496.03    6.03647      0.862     0.0004 0.0000e+00
   1952.000    1496.05    1496.05   2307.283   1952.000  1036.8746  1036.8745    34.9309    34.9308    1496.05    1496.05    6.03782      0.969     0.0004 0.0000e+00
   1953.000    1496.06    1496.06   2308.272   1953.000  1036.8793  1036.8792    34.9309    34.9309    1496.06    1496.06    6.03927      1.080     0.0004 0.0000e+00
   1954.000    1496.08    1496.08   2309.180   1954.000  1036.8840  1036.8837    34.9311    34.9308    1496.08    1496.08    6.03925      1.125     0.0005 0.0000e+00
   1955.000    1496.10    1496.10   2310.087   1955.000  1036.8885  1036.8883    34.9310    34.9308    1496.10    1496.10    6.03903      1.103     0.0005 0.0000e+00
   1956.000    1496.11    1496.11   2311.042   1956.000  1036.8931  1036.8929    34.9308    34.9308    1496.11    1496.11    6.03762      1.000     0.0004 0.0000e+00
   1957.000    1496.13    1496.13   2312.192   1957.000  1036.8978  1036.8975    34.9310    34.9307    1496.12    1496.13    6.03789      0.793     0.0006 0.0000e+00
   1958.000    1496.14    1496.14   2313.606   1958.000  1036.9023  1036.9022    34.9309    34.9308    1496.14    1496.14    6.03850      0.766     0.0004 0.0000e+00
   1959.000    1496.16    1496.16   2314.785   1959.000  1036.9070  1036.9067    34.9310    34.9309    1496.16    1496.16    6.03913      1.015     0.0005 0.0000e+00
   1960.000    1496.17    1496.18   2315.684   1960.000  1036.9115  1036.9114    34.9309    34.9309    1496.17    1496.18    6.03950      1.209     0.0005 0.0000e+00
   1961.000    1496.18    1496.19   2316.488   1961.000  1036.9161  1036.9160    34.9308    34.9306    1496.18    1496.19    6.03904      1.272     0.0004 0.0000e+00
   1962.000    1496.19    1496.19   2317.286   1962.000  1036.9210  1036.9209    34.9307    34.9306    1496.19    1496.19    6.03878      1.231     0.0004 0.0000e+00
   1963.000    1496.20    1496.21   2318.152   1963.000  1036.9259  1036.9257    34.9308    34.9306    1496.20    1496.21    6.03684      1.136     0.0005 0.0000e+00
   1964.000    1496.22    1496.22   2319.090   1964.000  1036.9305  1036.9303    34.9307    34.9306    1496.22    1496.22    6.03762      1.067     0.0005 0.0000e+00
   1965.000    1496.22    1496.23   2320.059   1965.000  1036.9353  1036.9352    34.9306    34.9306    1496.22    1496.23    6.03795      1.049     0.0004 0.0000e+00
   1966.000    1496.24    1496.24   2321.035   1966.000  1036.9401  1036.9399    34.9308    34.9307    1496.24    1496.24    6.03769      1.020     0.0004 0.0000e+00
   1967.000    1496.25    1496.25   2322.076   1967.000  1036.9448  1036.9448    34.9308    34.9308    1496.25    1496.25    6.03568      0.923     0.0004 0.0000e+00
   1968.000    1496.26    1496.27   2323.290   1968.000  1036.9495  1036.9495    34.9307    34.9307    1496.26    1496.27    6.03678      0.775     0.0004 0.0000e+00
   1969.000    1496.28    1496.28   2324.683   1969.000  1036.9541  1036.9540    34.9307    34.9306    1496.28    1496.28    6.03749      0.763     0.0004 0.0000e+00
   1970.000    1496.30    1496.30   2325.905   1970.000  1036.9587  1036.9587    34.9308    34.9308    1496.30    1496.30    6.03809      0.947     0.0004 0.0000e+00
   1971.000    1496.31    1496.31   2326.882   1971.000  1036.9633  1036.9633    34.9308    34.9308    1496.31    1496.31    6.03698      1.127     0.0004 0.0000e+00
   1972.000    1496.33    1496.33   2327.736   1972.000  1036.9680  1036.9679    34.9309    34.9308    1496.33    1496.33    6.03869      1.235     0.0004 0.0000e+00
   1973.000    1496.34    1496.35   2328.537   1973.000  1036.9727  1036.9723    34.9309    34.9306    1496.34    1496.35    6.03593      1.276     0.0006 0.0000e+00
   1974.000    1496.36    1496.36   2329.334   1974.000  1036.9772  1036.9769    34.9309    34.9306    1496.36    1496.36    6.03559      1.246     0.0005 0.0000e+00
   1975.000    1496.38    1496.38   2330.184   1975.000  1036.9818  1036.9814    34.9309    34.9306    1496.38    1496.38    6.03346      1.117     0.0005 0.0000e+00
   1976.000    1496.39    1496.40   2331.214   1976.000  1036.9863  1036.9861    34.9307    34.9305    1496.39    1496.40    6.03227      0.898     0.0005 0.0000e+00
   1977.000    1496.41    1496.41   2332.470   1977.000  1036.9908  1036.9907    34.9305    34.9304    1496.41    1496.41    6.03243      0.836     0.0004 0.0000e+00
   1978.000    1496.42    1496.42   2333.579   1978.000  1036.9955  1036.9954    34.9303    34.9303    1496.42    1496.42    6.03371      1.037     0.0004 0.0000e+00
   1979.000    1496.42    1496.43   2334.477   1979.000  1037.0004  1037.0002    34.9303    34.9303    1496.42    1496.43    6.03442      1.159     0.0004 0.0000e+00
   1980.000    1496.43    1496.43   2335.347   1980.000  1037.0052  1037.0052    34.9301    34.9302    1496.43    1496.43    6.03583      1.100     0.0005 0.0000e+00
   1981.000    1496.43    1496.44   2336.383   1981.000  1037.0103  1037.0100    34.9302    34.9300    1496.43    1496.43    6.03685      0.872     0.0005 0.0000e+00
   1982.000    1496.45    1496.45   2337.708   1982.000  1037.0149  1037.0145    34.9301    34.9298    1496.45    1496.45    6.03823      0.797     0.0005 0.0000e+00
   1983.000    1496.46    1496.46   2338.848   1983.000  1037.0195  1037.0193    34.9302    34.9300    1496.46    1496.46    6.03933      1.055     0.0006 0.0000e+00
   1984.000    1496.47    1496.48   2339.716   1984.000  1037.0244  1037.0240    34.9304    34.9300    1496.47    1496.48    6.03945      1.232     0.0005 0.0000e+00
   1985.000    1496.49    1496.49   2340.516   1985.000  1037.0289  1037.0287    34.9303    34.9300    1496.49    1496.49    6.03882      1.208     0.0005 0.0000e+00
   1986.000    1496.50    1496.50   2341.438   1986.000  1037.0337  1037.0333    34.9301    34.9298    1496.50    1496.50    6.03954      0.990     0.0006 0.0000e+00
   1987.000    1496.51    1496.52   2342.660   1987.000  1037.0383  1037.0382    34.9301    34.9300    1496.51    1496.52    6.03817      0.789     0.0005 0.0000e+00
   1988.000    1496.53    1496.53   2343.913   1988.000  1037.0432  1037.0430    34.9304    34.9302    1496.53    1496.53    6.03931      0.941     0.0005 0.0000e+00
   1989.000    1496.55    1496.55   2344.868   1989.000  1037.0479  1037.0475    34.9306    34.9302    1496.55    1496.55    6.03905      1.158     0.0006 0.0000e+00
   1990.000    1496.57    1496.57   2345.694   1990.000  1037.0527  1037.0522    34.9310    34.9306    1496.57    1496.57    6.03924      1.225     0.0005 0.0000e+00
   1991.000    1496.58    1496.58   2346.528   1991.000  1037.0574  1037.0571    34.9311    34.9308    1496.58    1496.58    6.03981      1.164     0.0004 0.0000e+00
   1992.000    1496.60    1496.60   2347.474   1992.000  1037.0620  1037.0618    34.9311    34.9308    1496.60    1496.60    6.03964      0.988     0.0006 0.0000e+00
   1993.000    1496.61    1496.62   2348.629   1993.000  1037.0665  1037.0663    34.9311    34.9309    1496.61    1496.62    6.03940      0.839     0.0006 0.0000e+00
   1994.000    1496.63    1496.63   2349.853   1994.000  1037.0712  1037.0709    34.9311    34.9308    1496.63    1496.63    6.03787      0.883     0.0006 0.0000e+00
   1995.000    1496.64    1496.65   2350.929   1995.000  1037.0759  1037.0757    34.9311    34.9309    1496.64    1496.65    6.03847      1.000     0.0007 0.0000e+00
   1996.000    1496.66    1496.66   2351.907   1996.000  1037.0806  1037.0803    34.9312    34.9309    1496.66    1496.66    6.03976      1.051     0.0006 0.0000e+00
   1997.000    1496.68    1496.68   2352.872   1997.000  1037.0852  1037.0850    34.9313    34.9311    1496.68    1496.68    6.03791      1.038     0.0006 0.0000e+00
   1998.000    1496.69    1496.69   2353.877   1998.000  1037.0900  1037.0897    34.9314    34.9312    1496.69    1496.69    6.03580      1.002     0.0005 0.0000e+00
   1999.000    1496.71    1496.71   2354.903   1999.000  1037.0946  1037.0944    34.9314    34.9312    1496.71    1496.71    6.03536      1.000     0.0005 0.0000e+00
   2000.000    1496.72    1496.72   2355.911   2000.000  1037.0994  1037.0991    34.9314    34.9311    1496.72    1496.72    6.03592      1.042     0.0007 0.0000e+00
   2001.000    1496.73    1496.73   2356.861   2001.000  1037.1041  1037.1036    34.9315    34.9311    1496.73    1496.73    6.03737      1.087     0.0006 0.0000e+00
   2002.000    1496.75    1496.75   2357.789   2002.000  1037.1086  1037.1084    34.9315    34.9313    1496.75    1496.75    6.03691      1.092     0.0006 0.0000e+00
   2003.000    1496.76    1496.77   2358.732   2003.000  1037.1134  1037.1130    34.9316    34.9313    1496.76    1496.77    6.03757      1.046     0.0006 0.0000e+00
   2004.000    1496.77    1496.78   2359.749   2004.000  1037.1179  1037.1177    34.9312    34.9310    1496.77    1496.78    6.03807      0.968     0.0004 0.0000e+00
   2005.000    1496.78    1496.79   2360.845   2005.000  1037.1227  1037.1223    34.9312    34.9308    1496.78    1496.79    6.03643      0.915     0.0005 0.0000e+00
   2006.000    1496.80    1496.80   2361.960   2006.000  1037.1273  1037.1271    34.9310    34.9308    1496.79    1496.80    6.03737      0.924     0.0005 0.0000e+00
   2007.000    1496.81    1496.81   2363.038   2007.000  1037.1321  1037.1317    34.9310    34.9307    1496.81    1496.81    6.03675      0.976     0.0007 0.0000e+00
   2008.000    1496.82    1496.82   2364.059   2008.000  1037.1370  1037.1366    34.9313    34.9309    1496.82    1496.82    6.03744      1.034     0.0007 0.0000e+00
   2009.000    1496.84    1496.84   2365.004   2009.000  1037.1415  1037.1412    34.9313    34.9310    1496.84    1496.84    6.03711      1.129     0.0006 0.0000e+00
   2010.000    1496.85    1496.85   2365.867   2010.000  1037.1461  1037.1459    34.9311    34.9310    1496.85    1496.85    6.03860      1.182     0.0007 0.0000e+00
   2011.000    1496.87    1496.87   2366.738   2011.000  1037.1510  1037.1505    34.9314    34.9310    1496.86    1496.87    6.03536      1.103     0.0008 0.0000e+00
   2012.000    1496.88    1496.88   2367.781   2012.000  1037.1554  1037.1550    34.9313    34.9309    1496.88    1496.88    6.03668      0.826     0.0006 0.0000e+00
   2013.000    1496.90    1496.90   2369.369   2013.000  1037.1600  1037.1597    34.9313    34.9309    1496.90    1496.90    6.03673      0.645     0.0006 0.0000e+00
   2014.000    1496.92    1496.92   2370.673   2014.000  1037.1647  1037.1643    34.9315    34.9311    1496.92    1496.92    6.03853      1.025     0.0007 0.0000e+00
   2015.000    1496.94    1496.94   2371.537   2015.000  1037.1694  1037.1691    34.9318    34.9314    1496.94    1496.94    6.03854      1.258     0.0006 0.0000e+00
   2016.000    1496.95    1496.95   2372.305   2016.000  1037.1741  1037.1738    34.9318    34.9316    1496.95    1496.95    6.03868      1.325     0.0005 0.0000e+00
   2017.000    1496.97    1496.97   2373.078   2017.000  1037.1786  1037.1785    34.9315    34.9316    1496.96    1496.97    6.03639      1.263     0.0006 0.0000e+00
   2018.000    1496.97    1496.97   2373.930   2018.000  1037.1837  1037.1833    34.9316    34.9313    1496.97    1496.97    6.03657      1.123     0.0005 0.0000e+00
   2019.000    1496.99    1496.99   2374.922   2019.000  1037.1882  1037.1880    34.9317    34.9314    1496.99    1496.99    6.03516      0.974     0.0006 0.0000e+00
   2020.000    1497.00    1497.00   2376.029   2020.000  1037.1929  1037.1925    34.9316    34.9312    1497.00    1497.00    6.03387      0.906     0.0004 0.0000e+00
   2021.000    1497.00    1497.01   2377.159   2021.000  1037.1971  1037.1971    34.9307    34.9308    1497.00    1497.01    6.03327      0.914     0.0004 0.0000e+00
   2022.000    1496.99    1497.00   2378.259   2022.000  1037.2020  1037.2021    34.9299    34.9302    1496.99    1497.00    6.03558      0.944     0.0010 0.0000e+00
   2023.000    1496.99    1496.99   2379.313   2023.000  1037.2073  1037.2070    34.9299    34.9297    1496.99    1496.99    6.03724      0.980     0.0007 0.0000e+00
   2024.000    1497.00    1497.01   2380.333   2024.000  1037.2120  1037.2117    34.9299    34.9297    1497.00    1497.01    6.03699      1.013     0.0006 0.0000e+00
   2025.000    1497.02    1497.02   2381.338   2025.000  1037.2166  1037.2163    34.9298    34.9296    1497.02    1497.02    6.03797      1.006     0.0006 0.0000e+00
   2026.000    1497.03    1497.03   2382.372   2026.000  1037.2213  1037.2209    34.9297    34.9295    1497.03    1497.03    6.03881      0.944     0.0006 0.0000e+00
   2027.000    1497.04    1497.05   2383.522   2027.000  1037.2260  1037.2256    34.9297    34.9294    1497.04    1497.04    6.03989      0.840     0.0005 0.0000e+00
   2028.000    1497.06    1497.06   2384.783   2028.000  1037.2305  1037.2302    34.9296    34.9294    1497.06    1497.06    6.04041      0.841     0.0006 0.0000e+00
   2029.000    1497.07    1497.07   2385.895   2029.000  1037.2352  1037.2349    34.9297    34.9294    1497.07    1497.07    6.04451      1.042     0.0006 0.0000e+00
   2030.000    1497.08    1497.08   2386.767   2030.000  1037.2397  1037.2395    34.9293    34.9292    1497.08    1497.08    6.04423      1.268     0.0005 0.0000e+00
   2031.000    1497.09    1497.09   2387.519   2031.000  1037.2445  1037.2444    34.9292    34.9291    1497.09    1497.09    6.04513      1.385     0.0005 0.0000e+00
   2032.000    1497.10    1497.10   2388.236   2032.000  1037.2493  1037.2490    34.9293    34.9290    1497.10    1497.10    6.04581      1.384     0.0006 0.0000e+00
   2033.000    1497.12    1497.12   2388.996   2033.000  1037.2538  1037.2534    34.9292    34.9289    1497.12    1497.12    6.04578      1.218     0.0005 0.0000e+00
