Ship_data/Irminger/Irminger-2/ctd/process/at30_012.cnv
* Sea-Bird SBE 9 Data File:
* FileName = C:\data\ctd\at30_012.hdr
* Software Version Seasave V 7.21f
* Temperature SN = 2265
* Conductivity SN = 3021
* Number of Bytes Per Scan = 40
* Number of Voltage Words = 5
* Number of Scans Averaged by the Deck Unit = 1
* NMEA Latitude = 59 59.98 N
* NMEA Longitude = 039 28.96 W
* NMEA UTC (Time) = Aug 23 2015  16:50:38
** Cal/Val for HYPM-2
# nquan = 36
# nvalues = 5296                        
# units = specified
# name 0 = timeS: Time, Elapsed [seconds]
# name 1 = longitude: Longitude [deg]
# name 2 = latitude: Latitude [deg]
# name 3 = depSM: Depth [salt water, m]
# name 4 = prDM: Pressure, Digiquartz [db]
# name 5 = t090C: Temperature [ITS-90, deg C]
# name 6 = t190C: Temperature, 2 [ITS-90, deg C]
# name 7 = c0S/m: Conductivity [S/m]
# name 8 = c1S/m: Conductivity, 2 [S/m]
# name 9 = CStarTr0: Beam Transmission, WET Labs C-Star [%]
# name 10 = flECO-AFL: Fluorescence, WET Labs ECO-AFL/FL [mg/m^3]
# name 11 = sbeox0V: Oxygen raw, SBE 43 [V]
# name 12 = altM: Altimeter [m]
# name 13 = nbf: Bottles Fired
# name 14 = density00: Density [density, Kg/m^3]
# name 15 = density11: Density, 2 [density, Kg/m^3]
# name 16 = sal00: Salinity, Practical [PSU]
# name 17 = sal11: Salinity, Practical, 2 [PSU]
# name 18 = svCM: Sound Velocity [Chen-Millero, m/s]
# name 19 = svCM1: Sound Velocity, 2 [Chen-Millero, m/s]
# name 20 = timeS: Time, Elapsed [seconds]
# name 21 = sbeox0ML/L: Oxygen, SBE 43 [ml/l]
# name 22 = sbeox0PS: Oxygen, SBE 43 [% saturation]
# name 23 = dz/dtM: Descent Rate [m/s]
# name 24 = T2-T190C: Temperature Difference, 2 - 1 [ITS-90, deg C]
# name 25 = depSM: Depth [salt water, m], lat = 59.9997
# name 26 = density00: Density [density, Kg/m^3]
# name 27 = density11: Density, 2 [density, Kg/m^3]
# name 28 = sal00: Salinity, Practical [PSU]
# name 29 = sal11: Salinity, Practical, 2 [PSU]
# name 30 = svCM: Sound Velocity [Chen-Millero, m/s]
# name 31 = svCM1: Sound Velocity, 2 [Chen-Millero, m/s]
# name 32 = sbeox0ML/L: Oxygen, SBE 43 [ml/l], WS = 2
# name 33 = dz/dtM: Descent Rate [m/s], WS = 2
# name 34 = T2-T190C: Temperature Difference, 2 - 1 [ITS-90, deg C]
# name 35 = flag: flag
# span 0 =     44.566,   7396.684       
# span 1 =  -39.48705,  -39.48252       
# span 2 =   59.99962,   60.00150       
# span 3 =      2.000,   2652.000       
# span 4 =      2.019,   2694.399       
# span 5 =     1.3170,     8.4998       
# span 6 =     1.3177,     8.5001       
# span 7 =   3.123007,   3.658136       
# span 8 =   3.123089,   3.658109       
# span 9 =    92.4950,    97.7939       
# span 10 =    -0.0830,     1.8353      
# span 11 =     1.6948,     2.5159      
# span 12 =       8.44,     103.21      
# span 13 =          0,         12      
# span 14 =  1027.1191,  1040.3141      
# span 15 =  1027.1185,  1040.3136      
# span 16 =    34.8269,    34.9553      
# span 17 =    34.8222,    34.9566      
# span 18 =    1470.04,    1501.03      
# span 19 =    1470.04,    1501.03      
# span 20 =     44.566,   7396.684      
# span 21 =    6.00224,    6.85173      
# span 22 =   81.34754,  101.05976      
# span 23 =     -1.897,      1.742      
# span 24 =    -0.2324,     0.1179      
# span 25 =      2.000,   2652.000      
# span 26 =  1027.1192,  1040.3141      
# span 27 =  1027.1185,  1040.3137      
# span 28 =    34.8274,    34.9557      
# span 29 =    34.8265,    34.9565      
# span 30 =    1470.04,    1501.03      
# span 31 =    1470.04,    1501.03      
# span 32 =    6.00000,    6.85558      
# span 33 =     -1.912,      1.744      
# span 34 =    -0.2324,     0.1179      
# span 35 = 0.0000e+00, 0.0000e+00      
# interval = meters: 1                  
# start_time = Aug 23 2015 16:50:38 [NMEA time, header]
# bad_flag = -9.990e-29
*END*
[from data line 3950]
   5189.833  -39.48592   60.00104   1347.000   1364.276     3.7322     3.7328   3.285810   3.285812    97.6987    -0.0602     1.8840      98.73          5  1034.0282  1034.0276    34.9296    34.9289    1487.92    1487.92   5189.833    6.01630   82.46734     -1.294     0.0006   1347.000  1034.0284  1034.0278    34.9299    34.9293    1487.92    1487.92    6.01948     -1.107     0.0006 0.0000e+00
   5190.875  -39.48592   60.00104   1346.000   1363.260     3.7325     3.7330   3.285785   3.285787    97.7061    -0.0600     1.8839      98.73          5  1034.0236  1034.0229    34.9296    34.9290    1487.90    1487.90   5190.875    6.01679   82.47465     -1.092     0.0006   1346.000  1034.0237  1034.0232    34.9298    34.9292    1487.90    1487.90    6.01827     -0.896     0.0006 0.0000e+00
   5192.118  -39.48592   60.00104   1345.000   1362.244     3.7327     3.7332   3.285763   3.285764    97.7089    -0.0608     1.8839      98.73          5  1034.0189  1034.0184    34.9296    34.9290    1487.89    1487.89   5192.118    6.01752   82.48505     -0.858     0.0005   1345.000  1034.0190  1034.0186    34.9298    34.9292    1487.89    1487.89    6.01733     -0.806     0.0005 0.0000e+00
   5193.344  -39.48592   60.00104   1344.000   1361.228     3.7332     3.7338   3.285773   3.285772    97.7111    -0.0599     1.8843      98.73          5  1034.0143  1034.0137    34.9296    34.9290    1487.87    1487.87   5193.344    6.01685   82.47709     -0.811     0.0006   1344.000  1034.0144  1034.0139    34.9299    34.9292    1487.87    1487.87    6.01850     -0.859     0.0006 0.0000e+00
   5194.512  -39.48592   60.00104   1343.000   1360.212     3.7335     3.7341   3.285759   3.285758    97.7106    -0.0605     1.8852      98.73          5  1034.0096  1034.0090    34.9297    34.9290    1487.86    1487.86   5194.512    6.01618   82.46853     -0.863     0.0006   1343.000  1034.0098  1034.0093    34.9299    34.9292    1487.86    1487.86    6.02160     -0.855     0.0006 0.0000e+00
   5195.727  -39.48593   60.00104   1342.000   1359.196     3.7347     3.7349   3.285826   3.285793    97.7071    -0.0601     1.8856      98.73          5  1034.0050  1034.0045    34.9298    34.9292    1487.84    1487.84   5195.727    6.01764   82.49080     -0.849     0.0002   1342.000  1034.0051  1034.0046    34.9300    34.9294    1487.84    1487.84    6.02228     -0.860     0.0002 0.0000e+00
   5196.830  -39.48594   60.00104   1341.000   1358.180     3.7348     3.7349   3.285780   3.285754    97.7113    -0.0616     1.8858      98.73          5  1034.0002  1033.9999    34.9297    34.9292    1487.83    1487.83   5196.830    6.02105   82.53783     -0.870     0.0001   1341.000  1034.0004  1034.0001    34.9298    34.9294    1487.83    1487.83    6.02249     -1.013     0.0001 0.0000e+00
   5197.753  -39.48593   60.00104   1340.000   1357.164     3.7345     3.7350   3.285653   3.285693    97.7089    -0.0589     1.8866      98.73          5  1033.9954  1033.9952    34.9292    34.9291    1487.81    1487.81   5197.753    6.02086   82.53434     -1.005     0.0005   1340.000  1033.9954  1033.9952    34.9291    34.9291    1487.81    1487.81    6.02499     -1.154     0.0005 0.0000e+00
   5198.601  -39.48592   60.00104   1339.000   1356.147     3.7329     3.7337   3.285377   3.285439    97.7101    -0.0596     1.8865      98.73          5  1033.9902  1033.9900    34.9283    34.9281    1487.78    1487.79   5198.601    6.02037   82.52386     -1.140     0.0008   1339.000  1033.9901  1033.9899    34.9281    34.9279    1487.78    1487.79    6.02429     -1.183     0.0008 0.0000e+00
   5199.485  -39.48592   60.00104   1338.000   1355.131     3.7320     3.7327   3.285234   3.285256    97.7053    -0.0597     1.8868      98.73          5  1033.9855  1033.9850    34.9278    34.9274    1487.76    1487.77   5199.485    6.02343   82.56387     -1.181     0.0007   1338.000  1033.9854  1033.9849    34.9278    34.9273    1487.76    1487.77    6.02494     -1.085     0.0007 0.0000e+00
   5200.509  -39.48592   60.00104   1337.000   1354.115     3.7314     3.7322   3.285118   3.285161    97.7071    -0.0596     1.8865      98.73          5  1033.9808  1033.9805    34.9277    34.9274    1487.74    1487.75   5200.509    6.02339   82.56199     -1.076     0.0007   1337.000  1033.9807  1033.9803    34.9276    34.9273    1487.74    1487.75    6.02289     -0.931     0.0007 0.0000e+00
   5201.642  -39.48593   60.00104   1336.000   1353.099     3.7306     3.7314   3.284987   3.285020    97.7182    -0.0596     1.8863      98.73          5  1033.9761  1033.9756    34.9275    34.9270    1487.72    1487.73   5201.642    6.02380   82.56575     -0.916     0.0009   1336.000  1033.9761  1033.9756    34.9274    34.9269    1487.72    1487.73    6.02152     -0.959     0.0009 0.0000e+00
   5202.608  -39.48594   60.00104   1335.000   1352.083     3.7304     3.7312   3.284911   3.284956    97.7219    -0.0592     1.8867      98.73          5  1033.9714  1033.9709    34.9274    34.9270    1487.70    1487.71   5202.608    6.02166   82.53594     -0.953     0.0009   1335.000  1033.9713  1033.9709    34.9272    34.9269    1487.70    1487.71    6.02231     -1.189     0.0009 0.0000e+00
   5203.389  -39.48594   60.00104   1334.000   1351.067     3.7299     3.7308   3.284833   3.284865    97.7247    -0.0607     1.8870      98.73          5  1033.9669  1033.9664    34.9274    34.9269    1487.69    1487.69   5203.389    6.01971   82.50828     -1.134     0.0009   1334.000  1033.9669  1033.9663    34.9273    34.9267    1487.69    1487.69    6.02278     -1.367     0.0009 0.0000e+00
   5204.097  -39.48594   60.00104   1333.000   1350.051     3.7288     3.7295   3.284650   3.284668    97.7150    -0.0597     1.8869      98.73          5  1033.9623  1033.9618    34.9271    34.9266    1487.66    1487.67   5204.097    6.02015   82.51208     -1.315     0.0006   1333.000  1033.9620  1033.9615    34.9268    34.9263    1487.66    1487.67    6.02181     -1.397     0.0006 0.0000e+00
   5204.842  -39.48594   60.00104   1332.000   1349.035     3.7281     3.7288   3.284531   3.284549    97.7078    -0.0593     1.8879      98.73          5  1033.9575  1033.9570    34.9269    34.9263    1487.64    1487.65   5204.842    6.02068   82.51767     -1.401     0.0008   1332.000  1033.9574  1033.9568    34.9267    34.9261    1487.64    1487.65    6.02589     -1.245     0.0008 0.0000e+00
   5205.844  -39.48594   60.00104   1331.000   1348.019     3.7272     3.7277   3.284381   3.284404    97.7193    -0.0599     1.8880      98.73          5  1033.9529  1033.9525    34.9266    34.9262    1487.62    1487.62   5205.844    6.02086   82.51809     -1.218     0.0005   1331.000  1033.9526  1033.9524    34.9264    34.9261    1487.62    1487.62    6.02561     -0.777     0.0005 0.0000e+00
   5208.228  -39.48594   60.00104   1330.000   1347.003     3.7273     3.7278   3.284350   3.284345    97.7218    -0.0604     1.8892      98.73          5  1033.9481  1033.9475    34.9264    34.9258    1487.61    1487.61   5208.228    6.02664   82.59754     -0.308     0.0005   1330.000  1033.9480  1033.9475    34.9263    34.9257    1487.61    1487.61    6.03006     -0.398     0.0005 0.0000e+00
   5209.625  -39.48594   60.00104   1329.000   1345.987     3.7290     3.7293   3.284456   3.284424    97.7149    -0.0585     1.8889      98.73          5  1033.9432  1033.9426    34.9263    34.9257    1487.60    1487.60   5209.625    6.02913   82.63490     -0.657     0.0003   1329.000  1033.9432  1033.9426    34.9264    34.9257    1487.60    1487.60    6.02751     -1.000     0.0003 0.0000e+00
   5210.524  -39.48594   60.00104   1328.000   1344.971     3.7297     3.7298   3.284474   3.284438    97.7137    -0.0592     1.8892      98.73          5  1033.9385  1033.9380    34.9263    34.9257    1487.58    1487.58   5210.524    6.02708   82.60841     -0.977     0.0001   1328.000  1033.9385  1033.9381    34.9263    34.9258    1487.58    1487.58    6.02814     -1.205     0.0001 0.0000e+00
   5211.316  -39.48594   60.00104   1327.000   1343.955     3.7300     3.7304   3.284458   3.284456    97.7169    -0.0602     1.8895      98.73          5  1033.9338  1033.9335    34.9263    34.9258    1487.57    1487.57   5211.316    6.02560   82.58856     -1.168     0.0005   1327.000  1033.9338  1033.9335    34.9264    34.9259    1487.57    1487.57    6.02826     -1.335     0.0005 0.0000e+00
   5212.054  -39.48594   60.00104   1326.000   1342.939     3.7311     3.7315   3.284545   3.284508    97.7160    -0.0594     1.8900      98.73          5  1033.9292  1033.9286    34.9265    34.9257    1487.55    1487.55   5212.054    6.02624   82.59969     -1.301     0.0004   1326.000  1033.9294  1033.9287    34.9267    34.9258    1487.55    1487.56    6.02983     -1.415     0.0004 0.0000e+00
   5212.753  -39.48595   60.00105   1325.000   1341.923     3.7331     3.7332   3.284674   3.284631    97.7074    -0.0602     1.8905      98.73          5  1033.9242  1033.9236    34.9263    34.9256    1487.55    1487.55   5212.753    6.02537   82.59178     -1.389     0.0001   1325.000  1033.9244  1033.9240    34.9266    34.9260    1487.55    1487.55    6.03067     -1.465     0.0001 0.0000e+00
   5213.436  -39.48596   60.00106   1324.000   1340.907     3.7352     3.7348   3.284801   3.284708    97.7078    -0.0594     1.8907      98.73          5  1033.9193  1033.9188    34.9262    34.9256    1487.54    1487.53   5213.436    6.02556   82.59855     -1.447    -0.0004   1324.000  1033.9194  1033.9189    34.9264    34.9257    1487.54    1487.53    6.03047     -1.469    -0.0004 0.0000e+00
   5214.133  -39.48596   60.00106   1323.000   1339.891     3.7361     3.7365   3.284833   3.284818    97.7077    -0.0589     1.8916      98.73          5  1033.9144  1033.9139    34.9261    34.9255    1487.52    1487.52   5214.133    6.02712   82.62164     -1.473     0.0004   1323.000  1033.9147  1033.9141    34.9264    34.9257    1487.52    1487.53    6.03334     -1.398     0.0004 0.0000e+00
   5214.901  -39.48596   60.00105   1322.000   1338.875     3.7369     3.7372   3.284854   3.284827    97.7062    -0.0600     1.8919      98.73          5  1033.9098  1033.9092    34.9261    34.9254    1487.51    1487.51   5214.901    6.02776   82.63202     -1.426     0.0004   1322.000  1033.9099  1033.9093    34.9263    34.9256    1487.51    1487.51    6.03383     -1.205     0.0004 0.0000e+00
   5215.992  -39.48596   60.00104   1321.000   1337.859     3.7374     3.7376   3.284853   3.284830    97.7075    -0.0588     1.8927      98.73          5  1033.9050  1033.9047    34.9261    34.9256    1487.50    1487.50   5215.992    6.03052   82.67075     -1.139     0.0002   1321.000  1033.9052  1033.9048    34.9262    34.9258    1487.50    1487.50    6.03664     -0.723     0.0002 0.0000e+00
   5218.438  -39.48596   60.00105   1320.000   1336.843     3.7376     3.7381   3.284819   3.284824    97.7154    -0.0598     1.8941      98.73          5  1033.9004  1033.8999    34.9260    34.9255    1487.48    1487.48   5218.438    6.03702   82.76036     -0.287     0.0005   1320.000  1033.9004  1033.9000    34.9261    34.9256    1487.48    1487.48    6.04201     -0.419     0.0005 0.0000e+00
   5219.802  -39.48596   60.00106   1319.000   1335.827     3.7376     3.7380   3.284765   3.284753    97.7084    -0.0597     1.8948      98.73          5  1033.8958  1033.8953    34.9259    34.9254    1487.46    1487.46   5219.802    6.04099   82.81465     -0.661     0.0004   1319.000  1033.8958  1033.8953    34.9260    34.9255    1487.46    1487.46    6.04421     -0.987     0.0004 0.0000e+00
   5220.726  -39.48597   60.00106   1318.000   1334.811     3.7375     3.7379   3.284703   3.284709    97.7062    -0.0585     1.8953      98.73          5  1033.8910  1033.8907    34.9258    34.9255    1487.44    1487.45   5220.726    6.04068   82.81018     -0.974     0.0004   1318.000  1033.8911  1033.8907    34.9259    34.9256    1487.44    1487.45    6.04565     -1.178     0.0004 0.0000e+00
   5221.544  -39.48598   60.00106   1317.000   1333.795     3.7374     3.7379   3.284649   3.284653    97.7117    -0.0601     1.8954      98.73          5  1033.8864  1033.8860    34.9258    34.9254    1487.43    1487.43   5221.544    6.04160   82.82270     -1.152     0.0004   1317.000  1033.8864  1033.8860    34.9258    34.9254    1487.43    1487.43    6.04513     -1.265     0.0004 0.0000e+00
   5222.333  -39.48598   60.00106   1316.000   1332.779     3.7371     3.7377   3.284551   3.284578    97.7200    -0.0593     1.8954      98.73          5  1033.8817  1033.8813    34.9256    34.9252    1487.41    1487.41   5222.333    6.04400   82.85468     -1.251     0.0006   1316.000  1033.8816  1033.8812    34.9255    34.9252    1487.41    1487.41    6.04439     -1.305     0.0006 0.0000e+00
   5223.102  -39.48598   60.00104   1315.000   1331.763     3.7361     3.7367   3.284384   3.284406    97.7135    -0.0593     1.8954      98.73          5  1033.8770  1033.8765    34.9253    34.9248    1487.39    1487.39   5223.102    6.04364   82.84756     -1.295     0.0006   1315.000  1033.8768  1033.8765    34.9251    34.9247    1487.39    1487.39    6.04376     -1.335     0.0006 0.0000e+00
   5223.854  -39.48597   60.00104   1314.000   1330.747     3.7350     3.7359   3.284226   3.284283    97.7106    -0.0593     1.8964      98.73          5  1033.8724  1033.8721    34.9251    34.9248    1487.37    1487.37   5223.854    6.04332   82.84090     -1.326     0.0009   1314.000  1033.8722  1033.8718    34.9249    34.9246    1487.37    1487.37    6.04797     -1.363     0.0009 0.0000e+00
   5224.594  -39.48596   60.00104   1313.000   1329.731     3.7336     3.7349   3.284045   3.284119    97.7077    -0.0605     1.8964      98.73          5  1033.8678  1033.8673    34.9249    34.9245    1487.34    1487.35   5224.594    6.04274   82.83015     -1.356     0.0012   1313.000  1033.8676  1033.8671    34.9247    34.9243    1487.34    1487.35    6.04739     -1.353     0.0012 0.0000e+00
   5225.356  -39.48596   60.00105   1312.000   1328.715     3.7323     3.7331   3.283818   3.283855    97.7089    -0.0597     1.8965      98.73          5  1033.8629  1033.8625    34.9244    34.9240    1487.32    1487.32   5225.356    6.04357   82.83853     -1.361     0.0007   1312.000  1033.8625  1033.8622    34.9239    34.9236    1487.32    1487.32    6.04715     -1.260     0.0007 0.0000e+00
   5226.233  -39.48596   60.00106   1311.000   1327.699     3.7294     3.7305   3.283458   3.283546    97.7063    -0.0607     1.8967      98.73          5  1033.8583  1033.8579    34.9238    34.9236    1487.29    1487.29   5226.233    6.04677   82.87615     -1.275     0.0011   1311.000  1033.8579  1033.8575    34.9233    34.9231    1487.29    1487.29    6.04760     -1.000     0.0011 0.0000e+00
   5228.040  -39.48598   60.00106   1310.000   1326.683     3.7254     3.7265   3.283018   3.283105    97.7129    -0.0594     1.8976      98.73          5  1033.8536  1033.8535    34.9231    34.9231    1487.26    1487.26   5228.040    6.04795   82.88395     -0.670     0.0011   1310.000  1033.8534  1033.8531    34.9228    34.9227    1487.25    1487.26    6.05159     -0.447     0.0011 0.0000e+00
   5230.361  -39.48600   60.00106   1309.000   1325.667     3.7258     3.7267   3.283003   3.283022    97.7095    -0.0592     1.8989      98.73          5  1033.8485  1033.8479    34.9226    34.9219    1487.24    1487.24   5230.361    6.05201   82.94008     -0.389     0.0009   1309.000  1033.8486  1033.8480    34.9226    34.9220    1487.24    1487.24    6.05638     -0.791     0.0009 0.0000e+00
