Ship_data/Irminger/Irminger-2/ctd/process/at30_007.ros
* Sea-Bird SBE 9 Data File:
* FileName = C:\data\ctd\at30_007.hdr
* Software Version Seasave V 7.21f
* Temperature SN = 2265
* Conductivity SN = 3021
* Number of Bytes Per Scan = 40
* Number of Voltage Words = 5
* Number of Scans Averaged by the Deck Unit = 1
* NMEA Latitude = 59 46.29 N
* NMEA Longitude = 039 52.92 W
* NMEA UTC (Time) = Aug 17 2015  23:01:49
** Site of FLMA 2015 -- need to confirm bottom depth
# nquan = 27
# nvalues = 1176                                  
# units = specified
# name 0 = timeS: Time, Elapsed [seconds]
# name 1 = longitude: Longitude [deg]
# name 2 = latitude: Latitude [deg]
# name 3 = depSM: Depth [salt water, m]
# name 4 = prDM: Pressure, Digiquartz [db]
# name 5 = t090C: Temperature [ITS-90, deg C]
# name 6 = t190C: Temperature, 2 [ITS-90, deg C]
# name 7 = c0S/m: Conductivity [S/m]
# name 8 = c1S/m: Conductivity, 2 [S/m]
# name 9 = CStarTr0: Beam Transmission, WET Labs C-Star [%]
# name 10 = flECO-AFL: Fluorescence, WET Labs ECO-AFL/FL [mg/m^3]
# name 11 = sbeox0V: Oxygen raw, SBE 43 [V]
# name 12 = altM: Altimeter [m]
# name 13 = nbf: Bottles Fired
# name 14 = density00: Density [density, Kg/m^3]
# name 15 = density11: Density, 2 [density, Kg/m^3]
# name 16 = sal00: Salinity, Practical [PSU]
# name 17 = sal11: Salinity, Practical, 2 [PSU]
# name 18 = svCM: Sound Velocity [Chen-Millero, m/s]
# name 19 = svCM1: Sound Velocity, 2 [Chen-Millero, m/s]
# name 20 = timeS: Time, Elapsed [seconds]
# name 21 = sbeox0ML/L: Oxygen, SBE 43 [ml/l]
# name 22 = sbeox0PS: Oxygen, SBE 43 [% saturation]
# name 23 = dz/dtM: Descent Rate [m/s]
# name 24 = T2-T190C: Temperature Difference, 2 - 1 [ITS-90, deg C]
# name 25 = scan: Scan Count
# name 26 = flag:  0.000e+00
# interval = seconds: 0.0416667
# start_time = Aug 17 2015 23:01:49 [NMEA time, header]
# bad_flag = -9.990e-29
*END*
   5410.917  -39.88166   59.77140    639.977    647.066     3.6606     3.6605   3.245110   3.245112    97.7062    -0.0292     2.1681      98.78          1  1030.7318  1030.7319    34.8902    34.8903    1475.68    1475.68   5410.917    6.64406   90.88944     -1.275    -0.0001     129863  0.000e+00
   5410.958  -39.88166   59.77140    639.985    647.074     3.6607     3.6606   3.245110   3.245141    97.7062    -0.0219     2.1681      98.78          1  1030.7317  1030.7321    34.8901    34.8906    1475.68    1475.68   5410.958    6.64405   90.88949     -1.265    -0.0001     129864  0.000e+00
   5411.000  -39.88166   59.77140    639.977    647.066     3.6607     3.6607   3.245092   3.245112    97.7062    -0.0219     2.1681      98.78          1  1030.7315  1030.7317    34.8899    34.8901    1475.68    1475.68   5411.000    6.64405   90.88937     -1.252    -0.0000     129865  0.000e+00
   5411.042  -39.88166   59.77140    639.864    646.951     3.6606     3.6605   3.245098   3.245112    97.7062    -0.0219     2.1681      98.78          1  1030.7312  1030.7314    34.8901    34.8903    1475.68    1475.68   5411.042    6.64396   90.88803     -1.240    -0.0001     129866  0.000e+00
   5411.083  -39.88166   59.77140    639.920    647.009     3.6606     3.6607   3.245110   3.245140    97.7062    -0.0219     2.1681      98.78          1  1030.7315  1030.7318    34.8902    34.8905    1475.68    1475.68   5411.083    6.64399   90.88868     -1.230     0.0000     129867  0.000e+00
   5411.125  -39.88166   59.77140    639.807    646.894     3.6604     3.6606   3.245110   3.245112    97.7062    -0.0219     2.1681      98.78          1  1030.7312  1030.7311    34.8905    34.8903    1475.68    1475.68   5411.125    6.64392   90.88737     -1.217     0.0002     129868  0.000e+00
   5411.167  -39.88166   59.77140    639.799    646.886     3.6606     3.6605   3.245092   3.245140    97.7324    -0.0292     2.1681      98.78          1  1030.7309  1030.7314    34.8901    34.8907    1475.68    1475.68   5411.167    6.64390   90.88721     -1.206    -0.0001     129869  0.000e+00
   5411.208  -39.88166   59.77140    639.807    646.894     3.6606     3.6607   3.245086   3.245083    97.7062    -0.0292     2.1681      98.78          1  1030.7309  1030.7307    34.8900    34.8899    1475.68    1475.68   5411.208    6.64391   90.88729     -1.191     0.0001     129870  0.000e+00
   5411.250  -39.88166   59.77140    639.678    646.763     3.6607     3.6605   3.245085   3.245140    97.7062    -0.0219     2.1681      98.75          1  1030.7302  1030.7309    34.8900    34.8908    1475.68    1475.68   5411.250    6.64378   90.88569     -1.179    -0.0002     129871  0.000e+00
   5411.292  -39.88166   59.77140    639.678    646.763     3.6606     3.6605   3.245079   3.245140    97.7062    -0.0219     2.1681      98.78          1  1030.7303  1030.7309    34.8900    34.8908    1475.67    1475.68   5411.292    6.64379   90.88571     -1.168    -0.0001     129872  0.000e+00
   5411.333  -39.88166   59.77140    639.686    646.771     3.6606     3.6606   3.245098   3.245112    97.6800    -0.0219     2.1681      98.78          1  1030.7305  1030.7306    34.8902    34.8904    1475.68    1475.68   5411.333    6.64379   90.88579     -1.155    -0.0000     129873  0.000e+00
   5411.375  -39.88166   59.77140    639.621    646.705     3.6606     3.6605   3.245091   3.245140    97.6800    -0.0219     2.1681      98.78          1  1030.7301  1030.7306    34.8902    34.8908    1475.67    1475.67   5411.375    6.64373   90.88500     -1.143    -0.0001     129874  0.000e+00
   5411.417  -39.88166   59.77140    639.565    646.648     3.6607     3.6607   3.245079   3.245083    97.6539    -0.0219     2.1681      98.78          1  1030.7297  1030.7297    34.8899    34.8900    1475.67    1475.67   5411.417    6.64367   90.88427     -1.129    -0.0000     129875  0.000e+00
   5411.458  -39.88166   59.77140    639.557    646.640     3.6604     3.6605   3.245079   3.245140    97.6539    -0.0219     2.1681      98.78          1  1030.7299  1030.7304    34.8902    34.8908    1475.67    1475.67   5411.458    6.64370   90.88424     -1.117     0.0001     129876  0.000e+00
   5411.500  -39.88166   59.77140    639.565    646.648     3.6604     3.6606   3.245097   3.245112    97.6800    -0.0219     2.1681      98.78          1  1030.7301  1030.7301    34.8905    34.8904    1475.67    1475.67   5411.500    6.64370   90.88432     -1.100     0.0002     129877  0.000e+00
   5411.542  -39.88166   59.77140    639.500    646.583     3.6607     3.6603   3.245073   3.245083    97.6800    -0.0219     2.1705      98.78          1  1030.7293  1030.7297    34.8899    34.8904    1475.67    1475.67   5411.542    6.65353   91.01906     -1.088    -0.0003     129878  0.000e+00
   5411.583  -39.88166   59.77140    639.435    646.517     3.6606     3.6605   3.245115   3.245140    97.7062    -0.0292     2.1693      98.78          1  1030.7296  1030.7299    34.8906    34.8909    1475.67    1475.67   5411.583    6.64850   90.95049     -1.075    -0.0001     129879  0.000e+00
   5411.625  -39.88166   59.77140    639.508    646.591     3.6606     3.6607   3.245097   3.245083    97.7062    -0.0219     2.1681      98.78          1  1030.7297  1030.7295    34.8903    34.8900    1475.67    1475.67   5411.625    6.64362   90.88354     -1.055     0.0001     129880  0.000e+00
   5411.667  -39.88166   59.77140    639.379    646.460     3.6607     3.6605   3.245079   3.245083    97.7062    -0.0219     2.1681      98.78          1  1030.7289  1030.7291    34.8900    34.8903    1475.67    1475.67   5411.667    6.64350   90.88195     -1.046    -0.0002     129881  0.000e+00
   5411.708  -39.88166   59.77140    639.387    646.468     3.6604     3.6604   3.245085   3.245083    97.7062    -0.0292     2.1681      98.78          1  1030.7292  1030.7292    34.8904    34.8904    1475.67    1475.67   5411.708    6.64354   90.88211     -1.030     0.0000     129882  0.000e+00
   5411.750  -39.88166   59.77140    639.379    646.460     3.6604     3.6607   3.245085   3.245112    97.7062    -0.0219     2.1681      98.78          1  1030.7292  1030.7292    34.8904    34.8904    1475.67    1475.67   5411.750    6.64353   90.88199     -1.014     0.0003     129883  0.000e+00
   5411.792  -39.88166   59.77140    639.322    646.403     3.6606     3.6603   3.245079   3.245049    97.6800    -0.0219     2.1681      98.78          1  1030.7287  1030.7287    34.8902    34.8901    1475.67    1475.67   5411.792    6.64346   90.88125     -0.996    -0.0002     129884  0.000e+00
   5411.833  -39.88166   59.77140    639.322    646.403     3.6602     3.6603   3.245061   3.245083    97.7062    -0.0219     2.1681      98.78          1  1030.7289  1030.7290    34.8903    34.8905    1475.67    1475.67   5411.833    6.64351   90.88133     -0.980     0.0001     129885  0.000e+00
   5411.875  -39.88166   59.77140    639.257    646.337     3.6604     3.6606   3.245037   3.245083    97.7062    -0.0219     2.1693      98.78          1  1030.7282  1030.7285    34.8899    34.8903    1475.67    1475.67   5411.875    6.64840   90.94830     -0.967     0.0002     129886  0.000e+00
   5411.917  -39.88166   59.77140    639.265    646.345     3.6602     3.6603   3.245043   3.245083    97.7062    -0.0219     2.1681      98.78          1  1030.7285  1030.7288    34.8902    34.8905    1475.67    1475.67   5411.917    6.64348   90.88064     -0.953     0.0002     129887  0.000e+00
   5411.958  -39.88166   59.77140    639.201    646.280     3.6604     3.6603   3.245073   3.245049    97.7062    -0.0292     2.1681      98.78          1  1030.7283  1030.7282    34.8904    34.8901    1475.67    1475.67   5411.958    6.64337   90.87978     -0.941    -0.0000     129888  0.000e+00
   5412.000  -39.88166   59.77140    639.209    646.288     3.6606     3.6603   3.245061   3.245083    97.6800    -0.0219     2.1681      98.78          1  1030.7281  1030.7285    34.8900    34.8905    1475.67    1475.67   5412.000    6.64336   90.87981     -0.927    -0.0002     129889  0.000e+00
   5412.042  -39.88166   59.77140    639.136    646.214     3.6604     3.6607   3.245073   3.245049    97.7062    -0.0219     2.1693      98.78          1  1030.7281  1030.7276    34.8904    34.8898    1475.67    1475.67   5412.042    6.64827   90.94678     -0.913     0.0003     129890  0.000e+00
   5412.083  -39.88166   59.77140    639.144    646.222     3.6604     3.6606   3.245061   3.245055    97.7062    -0.0219     2.1681      98.78          1  1030.7280  1030.7278    34.8902    34.8900    1475.67    1475.67   5412.083    6.64332   90.87905     -0.898     0.0002     129891  0.000e+00
   5412.125  -39.88166   59.77140    639.079    646.157     3.6604     3.6603   3.245055   3.245083    97.7062    -0.0219     2.1681      98.78          1  1030.7277  1030.7280    34.8902    34.8906    1475.66    1475.66   5412.125    6.64327   90.87826     -0.886    -0.0000     129892  0.000e+00
   5412.167  -39.88166   59.77140    639.079    646.157     3.6604     3.6607   3.245055   3.245083    97.7062    -0.0219     2.1705      98.78          1  1030.7277  1030.7277    34.8902    34.8903    1475.66    1475.67   5412.167    6.65318   91.01385     -0.872     0.0003     129893  0.000e+00
   5412.208  -39.88166   59.77140    639.088    646.165     3.6604     3.6605   3.245061   3.245049    97.7062    -0.0219     2.1681      98.78          1  1030.7277  1030.7275    34.8903    34.8900    1475.66    1475.66   5412.208    6.64327   90.87833     -0.858     0.0001     129894  0.000e+00
   5412.250  -39.88166   59.77140    639.023    646.100     3.6604     3.6606   3.245055   3.245083    97.7062    -0.0219     2.1681      98.75          1  1030.7274  1030.7275    34.8902    34.8904    1475.66    1475.66   5412.250    6.64321   90.87754     -0.847     0.0002     129895  0.000e+00
   5412.292  -39.88166   59.77140    638.966    646.042     3.6604     3.6607   3.245055   3.245112    97.7062    -0.0219     2.1681      98.78          1  1030.7272  1030.7274    34.8903    34.8907    1475.66    1475.66   5412.292    6.64316   90.87684     -0.835     0.0003     129896  0.000e+00
   5412.333  -39.88166   59.77140    638.958    646.034     3.6604     3.6605   3.245037   3.245083    97.7062    -0.0219     2.1681      98.78          1  1030.7270  1030.7273    34.8901    34.8905    1475.66    1475.66   5412.333    6.64316   90.87673     -0.823     0.0001     129897  0.000e+00
   5412.375  -39.88166   59.77140    638.966    646.042     3.6602     3.6605   3.245043   3.245083    97.6800    -0.0219     2.1681      98.78          1  1030.7272  1030.7273    34.8903    34.8905    1475.66    1475.66   5412.375    6.64319   90.87686     -0.813     0.0003     129898  0.000e+00
   5412.417  -39.88166   59.77140    638.902    645.977     3.6604     3.6603   3.245055   3.245055    97.7062    -0.0219     2.1681      98.78          1  1030.7269  1030.7269    34.8903    34.8903    1475.66    1475.66   5412.417    6.64310   90.87602     -0.803    -0.0000     129899  0.000e+00
   5412.458  -39.88166   59.77140    638.902    645.977     3.6604     3.6606   3.245037   3.245083    97.7062    -0.0219     2.1681      98.78          1  1030.7267  1030.7270    34.8901    34.8905    1475.66    1475.66   5412.458    6.64311   90.87600     -0.793     0.0002     129900  0.000e+00
   5412.500  -39.88166   59.77140    638.910    645.985     3.6602     3.6605   3.245007   3.245083    97.7062    -0.0219     2.1681      98.75          1  1030.7266  1030.7271    34.8899    34.8905    1475.66    1475.66   5412.500    6.64315   90.87613     -0.778     0.0003     129901  0.000e+00
   5412.542  -39.88166   59.77140    638.780    645.854     3.6606     3.6603   3.245013   3.245083    97.7062    -0.0292     2.1681      98.78          1  1030.7258  1030.7267    34.8897    34.8907    1475.66    1475.66   5412.542    6.64299   90.87447     -0.774    -0.0002     129902  0.000e+00
   5412.583  -39.88166   59.77140    638.845    645.919     3.6601     3.6605   3.245043   3.245055    97.7062    -0.0219     2.1681      98.78          1  1030.7269  1030.7265    34.8905    34.8902    1475.66    1475.66   5412.583    6.64309   90.87537     -0.763     0.0004     129903  0.000e+00
   5412.625  -39.88166   59.77140    638.716    645.788     3.6604     3.6604   3.245055   3.245083    97.7062    -0.0219     2.1681      98.78          1  1030.7261  1030.7264    34.8904    34.8907    1475.66    1475.66   5412.625    6.64292   90.87371     -0.755     0.0000     129904  0.000e+00
   5412.667  -39.88166   59.77140    638.788    645.862     3.6604     3.6603   3.245037   3.245049    97.6800    -0.0219     2.1681      98.78          1  1030.7262  1030.7264    34.8901    34.8903    1475.66    1475.66   5412.667    6.64300   90.87457     -0.746    -0.0000     129905  0.000e+00
   5412.708  -39.88166   59.77140    638.659    645.731     3.6601     3.6603   3.245031   3.245049    97.6800    -0.0219     2.1681      98.78          1  1030.7260  1030.7259    34.8905    34.8904    1475.66    1475.66   5412.708    6.64293   90.87310     -0.741     0.0003     129906  0.000e+00
   5412.750  -39.88166   59.77140    638.716    645.789     3.6604     3.6603   3.245025   3.245083    97.7062    -0.0219     2.1693      98.75          1  1030.7258  1030.7264    34.8900    34.8908    1475.66    1475.66   5412.750    6.64789   90.94144     -0.733    -0.0001     129907  0.000e+00
   5412.792  -39.88166   59.77140    638.667    645.739     3.6602     3.6605   3.245025   3.245049    97.6800    -0.0219     2.1693      98.78          1  1030.7258  1030.7257    34.8902    34.8902    1475.66    1475.66   5412.792    6.64787   90.94091     -0.727     0.0003     129908  0.000e+00
   5412.833  -39.88166   59.77140    638.602    645.674     3.6604     3.6604   3.245025   3.245049    97.7062    -0.0219     2.1693      98.78          1  1030.7253  1030.7256    34.8901    34.8904    1475.66    1475.66   5412.833    6.64779   90.94007     -0.725     0.0000     129909  0.000e+00
   5412.875  -39.88166   59.77140    638.611    645.682     3.6602     3.6605   3.245025   3.245049    97.7062    -0.0219     2.1693      98.78          1  1030.7255  1030.7255    34.8903    34.8903    1475.66    1475.66   5412.875    6.64782   90.94020     -0.719     0.0003     129910  0.000e+00
   5412.917  -39.88166   59.77140    638.538    645.608     3.6604     3.6603   3.245043   3.245083    97.7062    -0.0219     2.1693      98.78          1  1030.7252  1030.7257    34.8904    34.8909    1475.66    1475.66   5412.917    6.64772   90.93926     -0.714    -0.0000     129911  0.000e+00
   5417.708  -39.88166   59.77140    633.743    640.753     3.6602     3.6603   3.244801   3.244813    97.6277    -0.0219     2.1717      98.78          2  1030.7028  1030.7028    34.8902    34.8902    1475.57    1475.58   5417.708    6.65332   91.01549     -1.071     0.0001     130026  0.000e+00
   5417.750  -39.88166   59.77140    633.815    640.826     3.6606     3.6603   3.244801   3.244842    97.6277    -0.0219     2.1705      98.78          2  1030.7028  1030.7034    34.8898    34.8905    1475.58    1475.58   5417.750    6.64839   90.94850     -1.063    -0.0002     130027  0.000e+00
   5417.792  -39.88166   59.77140    633.686    640.695     3.6602     3.6603   3.244813   3.244842    97.6539    -0.0219     2.1717      98.75          2  1030.7027  1030.7028    34.8904    34.8906    1475.57    1475.57   5417.792    6.65326   91.01478     -1.060     0.0001     130028  0.000e+00
   5417.833  -39.88166   59.77140    633.621    640.630     3.6604     3.6604   3.244777   3.244813    97.6539    -0.0219     2.1717      98.78          2  1030.7019  1030.7022    34.8898    34.8902    1475.57    1475.57   5417.833    6.65320   91.01394     -1.059     0.0000     130029  0.000e+00
