Ship_data/Irminger/Irminger-2/ctd/process/at30_012_SV.cnv
* Sea-Bird SBE 9 Data File:
* FileName = C:\data\ctd\at30_012.hdr
* Software Version Seasave V 7.21f
* Temperature SN = 2265
* Conductivity SN = 3021
* Number of Bytes Per Scan = 40
* Number of Voltage Words = 5
* Number of Scans Averaged by the Deck Unit = 1
* NMEA Latitude = 59 59.98 N
* NMEA Longitude = 039 28.96 W
* NMEA UTC (Time) = Aug 23 2015  16:50:38
** Cal/Val for HYPM-2
# nquan = 15
# nvalues = 2646                        
# units = specified
# name 0 = depSM: Depth [salt water, m]
# name 1 = svCM: Sound Velocity [Chen-Millero, m/s]
# name 2 = svCM1: Sound Velocity, 2 [Chen-Millero, m/s]
# name 3 = timeS: Time, Elapsed [seconds]
# name 4 = depSM: Depth [salt water, m]
# name 5 = density00: Density [density, Kg/m^3]
# name 6 = density11: Density, 2 [density, Kg/m^3]
# name 7 = sal00: Salinity, Practical [PSU]
# name 8 = sal11: Salinity, Practical, 2 [PSU]
# name 9 = svCM: Sound Velocity [Chen-Millero, m/s]
# name 10 = svCM1: Sound Velocity, 2 [Chen-Millero, m/s]
# name 11 = sbeox0ML/L: Oxygen, SBE 43 [ml/l]
# name 12 = dz/dtM: Descent Rate [m/s]
# name 13 = T2-T190C: Temperature Difference, 2 - 1 [ITS-90, deg C]
# name 14 = flag:
# span 0 =      7.000,   2652.000       
# span 1 =    1470.39,    1501.01       
# span 2 =    1470.39,    1501.00       
# span 3 =     44.566,   3224.033       
# span 4 =      7.000,   2652.000       
# span 5 =  1027.1449,  1040.3141       
# span 6 =  1027.1443,  1040.3137       
# span 7 =    34.8274,    34.9557       
# span 8 =    34.8265,    34.9565       
# span 9 =    1470.38,    1501.01       
# span 10 =    1470.38,    1501.00      
# span 11 =    6.00000,    6.85558      
# span 12 =     -0.445,      1.744      
# span 13 =    -0.0197,     0.1179      
# span 14 = 0.0000e+00, 0.0000e+00      
# interval = meters: 1                  
# start_time = Aug 23 2015 16:50:38 [NMEA time, header]
# bad_flag = -9.990e-29
*END*
[from data line 2507]
   2514.000    1500.99    1500.99   2904.923   2514.000  1039.5752  1039.5750    34.9045    34.9043    1500.99    1500.99    6.36072      0.998     0.0009 0.0000e+00
   2515.000    1500.95    1500.95   2905.872   2515.000  1039.5807  1039.5806    34.9031    34.9031    1500.94    1500.95    6.36428      1.106     0.0010 0.0000e+00
   2516.000    1500.94    1500.94   2906.778   2516.000  1039.5862  1039.5858    34.9031    34.9028    1500.94    1500.94    6.36660      1.111     0.0007 0.0000e+00
   2517.000    1500.93    1500.93   2907.717   2517.000  1039.5913  1039.5908    34.9029    34.9024    1500.93    1500.93    6.37149      1.061     0.0007 0.0000e+00
   2518.000    1500.94    1500.94   2908.708   2518.000  1039.5962  1039.5955    34.9029    34.9022    1500.94    1500.94    6.37575      1.022     0.0007 0.0000e+00
   2519.000    1500.95    1500.95   2909.702   2519.000  1039.6008  1039.6003    34.9030    34.9024    1500.95    1500.95    6.37734      1.070     0.0006 0.0000e+00
   2520.000    1500.97    1500.97   2910.615   2520.000  1039.6055  1039.6050    34.9028    34.9022    1500.96    1500.97    6.38039      1.174     0.0006 0.0000e+00
   2521.000    1500.97    1500.98   2911.448   2521.000  1039.6100  1039.6097    34.9025    34.9022    1500.97    1500.97    6.38356      1.231     0.0006 0.0000e+00
   2522.000    1500.97    1500.98   2912.283   2522.000  1039.6150  1039.6146    34.9023    34.9020    1500.97    1500.97    6.38591      1.133     0.0005 0.0000e+00
   2523.000    1500.97    1500.96   2913.363   2523.000  1039.6204  1039.6198    34.9022    34.9014    1500.96    1500.96    6.38914      0.754    -0.0003 0.0000e+00
   2524.000    1501.00    1500.98   2915.662   2524.000  1039.6239  1039.6243    34.9018    34.9012    1501.00    1500.98    6.39103      0.414    -0.0063 0.0000e+00
   2525.000    1500.93    1500.93   2917.160   2525.000  1039.6306  1039.6305    34.9005    34.9004    1500.92    1500.93    6.40114      1.055     0.0004 0.0000e+00
   2526.000    1500.91    1500.91   2917.983   2526.000  1039.6360  1039.6359    34.9002    34.9001    1500.91    1500.91    6.40457      1.349     0.0005 0.0000e+00
   2527.000    1500.88    1500.88   2918.682   2527.000  1039.6410  1039.6415    34.8988    34.8994    1500.87    1500.88    6.40852      1.521     0.0006 0.0000e+00
   2528.000    1500.85    1500.86   2919.324   2528.000  1039.6475  1039.6471    34.8994    34.8990    1500.85    1500.85    6.41080      1.584     0.0004 0.0000e+00
   2529.000    1500.85    1500.85   2919.965   2529.000  1039.6525  1039.6523    34.8989    34.8989    1500.85    1500.85    6.41822      1.546     0.0006 0.0000e+00
   2530.000    1500.84    1500.84   2920.646   2530.000  1039.6582  1039.6576    34.8994    34.8988    1500.84    1500.84    6.41954      1.427     0.0007 0.0000e+00
   2531.000    1500.84    1500.84   2921.413   2531.000  1039.6626  1039.6624    34.8986    34.8983    1500.84    1500.84    6.42192      1.220     0.0006 0.0000e+00
   2532.000    1500.83    1500.83   2922.390   2532.000  1039.6678  1039.6674    34.8982    34.8977    1500.82    1500.83    6.42634      0.900     0.0007 0.0000e+00
   2533.000    1500.88    1500.87   2924.315   2533.000  1039.6721  1039.6716    34.8991    34.8985    1500.87    1500.87    6.43369      0.388    -0.0006 0.0000e+00
   2534.000    1500.83    1500.84   2926.532   2534.000  1039.6769  1039.6771    34.8966    34.8973    1500.82    1500.83    6.44479      0.857     0.0018 0.0000e+00
   2535.000    1500.79    1500.79   2927.452   2535.000  1039.6848  1039.6843    34.8986    34.8980    1500.79    1500.79    6.45114      1.194     0.0004 0.0000e+00
   2536.000    1500.81    1500.81   2928.242   2536.000  1039.6898  1039.6892    34.8991    34.8984    1500.80    1500.81    6.45313      1.327     0.0006 0.0000e+00
   2537.000    1500.82    1500.82   2928.993   2537.000  1039.6945  1039.6940    34.8990    34.8984    1500.82    1500.82    6.45504      1.332     0.0006 0.0000e+00
   2538.000    1500.82    1500.82   2929.782   2538.000  1039.7001  1039.6997    34.8994    34.8991    1500.81    1500.82    6.45637      1.227     0.0006 0.0000e+00
   2539.000    1500.78    1500.79   2930.677   2539.000  1039.7054  1039.7057    34.8984    34.8989    1500.78    1500.78    6.46042      1.091     0.0006 0.0000e+00
   2540.000    1500.74    1500.74   2931.653   2540.000  1039.7117  1039.7115    34.8980    34.8979    1500.74    1500.74    6.46617      1.062     0.0004 0.0000e+00
   2541.000    1500.73    1500.73   2932.586   2541.000  1039.7172  1039.7168    34.8980    34.8976    1500.73    1500.73    6.46777      1.147     0.0007 0.0000e+00
   2542.000    1500.73    1500.73   2933.439   2542.000  1039.7219  1039.7218    34.8975    34.8975    1500.72    1500.73    6.46818      1.209     0.0004 0.0000e+00
   2543.000    1500.71    1500.72   2934.283   2543.000  1039.7278  1039.7274    34.8979    34.8975    1500.71    1500.71    6.46998      1.149     0.0005 0.0000e+00
   2544.000    1500.72    1500.73   2935.268   2544.000  1039.7327  1039.7321    34.8980    34.8973    1500.72    1500.72    6.47245      0.887     0.0006 0.0000e+00
   2545.000    1500.76    1500.74   2936.938   2545.000  1039.7369  1039.7373    34.8982    34.8982    1500.75    1500.74    6.47399      0.520    -0.0027 0.0000e+00
   2546.000    1500.74    1500.74   2938.700   2546.000  1039.7423  1039.7422    34.8981    34.8978    1500.74    1500.74    6.47738      0.810    -0.0002 0.0000e+00
   2547.000    1500.74    1500.74   2939.745   2547.000  1039.7478  1039.7472    34.8983    34.8976    1500.74    1500.74    6.48092      1.017     0.0008 0.0000e+00
   2548.000    1500.75    1500.75   2940.708   2548.000  1039.7524  1039.7520    34.8982    34.8977    1500.75    1500.75    6.48210      1.080     0.0006 0.0000e+00
   2549.000    1500.75    1500.76   2941.641   2549.000  1039.7572  1039.7568    34.8978    34.8975    1500.75    1500.76    6.48309      1.115     0.0008 0.0000e+00
   2550.000    1500.76    1500.76   2942.539   2550.000  1039.7622  1039.7618    34.8978    34.8974    1500.76    1500.76    6.48379      1.179     0.0007 0.0000e+00
   2551.000    1500.75    1500.75   2943.375   2551.000  1039.7673  1039.7671    34.8974    34.8973    1500.75    1500.75    6.48602      1.261     0.0006 0.0000e+00
   2552.000    1500.73    1500.73   2944.164   2552.000  1039.7731  1039.7729    34.8973    34.8973    1500.72    1500.73    6.48855      1.277     0.0005 0.0000e+00
   2553.000    1500.73    1500.73   2944.981   2553.000  1039.7786  1039.7781    34.8978    34.8972    1500.72    1500.73    6.49157      1.179     0.0005 0.0000e+00
   2554.000    1500.73    1500.73   2945.931   2554.000  1039.7834  1039.7830    34.8976    34.8971    1500.73    1500.73    6.49266      0.970     0.0007 0.0000e+00
   2555.000    1500.73    1500.73   2947.157   2555.000  1039.7886  1039.7880    34.8977    34.8970    1500.73    1500.73    6.49349      0.763     0.0005 0.0000e+00
   2556.000    1500.72    1500.72   2948.562   2556.000  1039.7939  1039.7938    34.8973    34.8971    1500.72    1500.71    6.49699      0.743    -0.0004 0.0000e+00
   2557.000    1500.69    1500.69   2949.876   2557.000  1039.8002  1039.7996    34.8975    34.8968    1500.68    1500.69    6.50068      0.816     0.0008 0.0000e+00
   2558.000    1500.70    1500.70   2951.079   2558.000  1039.8057  1039.8051    34.8985    34.8978    1500.70    1500.70    6.50141      0.899     0.0004 0.0000e+00
   2559.000    1500.71    1500.71   2952.147   2559.000  1039.8108  1039.8102    34.8990    34.8983    1500.71    1500.71    6.50103      1.032     0.0005 0.0000e+00
   2560.000    1500.73    1500.73   2953.073   2560.000  1039.8154  1039.8149    34.8990    34.8985    1500.73    1500.73    6.50097      1.166     0.0004 0.0000e+00
   2561.000    1500.71    1500.71   2953.909   2561.000  1039.8204  1039.8208    34.8978    34.8985    1500.70    1500.71    6.50001      1.254     0.0011 0.0000e+00
   2562.000    1500.67    1500.67   2954.703   2562.000  1039.8273  1039.8270    34.8986    34.8984    1500.67    1500.67    6.50324      1.278     0.0006 0.0000e+00
   2563.000    1500.67    1500.68   2955.509   2563.000  1039.8325  1039.8320    34.8988    34.8984    1500.67    1500.67    6.50282      1.209     0.0006 0.0000e+00
   2564.000    1500.65    1500.66   2956.418   2564.000  1039.8381  1039.8379    34.8987    34.8985    1500.65    1500.65    6.50257      1.040     0.0006 0.0000e+00
   2565.000    1500.63    1500.64   2957.556   2565.000  1039.8438  1039.8433    34.8984    34.8979    1500.63    1500.63    6.50387      0.755     0.0002 0.0000e+00
   2566.000    1500.64    1500.56   2959.369   2566.000  1039.8478  1039.8505    34.8973    34.8972    1500.64    1500.55    6.50383      0.512    -0.0197 0.0000e+00
   2567.000    1500.55    1500.54   2961.094   2567.000  1039.8556  1039.8551    34.8968    34.8960    1500.54    1500.54    6.51039      0.762    -0.0007 0.0000e+00
   2568.000    1500.54    1500.54   2962.246   2568.000  1039.8608  1039.8605    34.8965    34.8965    1500.53    1500.54    6.51302      0.959     0.0020 0.0000e+00
   2569.000    1500.52    1500.52   2963.253   2569.000  1039.8666  1039.8663    34.8965    34.8963    1500.51    1500.52    6.51746      1.023     0.0005 0.0000e+00
   2570.000    1500.49    1500.49   2964.278   2570.000  1039.8719  1039.8721    34.8956    34.8959    1500.48    1500.49    6.52256      0.918     0.0011 0.0000e+00
   2571.000    1500.45    1500.48   2966.401   2571.000  1039.8779  1039.8771    34.8951    34.8955    1500.45    1500.48    6.53015      0.378     0.0079 0.0000e+00
   2572.000    1500.36    1500.37   2970.404   2572.000  1039.8856  1039.8849    34.8946    34.8941    1500.35    1500.36    6.54744      0.547     0.0022 0.0000e+00
   2573.000    1500.36    1500.36   2971.774   2573.000  1039.8910  1039.8904    34.8950    34.8941    1500.36    1500.35    6.55723      0.744     0.0000 0.0000e+00
   2574.000    1500.37    1500.37   2973.174   2574.000  1039.8956  1039.8949    34.8951    34.8942    1500.37    1500.37    6.55905      0.676     0.0005 0.0000e+00
   2575.000    1500.39    1500.39   2974.913   2575.000  1039.9003  1039.8995    34.8951    34.8943    1500.39    1500.39    6.56379      0.524     0.0003 0.0000e+00
   2576.000    1500.40    1500.40   2977.488   2576.000  1039.9050  1039.9044    34.8951    34.8944    1500.40    1500.40    6.56653      0.325    -0.0001 0.0000e+00
   2577.000    1500.41    1500.41   2980.171   2577.000  1039.9100  1039.9093    34.8953    34.8943    1500.41    1500.41    6.56888      0.673     0.0006 0.0000e+00
   2578.000    1500.41    1500.42   2981.392   2578.000  1039.9149  1039.9143    34.8952    34.8945    1500.41    1500.41    6.57029      0.774     0.0006 0.0000e+00
   2579.000    1500.42    1500.42   2984.025   2579.000  1039.9198  1039.9192    34.8952    34.8945    1500.42    1500.42    6.57186      0.287     0.0005 0.0000e+00
   2580.000    1500.42    1500.42   2987.063   2580.000  1039.9250  1039.9244    34.8953    34.8947    1500.42    1500.42    6.57411      0.757     0.0006 0.0000e+00
   2581.000    1500.40    1500.41   2988.181   2581.000  1039.9305  1039.9303    34.8951    34.8948    1500.40    1500.41    6.57609      0.943     0.0006 0.0000e+00
   2582.000    1500.41    1500.41   2989.248   2582.000  1039.9359  1039.9352    34.8955    34.8948    1500.41    1500.41    6.57766      0.899     0.0007 0.0000e+00
   2583.000    1500.42    1500.43   2991.890   2583.000  1039.9404  1039.9397    34.8953    34.8947    1500.42    1500.43    6.57349      0.313     0.0019 0.0000e+00
   2584.000    1500.39    1500.39   2995.497   2584.000  1039.9464  1039.9459    34.8952    34.8947    1500.39    1500.39    6.57519      0.702     0.0006 0.0000e+00
   2585.000    1500.36    1500.37   2996.779   2585.000  1039.9526  1039.9524    34.8953    34.8952    1500.36    1500.36    6.57825      0.805     0.0009 0.0000e+00
   2586.000    1500.33    1500.33   2998.138   2586.000  1039.9595  1039.9587    34.8961    34.8954    1500.33    1500.33    6.58151      0.682     0.0005 0.0000e+00
   2587.000    1500.33    1500.33   2999.796   2587.000  1039.9647  1039.9640    34.8962    34.8954    1500.33    1500.33    6.58117      0.581     0.0006 0.0000e+00
   2588.000    1500.34    1500.34   3001.885   2588.000  1039.9692  1039.9689    34.8961    34.8954    1500.34    1500.33    6.57653      0.378    -0.0012 0.0000e+00
   2589.000    1500.34    1500.35   3006.019   2589.000  1039.9742  1039.9735    34.8959    34.8952    1500.34    1500.34    6.57152      0.319     0.0012 0.0000e+00
   2590.000    1500.34    1500.35   3007.662   2590.000  1039.9792  1039.9788    34.8959    34.8954    1500.34    1500.34    6.57396      0.744     0.0004 0.0000e+00
   2591.000    1500.32    1500.32   3008.897   2591.000  1039.9850  1039.9847    34.8955    34.8954    1500.31    1500.32    6.57700      0.839     0.0010 0.0000e+00
   2592.000    1500.26    1500.26   3010.153   2592.000  1039.9922  1039.9919    34.8958    34.8956    1500.26    1500.26    6.58091      0.722    -0.0002 0.0000e+00
   2593.000    1500.28    1500.26   3012.568   2593.000  1039.9969  1039.9971    34.8961    34.8956    1500.28    1500.26    6.58035      0.317    -0.0032 0.0000e+00
   2594.000    1500.26    1500.26   3015.112   2594.000  1040.0031  1040.0023    34.8963    34.8955    1500.25    1500.25    6.58339      0.593     0.0001 0.0000e+00
   2595.000    1500.26    1500.26   3017.635   2595.000  1040.0078  1040.0073    34.8963    34.8956    1500.26    1500.26    6.58143      0.294    -0.0004 0.0000e+00
   2596.000    1500.27    1500.27   3020.903   2596.000  1040.0128  1040.0121    34.8965    34.8957    1500.27    1500.27    6.58234      0.682     0.0001 0.0000e+00
   2597.000    1500.26    1500.28   3021.960   2597.000  1040.0179  1040.0173    34.8960    34.8958    1500.26    1500.27    6.58490      0.989     0.0034 0.0000e+00
   2598.000    1500.26    1500.26   3022.918   2598.000  1040.0236  1040.0229    34.8965    34.8960    1500.26    1500.26    6.58558      1.068     0.0007 0.0000e+00
   2599.000    1500.26    1500.27   3023.912   2599.000  1040.0286  1040.0280    34.8965    34.8959    1500.26    1500.27    6.58539      0.899     0.0011 0.0000e+00
   2600.000    1500.28    1500.29   3027.854   2600.000  1040.0331  1040.0322    34.8965    34.8958    1500.28    1500.29    6.58650      0.104     0.0021 0.0000e+00
   2601.000    1500.28    1500.28   3030.937   2601.000  1040.0382  1040.0377    34.8966    34.8962    1500.28    1500.28    6.58295      1.094     0.0009 0.0000e+00
   2602.000    1500.29    1500.29   3031.754   2602.000  1040.0428  1040.0427    34.8962    34.8962    1500.29    1500.29    6.58370      1.008     0.0009 0.0000e+00
   2603.000    1500.26    1500.23   3033.041   2603.000  1040.0492  1040.0498    34.8966    34.8963    1500.26    1500.23    6.58451      0.621    -0.0064 0.0000e+00
   2604.000    1500.23    1500.24   3036.302   2604.000  1040.0552  1040.0544    34.8964    34.8959    1500.23    1500.24    6.58405      0.235     0.0024 0.0000e+00
   2605.000    1500.20    1500.20   3038.939   2605.000  1040.0615  1040.0610    34.8968    34.8962    1500.20    1500.20    6.58760      0.657     0.0005 0.0000e+00
   2606.000    1500.19    1500.19   3040.260   2606.000  1040.0669  1040.0665    34.8967    34.8963    1500.19    1500.19    6.58853      0.746     0.0003 0.0000e+00
   2607.000    1500.18    1500.18   3042.266   2607.000  1040.0725  1040.0721    34.8969    34.8963    1500.18    1500.18    6.59072      0.384    -0.0009 0.0000e+00
   2608.000    1500.13    1500.14   3045.146   2608.000  1040.0784  1040.0781    34.8959    34.8959    1500.13    1500.14    6.58954      0.613     0.0015 0.0000e+00
