Ship_data/Irminger/Irminger-2/ctd/process/at30_004.cnv
* Sea-Bird SBE 9 Data File:
* FileName = C:\data\ctd\at30_004.hdr
* Software Version Seasave V 7.21f
* Temperature SN = 2265
* Conductivity SN = 3021
* Number of Bytes Per Scan = 40
* Number of Voltage Words = 5
* Number of Scans Averaged by the Deck Unit = 1
* NMEA Latitude = 59 57.06 N
* NMEA Longitude = 039 25.14 W
* NMEA UTC (Time) = Aug 14 2015  14:16:48
# nquan = 36
# nvalues = 5372                        
# units = specified
# name 0 = timeS: Time, Elapsed [seconds]
# name 1 = longitude: Longitude [deg]
# name 2 = latitude: Latitude [deg]
# name 3 = depSM: Depth [salt water, m]
# name 4 = prDM: Pressure, Digiquartz [db]
# name 5 = t090C: Temperature [ITS-90, deg C]
# name 6 = t190C: Temperature, 2 [ITS-90, deg C]
# name 7 = c0S/m: Conductivity [S/m]
# name 8 = c1S/m: Conductivity, 2 [S/m]
# name 9 = CStarTr0: Beam Transmission, WET Labs C-Star [%]
# name 10 = flECO-AFL: Fluorescence, WET Labs ECO-AFL/FL [mg/m^3]
# name 11 = sbeox0V: Oxygen raw, SBE 43 [V]
# name 12 = altM: Altimeter [m]
# name 13 = nbf: Bottles Fired
# name 14 = density00: Density [density, Kg/m^3]
# name 15 = density11: Density, 2 [density, Kg/m^3]
# name 16 = sal00: Salinity, Practical [PSU]
# name 17 = sal11: Salinity, Practical, 2 [PSU]
# name 18 = svCM: Sound Velocity [Chen-Millero, m/s]
# name 19 = svCM1: Sound Velocity, 2 [Chen-Millero, m/s]
# name 20 = timeS: Time, Elapsed [seconds]
# name 21 = sbeox0ML/L: Oxygen, SBE 43 [ml/l]
# name 22 = sbeox0PS: Oxygen, SBE 43 [% saturation]
# name 23 = dz/dtM: Descent Rate [m/s]
# name 24 = T2-T190C: Temperature Difference, 2 - 1 [ITS-90, deg C]
# name 25 = depSM: Depth [salt water, m], lat = 59.951
# name 26 = density00: Density [density, Kg/m^3]
# name 27 = density11: Density, 2 [density, Kg/m^3]
# name 28 = sal00: Salinity, Practical [PSU]
# name 29 = sal11: Salinity, Practical, 2 [PSU]
# name 30 = svCM: Sound Velocity [Chen-Millero, m/s]
# name 31 = svCM1: Sound Velocity, 2 [Chen-Millero, m/s]
# name 32 = sbeox0ML/L: Oxygen, SBE 43 [ml/l], WS = 2
# name 33 = dz/dtM: Descent Rate [m/s], WS = 2
# name 34 = T2-T190C: Temperature Difference, 2 - 1 [ITS-90, deg C]
# name 35 = flag: flag
# span 0 =     37.745,   8015.878       
# span 1 =  -39.41887,  -39.41576       
# span 2 =   59.94830,   59.95096       
# span 3 =      1.000,   2689.001       
# span 4 =      1.010,   2732.219       
# span 5 =     1.4232,     8.2610       
# span 6 =     1.4242,     8.2793       
# span 7 =   3.134174,   3.631838       
# span 8 =   3.134192,   3.633563       
# span 9 =    93.6364,    97.4206       
# span 10 =    -0.0360,     1.6288      
# span 11 =     1.6879,     2.5407      
# span 12 =      10.96,     100.15      
# span 13 =          0,         11      
# span 14 =  1027.1241,  1040.4679      
# span 15 =  1027.1219,  1040.4671      
# span 16 =    34.8464,    34.9316      
# span 17 =    34.8304,    34.9311      
# span 18 =    1469.45,    1502.07      
# span 19 =    1469.45,    1502.06      
# span 20 =     37.745,   8015.878      
# span 21 =    6.01403,    7.04831      
# span 22 =   81.18976,  101.94126      
# span 23 =     -2.422,      1.541      
# span 24 =    -0.2385,     0.1528      
# span 25 =      1.000,   2689.000      
# span 26 =  1027.1240,  1040.4680      
# span 27 =  1027.1214,  1040.4672      
# span 28 =    34.8007,    34.9320      
# span 29 =    34.8468,    34.9320      
# span 30 =    1469.45,    1502.07      
# span 31 =    1469.44,    1502.06      
# span 32 =    6.01634,    7.10839      
# span 33 =     -2.430,      1.548      
# span 34 =    -0.2385,     0.1528      
# span 35 = 0.0000e+00, 0.0000e+00      
# interval = meters: 1                  
# start_time = Aug 14 2015 14:16:48 [NMEA time, header]
# bad_flag = -9.990e-29
*END*
[from data line 726]
   1375.020  -39.41580   59.94836    732.000    740.284     3.6231     3.6236   3.245497   3.245553    97.3169    -0.0225     2.1475      98.78          0  1031.1613  1031.1611    34.8857    34.8857    1477.05    1477.06   1375.020    6.64830   90.86173      1.072     0.0005    732.000  1031.1611  1031.1611    34.8856    34.8857    1477.05    1477.06    6.64771      0.987     0.0005 0.0000e+00
   1376.223  -39.41580   59.94836    733.000    741.297     3.6222     3.6223   3.245435   3.245467    97.3058    -0.0229     2.1475      98.78          0  1031.1658  1031.1659    34.8854    34.8857    1477.07    1477.07   1376.223    6.64885   90.86710      0.936     0.0001    733.000  1031.1656  1031.1658    34.8853    34.8855    1477.07    1477.07    6.64872      0.745     0.0001 0.0000e+00
   1377.757  -39.41580   59.94836    734.000    742.310     3.6209     3.6196   3.245361   3.245229    97.3144    -0.0232     2.1472      98.78          0  1031.1705  1031.1705    34.8854    34.8853    1477.08    1477.07   1377.757    6.64975   90.87642      0.681    -0.0013    734.000  1031.1704  1031.1704    34.8853    34.8851    1477.08    1477.07    6.64884      0.602    -0.0013 0.0000e+00
   1379.715  -39.41579   59.94836    735.000    743.324     3.6192     3.6187   3.245222   3.245182    97.3068    -0.0230     2.1461      98.78          0  1031.1752  1031.1752    34.8851    34.8850    1477.09    1477.09   1379.715    6.65030   90.88006      0.510    -0.0005    735.000  1031.1749  1031.1750    34.8849    34.8849    1477.09    1477.09    6.64540      0.533    -0.0005 0.0000e+00
   1381.199  -39.41579   59.94836    736.000    744.337     3.6178     3.6181   3.245144   3.245184    97.2901    -0.0230     2.1454      98.78          0  1031.1798  1031.1799    34.8850    34.8851    1477.10    1477.10   1381.199    6.64790   90.84421      0.621     0.0003    736.000  1031.1798  1031.1798    34.8848    34.8850    1477.10    1477.10    6.64374      0.952     0.0003 0.0000e+00
   1382.098  -39.41580   59.94836    737.000    745.350     3.6175     3.6178   3.245176   3.245210    97.3058    -0.0230     2.1451      98.77          0  1031.1846  1031.1847    34.8851    34.8852    1477.11    1477.12   1382.098    6.64722   90.83441      0.929     0.0003    737.000  1031.1846  1031.1847    34.8850    34.8851    1477.11    1477.12    6.64340      1.210     0.0003 0.0000e+00
   1382.887  -39.41580   59.94836    738.000    746.363     3.6163     3.6162   3.245070   3.245088    97.3070    -0.0219     2.1451      98.78          0  1031.1893  1031.1896    34.8849    34.8852    1477.13    1477.13   1382.887    6.64650   90.82161      1.169    -0.0001    738.000  1031.1890  1031.1892    34.8845    34.8849    1477.12    1477.12    6.64457      1.272    -0.0001 0.0000e+00
   1383.694  -39.41580   59.94836    739.000    747.376     3.6148     3.6156   3.244995   3.245063    97.3178    -0.0226     2.1449      98.78          0  1031.1941  1031.1940    34.8848    34.8847    1477.14    1477.14   1383.694    6.64582   90.80906      1.269     0.0008    739.000  1031.1940  1031.1938    34.8847    34.8847    1477.14    1477.14    6.64471      1.179     0.0008 0.0000e+00
   1384.661  -39.41580   59.94836    740.000    748.389     3.6142     3.6149   3.244965   3.245050    97.3041    -0.0230     2.1444      98.78          0  1031.1986  1031.1987    34.8846    34.8849    1477.15    1477.15   1384.661    6.64685   90.82164      1.172     0.0007    740.000  1031.1985  1031.1986    34.8844    34.8847    1477.15    1477.15    6.64388      0.876     0.0007 0.0000e+00
   1386.598  -39.41580   59.94836    741.000    749.402     3.6145     3.6140   3.245015   3.244991    97.3097    -0.0235     2.1432      98.78          0  1031.2030  1031.2032    34.8844    34.8846    1477.17    1477.17   1386.598    6.64475   90.79330      0.568    -0.0005    741.000  1031.2029  1031.2031    34.8842    34.8844    1477.17    1477.17    6.63966      0.415    -0.0005 0.0000e+00
   1388.745  -39.41580   59.94836    742.000    750.416     3.6127     3.6128   3.244916   3.244911    97.3204    -0.0227     2.1428      98.78          0  1031.2080  1031.2079    34.8844    34.8843    1477.18    1477.18   1388.745    6.64012   90.72633      0.452     0.0001    742.000  1031.2079  1031.2078    34.8843    34.8842    1477.18    1477.18    6.63926      0.729     0.0001 0.0000e+00
   1389.837  -39.41580   59.94836    743.000    751.429     3.6132     3.6130   3.245003   3.244982    97.3089    -0.0231     2.1419      98.78          0  1031.2126  1031.2125    34.8845    34.8844    1477.20    1477.19   1389.837    6.64093   90.73839      0.780    -0.0002    743.000  1031.2125  1031.2125    34.8844    34.8843    1477.20    1477.19    6.63644      1.004    -0.0002 0.0000e+00
   1390.771  -39.41580   59.94836    744.000    752.442     3.6120     3.6123   3.244936   3.244961    97.3148    -0.0228     2.1410      98.78          0  1031.2173  1031.2173    34.8844    34.8843    1477.21    1477.21   1390.771    6.64105   90.73734      0.991     0.0003    744.000  1031.2173  1031.2172    34.8843    34.8842    1477.21    1477.21    6.63398      1.083     0.0003 0.0000e+00
   1391.711  -39.41580   59.94836    745.000    753.455     3.6106     3.6111   3.244825   3.244882    97.3115    -0.0229     2.1402      98.78          0  1031.2219  1031.2220    34.8841    34.8843    1477.22    1477.22   1391.711    6.63927   90.70992      1.083     0.0005    745.000  1031.2217  1031.2218    34.8839    34.8840    1477.22    1477.22    6.63184      1.038     0.0005 0.0000e+00
   1392.742  -39.41580   59.94836    746.000    754.468     3.6094     3.6095   3.244749   3.244760    97.2945    -0.0233     2.1402      98.78          0  1031.2267  1031.2267    34.8841    34.8841    1477.23    1477.23   1392.742    6.63644   90.66859      1.034     0.0001    746.000  1031.2264  1031.2264    34.8837    34.8838    1477.23    1477.23    6.63290      0.942     0.0001 0.0000e+00
   1393.850  -39.41580   59.94836    747.000    755.481     3.6071     3.6076   3.244568   3.244615    97.3203    -0.0229     2.1398      98.78          0  1031.2313  1031.2313    34.8837    34.8837    1477.24    1477.24   1393.850    6.63454   90.63715      0.936     0.0005    747.000  1031.2312  1031.2311    34.8835    34.8835    1477.24    1477.24    6.63262      0.911     0.0005 0.0000e+00
   1394.980  -39.41580   59.94836    748.000    756.495     3.6070     3.6073   3.244594   3.244633    97.3120    -0.0230     2.1395      98.78          0  1031.2358  1031.2360    34.8836    34.8837    1477.25    1477.25   1394.980    6.63491   90.64181      0.909     0.0003    748.000  1031.2357  1031.2358    34.8834    34.8835    1477.25    1477.25    6.63201      0.825     0.0003 0.0000e+00
   1396.926  -39.41580   59.94836    749.000    757.508     3.6071     3.6073   3.244634   3.244667    97.3009    -0.0228     2.1396      98.78          0  1031.2404  1031.2405    34.8834    34.8836    1477.27    1477.27   1396.926    6.63334   90.62050      0.555     0.0002    749.000  1031.2402  1031.2404    34.8833    34.8835    1477.27    1477.27    6.63343      0.401     0.0002 0.0000e+00
   1399.287  -39.41580   59.94836    750.000    758.521     3.6061     3.6065   3.244575   3.244628    97.2691    -0.0228     2.1401      98.78          0  1031.2451  1031.2451    34.8833    34.8835    1477.28    1477.28   1399.287    6.63451   90.63438      0.400     0.0004    750.000  1031.2449  1031.2450    34.8830    34.8833    1477.28    1477.28    6.63627      0.797     0.0004 0.0000e+00
   1400.240  -39.41580   59.94836    751.000    759.534     3.6032     3.6035   3.244328   3.244390    97.2984    -0.0230     2.1402      98.78          0  1031.2499  1031.2502    34.8831    34.8836    1477.29    1477.29   1400.240    6.63797   90.67502      0.813     0.0003    751.000  1031.2496  1031.2499    34.8827    34.8831    1477.28    1477.29    6.63836      1.196     0.0003 0.0000e+00
   1401.006  -39.41580   59.94836    752.000    760.547     3.6009     3.6016   3.244151   3.244251    97.3161    -0.0218     2.1400      98.78          0  1031.2546  1031.2548    34.8829    34.8830    1477.29    1477.30   1401.006    6.63810   90.67151      1.123     0.0007    752.000  1031.2544  1031.2546    34.8825    34.8829    1477.29    1477.30    6.63896      1.380     0.0007 0.0000e+00
   1401.711  -39.41580   59.94836    753.000    761.561     3.5988     3.5997   3.244000   3.244092    97.3171    -0.0224     2.1396      98.78          0  1031.2594  1031.2596    34.8826    34.8831    1477.30    1477.30   1401.711    6.64137   90.71159      1.333     0.0008    753.000  1031.2592  1031.2592    34.8823    34.8825    1477.30    1477.30    6.63862      1.398     0.0008 0.0000e+00
   1402.453  -39.41580   59.94836    754.000    762.574     3.5991     3.5992   3.244080   3.244094    97.2992    -0.0227     2.1391      98.78          0  1031.2640  1031.2640    34.8827    34.8827    1477.32    1477.32   1402.453    6.64158   90.71508      1.405     0.0001    754.000  1031.2638  1031.2638    34.8825    34.8825    1477.32    1477.32    6.63714      1.250     0.0001 0.0000e+00
   1403.606  -39.41580   59.94836    755.000    763.587     3.5990     3.5998   3.244098   3.244177    97.3080    -0.0224     2.1386      98.78          0  1031.2686  1031.2684    34.8825    34.8825    1477.33    1477.34   1403.606    6.64047   90.69966      1.108     0.0007    755.000  1031.2683  1031.2683    34.8822    34.8824    1477.33    1477.34    6.63612      0.661     0.0007 0.0000e+00
   1406.473  -39.41580   59.94835    756.000    764.600     3.5960     3.5953   3.243821   3.243770    97.3107    -0.0231     2.1371      98.78          0  1031.2731  1031.2734    34.8819    34.8822    1477.34    1477.33   1406.473    6.63578   90.62849      0.167    -0.0007    756.000  1031.2728  1031.2731    34.8816    34.8817    1477.34    1477.33    6.63137      0.427    -0.0007 0.0000e+00
   1407.800  -39.41580   59.94834    757.000    765.614     3.5937     3.5940   3.243670   3.243698    97.3148    -0.0230     2.1368      98.78          0  1031.2781  1031.2780    34.8820    34.8819    1477.34    1477.35   1407.800    6.63428   90.60297      0.658     0.0003    757.000  1031.2778  1031.2778    34.8817    34.8817    1477.34    1477.35    6.63119      0.913     0.0003 0.0000e+00
   1408.802  -39.41580   59.94836    758.000    766.627     3.5938     3.5939   3.243730   3.243726    97.3201    -0.0236     2.1360      98.78          0  1031.2826  1031.2826    34.8819    34.8818    1477.36    1477.36   1408.802    6.63304   90.58627      0.920     0.0001    758.000  1031.2826  1031.2823    34.8818    34.8816    1477.36    1477.36    6.62907      1.046     0.0001 0.0000e+00
   1409.768  -39.41580   59.94836    759.000    767.640     3.5937     3.5942   3.243760   3.243804    97.2567    -0.0233     2.1364      98.78          0  1031.2874  1031.2871    34.8819    34.8818    1477.38    1477.38   1409.768    6.63312   90.58707      1.040     0.0005    759.000  1031.2871  1031.2871    34.8817    34.8817    1477.38    1477.38    6.63164      1.006     0.0005 0.0000e+00
   1410.824  -39.41580   59.94836    760.000    768.653     3.5937     3.5941   3.243811   3.243845    97.3081    -0.0219     2.1363      98.78          0  1031.2920  1031.2919    34.8819    34.8819    1477.39    1477.40   1410.824    6.63123   90.56126      1.000     0.0004    760.000  1031.2919  1031.2917    34.8818    34.8818    1477.39    1477.40    6.63210      0.954     0.0004 0.0000e+00
   1411.870  -39.41580   59.94836    761.000    769.667     3.5938     3.5941   3.243855   3.243880    97.3116    -0.0235     2.1355      98.78          0  1031.2965  1031.2965    34.8818    34.8818    1477.41    1477.41   1411.870    6.63371   90.59527      0.951     0.0003    761.000  1031.2964  1031.2964    34.8817    34.8817    1477.41    1477.41    6.62946      1.001     0.0003 0.0000e+00
   1412.861  -39.41580   59.94836    762.000    770.680     3.5938     3.5941   3.243906   3.243928    97.3118    -0.0224     2.1352      98.78          0  1031.3011  1031.3011    34.8818    34.8818    1477.43    1477.43   1412.861    6.63402   90.59969      1.000     0.0003    762.000  1031.3011  1031.3010    34.8817    34.8817    1477.43    1477.43    6.62904      0.979     0.0003 0.0000e+00
   1414.042  -39.41580   59.94835    763.000    771.693     3.5941     3.5948   3.243981   3.244040    97.3011    -0.0227     2.1346      98.78          0  1031.3058  1031.3057    34.8818    34.8817    1477.45    1477.45   1414.042    6.63124   90.56229      0.934     0.0007    763.000  1031.3058  1031.3057    34.8818    34.8817    1477.45    1477.45    6.62743      0.738     0.0007 0.0000e+00
   1415.698  -39.41580   59.94834    764.000    772.706     3.5945     3.5956   3.244059   3.244154    97.2533    -0.0222     2.1343      98.78          0  1031.3104  1031.3102    34.8818    34.8818    1477.46    1477.47   1415.698    6.62915   90.53458      0.623     0.0011    764.000  1031.3104  1031.3103    34.8818    34.8818    1477.46    1477.47    6.62714      0.596     0.0011 0.0000e+00
   1417.260  -39.41580   59.94834    765.000    773.720     3.5947     3.5947   3.244114   3.244114    97.3040    -0.0227     2.1344      98.78          0  1031.3149  1031.3152    34.8818    34.8819    1477.48    1477.48   1417.260    6.62835   90.52402      0.635    -0.0000    765.000  1031.3149  1031.3149    34.8817    34.8817    1477.48    1477.48    6.62827      0.674    -0.0000 0.0000e+00
   1418.815  -39.41580   59.94834    766.000    774.733     3.5942     3.5936   3.244112   3.244044    97.3148    -0.0228     2.1342      98.78          0  1031.3197  1031.3196    34.8818    34.8815    1477.50    1477.49   1418.815    6.62889   90.53026      0.658    -0.0006    766.000  1031.3197  1031.3196    34.8817    34.8815    1477.50    1477.49    6.62850      0.638    -0.0006 0.0000e+00
   1420.313  -39.41580   59.94834    767.000    775.746     3.5932     3.5935   3.244072   3.244091    97.3179    -0.0225     2.1343      98.78          0  1031.3245  1031.3243    34.8818    34.8817    1477.51    1477.51   1420.313    6.62970   90.53925      0.657     0.0003    767.000  1031.3245  1031.3243    34.8817    34.8816    1477.51    1477.51    6.62991      0.786     0.0003 0.0000e+00
   1421.434  -39.41580   59.94834    768.000    776.759     3.5938     3.5943   3.244196   3.244240    97.3149    -0.0228     2.1342      98.78          0  1031.3291  1031.3291    34.8819    34.8818    1477.53    1477.53   1421.434    6.63091   90.55720      0.816     0.0005    768.000  1031.3292  1031.3292    34.8820    34.8820    1477.53    1477.53    6.63037      1.022     0.0005 0.0000e+00
   1422.338  -39.41580   59.94834    769.000    777.773     3.5946     3.5948   3.244289   3.244321    97.3166    -0.0223     2.1339      98.78          0  1031.3337  1031.3337    34.8819    34.8820    1477.55    1477.55   1422.338    6.63151   90.56703      1.006     0.0002    769.000  1031.3336  1031.3337    34.8818    34.8820    1477.55    1477.55    6.62979      1.197     0.0002 0.0000e+00
   1423.142  -39.41580   59.94835    770.000    778.786     3.5936     3.5938   3.244251   3.244277    97.3151    -0.0222     2.1331      98.78          0  1031.3385  1031.3385    34.8819    34.8820    1477.56    1477.56   1423.142    6.63231   90.57584      1.167     0.0001    770.000  1031.3384  1031.3385    34.8818    34.8820    1477.56    1477.56    6.62740      1.280     0.0001 0.0000e+00
