Ship_data/Irminger/Irminger-2/ctd/process/at30_007_SV.cnv
* Sea-Bird SBE 9 Data File:
* FileName = C:\data\ctd\at30_007.hdr
* Software Version Seasave V 7.21f
* Temperature SN = 2265
* Conductivity SN = 3021
* Number of Bytes Per Scan = 40
* Number of Voltage Words = 5
* Number of Scans Averaged by the Deck Unit = 1
* NMEA Latitude = 59 46.29 N
* NMEA Longitude = 039 52.92 W
* NMEA UTC (Time) = Aug 17 2015  23:01:49
** Site of FLMA 2015 -- need to confirm bottom depth
# nquan = 15
# nvalues = 2675                        
# units = specified
# name 0 = depSM: Depth [salt water, m]
# name 1 = svCM: Sound Velocity [Chen-Millero, m/s]
# name 2 = svCM1: Sound Velocity, 2 [Chen-Millero, m/s]
# name 3 = timeS: Time, Elapsed [seconds]
# name 4 = depSM: Depth [salt water, m]
# name 5 = density00: Density [density, Kg/m^3]
# name 6 = density11: Density, 2 [density, Kg/m^3]
# name 7 = sal00: Salinity, Practical [PSU]
# name 8 = sal11: Salinity, Practical, 2 [PSU]
# name 9 = svCM: Sound Velocity [Chen-Millero, m/s]
# name 10 = svCM1: Sound Velocity, 2 [Chen-Millero, m/s]
# name 11 = sbeox0ML/L: Oxygen, SBE 43 [ml/l]
# name 12 = dz/dtM: Descent Rate [m/s]
# name 13 = T2-T190C: Temperature Difference, 2 - 1 [ITS-90, deg C]
# name 14 = flag:
# span 0 =      5.000,   2679.000       
# span 1 =    1469.81,    1502.03       
# span 2 =    1469.81,    1502.04       
# span 3 =     17.110,   3228.210       
# span 4 =      5.000,   2679.000       
# span 5 =  1027.0958,  1040.4121       
# span 6 =  1027.0953,  1040.4117       
# span 7 =    34.8505,    34.9335       
# span 8 =    34.8550,    34.9332       
# span 9 =    1469.81,    1502.03       
# span 10 =    1469.81,    1502.04      
# span 11 =    6.00866,    6.92904      
# span 12 =     -0.003,      1.669      
# span 13 =    -0.0535,     0.0812      
# span 14 = 0.0000e+00, 0.0000e+00      
# interval = meters: 1                  
# start_time = Aug 17 2015 23:01:49 [NMEA time, header]
# bad_flag = -9.990e-29
*END*
[from data line 1928]
   1933.000    1495.23    1495.23   2264.966   1933.000  1036.8041  1036.8040    34.9304    34.9303    1495.23    1495.23    6.06126      1.157     0.0006 0.0000e+00
   1934.000    1495.24    1495.24   2265.932   1934.000  1036.8088  1036.8085    34.9305    34.9300    1495.24    1495.24    6.06126      0.982     0.0006 0.0000e+00
   1935.000    1495.26    1495.27   2267.052   1935.000  1036.8136  1036.8132    34.9310    34.9306    1495.26    1495.27    6.06234      0.897     0.0006 0.0000e+00
   1936.000    1495.29    1495.29   2268.163   1936.000  1036.8185  1036.8180    34.9316    34.9311    1495.29    1495.29    6.06281      0.974     0.0005 0.0000e+00
   1937.000    1495.31    1495.31   2269.152   1937.000  1036.8230  1036.8226    34.9318    34.9314    1495.31    1495.31    6.06164      1.063     0.0006 0.0000e+00
   1938.000    1495.33    1495.33   2270.100   1938.000  1036.8274  1036.8273    34.9316    34.9315    1495.33    1495.33    6.05918      1.038     0.0005 0.0000e+00
   1939.000    1495.34    1495.34   2271.148   1939.000  1036.8319  1036.8319    34.9311    34.9313    1495.34    1495.34    6.05931      0.888     0.0006 0.0000e+00
   1940.000    1495.33    1495.33   2272.443   1940.000  1036.8369  1036.8368    34.9307    34.9305    1495.33    1495.33    6.06004      0.750     0.0005 0.0000e+00
   1941.000    1495.34    1495.34   2273.777   1941.000  1036.8417  1036.8413    34.9306    34.9304    1495.34    1495.34    6.06120      0.850     0.0008 0.0000e+00
   1942.000    1495.36    1495.36   2274.848   1942.000  1036.8463  1036.8461    34.9308    34.9305    1495.36    1495.36    6.05828      1.066     0.0005 0.0000e+00
   1943.000    1495.37    1495.37   2275.723   1943.000  1036.8510  1036.8507    34.9308    34.9305    1495.37    1495.37    6.06014      1.224     0.0005 0.0000e+00
   1944.000    1495.39    1495.39   2276.517   1944.000  1036.8556  1036.8553    34.9307    34.9305    1495.39    1495.39    6.06006      1.292     0.0006 0.0000e+00
   1945.000    1495.40    1495.40   2277.297   1945.000  1036.8604  1036.8601    34.9308    34.9304    1495.40    1495.40    6.06082      1.264     0.0006 0.0000e+00
   1946.000    1495.41    1495.41   2278.132   1946.000  1036.8650  1036.8647    34.9307    34.9305    1495.41    1495.41    6.05865      1.178     0.0005 0.0000e+00
   1947.000    1495.43    1495.43   2279.036   1947.000  1036.8696  1036.8694    34.9306    34.9304    1495.43    1495.43    6.05668      1.099     0.0006 0.0000e+00
   1948.000    1495.43    1495.43   2279.988   1948.000  1036.8746  1036.8745    34.9306    34.9305    1495.43    1495.43    6.05601      1.050     0.0006 0.0000e+00
   1949.000    1495.45    1495.45   2280.994   1949.000  1036.8793  1036.8792    34.9307    34.9305    1495.45    1495.45    6.05675      0.941     0.0005 0.0000e+00
   1950.000    1495.46    1495.46   2282.215   1950.000  1036.8838  1036.8835    34.9306    34.9304    1495.46    1495.46    6.05554      0.773     0.0005 0.0000e+00
   1951.000    1495.48    1495.48   2283.580   1951.000  1036.8884  1036.8882    34.9305    34.9304    1495.48    1495.48    6.05798      0.814     0.0004 0.0000e+00
   1952.000    1495.49    1495.49   2284.689   1952.000  1036.8928  1036.8928    34.9302    34.9303    1495.49    1495.49    6.05844      1.028     0.0007 0.0000e+00
   1953.000    1495.50    1495.50   2285.603   1953.000  1036.8977  1036.8975    34.9303    34.9300    1495.50    1495.50    6.06041      1.136     0.0005 0.0000e+00
   1954.000    1495.51    1495.51   2286.489   1954.000  1036.9023  1036.9021    34.9301    34.9299    1495.51    1495.51    6.05882      1.132     0.0004 0.0000e+00
   1955.000    1495.52    1495.52   2287.413   1955.000  1036.9070  1036.9069    34.9298    34.9296    1495.52    1495.52    6.06102      1.063     0.0001 0.0000e+00
   1956.000    1495.53    1495.53   2288.418   1956.000  1036.9117  1036.9115    34.9298    34.9296    1495.53    1495.53    6.06136      0.959     0.0006 0.0000e+00
   1957.000    1495.54    1495.55   2289.560   1957.000  1036.9164  1036.9163    34.9297    34.9296    1495.54    1495.55    6.06098      0.849     0.0005 0.0000e+00
   1958.000    1495.55    1495.55   2290.781   1958.000  1036.9210  1036.9210    34.9294    34.9294    1495.55    1495.55    6.06273      0.894     0.0004 0.0000e+00
   1959.000    1495.55    1495.56   2291.821   1959.000  1036.9258  1036.9258    34.9291    34.9291    1495.55    1495.56    6.06396      1.106     0.0007 0.0000e+00
   1960.000    1495.56    1495.56   2292.657   1960.000  1036.9310  1036.9305    34.9295    34.9291    1495.56    1495.56    6.06393      1.284     0.0006 0.0000e+00
   1961.000    1495.59    1495.59   2293.412   1961.000  1036.9358  1036.9353    34.9301    34.9297    1495.59    1495.59    6.06378      1.361     0.0005 0.0000e+00
   1962.000    1495.61    1495.61   2294.154   1962.000  1036.9403  1036.9401    34.9302    34.9299    1495.61    1495.61    6.06122      1.310     0.0005 0.0000e+00
   1963.000    1495.62    1495.62   2294.990   1963.000  1036.9449  1036.9448    34.9298    34.9298    1495.62    1495.62    6.06122      1.097     0.0005 0.0000e+00
   1964.000    1495.62    1495.62   2296.160   1964.000  1036.9498  1036.9496    34.9297    34.9295    1495.62    1495.62    6.06215      0.728     0.0005 0.0000e+00
   1965.000    1495.63    1495.64   2297.878   1965.000  1036.9545  1036.9542    34.9297    34.9295    1495.63    1495.64    6.06017      0.638     0.0005 0.0000e+00
   1966.000    1495.66    1495.66   2299.158   1966.000  1036.9594  1036.9590    34.9303    34.9298    1495.66    1495.66    6.06030      1.023     0.0006 0.0000e+00
   1967.000    1495.68    1495.68   2300.017   1967.000  1036.9637  1036.9636    34.9302    34.9300    1495.68    1495.68    6.05914      1.289     0.0006 0.0000e+00
   1968.000    1495.69    1495.69   2300.749   1968.000  1036.9685  1036.9684    34.9303    34.9302    1495.69    1495.69    6.05951      1.405     0.0005 0.0000e+00
   1969.000    1495.70    1495.70   2301.461   1969.000  1036.9734  1036.9731    34.9303    34.9301    1495.70    1495.70    6.05965      1.375     0.0001 0.0000e+00
   1970.000    1495.71    1495.71   2302.237   1970.000  1036.9781  1036.9779    34.9303    34.9300    1495.71    1495.71    6.06125      1.190     0.0003 0.0000e+00
   1971.000    1495.72    1495.72   2303.250   1971.000  1036.9828  1036.9825    34.9302    34.9299    1495.72    1495.72    6.06230      0.872     0.0006 0.0000e+00
   1972.000    1495.74    1495.74   2304.667   1972.000  1036.9873  1036.9871    34.9301    34.9299    1495.74    1495.74    6.06193      0.702     0.0006 0.0000e+00
   1973.000    1495.75    1495.75   2305.962   1973.000  1036.9921  1036.9918    34.9301    34.9298    1495.75    1495.75    6.06420      0.955    -0.0000 0.0000e+00
   1974.000    1495.77    1495.77   2306.901   1974.000  1036.9968  1036.9965    34.9302    34.9298    1495.77    1495.76    6.06608      1.174    -0.0002 0.0000e+00
   1975.000    1495.78    1495.78   2307.717   1975.000  1037.0012  1037.0010    34.9298    34.9296    1495.78    1495.78    6.06326      1.262     0.0004 0.0000e+00
   1976.000    1495.78    1495.79   2308.519   1976.000  1037.0061  1037.0059    34.9297    34.9296    1495.78    1495.79    6.06539      1.245     0.0010 0.0000e+00
   1977.000    1495.80    1495.80   2309.359   1977.000  1037.0107  1037.0104    34.9299    34.9296    1495.80    1495.80    6.06296      1.163     0.0005 0.0000e+00
   1978.000    1495.82    1495.82   2310.290   1978.000  1037.0153  1037.0149    34.9298    34.9295    1495.82    1495.82    6.06381      1.013     0.0011 0.0000e+00
   1979.000    1495.83    1495.83   2311.455   1979.000  1037.0199  1037.0197    34.9295    34.9294    1495.83    1495.83    6.06579      0.763     0.0009 0.0000e+00
   1980.000    1495.84    1495.84   2312.957   1980.000  1037.0247  1037.0244    34.9297    34.9295    1495.84    1495.84    6.06563      0.720     0.0005 0.0000e+00
   1981.000    1495.86    1495.86   2314.181   1981.000  1037.0293  1037.0289    34.9297    34.9294    1495.86    1495.86    6.06706      0.984     0.0004 0.0000e+00
   1982.000    1495.87    1495.87   2315.111   1982.000  1037.0341  1037.0337    34.9297    34.9294    1495.87    1495.87    6.06783      1.184     0.0007 0.0000e+00
   1983.000    1495.89    1495.89   2315.918   1983.000  1037.0387  1037.0383    34.9298    34.9294    1495.89    1495.89    6.06608      1.281     0.0006 0.0000e+00
   1984.000    1495.91    1495.91   2316.696   1984.000  1037.0433  1037.0430    34.9300    34.9296    1495.91    1495.91    6.06585      1.298     0.0002 0.0000e+00
   1985.000    1495.92    1495.92   2317.491   1985.000  1037.0480  1037.0476    34.9299    34.9296    1495.92    1495.92    6.06559      1.244     0.0006 0.0000e+00
   1986.000    1495.93    1495.94   2318.352   1986.000  1037.0525  1037.0522    34.9298    34.9295    1495.93    1495.93    6.06512      1.119     0.0006 0.0000e+00
   1987.000    1495.94    1495.94   2319.342   1987.000  1037.0574  1037.0571    34.9297    34.9295    1495.94    1495.94    6.06480      0.950     0.0006 0.0000e+00
   1988.000    1495.95    1495.95   2320.522   1988.000  1037.0621  1037.0619    34.9296    34.9294    1495.95    1495.95    6.06336      0.834     0.0006 0.0000e+00
   1989.000    1495.96    1495.96   2321.743   1989.000  1037.0669  1037.0667    34.9295    34.9293    1495.96    1495.96    6.06305      0.887     0.0006 0.0000e+00
   1990.000    1495.97    1495.97   2322.809   1990.000  1037.0715  1037.0713    34.9294    34.9293    1495.97    1495.97    6.06447      1.018     0.0006 0.0000e+00
   1991.000    1495.98    1495.98   2323.760   1991.000  1037.0765  1037.0763    34.9296    34.9293    1495.98    1495.98    6.06379      1.085     0.0005 0.0000e+00
   1992.000    1495.99    1495.99   2324.700   1992.000  1037.0812  1037.0809    34.9295    34.9293    1495.99    1495.99    6.06320      1.037     0.0006 0.0000e+00
   1993.000    1496.01    1496.01   2325.762   1993.000  1037.0859  1037.0856    34.9295    34.9292    1496.01    1496.01    6.06193      0.879     0.0006 0.0000e+00
   1994.000    1496.02    1496.02   2327.056   1994.000  1037.0903  1037.0902    34.9292    34.9291    1496.02    1496.02    6.06224      0.765     0.0005 0.0000e+00
   1995.000    1496.03    1496.03   2328.336   1995.000  1037.0952  1037.0950    34.9292    34.9289    1496.03    1496.03    6.06320      0.903     0.0006 0.0000e+00
   1996.000    1496.04    1496.04   2329.344   1996.000  1037.1001  1037.0996    34.9293    34.9288    1496.04    1496.04    6.06446      1.128     0.0007 0.0000e+00
   1997.000    1496.05    1496.06   2330.173   1997.000  1037.1046  1037.1042    34.9292    34.9288    1496.05    1496.06    6.06528      1.314     0.0005 0.0000e+00
   1998.000    1496.07    1496.07   2330.904   1998.000  1037.1093  1037.1090    34.9292    34.9290    1496.07    1496.07    6.06441      1.428     0.0004 0.0000e+00
   1999.000    1496.08    1496.08   2331.599   1999.000  1037.1140  1037.1138    34.9292    34.9290    1496.08    1496.08    6.06306      1.460     0.0005 0.0000e+00
   2000.000    1496.09    1496.10   2332.295   2000.000  1037.1188  1037.1184    34.9293    34.9290    1496.09    1496.10    6.06320      1.388     0.0006 0.0000e+00
   2001.000    1496.11    1496.11   2333.082   2001.000  1037.1235  1037.1232    34.9294    34.9290    1496.11    1496.11    6.06348      1.164     0.0006 0.0000e+00
   2002.000    1496.12    1496.12   2334.276   2002.000  1037.1283  1037.1281    34.9296    34.9293    1496.12    1496.12    6.06390      0.680     0.0006 0.0000e+00
   2003.000    1496.14    1496.14   2336.362   2003.000  1037.1326  1037.1326    34.9293    34.9292    1496.14    1496.14    6.06670      0.621     0.0002 0.0000e+00
   2004.000    1496.14    1496.14   2337.437   2004.000  1037.1377  1037.1376    34.9292    34.9291    1496.14    1496.14    6.06868      1.166     0.0005 0.0000e+00
   2005.000    1496.15    1496.15   2338.217   2005.000  1037.1426  1037.1422    34.9294    34.9291    1496.15    1496.15    6.06933      1.366     0.0006 0.0000e+00
   2006.000    1496.17    1496.17   2338.930   2006.000  1037.1472  1037.1469    34.9294    34.9290    1496.17    1496.17    6.06880      1.351     0.0006 0.0000e+00
   2007.000    1496.18    1496.18   2339.743   2007.000  1037.1519  1037.1515    34.9293    34.9290    1496.18    1496.18    6.06899      1.105     0.0006 0.0000e+00
   2008.000    1496.19    1496.20   2340.967   2008.000  1037.1565  1037.1563    34.9292    34.9290    1496.19    1496.20    6.06855      0.701     0.0007 0.0000e+00
   2009.000    1496.21    1496.21   2342.519   2009.000  1037.1611  1037.1609    34.9292    34.9289    1496.21    1496.21    6.06566      0.828     0.0006 0.0000e+00
   2010.000    1496.21    1496.22   2343.498   2010.000  1037.1661  1037.1658    34.9292    34.9289    1496.21    1496.21    6.06772      1.204     0.0006 0.0000e+00
   2011.000    1496.22    1496.23   2344.261   2011.000  1037.1708  1037.1704    34.9291    34.9287    1496.22    1496.23    6.06733      1.394     0.0006 0.0000e+00
   2012.000    1496.23    1496.23   2344.956   2012.000  1037.1757  1037.1754    34.9290    34.9288    1496.23    1496.23    6.06615      1.424     0.0005 0.0000e+00
   2013.000    1496.25    1496.25   2345.688   2013.000  1037.1805  1037.1801    34.9292    34.9288    1496.25    1496.25    6.06526      1.325     0.0006 0.0000e+00
   2014.000    1496.26    1496.26   2346.518   2014.000  1037.1849  1037.1846    34.9290    34.9287    1496.26    1496.26    6.06545      1.134     0.0006 0.0000e+00
   2015.000    1496.28    1496.28   2347.533   2015.000  1037.1897  1037.1892    34.9291    34.9287    1496.28    1496.28    6.06612      0.933     0.0008 0.0000e+00
   2016.000    1496.29    1496.29   2348.707   2016.000  1037.1945  1037.1942    34.9292    34.9289    1496.29    1496.29    6.06648      0.868     0.0006 0.0000e+00
   2017.000    1496.30    1496.31   2349.833   2017.000  1037.1991  1037.1987    34.9292    34.9288    1496.30    1496.31    6.06756      0.944     0.0005 0.0000e+00
   2018.000    1496.32    1496.32   2350.887   2018.000  1037.2036  1037.2034    34.9292    34.9289    1496.32    1496.32    6.06689      0.942     0.0005 0.0000e+00
   2019.000    1496.34    1496.34   2352.041   2019.000  1037.2083  1037.2079    34.9292    34.9288    1496.34    1496.34    6.06663      0.825     0.0006 0.0000e+00
   2020.000    1496.35    1496.36   2353.330   2020.000  1037.2128  1037.2125    34.9292    34.9289    1496.35    1496.36    6.06699      0.831     0.0004 0.0000e+00
   2021.000    1496.37    1496.37   2354.457   2021.000  1037.2174  1037.2173    34.9291    34.9290    1496.37    1496.37    6.06608      1.007     0.0005 0.0000e+00
   2022.000    1496.37    1496.38   2355.391   2022.000  1037.2227  1037.2224    34.9294    34.9292    1496.37    1496.38    6.06779      1.143     0.0005 0.0000e+00
   2023.000    1496.39    1496.39   2356.256   2023.000  1037.2272  1037.2269    34.9294    34.9292    1496.39    1496.39    6.06802      1.166     0.0006 0.0000e+00
   2024.000    1496.41    1496.41   2357.145   2024.000  1037.2319  1037.2316    34.9294    34.9291    1496.40    1496.41    6.06842      1.094     0.0005 0.0000e+00
   2025.000    1496.42    1496.42   2358.134   2025.000  1037.2365  1037.2361    34.9294    34.9291    1496.42    1496.42    6.07064      0.994     0.0006 0.0000e+00
   2026.000    1496.44    1496.44   2359.177   2026.000  1037.2410  1037.2407    34.9293    34.9290    1496.44    1496.44    6.07048      1.018     0.0005 0.0000e+00
   2027.000    1496.45    1496.45   2360.127   2027.000  1037.2457  1037.2454    34.9295    34.9290    1496.45    1496.45    6.07083      1.141     0.0006 0.0000e+00
   2028.000    1496.47    1496.47   2360.978   2028.000  1037.2504  1037.2500    34.9294    34.9291    1496.47    1496.47    6.06990      1.223     0.0006 0.0000e+00
