Ship_data/Irminger/Irminger-2/ctd/process/at30_013_SV.cnv
* Sea-Bird SBE 9 Data File:
* FileName = C:\data\ctd\at30_013.hdr
* Software Version Seasave V 7.21f
* Temperature SN = 2265
* Conductivity SN = 3021
* Number of Bytes Per Scan = 40
* Number of Voltage Words = 5
* Number of Scans Averaged by the Deck Unit = 1
* NMEA Latitude = 59 53.87 N
* NMEA Longitude = 039 34.33 W
* NMEA UTC (Time) = Aug 23 2015  21:20:25
** cal / val for SUMO 2
# nquan = 15
# nvalues = 1493                        
# units = specified
# name 0 = depSM: Depth [salt water, m]
# name 1 = svCM: Sound Velocity [Chen-Millero, m/s]
# name 2 = svCM1: Sound Velocity, 2 [Chen-Millero, m/s]
# name 3 = timeS: Time, Elapsed [seconds]
# name 4 = depSM: Depth [salt water, m]
# name 5 = density00: Density [density, Kg/m^3]
# name 6 = density11: Density, 2 [density, Kg/m^3]
# name 7 = sal00: Salinity, Practical [PSU]
# name 8 = sal11: Salinity, Practical, 2 [PSU]
# name 9 = svCM: Sound Velocity [Chen-Millero, m/s]
# name 10 = svCM1: Sound Velocity, 2 [Chen-Millero, m/s]
# name 11 = sbeox0ML/L: Oxygen, SBE 43 [ml/l]
# name 12 = dz/dtM: Descent Rate [m/s]
# name 13 = T2-T190C: Temperature Difference, 2 - 1 [ITS-90, deg C]
# name 14 = flag:
# span 0 =     10.000,   1502.000       
# span 1 =    1471.85,    1490.08       
# span 2 =    1471.84,    1490.08       
# span 3 =     68.287,   2025.583       
# span 4 =     10.000,   1502.000       
# span 5 =  1027.1573,  1034.7578       
# span 6 =  1027.1567,  1034.7573       
# span 7 =    34.8339,    35.0267       
# span 8 =    34.8340,    35.0266       
# span 9 =    1471.84,    1490.08       
# span 10 =    1471.83,    1490.08      
# span 11 =    6.00594,    6.79065      
# span 12 =     -0.007,      1.726      
# span 13 =    -0.0651,     0.0290      
# span 14 = 0.0000e+00, 0.0000e+00      
# interval = meters: 1                  
# start_time = Aug 23 2015 21:20:25 [NMEA time, header]
# bad_flag = -9.990e-29
*END*
     10.000    1484.33    1484.33     68.287     10.000  1027.1573  1027.1567    34.8881    34.8873    1484.33    1484.33    6.51742      0.303     0.0004 0.0000e+00
     11.000    1484.35    1484.35     97.460     11.000  1027.1622  1027.1615    34.8882    34.8874    1484.35    1484.35    6.51945      0.565     0.0001 0.0000e+00
     12.000    1484.37    1484.37     97.285     12.000  1027.1666  1027.1660    34.8882    34.8875    1484.37    1484.37    6.51756      0.640     0.0004 0.0000e+00
     13.000    1484.38    1484.38     99.417     13.000  1027.1713  1027.1705    34.8882    34.8874    1484.38    1484.38    6.51559      0.372     0.0009 0.0000e+00
     14.000    1484.40    1484.40    102.179     14.000  1027.1758  1027.1750    34.8883    34.8875    1484.40    1484.40    6.51285      0.524     0.0006 0.0000e+00
     15.000    1484.42    1484.42    103.718     15.000  1027.1804  1027.1798    34.8883    34.8876    1484.42    1484.42    6.50973      0.645     0.0001 0.0000e+00
     16.000    1484.39    1484.37    105.628     16.000  1027.1857  1027.1860    34.8869    34.8862    1484.39    1484.37    6.51468      0.450    -0.0052 0.0000e+00
     17.000    1484.39    1484.38    107.811     17.000  1027.1913  1027.1910    34.8869    34.8864    1484.38    1484.38    6.51868      0.513    -0.0008 0.0000e+00
     18.000    1484.37    1484.40    109.935     18.000  1027.1924  1027.1952    34.8810    34.8858    1484.37    1484.40    6.51606      0.430     0.0061 0.0000e+00
     19.000    1483.45    1483.46    112.239     19.000  1027.2305  1027.2253    34.8744    34.8683    1483.44    1483.44    6.56982      0.463     0.0032 0.0000e+00
     20.000    1483.34    1483.35    114.457     20.000  1027.2301  1027.2328    34.8624    34.8661    1483.33    1483.34    6.60143      0.465     0.0012 0.0000e+00
     21.000    1482.86    1482.89    116.315     21.000  1027.2505  1027.2506    34.8572    34.8591    1482.85    1482.88    6.63436      0.667     0.0086 0.0000e+00
     22.000    1482.64    1482.70    117.703     22.000  1027.2627  1027.2607    34.8549    34.8555    1482.62    1482.69    6.65620      0.688     0.0167 0.0000e+00
     23.000    1482.70    1482.49    119.846     23.000  1027.2671  1027.2712    34.8572    34.8519    1482.70    1482.48    6.66088      0.359    -0.0551 0.0000e+00
     24.000    1482.49    1482.41    122.915     24.000  1027.2765  1027.2793    34.8516    34.8518    1482.48    1482.41    6.66360      0.403    -0.0182 0.0000e+00
     25.000    1482.32    1482.35    124.872     25.000  1027.2863  1027.2864    34.8494    34.8508    1482.31    1482.34    6.68230      0.635     0.0061 0.0000e+00
     26.000    1482.18    1482.20    126.310     26.000  1027.2961  1027.2953    34.8484    34.8483    1482.18    1482.20    6.69535      0.709     0.0053 0.0000e+00
     27.000    1481.97    1482.00    127.893     27.000  1027.3038  1027.3052    34.8414    34.8442    1481.96    1481.99    6.70675      0.531     0.0065 0.0000e+00
     28.000    1481.90    1481.79    130.369     28.000  1027.3097  1027.3167    34.8386    34.8419    1481.89    1481.78    6.71973      0.378    -0.0291 0.0000e+00
     29.000    1481.69    1481.65    132.775     29.000  1027.3240  1027.3260    34.8396    34.8402    1481.68    1481.64    6.72993      0.423    -0.0109 0.0000e+00
     30.000    1481.45    1481.45    135.078     30.000  1027.3384  1027.3375    34.8397    34.8385    1481.45    1481.44    6.74417      0.508    -0.0012 0.0000e+00
     31.000    1481.37    1481.38    136.819     31.000  1027.3459  1027.3452    34.8389    34.8382    1481.37    1481.37    6.74552      0.637     0.0015 0.0000e+00
     32.000    1481.36    1481.36    138.385     32.000  1027.3514  1027.3511    34.8383    34.8380    1481.35    1481.35    6.74277      0.597     0.0009 0.0000e+00
     33.000    1481.28    1481.28    140.469     33.000  1027.3585  1027.3586    34.8373    34.8374    1481.28    1481.28    6.73792      0.425     0.0000 0.0000e+00
     34.000    1481.22    1481.20    142.902     34.000  1027.3662  1027.3668    34.8371    34.8369    1481.21    1481.19    6.73734      0.413    -0.0052 0.0000e+00
     35.000    1481.15    1481.10    145.462     35.000  1027.3715  1027.3752    34.8339    34.8363    1481.14    1481.10    6.74250      0.412    -0.0131 0.0000e+00
     36.000    1480.92    1480.92    147.496     36.000  1027.3860  1027.3861    34.8343    34.8347    1480.91    1480.91    6.74985      0.614     0.0005 0.0000e+00
     37.000    1480.82    1480.82    149.041     37.000  1027.3945  1027.3944    34.8340    34.8340    1480.81    1480.82    6.75655      0.635     0.0008 0.0000e+00
     38.000    1480.75    1480.75    150.726     38.000  1027.4039  1027.4038    34.8357    34.8356    1480.74    1480.74    6.76029      0.583     0.0006 0.0000e+00
     39.000    1480.76    1480.73    152.733     39.000  1027.4104  1027.4113    34.8377    34.8377    1480.75    1480.73    6.75582      0.391    -0.0059 0.0000e+00
     40.000    1480.77    1480.72    156.010     40.000  1027.4147  1027.4182    34.8371    34.8390    1480.76    1480.71    6.74826      0.433    -0.0144 0.0000e+00
     41.000    1480.70    1480.70    157.394     41.000  1027.4253  1027.4248    34.8402    34.8398    1480.69    1480.70    6.74242      0.757     0.0013 0.0000e+00
     42.000    1480.68    1480.67    158.959     42.000  1027.4320  1027.4323    34.8412    34.8409    1480.68    1480.66    6.74434      0.502    -0.0032 0.0000e+00
     43.000    1480.69    1480.64    162.066     43.000  1027.4359  1027.4385    34.8402    34.8411    1480.69    1480.64    6.74815      0.308    -0.0133 0.0000e+00
     44.000    1480.58    1480.59    164.138     44.000  1027.4460  1027.4465    34.8411    34.8419    1480.58    1480.58    6.75397      0.745     0.0011 0.0000e+00
     45.000    1480.40    1480.40    165.285     45.000  1027.4624  1027.4642    34.8461    34.8485    1480.39    1480.40    6.75773      0.880    -0.0001 0.0000e+00
     46.000    1480.19    1480.16    166.566     46.000  1027.4788  1027.4796    34.8500    34.8498    1480.18    1480.15    6.76753      0.628    -0.0068 0.0000e+00
     47.000    1480.50    1480.26    170.020     47.000  1027.4695  1027.4814    34.8469    34.8503    1480.50    1480.26    6.73749      0.193    -0.0651 0.0000e+00
     48.000    1479.60    1479.58    172.392     48.000  1027.5221  1027.5282    34.8625    34.8693    1479.57    1479.56    6.76663      0.638    -0.0055 0.0000e+00
     49.000    1479.14    1479.14    173.962     49.000  1027.5532  1027.5532    34.8740    34.8742    1479.12    1479.13    6.79065      0.586     0.0006 0.0000e+00
     50.000    1478.93    1478.94    175.912     50.000  1027.5663  1027.5669    34.8745    34.8755    1478.92    1478.92    6.77166      0.504     0.0013 0.0000e+00
     51.000    1478.69    1478.70    177.819     51.000  1027.5863  1027.5863    34.8821    34.8824    1478.68    1478.69    6.75154      0.535     0.0012 0.0000e+00
     52.000    1478.47    1478.48    179.780     52.000  1027.6031  1027.6030    34.8867    34.8869    1478.46    1478.47    6.73499      0.516     0.0021 0.0000e+00
     53.000    1478.35    1478.35    181.669     53.000  1027.6154  1027.6149    34.8898    34.8895    1478.34    1478.34    6.72605      0.521     0.0019 0.0000e+00
     54.000    1478.29    1478.18    184.155     54.000  1027.6191  1027.6353    34.8858    34.9002    1478.28    1478.17    6.70391      0.339    -0.0347 0.0000e+00
     55.000    1477.57    1477.57    186.983     55.000  1027.6705  1027.6708    34.9110    34.9112    1477.56    1477.56    6.71431      0.437    -0.0003 0.0000e+00
     56.000    1477.22    1477.24    189.025     56.000  1027.6921  1027.6923    34.9160    34.9170    1477.20    1477.22    6.70574      0.572     0.0048 0.0000e+00
     57.000    1477.01    1477.01    190.507     57.000  1027.7050  1027.7064    34.9167    34.9185    1477.00    1477.00    6.69592      0.824     0.0004 0.0000e+00
     58.000    1476.79    1476.79    191.587     58.000  1027.7175  1027.7191    34.9166    34.9184    1476.78    1476.77    6.69084      0.940    -0.0016 0.0000e+00
     59.000    1476.69    1476.68    192.770     59.000  1027.7283  1027.7283    34.9192    34.9189    1476.68    1476.67    6.68217      0.684    -0.0022 0.0000e+00
     60.000    1477.27    1477.06    197.929     60.000  1027.7106  1027.7205    34.9158    34.9190    1477.27    1477.06    6.62335     -0.006    -0.0549 0.0000e+00
     61.000    1476.35    1476.47    199.993     61.000  1027.7478  1027.7472    34.9163    34.9204    1476.33    1476.45    6.66019      0.838     0.0290 0.0000e+00
     62.000    1476.00    1476.06    201.019     62.000  1027.7661  1027.7699    34.9181    34.9249    1475.98    1476.04    6.68219      0.974     0.0126 0.0000e+00
     63.000    1475.55    1475.56    202.070     63.000  1027.7975  1027.7996    34.9319    34.9346    1475.53    1475.54    6.70792      0.877    -0.0000 0.0000e+00
     64.000    1475.42    1475.42    203.440     64.000  1027.8107  1027.8102    34.9366    34.9360    1475.41    1475.41    6.69811      0.636    -0.0000 0.0000e+00
     65.000    1475.85    1475.77    206.493     65.000  1027.7986  1027.8016    34.9334    34.9336    1475.85    1475.77    6.63051      0.246    -0.0215 0.0000e+00
     66.000    1475.49    1475.40    210.090     66.000  1027.8185  1027.8264    34.9359    34.9422    1475.47    1475.38    6.61414      0.646    -0.0237 0.0000e+00
     67.000    1475.02    1475.01    211.431     67.000  1027.8555  1027.8562    34.9562    34.9569    1475.00    1475.00    6.63222      0.709    -0.0016 0.0000e+00
     68.000    1474.89    1474.89    212.995     68.000  1027.8683  1027.8682    34.9606    34.9605    1474.88    1474.88    6.61273      0.589     0.0007 0.0000e+00
     69.000    1474.81    1474.82    214.834     69.000  1027.8811  1027.8809    34.9669    34.9669    1474.80    1474.81    6.57342      0.548     0.0016 0.0000e+00
     70.000    1474.71    1474.71    216.613     70.000  1027.8926  1027.8923    34.9706    34.9704    1474.70    1474.70    6.54399      0.551     0.0010 0.0000e+00
     71.000    1474.74    1474.70    218.811     71.000  1027.8977  1027.9008    34.9719    34.9741    1474.74    1474.70    6.51459      0.402    -0.0110 0.0000e+00
     72.000    1474.76    1474.73    221.252     72.000  1027.9073  1027.9095    34.9782    34.9796    1474.76    1474.73    6.48800      0.392    -0.0089 0.0000e+00
     73.000    1474.73    1474.69    224.339     73.000  1027.9149  1027.9183    34.9799    34.9825    1474.73    1474.69    6.46342      0.395    -0.0109 0.0000e+00
     74.000    1474.70    1474.70    225.894     74.000  1027.9297  1027.9266    34.9902    34.9866    1474.70    1474.70    6.45335      0.798     0.0008 0.0000e+00
     75.000    1474.96    1474.96    227.148     75.000  1027.9388  1027.9395    35.0050    35.0059    1474.96    1474.96    6.42710      0.703     0.0002 0.0000e+00
     76.000    1474.82    1474.74    229.184     76.000  1027.9427  1027.9493    34.9978    35.0027    1474.81    1474.73    6.41198      0.412    -0.0218 0.0000e+00
     77.000    1474.53    1474.52    231.398     77.000  1027.9590  1027.9585    35.0001    34.9992    1474.52    1474.51    6.41189      0.566    -0.0020 0.0000e+00
     78.000    1474.45    1474.37    233.296     78.000  1027.9662  1027.9680    34.9995    34.9988    1474.44    1474.37    6.40127      0.417    -0.0191 0.0000e+00
     79.000    1474.26    1474.17    236.498     79.000  1027.9720  1027.9756    34.9933    34.9940    1474.25    1474.16    6.38931      0.359    -0.0231 0.0000e+00
     80.000    1474.19    1474.19    238.377     80.000  1027.9856  1027.9855    35.0007    35.0006    1474.18    1474.19    6.39392      0.721     0.0002 0.0000e+00
     81.000    1474.21    1474.20    239.607     81.000  1027.9976  1027.9961    35.0097    35.0078    1474.21    1474.20    6.38312      0.828    -0.0007 0.0000e+00
     82.000    1474.24    1474.24    240.912     82.000  1028.0042  1028.0044    35.0126    35.0129    1474.24    1474.24    6.36953      0.679     0.0002 0.0000e+00
     83.000    1474.25    1474.24    243.836     83.000  1028.0070  1028.0090    35.0102    35.0123    1474.25    1474.24    6.34769      0.269    -0.0033 0.0000e+00
     84.000    1474.07    1474.08    247.357     84.000  1028.0222  1028.0228    35.0153    35.0167    1474.06    1474.08    6.34903      0.757     0.0040 0.0000e+00
     85.000    1473.99    1473.99    248.344     85.000  1028.0315  1028.0321    35.0174    35.0181    1473.98    1473.98    6.34571      0.978     0.0002 0.0000e+00
     86.000    1473.93    1473.93    249.437     86.000  1028.0388  1028.0394    35.0179    35.0186    1473.93    1473.93    6.34757      0.775    -0.0000 0.0000e+00
     87.000    1473.95    1473.92    251.457     87.000  1028.0435  1028.0453    35.0181    35.0190    1473.95    1473.91    6.33892      0.382    -0.0099 0.0000e+00
     88.000    1473.99    1473.94    254.502     88.000  1028.0474  1028.0502    35.0180    35.0194    1473.99    1473.93    6.33043      0.361    -0.0135 0.0000e+00
     89.000    1473.93    1473.93    256.511     89.000  1028.0554  1028.0554    35.0192    35.0192    1473.93    1473.93    6.32757      0.664     0.0001 0.0000e+00
     90.000    1473.94    1473.94    258.019     90.000  1028.0601  1028.0601    35.0188    35.0188    1473.93    1473.94    6.32760      0.562     0.0003 0.0000e+00
     91.000    1473.96    1473.95    260.777     91.000  1028.0645  1028.0648    35.0188    35.0188    1473.96    1473.95    6.32406      0.311    -0.0027 0.0000e+00
     92.000    1473.96    1473.96    262.925     92.000  1028.0696  1028.0696    35.0186    35.0187    1473.95    1473.96    6.31704      0.751     0.0009 0.0000e+00
     93.000    1473.95    1473.96    264.051     93.000  1028.0750  1028.0751    35.0189    35.0191    1473.95    1473.96    6.31295      0.923     0.0009 0.0000e+00
     94.000    1473.95    1473.95    265.180     94.000  1028.0808  1028.0809    35.0196    35.0197    1473.95    1473.95    6.31289      0.769     0.0002 0.0000e+00
     95.000    1474.00    1473.99    269.680     95.000  1028.0842  1028.0844    35.0191    35.0191    1473.99    1473.99    6.31669      0.090    -0.0009 0.0000e+00
     96.000    1474.00    1474.01    273.357     96.000  1028.0898  1028.0895    35.0197    35.0195    1474.00    1474.00    6.31945      1.231     0.0021 0.0000e+00
     97.000    1474.00    1474.00    274.066     97.000  1028.0955  1028.0959    35.0201    35.0207    1474.00    1474.00    6.31305      1.275    -0.0001 0.0000e+00
     98.000    1474.00    1474.00    274.927     98.000  1028.1018  1028.1019    35.0217    35.0218    1474.00    1474.00    6.31190      0.952     0.0000 0.0000e+00
     99.000    1474.02    1474.03    280.319     99.000  1028.1061  1028.1060    35.0216    35.0215    1474.02    1474.03    6.31301      0.115     0.0007 0.0000e+00
    100.000    1474.02    1474.04    284.564    100.000  1028.1135  1028.1115    35.0241    35.0222    1474.02    1474.04    6.31042      0.668     0.0058 0.0000e+00
    101.000    1474.05    1474.06    286.244    101.000  1028.1176  1028.1168    35.0238    35.0232    1474.05    1474.05    6.30464      0.490     0.0022 0.0000e+00
    102.000    1474.03    1474.03    293.483    102.000  1028.1238  1028.1241    35.0244    35.0250    1474.03    1474.03    6.30373      0.239     0.0007 0.0000e+00
    103.000    1474.04    1474.04    319.928    103.000  1028.1306  1028.1305    35.0267    35.0266    1474.04    1474.04    6.29418      0.067     0.0009 0.0000e+00
    104.000    1473.98    1473.98    334.929    104.000  1028.1370  1028.1371    35.0258    35.0261    1473.97    1473.98    6.29714      0.558     0.0004 0.0000e+00
    105.000    1474.07    1474.05    340.958    105.000  1028.1395  1028.1400    35.0263    35.0261    1474.07    1474.05    6.29682      0.079    -0.0059 0.0000e+00
