Ship_data/Irminger/Irminger-2/ctd/process/at30_011_SV.cnv
* Sea-Bird SBE 9 Data File:
* FileName = C:\data\ctd\at30_011.hdr
* Software Version Seasave V 7.21f
* Temperature SN = 2265
* Conductivity SN = 3021
* Number of Bytes Per Scan = 40
* Number of Voltage Words = 5
* Number of Scans Averaged by the Deck Unit = 1
* NMEA Latitude = 59 41.19 N
* NMEA Longitude = 039 21.93 W
* NMEA UTC (Time) = Aug 21 2015  19:14:51
** cal val post deployment at FLMB2
# nquan = 15
# nvalues = 2810                        
# units = specified
# name 0 = depSM: Depth [salt water, m]
# name 1 = svCM: Sound Velocity [Chen-Millero, m/s]
# name 2 = svCM1: Sound Velocity, 2 [Chen-Millero, m/s]
# name 3 = timeS: Time, Elapsed [seconds]
# name 4 = depSM: Depth [salt water, m]
# name 5 = density00: Density [density, Kg/m^3]
# name 6 = density11: Density, 2 [density, Kg/m^3]
# name 7 = sal00: Salinity, Practical [PSU]
# name 8 = sal11: Salinity, Practical, 2 [PSU]
# name 9 = svCM: Sound Velocity [Chen-Millero, m/s]
# name 10 = svCM1: Sound Velocity, 2 [Chen-Millero, m/s]
# name 11 = sbeox0ML/L: Oxygen, SBE 43 [ml/l]
# name 12 = dz/dtM: Descent Rate [m/s]
# name 13 = T2-T190C: Temperature Difference, 2 - 1 [ITS-90, deg C]
# name 14 = flag:
# span 0 =      2.000,   2811.000       
# span 1 =    1469.10,    1503.53       
# span 2 =    1469.11,    1503.53       
# span 3 =     30.320,   3392.229       
# span 4 =      2.000,   2811.000       
# span 5 =  1027.0731,  1041.0105       
# span 6 =  1027.0732,  1041.0100       
# span 7 =    34.8341,    34.9384       
# span 8 =    34.8459,    34.9405       
# span 9 =    1469.10,    1503.53       
# span 10 =    1469.10,    1503.53      
# span 11 =    6.00379,    7.01181      
# span 12 =     -0.023,      1.738      
# span 13 =    -0.2827,     0.0288      
# span 14 = 0.0000e+00, 0.0000e+00      
# interval = meters: 1                  
# start_time = Aug 21 2015 19:14:51 [NMEA time, header]
# bad_flag = -9.990e-29
*END*
[from data line 1639]
   1641.000    1491.60    1491.60   2021.791   1641.000  1035.4156  1035.4154    34.9228    34.9227    1491.60    1491.60    6.02381      0.856     0.0004 0.0000e+00
   1642.000    1491.62    1491.62   2023.596   1642.000  1035.4200  1035.4198    34.9229    34.9225    1491.62    1491.62    6.02297      0.486    -0.0003 0.0000e+00
   1643.000    1491.64    1491.64   2025.340   1643.000  1035.4247  1035.4246    34.9228    34.9227    1491.64    1491.64    6.02498      0.955    -0.0001 0.0000e+00
   1644.000    1491.65    1491.65   2026.200   1644.000  1035.4292  1035.4293    34.9224    34.9228    1491.65    1491.65    6.02620      1.344     0.0005 0.0000e+00
   1645.000    1491.65    1491.65   2026.879   1645.000  1035.4346  1035.4346    34.9227    34.9227    1491.65    1491.65    6.02779      1.562     0.0004 0.0000e+00
   1646.000    1491.65    1491.65   2027.498   1646.000  1035.4395  1035.4395    34.9225    34.9226    1491.65    1491.65    6.02832      1.658     0.0004 0.0000e+00
   1647.000    1491.66    1491.66   2028.099   1647.000  1035.4447  1035.4446    34.9228    34.9227    1491.66    1491.66    6.02548      1.647     0.0003 0.0000e+00
   1648.000    1491.67    1491.67   2028.732   1648.000  1035.4495  1035.4493    34.9228    34.9226    1491.67    1491.67    6.02681      1.515     0.0005 0.0000e+00
   1649.000    1491.68    1491.68   2029.459   1649.000  1035.4541  1035.4539    34.9227    34.9225    1491.68    1491.68    6.02631      1.254     0.0006 0.0000e+00
   1650.000    1491.69    1491.69   2030.427   1650.000  1035.4589  1035.4586    34.9227    34.9225    1491.69    1491.69    6.02580      0.968     0.0005 0.0000e+00
   1651.000    1491.71    1491.71   2031.561   1651.000  1035.4635  1035.4634    34.9227    34.9226    1491.71    1491.71    6.02503      0.904     0.0006 0.0000e+00
   1652.000    1491.72    1491.72   2032.671   1652.000  1035.4680  1035.4679    34.9226    34.9225    1491.72    1491.72    6.02379      0.894     0.0006 0.0000e+00
   1653.000    1491.74    1491.74   2033.948   1653.000  1035.4728  1035.4725    34.9225    34.9224    1491.73    1491.74    6.02129      0.666     0.0007 0.0000e+00
   1654.000    1491.75    1491.75   2035.915   1654.000  1035.4773  1035.4771    34.9225    34.9223    1491.75    1491.75    6.02375      0.536     0.0005 0.0000e+00
   1655.000    1491.77    1491.77   2037.263   1655.000  1035.4822  1035.4819    34.9228    34.9225    1491.77    1491.77    6.02689      1.050     0.0005 0.0000e+00
   1656.000    1491.78    1491.78   2038.086   1656.000  1035.4868  1035.4866    34.9228    34.9226    1491.78    1491.78    6.02854      1.376     0.0005 0.0000e+00
   1657.000    1491.80    1491.80   2038.763   1657.000  1035.4913  1035.4912    34.9228    34.9226    1491.80    1491.80    6.02864      1.578     0.0003 0.0000e+00
   1658.000    1491.82    1491.82   2039.374   1658.000  1035.4958  1035.4956    34.9227    34.9225    1491.82    1491.82    6.02734      1.676     0.0003 0.0000e+00
   1659.000    1491.84    1491.84   2039.970   1659.000  1035.5004  1035.5002    34.9226    34.9226    1491.84    1491.84    6.02681      1.684     0.0003 0.0000e+00
   1660.000    1491.85    1491.85   2040.581   1660.000  1035.5050  1035.5049    34.9227    34.9226    1491.85    1491.85    6.02508      1.601     0.0005 0.0000e+00
   1661.000    1491.87    1491.87   2041.241   1661.000  1035.5096  1035.5094    34.9228    34.9226    1491.87    1491.87    6.02547      1.420     0.0005 0.0000e+00
   1662.000    1491.89    1491.89   2042.045   1662.000  1035.5143  1035.5140    34.9228    34.9225    1491.89    1491.89    6.02556      1.113     0.0006 0.0000e+00
   1663.000    1491.90    1491.91   2043.266   1663.000  1035.5187  1035.5184    34.9226    34.9223    1491.90    1491.90    6.02559      0.672     0.0005 0.0000e+00
   1664.000    1491.92    1491.92   2045.332   1664.000  1035.5233  1035.5229    34.9226    34.9223    1491.92    1491.92    6.02809      0.530     0.0005 0.0000e+00
   1665.000    1491.93    1491.93   2046.838   1665.000  1035.5281  1035.5280    34.9225    34.9225    1491.93    1491.93    6.02872      0.797     0.0003 0.0000e+00
   1666.000    1491.95    1491.95   2048.006   1666.000  1035.5330  1035.5326    34.9228    34.9225    1491.95    1491.95    6.03013      0.971     0.0004 0.0000e+00
   1667.000    1491.96    1491.96   2048.960   1667.000  1035.5375  1035.5374    34.9226    34.9225    1491.96    1491.96    6.03129      1.167     0.0003 0.0000e+00
   1668.000    1491.97    1491.97   2049.770   1668.000  1035.5425  1035.5422    34.9228    34.9226    1491.97    1491.97    6.03287      1.319     0.0004 0.0000e+00
   1669.000    1491.97    1491.98   2050.507   1669.000  1035.5471  1035.5471    34.9225    34.9225    1491.97    1491.98    6.03387      1.427     0.0011 0.0000e+00
   1670.000    1491.98    1491.99   2051.195   1670.000  1035.5521  1035.5520    34.9227    34.9226    1491.98    1491.99    6.03497      1.485     0.0007 0.0000e+00
   1671.000    1491.99    1491.99   2051.876   1671.000  1035.5570  1035.5570    34.9226    34.9227    1491.99    1491.99    6.03731      1.464     0.0007 0.0000e+00
   1672.000    1492.00    1492.01   2052.589   1672.000  1035.5619  1035.5616    34.9228    34.9226    1492.00    1492.00    6.03856      1.357     0.0006 0.0000e+00
   1673.000    1492.02    1492.02   2053.385   1673.000  1035.5665  1035.5663    34.9228    34.9225    1492.02    1492.02    6.04139      1.188     0.0005 0.0000e+00
   1674.000    1492.03    1492.03   2054.342   1674.000  1035.5712  1035.5710    34.9227    34.9225    1492.03    1492.03    6.04417      0.965     0.0005 0.0000e+00
   1675.000    1492.04    1492.04   2055.585   1675.000  1035.5758  1035.5756    34.9225    34.9224    1492.04    1492.04    6.05014      0.717     0.0003 0.0000e+00
   1676.000    1492.06    1492.06   2057.298   1676.000  1035.5802  1035.5801    34.9223    34.9221    1492.06    1492.06    6.05877      0.544     0.0004 0.0000e+00
   1677.000    1492.06    1492.07   2059.073   1677.000  1035.5852  1035.5850    34.9223    34.9221    1492.06    1492.07    6.06801      0.736     0.0006 0.0000e+00
   1678.000    1492.06    1492.06   2060.194   1678.000  1035.5895  1035.5900    34.9208    34.9217    1492.05    1492.06    6.07598      1.105     0.0013 0.0000e+00
   1679.000    1492.04    1492.04   2061.014   1679.000  1035.5958  1035.5956    34.9218    34.9215    1492.04    1492.04    6.08081      1.375    -0.0001 0.0000e+00
   1680.000    1492.06    1492.06   2061.697   1680.000  1035.6002  1035.6000    34.9216    34.9215    1492.06    1492.06    6.08225      1.529     0.0005 0.0000e+00
   1681.000    1492.07    1492.07   2062.336   1681.000  1035.6046  1035.6046    34.9210    34.9211    1492.07    1492.07    6.08413      1.564     0.0002 0.0000e+00
   1682.000    1492.07    1492.07   2062.991   1682.000  1035.6096  1035.6095    34.9209    34.9209    1492.07    1492.07    6.08798      1.487     0.0002 0.0000e+00
   1683.000    1492.09    1492.09   2063.716   1683.000  1035.6146  1035.6143    34.9214    34.9211    1492.08    1492.09    6.09144      1.297     0.0005 0.0000e+00
   1684.000    1492.10    1492.11   2064.601   1684.000  1035.6193  1035.6189    34.9215    34.9211    1492.10    1492.10    6.09773      1.077     0.0004 0.0000e+00
   1685.000    1492.12    1492.12   2065.611   1685.000  1035.6238  1035.6235    34.9215    34.9213    1492.12    1492.12    6.10256      1.000     0.0005 0.0000e+00
   1686.000    1492.14    1492.14   2066.622   1686.000  1035.6284  1035.6282    34.9215    34.9212    1492.14    1492.14    6.10743      1.009     0.0005 0.0000e+00
   1687.000    1492.15    1492.16   2067.651   1687.000  1035.6329  1035.6327    34.9214    34.9212    1492.15    1492.16    6.11194      0.898     0.0005 0.0000e+00
   1688.000    1492.17    1492.17   2069.153   1688.000  1035.6376  1035.6373    34.9214    34.9211    1492.17    1492.17    6.11587      0.546     0.0002 0.0000e+00
   1689.000    1492.19    1492.19   2071.011   1689.000  1035.6422  1035.6420    34.9213    34.9212    1492.18    1492.19    6.12035      0.782     0.0004 0.0000e+00
   1690.000    1492.19    1492.20   2072.030   1690.000  1035.6472  1035.6469    34.9216    34.9212    1492.19    1492.20    6.12226      1.138     0.0005 0.0000e+00
   1691.000    1492.21    1492.22   2072.837   1691.000  1035.6520  1035.6517    34.9219    34.9217    1492.21    1492.22    6.12249      1.305     0.0007 0.0000e+00
   1692.000    1492.22    1492.22   2073.588   1692.000  1035.6571  1035.6567    34.9221    34.9218    1492.22    1492.22    6.12348      1.352     0.0004 0.0000e+00
   1693.000    1492.24    1492.24   2074.342   1693.000  1035.6616  1035.6614    34.9220    34.9218    1492.23    1492.24    6.12471      1.304     0.0005 0.0000e+00
   1694.000    1492.25    1492.25   2075.154   1694.000  1035.6663  1035.6661    34.9219    34.9218    1492.25    1492.25    6.12511      1.209     0.0005 0.0000e+00
   1695.000    1492.26    1492.26   2076.033   1695.000  1035.6711  1035.6708    34.9221    34.9218    1492.26    1492.26    6.12508      1.123     0.0004 0.0000e+00
   1696.000    1492.28    1492.28   2076.981   1696.000  1035.6757  1035.6755    34.9220    34.9219    1492.28    1492.28    6.12496      1.031     0.0005 0.0000e+00
   1697.000    1492.30    1492.30   2078.010   1697.000  1035.6803  1035.6801    34.9220    34.9219    1492.30    1492.30    6.12292      0.991     0.0005 0.0000e+00
   1698.000    1492.31    1492.31   2079.018   1698.000  1035.6852  1035.6851    34.9224    34.9223    1492.31    1492.31    6.12290      1.055     0.0005 0.0000e+00
   1699.000    1492.33    1492.33   2079.938   1699.000  1035.6899  1035.6898    34.9226    34.9224    1492.33    1492.33    6.11973      1.119     0.0005 0.0000e+00
   1700.000    1492.34    1492.34   2080.851   1700.000  1035.6947  1035.6946    34.9226    34.9226    1492.34    1492.34    6.11849      1.045     0.0005 0.0000e+00
   1701.000    1492.36    1492.36   2081.987   1701.000  1035.6993  1035.6991    34.9227    34.9225    1492.36    1492.36    6.11225      0.760     0.0005 0.0000e+00
   1702.000    1492.38    1492.38   2083.615   1702.000  1035.7040  1035.7037    34.9227    34.9225    1492.37    1492.38    6.10431      0.627     0.0005 0.0000e+00
   1703.000    1492.39    1492.39   2084.975   1703.000  1035.7086  1035.7085    34.9229    34.9227    1492.39    1492.39    6.10344      0.902     0.0005 0.0000e+00
   1704.000    1492.41    1492.41   2085.974   1704.000  1035.7133  1035.7131    34.9229    34.9228    1492.41    1492.41    6.10027      1.105     0.0005 0.0000e+00
   1705.000    1492.42    1492.43   2086.835   1705.000  1035.7179  1035.7178    34.9229    34.9228    1492.42    1492.43    6.10043      1.228     0.0004 0.0000e+00
   1706.000    1492.44    1492.44   2087.632   1706.000  1035.7227  1035.7225    34.9228    34.9228    1492.44    1492.44    6.09867      1.289     0.0001 0.0000e+00
   1707.000    1492.45    1492.45   2088.415   1707.000  1035.7274  1035.7274    34.9229    34.9228    1492.45    1492.45    6.09807      1.291     0.0004 0.0000e+00
   1708.000    1492.46    1492.46   2089.212   1708.000  1035.7322  1035.7321    34.9230    34.9229    1492.46    1492.46    6.09773      1.266     0.0004 0.0000e+00
   1709.000    1492.48    1492.48   2090.022   1709.000  1035.7369  1035.7367    34.9231    34.9230    1492.48    1492.48    6.09622      1.244     0.0005 0.0000e+00
   1710.000    1492.49    1492.50   2090.849   1710.000  1035.7416  1035.7415    34.9233    34.9231    1492.49    1492.50    6.09423      1.204     0.0004 0.0000e+00
   1711.000    1492.51    1492.51   2091.722   1711.000  1035.7463  1035.7461    34.9234    34.9232    1492.51    1492.51    6.09418      1.110     0.0004 0.0000e+00
   1712.000    1492.53    1492.53   2092.727   1712.000  1035.7510  1035.7509    34.9235    34.9234    1492.53    1492.53    6.09067      0.909     0.0005 0.0000e+00
   1713.000    1492.55    1492.55   2094.117   1713.000  1035.7555  1035.7552    34.9236    34.9234    1492.55    1492.55    6.08420      0.623     0.0005 0.0000e+00
   1714.000    1492.57    1492.57   2095.938   1714.000  1035.7601  1035.7600    34.9238    34.9236    1492.57    1492.57    6.07748      0.610     0.0005 0.0000e+00
   1715.000    1492.59    1492.59   2097.316   1715.000  1035.7650  1035.7649    34.9244    34.9242    1492.59    1492.59    6.07502      0.903     0.0004 0.0000e+00
   1716.000    1492.61    1492.62   2098.297   1716.000  1035.7698  1035.7694    34.9248    34.9244    1492.61    1492.62    6.07183      1.178     0.0004 0.0000e+00
   1717.000    1492.64    1492.64   2099.076   1717.000  1035.7745  1035.7743    34.9253    34.9250    1492.64    1492.64    6.06916      1.384     0.0005 0.0000e+00
   1718.000    1492.66    1492.66   2099.769   1718.000  1035.7792  1035.7789    34.9255    34.9253    1492.66    1492.66    6.06439      1.510     0.0003 0.0000e+00
   1719.000    1492.68    1492.68   2100.421   1719.000  1035.7839  1035.7837    34.9258    34.9256    1492.68    1492.68    6.06235      1.548     0.0004 0.0000e+00
   1720.000    1492.70    1492.70   2101.077   1720.000  1035.7887  1035.7885    34.9260    34.9258    1492.70    1492.70    6.05640      1.489     0.0004 0.0000e+00
   1721.000    1492.71    1492.71   2101.795   1721.000  1035.7933  1035.7932    34.9260    34.9260    1492.71    1492.71    6.05418      1.314     0.0005 0.0000e+00
   1722.000    1492.72    1492.72   2102.666   1722.000  1035.7980  1035.7979    34.9259    34.9258    1492.72    1492.72    6.04827      1.046     0.0005 0.0000e+00
   1723.000    1492.74    1492.74   2103.854   1723.000  1035.8026  1035.8024    34.9258    34.9256    1492.74    1492.74    6.04254      0.744     0.0005 0.0000e+00
   1724.000    1492.75    1492.75   2105.455   1724.000  1035.8071  1035.8070    34.9257    34.9255    1492.75    1492.75    6.03674      0.619     0.0005 0.0000e+00
   1725.000    1492.77    1492.77   2106.956   1725.000  1035.8118  1035.8116    34.9256    34.9256    1492.77    1492.77    6.03668      0.804     0.0004 0.0000e+00
   1726.000    1492.77    1492.78   2108.045   1726.000  1035.8164  1035.8165    34.9253    34.9254    1492.77    1492.77    6.03709      1.073     0.0004 0.0000e+00
   1727.000    1492.78    1492.79   2108.900   1727.000  1035.8214  1035.8212    34.9255    34.9253    1492.78    1492.78    6.03739      1.260     0.0005 0.0000e+00
   1728.000    1492.80    1492.80   2109.664   1728.000  1035.8257  1035.8258    34.9251    34.9252    1492.80    1492.80    6.03485      1.343     0.0003 0.0000e+00
   1729.000    1492.80    1492.80   2110.412   1729.000  1035.8307  1035.8306    34.9249    34.9249    1492.80    1492.80    6.03449      1.320     0.0004 0.0000e+00
   1730.000    1492.81    1492.82   2111.216   1730.000  1035.8353  1035.8352    34.9250    34.9248    1492.81    1492.82    6.03546      1.187     0.0004 0.0000e+00
   1731.000    1492.83    1492.83   2112.167   1731.000  1035.8401  1035.8398    34.9251    34.9249    1492.83    1492.83    6.03747      0.953     0.0004 0.0000e+00
   1732.000    1492.85    1492.85   2113.425   1732.000  1035.8445  1035.8445    34.9248    34.9249    1492.85    1492.85    6.04039      0.772     0.0003 0.0000e+00
   1733.000    1492.85    1492.85   2114.709   1733.000  1035.8491  1035.8492    34.9245    34.9246    1492.85    1492.85    6.04131      0.919     0.0003 0.0000e+00
   1734.000    1492.86    1492.86   2115.671   1734.000  1035.8540  1035.8540    34.9245    34.9245    1492.86    1492.86    6.04385      1.169     0.0005 0.0000e+00
   1735.000    1492.87    1492.88   2116.477   1735.000  1035.8586  1035.8585    34.9243    34.9243    1492.87    1492.88    6.04464      1.303     0.0009 0.0000e+00
