Ship_data/Irminger/Irminger-2/ctd/process/at30_004.ros
* Sea-Bird SBE 9 Data File:
* FileName = C:\data\ctd\at30_004.hdr
* Software Version Seasave V 7.21f
* Temperature SN = 2265
* Conductivity SN = 3021
* Number of Bytes Per Scan = 40
* Number of Voltage Words = 5
* Number of Scans Averaged by the Deck Unit = 1
* NMEA Latitude = 59 57.06 N
* NMEA Longitude = 039 25.14 W
* NMEA UTC (Time) = Aug 14 2015  14:16:48
# nquan = 27
# nvalues = 539                                   
# units = specified
# name 0 = timeS: Time, Elapsed [seconds]
# name 1 = longitude: Longitude [deg]
# name 2 = latitude: Latitude [deg]
# name 3 = depSM: Depth [salt water, m]
# name 4 = prDM: Pressure, Digiquartz [db]
# name 5 = t090C: Temperature [ITS-90, deg C]
# name 6 = t190C: Temperature, 2 [ITS-90, deg C]
# name 7 = c0S/m: Conductivity [S/m]
# name 8 = c1S/m: Conductivity, 2 [S/m]
# name 9 = CStarTr0: Beam Transmission, WET Labs C-Star [%]
# name 10 = flECO-AFL: Fluorescence, WET Labs ECO-AFL/FL [mg/m^3]
# name 11 = sbeox0V: Oxygen raw, SBE 43 [V]
# name 12 = altM: Altimeter [m]
# name 13 = nbf: Bottles Fired
# name 14 = density00: Density [density, Kg/m^3]
# name 15 = density11: Density, 2 [density, Kg/m^3]
# name 16 = sal00: Salinity, Practical [PSU]
# name 17 = sal11: Salinity, Practical, 2 [PSU]
# name 18 = svCM: Sound Velocity [Chen-Millero, m/s]
# name 19 = svCM1: Sound Velocity, 2 [Chen-Millero, m/s]
# name 20 = timeS: Time, Elapsed [seconds]
# name 21 = sbeox0ML/L: Oxygen, SBE 43 [ml/l]
# name 22 = sbeox0PS: Oxygen, SBE 43 [% saturation]
# name 23 = dz/dtM: Descent Rate [m/s]
# name 24 = T2-T190C: Temperature Difference, 2 - 1 [ITS-90, deg C]
# name 25 = scan: Scan Count
# name 26 = flag:  0.000e+00
# interval = seconds: 0.0416667
# start_time = Aug 14 2015 14:16:48 [NMEA time, header]
# bad_flag = -9.990e-29
*END*
[from data line 215]
   7122.583  -39.41580   59.94836    130.672    131.957     4.2259     4.2257   3.273667   3.273648    97.1830    -0.0219     2.2820      98.78          5  1028.2992  1028.2992    34.9045    34.9045    1469.60    1469.60   7122.583    6.54281   90.74670      0.067    -0.0001     170943  0.000e+00
   7122.625  -39.41580   59.94836    130.599    131.884     4.2258     4.2257   3.273648   3.273676    97.1830    -0.0219     2.2845      98.78          5  1028.2988  1028.2992    34.9044    34.9048    1469.59    1469.60   7122.625    6.55186   90.87200      0.072    -0.0001     170944  0.000e+00
   7122.667  -39.41580   59.94836    130.655    131.941     4.2257     4.2259   3.273654   3.273676    97.1569    -0.0219     2.2857      98.78          5  1028.2992  1028.2993    34.9046    34.9046    1469.60    1469.60   7122.667    6.55646   90.93577      0.076     0.0002     170945  0.000e+00
   7122.708  -39.41580   59.94836    130.599    131.884     4.2259     4.2255   3.273636   3.273676    97.1569    -0.0219     2.2857      98.78          5  1028.2987  1028.2993    34.9042    34.9050    1469.59    1469.59   7122.708    6.55640   90.93504      0.076    -0.0003     170946  0.000e+00
   7122.750  -39.41580   59.94836    130.656    131.941     4.2255     4.2254   3.273654   3.273648    97.1569    -0.0219     2.2845      98.78          5  1028.2994  1028.2994    34.9048    34.9048    1469.60    1469.59   7122.750    6.55193   90.87270      0.084    -0.0001     170947  0.000e+00
   7122.792  -39.41580   59.94836    130.656    131.941     4.2255     4.2257   3.273667   3.273648    97.1569    -0.0219     2.2845      98.78          5  1028.2995  1028.2991    34.9049    34.9045    1469.60    1469.60   7122.792    6.55193   90.87269      0.087     0.0002     170948  0.000e+00
   7122.833  -39.41580   59.94836    130.672    131.957     4.2255     4.2255   3.273661   3.273648    97.1830    -0.0219     2.2857      98.78          5  1028.2995  1028.2994    34.9048    34.9046    1469.60    1469.60   7122.833    6.55649   90.93595      0.094     0.0000     170949  0.000e+00
   7122.875  -39.41580   59.94836    130.656    131.941     4.2254     4.2254   3.273642   3.273676    97.1830    -0.0292     2.2845      98.78          5  1028.2994  1028.2997    34.9048    34.9052    1469.59    1469.60   7122.875    6.55196   90.87270      0.094     0.0000     170950  0.000e+00
   7122.917  -39.41580   59.94836    130.712    131.998     4.2254     4.2255   3.273636   3.273676    97.1830    -0.0219     2.2857      98.78          5  1028.2996  1028.2998    34.9047    34.9050    1469.60    1469.60   7122.917    6.55656   90.93644      0.103     0.0002     170951  0.000e+00
   7122.958  -39.41580   59.94836    130.656    131.941     4.2254     4.2257   3.273636   3.273613    97.1830    -0.0219     2.2857      98.75          5  1028.2994  1028.2988    34.9047    34.9041    1469.59    1469.60   7122.958    6.55651   90.93576      0.104     0.0004     170952  0.000e+00
   7123.000  -39.41580   59.94836    130.656    131.941     4.2252     4.2259   3.273630   3.273676    97.1830    -0.0219     2.2857      98.78          5  1028.2995  1028.2993    34.9048    34.9046    1469.59    1469.60   7123.000    6.55653   90.93578      0.105     0.0007     170953  0.000e+00
   7123.042  -39.41580   59.94836    130.712    131.998     4.2252     4.2257   3.273630   3.273676    97.1569    -0.0292     2.2881      98.78          5  1028.2997  1028.2997    34.9048    34.9048    1469.59    1469.60   7123.042    6.56568   91.06260      0.109     0.0005     170954  0.000e+00
   7123.083  -39.41580   59.94836    130.728    132.014     4.2254     4.2259   3.273655   3.273682    97.1569    -0.0219     2.2857      98.78          5  1028.2998  1028.2996    34.9049    34.9047    1469.60    1469.60   7123.083    6.55656   90.93658      0.114     0.0005     170955  0.000e+00
   7123.125  -39.41580   59.94836    130.656    131.941     4.2252     4.2257   3.273636   3.273734    97.1569    -0.0219     2.2857      98.78          5  1028.2995  1028.3000    34.9049    34.9055    1469.59    1469.60   7123.125    6.55653   90.93574      0.114     0.0005     170956  0.000e+00
   7123.167  -39.41580   59.94836    130.712    131.998     4.2254     4.2260   3.273630   3.273676    97.1569    -0.0219     2.2857      98.78          5  1028.2996  1028.2994    34.9046    34.9045    1469.60    1469.60   7123.167    6.55656   90.93636      0.120     0.0007     170957  0.000e+00
   7123.208  -39.41580   59.94836    130.712    131.998     4.2254     4.2257   3.273618   3.273648    97.1569    -0.0219     2.2857      98.78          5  1028.2994  1028.2994    34.9045    34.9044    1469.60    1469.60   7123.208    6.55656   90.93634      0.118     0.0004     170958  0.000e+00
   7123.250  -39.41580   59.94836    130.712    131.998     4.2250     4.2260   3.273618   3.273648    97.1307    -0.0219     2.2857      98.78          5  1028.2998  1028.2991    34.9048    34.9041    1469.59    1469.60   7123.250    6.55660   90.93641      0.123     0.0010     170959  0.000e+00
   7123.292  -39.41580   59.94836    130.712    131.998     4.2252     4.2263   3.273588   3.273705    97.1045    -0.0219     2.2857      98.78          5  1028.2993  1028.2993    34.9043    34.9045    1469.59    1469.60   7123.292    6.55660   90.93636      0.123     0.0011     170960  0.000e+00
   7123.333  -39.41580   59.94836    130.728    132.014     4.2252     4.2263   3.273594   3.273705    97.1045    -0.0219     2.2857      98.78          5  1028.2994  1028.2994    34.9044    34.9044    1469.59    1469.60   7123.333    6.55661   90.93654      0.125     0.0011     170961  0.000e+00
   7123.375  -39.41580   59.94836    130.712    131.998     4.2250     4.2262   3.273600   3.273705    97.1045    -0.0219     2.2857      98.78          5  1028.2996  1028.2995    34.9046    34.9046    1469.59    1469.60   7123.375    6.55661   90.93637      0.125     0.0012     170962  0.000e+00
   7123.417  -39.41580   59.94836    130.776    132.063     4.2252     4.2262   3.273624   3.273768    97.1307    -0.0219     2.2857      98.78          5  1028.2999  1028.3003    34.9047    34.9053    1469.60    1469.60   7123.417    6.55663   90.93708      0.132     0.0010     170963  0.000e+00
   7123.458  -39.41580   59.94836    130.712    131.998     4.2254     4.2262   3.273618   3.273705    97.1307    -0.0219     2.2869      98.78          5  1028.2994  1028.2995    34.9045    34.9046    1469.60    1469.60   7123.458    6.56110   90.99934      0.130     0.0008     170964  0.000e+00
   7123.500  -39.41580   59.94836    130.712    131.998     4.2249     4.2263   3.273606   3.273734    97.1307    -0.0219     2.2881      98.78          5  1028.2998  1028.2996    34.9049    34.9048    1469.59    1469.60   7123.500    6.56572   91.06254      0.128     0.0015     170965  0.000e+00
   7123.542  -39.41580   59.94836    130.776    132.063     4.2250     4.2263   3.273576   3.273734    97.1569    -0.0219     2.2857      98.78          5  1028.2996  1028.2999    34.9043    34.9048    1469.59    1469.60   7123.542    6.55668   90.93708      0.129     0.0013     170966  0.000e+00
   7123.583  -39.41580   59.94836    130.728    132.014     4.2252     4.2263   3.273594   3.273705    97.1569    -0.0292     2.2857      98.78          5  1028.2994  1028.2994    34.9044    34.9044    1469.59    1469.60   7123.583    6.55660   90.93645      0.130     0.0011     170967  0.000e+00
   7123.625  -39.41580   59.94836    130.777    132.063     4.2249     4.2261   3.273588   3.273734    97.1307    -0.0219     2.2869      98.78          5  1028.2999  1028.3001    34.9046    34.9050    1469.59    1469.60   7123.625    6.56124   91.00018      0.131     0.0013     170968  0.000e+00
   7123.667  -39.41580   59.94836    130.712    131.998     4.2250     4.2262   3.273588   3.273768    97.1307    -0.0219     2.2857      98.78          5  1028.2995  1028.3001    34.9045    34.9054    1469.59    1469.60   7123.667    6.55661   90.93628      0.130     0.0012     170969  0.000e+00
   7123.708  -39.41580   59.94836    130.777    132.063     4.2250     4.2260   3.273582   3.273705    97.1307    -0.0219     2.2857      98.75          5  1028.2997  1028.2999    34.9044    34.9048    1469.59    1469.60   7123.708    6.55667   90.93703      0.128     0.0010     170970  0.000e+00
   7123.750  -39.41580   59.94836    130.777    132.063     4.2249     4.2263   3.273594   3.273734    97.1569    -0.0219     2.2857      98.78          5  1028.3000  1028.2999    34.9047    34.9048    1469.59    1469.60   7123.750    6.55668   90.93706      0.130     0.0015     170971  0.000e+00
   7123.792  -39.41580   59.94836    130.712    131.998     4.2250     4.2260   3.273600   3.273705    97.1830    -0.0219     2.2869      98.78          5  1028.2996  1028.2996    34.9046    34.9048    1469.59    1469.60   7123.792    6.56115   90.99932      0.127     0.0010     170972  0.000e+00
   7280.875  -39.41584   59.94834    100.447    101.428     4.4167     4.4194   3.289515   3.289790    97.0522    -0.0219     2.3128      98.78          6  1028.1374  1028.1375    34.9058    34.9062    1469.89    1469.90   7280.875    6.59723   91.92326      0.407     0.0027     174742  0.000e+00
   7280.917  -39.41584   59.94834    100.544    101.525     4.4161     4.4192   3.289455   3.289762    97.0261    -0.0292     2.3128      98.78          6  1028.1378  1028.1377    34.9057    34.9060    1469.89    1469.90   7280.917    6.59743   91.92455      0.405     0.0031     174743  0.000e+00
   7280.958  -39.41584   59.94834    100.560    101.541     4.4153     4.4186   3.289419   3.289790    97.0522    -0.0219     2.3128      98.78          6  1028.1384  1028.1387    34.9061    34.9070    1469.88    1469.90   7280.958    6.59757   91.92493      0.400     0.0033     174744  0.000e+00
   7281.000  -39.41584   59.94834    100.544    101.525     4.4152     4.4186   3.289412   3.289790    97.0261    -0.0219     2.3128      98.75          6  1028.1384  1028.1386    34.9062    34.9070    1469.88    1469.90   7281.000    6.59757   91.92475      0.394     0.0034     174745  0.000e+00
   7281.042  -39.41584   59.94834    100.560    101.541     4.4151     4.4185   3.289425   3.289733    96.9737    -0.0219     2.3128      98.78          6  1028.1386  1028.1383    34.9064    34.9065    1469.88    1469.90   7281.042    6.59758   91.92495      0.392     0.0033     174746  0.000e+00
   7281.083  -39.41584   59.94834    100.544    101.525     4.4148     4.4178   3.289394   3.289704    96.9737    -0.0292     2.3128      98.78          6  1028.1385  1028.1386    34.9063    34.9069    1469.88    1469.89   7281.083    6.59762   91.92481      0.382     0.0029     174747  0.000e+00
   7281.125  -39.41584   59.94834    100.656    101.639     4.4145     4.4170   3.289334   3.289676    96.9737    -0.0219     2.3128      98.78          6  1028.1387  1028.1396    34.9059    34.9073    1469.88    1469.89   7281.125    6.59779   91.92623      0.385     0.0025     174748  0.000e+00
   7281.167  -39.41584   59.94834    100.560    101.541     4.4137     4.4162   3.289280   3.289613    96.9999    -0.0219     2.3128      98.78          6  1028.1385  1028.1393    34.9061    34.9075    1469.88    1469.89   7281.167    6.59784   91.92524      0.377     0.0025     174749  0.000e+00
   7281.208  -39.41584   59.94834    100.600    101.582     4.4133     4.4155   3.289243   3.289584    97.0261    -0.0219     2.3128      98.78          6  1028.1387  1028.1399    34.9061    34.9078    1469.88    1469.89   7281.208    6.59794   91.92581      0.375     0.0022     174750  0.000e+00
   7281.250  -39.41584   59.94834    100.680    101.663     4.4131     4.4149   3.289231   3.289463    96.9999    -0.0219     2.3140      98.78          6  1028.1392  1028.1396    34.9062    34.9070    1469.88    1469.89   7281.250    6.60256   91.98962      0.371     0.0019     174751  0.000e+00
   7281.292  -39.41584   59.94834    100.656    101.639     4.4132     4.4149   3.289231   3.289463    97.0261    -0.0219     2.3128      98.78          6  1028.1390  1028.1396    34.9061    34.9070    1469.88    1469.88   7281.292    6.59801   91.92649      0.369     0.0017     174752  0.000e+00
   7281.333  -39.41584   59.94834    100.680    101.663     4.4128     4.4149   3.289213   3.289435    97.0261    -0.0219     2.3140      98.78          6  1028.1393  1028.1394    34.9063    34.9066    1469.88    1469.88   7281.333    6.60260   91.98966      0.367     0.0022     174753  0.000e+00
   7281.375  -39.41586   59.94834    100.656    101.639     4.4126     4.4154   3.289183   3.289372    97.0261    -0.0219     2.3128      98.78          6  1028.1392  1028.1383    34.9062    34.9055    1469.87    1469.88   7281.375    6.59812   91.92662      0.365     0.0028     174754  0.000e+00
   7281.417  -39.41586   59.94834    100.737    101.720     4.4124     4.4151   3.289171   3.289435    97.0261    -0.0219     2.3128      98.78          6  1028.1396  1028.1394    34.9062    34.9064    1469.87    1469.89   7281.417    6.59822   91.92762      0.363     0.0027     174755  0.000e+00
   7281.458  -39.41586   59.94834    100.721    101.704     4.4124     4.4150   3.289189   3.289435    97.0261    -0.0219     2.3128      98.78          6  1028.1397  1028.1394    34.9064    34.9065    1469.87    1469.89   7281.458    6.59819   91.92741      0.360     0.0026     174756  0.000e+00
   7281.500  -39.41586   59.94834    100.777    101.761     4.4125     4.4148   3.289201   3.289435    97.0261    -0.0219     2.3128      98.78          6  1028.1400  1028.1399    34.9065    34.9067    1469.88    1469.89   7281.500    6.59823   91.92806      0.364     0.0023     174757  0.000e+00
   7281.542  -39.41586   59.94834    100.737    101.720     4.4131     4.4148   3.289243   3.289400    97.0522    -0.0219     2.3140      98.78          6  1028.1396  1028.1394    34.9063    34.9064    1469.88    1469.88   7281.542    6.60260   91.99021      0.359     0.0017     174758  0.000e+00
   7281.583  -39.41586   59.94834    100.777    101.761     4.4135     4.4150   3.289280   3.289435    97.0522    -0.0219     2.3140      98.78          6  1028.1397  1028.1397    34.9063    34.9065    1469.88    1469.89   7281.583    6.60255   91.99057      0.358     0.0015     174759  0.000e+00
   7281.625  -39.41586   59.94834    100.801    101.785     4.4143     4.4154   3.289352   3.289400    97.0522    -0.0219     2.3128      98.78          6  1028.1397  1028.1391    34.9062    34.9057    1469.88    1469.89   7281.625    6.59792   91.92786      0.361     0.0011     174760  0.000e+00
   7281.667  -39.41586   59.94834    100.841    101.826     4.4148     4.4157   3.289419   3.289463    97.0522    -0.0219     2.3128      98.78          6  1028.1400  1028.1396    34.9065    34.9061    1469.89    1469.89   7281.667    6.59786   91.92821      0.361     0.0008     174761  0.000e+00
   7281.708  -39.41586   59.94834    100.801    101.785     4.4158     4.4154   3.289509   3.289492    97.0522    -0.0219     2.3128      98.78          6  1028.1398  1028.1400    34.9066    34.9067    1469.89    1469.89   7281.708    6.59765   91.92749      0.360    -0.0004     174762  0.000e+00
   7281.750  -39.41586   59.94834    100.898    101.883     4.4172     4.4158   3.289570   3.289463    97.0261    -0.0219     2.3140      98.78          6  1028.1394  1028.1397    34.9057    34.9059    1469.90    1469.89   7281.750    6.60203   91.99108      0.366    -0.0014     174763  0.000e+00
   7281.792  -39.41586   59.94834    100.858    101.842     4.4183     4.4157   3.289697   3.289463    97.0261    -0.0219     2.3128      98.78          6  1028.1393  1028.1396    34.9060    34.9060    1469.90    1469.89   7281.792    6.59728   91.92753      0.365    -0.0026     174764  0.000e+00
