Ship_data/Irminger/Irminger-2/ctd/process/at30_005_SV.cnv
* Sea-Bird SBE 9 Data File:
* FileName = C:\data\ctd\at30_005.hdr
* Software Version Seasave V 7.21f
* Temperature SN = 2265
* Conductivity SN = 3021
* Number of Bytes Per Scan = 40
* Number of Voltage Words = 5
* Number of Scans Averaged by the Deck Unit = 1
* NMEA Latitude = 59 59.33 N
* NMEA Longitude = 039 27.67 W
* NMEA UTC (Time) = Aug 14 2015  19:36:17
# nquan = 15
# nvalues = 2654                        
# units = specified
# name 0 = depSM: Depth [salt water, m]
# name 1 = svCM: Sound Velocity [Chen-Millero, m/s]
# name 2 = svCM1: Sound Velocity, 2 [Chen-Millero, m/s]
# name 3 = timeS: Time, Elapsed [seconds]
# name 4 = depSM: Depth [salt water, m]
# name 5 = density00: Density [density, Kg/m^3]
# name 6 = density11: Density, 2 [density, Kg/m^3]
# name 7 = sal00: Salinity, Practical [PSU]
# name 8 = sal11: Salinity, Practical, 2 [PSU]
# name 9 = svCM: Sound Velocity [Chen-Millero, m/s]
# name 10 = svCM1: Sound Velocity, 2 [Chen-Millero, m/s]
# name 11 = sbeox0ML/L: Oxygen, SBE 43 [ml/l]
# name 12 = dz/dtM: Descent Rate [m/s]
# name 13 = T2-T190C: Temperature Difference, 2 - 1 [ITS-90, deg C]
# name 14 = flag:
# span 0 =      8.000,   2660.999       
# span 1 =    1471.60,    1501.75       
# span 2 =    1471.60,    1501.75       
# span 3 =     50.580,   3328.056       
# span 4 =      8.000,   2661.000       
# span 5 =  1027.1326,  1040.3412       
# span 6 =  1027.1278,  1040.3408       
# span 7 =    34.8476,    35.0077       
# span 8 =    34.8522,    35.0084       
# span 9 =    1471.60,    1501.75       
# span 10 =    1471.60,    1501.75      
# span 11 =    6.01011,    6.94310      
# span 12 =     -0.032,      1.717      
# span 13 =    -0.0859,     0.0240      
# span 14 = 0.0000e+00, 0.0000e+00      
# interval = meters: 1                  
# start_time = Aug 14 2015 19:36:17 [NMEA time, header]
# bad_flag = -9.990e-29
*END*
[from data line 386]
    394.000    1473.23    1473.23    781.668    394.000  1029.5654  1029.5658    34.9222    34.9228    1473.23    1473.23    6.44591      1.075     0.0003 0.0000e+00
    395.000    1473.24    1473.24    782.602    395.000  1029.5703  1029.5704    34.9221    34.9225    1473.24    1473.24    6.44415      1.050     0.0004 0.0000e+00
    396.000    1473.25    1473.25    783.617    396.000  1029.5747  1029.5752    34.9219    34.9223    1473.25    1473.25    6.44575      0.958    -0.0006 0.0000e+00
    397.000    1473.26    1473.27    784.707    397.000  1029.5796  1029.5798    34.9219    34.9223    1473.26    1473.27    6.44652      0.914     0.0003 0.0000e+00
    398.000    1473.28    1473.28    785.854    398.000  1029.5844  1029.5845    34.9219    34.9221    1473.28    1473.28    6.44760      0.815     0.0002 0.0000e+00
    399.000    1473.30    1473.30    787.264    399.000  1029.5890  1029.5892    34.9218    34.9222    1473.30    1473.30    6.44835      0.677     0.0000 0.0000e+00
    400.000    1473.31    1473.31    788.672    400.000  1029.5936  1029.5939    34.9217    34.9221    1473.31    1473.31    6.45324      0.863     0.0000 0.0000e+00
    401.000    1473.32    1473.33    789.673    401.000  1029.5985  1029.5986    34.9218    34.9222    1473.32    1473.33    6.45323      1.164     0.0004 0.0000e+00
    402.000    1473.34    1473.34    790.452    402.000  1029.6031  1029.6034    34.9218    34.9221    1473.34    1473.34    6.45163      1.364    -0.0001 0.0000e+00
    403.000    1473.35    1473.35    791.155    403.000  1029.6078  1029.6082    34.9215    34.9219    1473.35    1473.35    6.44888      1.427    -0.0002 0.0000e+00
    404.000    1473.36    1473.36    791.869    404.000  1029.6121  1029.6128    34.9207    34.9217    1473.35    1473.36    6.44604      1.329    -0.0001 0.0000e+00
    405.000    1473.35    1473.35    792.710    405.000  1029.6173  1029.6178    34.9206    34.9213    1473.35    1473.35    6.44596      1.087     0.0008 0.0000e+00
    406.000    1473.35    1473.35    793.800    406.000  1029.6222  1029.6226    34.9203    34.9207    1473.35    1473.35    6.44931      0.858     0.0000 0.0000e+00
    407.000    1473.36    1473.36    795.039    407.000  1029.6272  1029.6273    34.9204    34.9206    1473.36    1473.36    6.45303      0.849     0.0004 0.0000e+00
    408.000    1473.37    1473.37    796.160    408.000  1029.6318  1029.6321    34.9203    34.9206    1473.37    1473.37    6.45450      0.956     0.0001 0.0000e+00
    409.000    1473.38    1473.38    797.174    409.000  1029.6365  1029.6368    34.9203    34.9206    1473.38    1473.38    6.45537      1.002    -0.0003 0.0000e+00
    410.000    1473.40    1473.40    798.200    410.000  1029.6412  1029.6415    34.9202    34.9207    1473.40    1473.40    6.45429      0.945     0.0001 0.0000e+00
    411.000    1473.42    1473.42    799.331    411.000  1029.6459  1029.6460    34.9203    34.9205    1473.41    1473.42    6.45220      0.859     0.0002 0.0000e+00
    412.000    1473.43    1473.43    800.540    412.000  1029.6505  1029.6508    34.9201    34.9205    1473.43    1473.43    6.45437      0.858     0.0004 0.0000e+00
    413.000    1473.44    1473.44    801.660    413.000  1029.6553  1029.6556    34.9200    34.9205    1473.44    1473.44    6.45386      0.987     0.0003 0.0000e+00
    414.000    1473.45    1473.45    802.605    414.000  1029.6600  1029.6605    34.9197    34.9203    1473.45    1473.45    6.45339      1.117    -0.0001 0.0000e+00
    415.000    1473.45    1473.45    803.482    415.000  1029.6646  1029.6652    34.9190    34.9198    1473.44    1473.45    6.45330      1.114     0.0002 0.0000e+00
    416.000    1473.42    1473.43    804.442    416.000  1029.6697  1029.6703    34.9182    34.9190    1473.42    1473.43    6.45472      0.994     0.0003 0.0000e+00
    417.000    1473.41    1473.41    805.517    417.000  1029.6747  1029.6753    34.9176    34.9184    1473.41    1473.41    6.45107      0.944     0.0002 0.0000e+00
    418.000    1473.41    1473.41    806.557    418.000  1029.6799  1029.6802    34.9178    34.9181    1473.41    1473.41    6.44845      1.025     0.0001 0.0000e+00
    419.000    1473.42    1473.42    807.497    419.000  1029.6847  1029.6849    34.9177    34.9180    1473.42    1473.42    6.44611      1.116     0.0003 0.0000e+00
    420.000    1473.44    1473.44    808.373    420.000  1029.6893  1029.6896    34.9176    34.9180    1473.43    1473.43    6.44226      1.156    -0.0000 0.0000e+00
    421.000    1473.45    1473.45    809.249    421.000  1029.6941  1029.6943    34.9177    34.9180    1473.45    1473.45    6.43806      1.104     0.0002 0.0000e+00
    422.000    1473.47    1473.47    810.228    422.000  1029.6987  1029.6990    34.9176    34.9180    1473.47    1473.47    6.43534      0.968    -0.0002 0.0000e+00
    423.000    1473.48    1473.48    811.377    423.000  1029.7035  1029.7036    34.9175    34.9178    1473.48    1473.48    6.43558      0.819     0.0005 0.0000e+00
    424.000    1473.49    1473.49    812.693    424.000  1029.7081  1029.7084    34.9175    34.9178    1473.49    1473.49    6.43696      0.773    -0.0004 0.0000e+00
    425.000    1473.50    1473.50    813.939    425.000  1029.7124  1029.7131    34.9167    34.9174    1473.50    1473.50    6.44024      0.898    -0.0004 0.0000e+00
    426.000    1473.48    1473.49    814.967    426.000  1029.7180  1029.7184    34.9168    34.9172    1473.48    1473.49    6.44417      1.054     0.0003 0.0000e+00
    427.000    1473.51    1473.50    815.872    427.000  1029.7228  1029.7230    34.9171    34.9172    1473.51    1473.50    6.44035      1.141    -0.0008 0.0000e+00
    428.000    1473.52    1473.52    816.747    428.000  1029.7274  1029.7275    34.9169    34.9171    1473.52    1473.52    6.43847      1.132     0.0001 0.0000e+00
    429.000    1473.53    1473.53    817.670    429.000  1029.7319  1029.7324    34.9166    34.9171    1473.53    1473.53    6.43448      1.042    -0.0002 0.0000e+00
    430.000    1473.55    1473.55    818.708    430.000  1029.7368  1029.7371    34.9168    34.9170    1473.54    1473.55    6.43533      0.931     0.0002 0.0000e+00
    431.000    1473.56    1473.56    819.826    431.000  1029.7415  1029.7417    34.9166    34.9170    1473.56    1473.56    6.43615      0.930     0.0001 0.0000e+00
    432.000    1473.57    1473.57    820.862    432.000  1029.7461  1029.7465    34.9165    34.9170    1473.57    1473.57    6.43645      1.051     0.0002 0.0000e+00
    433.000    1473.58    1473.59    821.765    433.000  1029.7510  1029.7512    34.9165    34.9169    1473.58    1473.59    6.43644      1.164     0.0001 0.0000e+00
    434.000    1473.60    1473.60    822.606    434.000  1029.7557  1029.7560    34.9167    34.9170    1473.60    1473.60    6.43460      1.188     0.0001 0.0000e+00
    435.000    1473.61    1473.61    823.477    435.000  1029.7604  1029.7607    34.9165    34.9169    1473.61    1473.61    6.43401      1.093     0.0001 0.0000e+00
    436.000    1473.63    1473.63    824.499    436.000  1029.7650  1029.7653    34.9164    34.9167    1473.63    1473.63    6.43426      0.890     0.0002 0.0000e+00
    437.000    1473.64    1473.64    825.810    437.000  1029.7698  1029.7699    34.9165    34.9167    1473.64    1473.64    6.43557      0.739     0.0003 0.0000e+00
    438.000    1473.66    1473.66    827.133    438.000  1029.7745  1029.7748    34.9165    34.9167    1473.66    1473.66    6.43621      0.836     0.0001 0.0000e+00
    439.000    1473.67    1473.67    828.255    439.000  1029.7792  1029.7794    34.9164    34.9167    1473.67    1473.67    6.43273      0.955     0.0004 0.0000e+00
    440.000    1473.68    1473.69    829.269    440.000  1029.7841  1029.7843    34.9165    34.9168    1473.68    1473.68    6.43343      1.019     0.0001 0.0000e+00
    441.000    1473.70    1473.70    830.241    441.000  1029.7887  1029.7891    34.9163    34.9168    1473.70    1473.70    6.43508      1.073     0.0001 0.0000e+00
    442.000    1473.71    1473.71    831.155    442.000  1029.7936  1029.7938    34.9166    34.9168    1473.71    1473.71    6.43552      1.144     0.0002 0.0000e+00
    443.000    1473.73    1473.73    832.010    443.000  1029.7982  1029.7985    34.9165    34.9168    1473.73    1473.73    6.43547      1.219     0.0002 0.0000e+00
    444.000    1473.74    1473.75    832.814    444.000  1029.8030  1029.8031    34.9165    34.9168    1473.74    1473.74    6.43305      1.262     0.0003 0.0000e+00
    445.000    1473.76    1473.76    833.616    445.000  1029.8076  1029.8077    34.9165    34.9168    1473.76    1473.76    6.43164      1.219     0.0002 0.0000e+00
    446.000    1473.77    1473.77    834.485    446.000  1029.8121  1029.8125    34.9163    34.9167    1473.77    1473.77    6.43001      1.090    -0.0000 0.0000e+00
    447.000    1473.79    1473.79    835.526    447.000  1029.8169  1029.8171    34.9163    34.9166    1473.79    1473.79    6.42760      0.860     0.0002 0.0000e+00
    448.000    1473.80    1473.80    837.037    448.000  1029.8215  1029.8218    34.9161    34.9164    1473.80    1473.80    6.42765      0.582    -0.0005 0.0000e+00
    449.000    1473.81    1473.82    838.743    449.000  1029.8263  1029.8265    34.9161    34.9164    1473.81    1473.82    6.43248      0.776     0.0003 0.0000e+00
    450.000    1473.82    1473.82    839.802    450.000  1029.8309  1029.8315    34.9157    34.9164    1473.82    1473.82    6.42955      1.139     0.0002 0.0000e+00
    451.000    1473.83    1473.83    840.594    451.000  1029.8362  1029.8363    34.9160    34.9162    1473.83    1473.83    6.42923      1.344     0.0002 0.0000e+00
    452.000    1473.84    1473.84    841.309    452.000  1029.8407  1029.8411    34.9159    34.9163    1473.84    1473.84    6.42897      1.389    -0.0001 0.0000e+00
    453.000    1473.85    1473.85    842.048    453.000  1029.8455  1029.8458    34.9156    34.9161    1473.85    1473.85    6.42384      1.293     0.0000 0.0000e+00
    454.000    1473.86    1473.86    842.890    454.000  1029.8502  1029.8506    34.9156    34.9161    1473.86    1473.86    6.42233      1.142     0.0001 0.0000e+00
    455.000    1473.87    1473.87    843.832    455.000  1029.8549  1029.8552    34.9153    34.9158    1473.87    1473.87    6.42355      1.032     0.0001 0.0000e+00
    456.000    1473.88    1473.88    844.869    456.000  1029.8596  1029.8600    34.9152    34.9156    1473.88    1473.88    6.42512      0.926     0.0001 0.0000e+00
    457.000    1473.88    1473.89    846.047    457.000  1029.8644  1029.8647    34.9150    34.9153    1473.88    1473.88    6.42766      0.799     0.0002 0.0000e+00
    458.000    1473.89    1473.90    847.412    458.000  1029.8691  1029.8694    34.9149    34.9151    1473.89    1473.90    6.43167      0.724     0.0002 0.0000e+00
    459.000    1473.90    1473.91    848.759    459.000  1029.8740  1029.8743    34.9149    34.9152    1473.90    1473.91    6.43444      0.861     0.0004 0.0000e+00
    460.000    1473.92    1473.92    849.786    460.000  1029.8789  1029.8792    34.9149    34.9153    1473.92    1473.92    6.43272      1.107     0.0001 0.0000e+00
    461.000    1473.93    1473.93    850.622    461.000  1029.8835  1029.8839    34.9149    34.9152    1473.93    1473.93    6.43167      1.268     0.0001 0.0000e+00
    462.000    1473.94    1473.95    851.388    462.000  1029.8882  1029.8884    34.9146    34.9151    1473.94    1473.95    6.42975      1.310     0.0006 0.0000e+00
    463.000    1473.95    1473.95    852.170    463.000  1029.8931  1029.8933    34.9147    34.9150    1473.95    1473.95    6.43263      1.223     0.0002 0.0000e+00
    464.000    1473.97    1473.97    853.061    464.000  1029.8978  1029.8981    34.9147    34.9151    1473.97    1473.97    6.43495      1.063     0.0002 0.0000e+00
    465.000    1473.98    1473.98    854.092    465.000  1029.9026  1029.9027    34.9149    34.9150    1473.98    1473.98    6.43428      0.959     0.0002 0.0000e+00
    466.000    1474.00    1474.00    855.152    466.000  1029.9072  1029.9075    34.9148    34.9151    1474.00    1474.00    6.43227      0.956     0.0002 0.0000e+00
    467.000    1474.02    1474.02    856.227    467.000  1029.9119  1029.9121    34.9148    34.9151    1474.02    1474.02    6.43152      0.883     0.0002 0.0000e+00
    468.000    1474.03    1474.03    857.546    468.000  1029.9165  1029.9166    34.9147    34.9149    1474.03    1474.03    6.43228      0.682     0.0003 0.0000e+00
    469.000    1474.04    1474.05    859.130    469.000  1029.9213  1029.9215    34.9146    34.9149    1474.04    1474.05    6.43077      0.708     0.0002 0.0000e+00
    470.000    1474.06    1474.06    860.343    470.000  1029.9261  1029.9261    34.9149    34.9150    1474.06    1474.06    6.43213      1.014     0.0003 0.0000e+00
    471.000    1474.08    1474.08    861.210    471.000  1029.9307  1029.9309    34.9147    34.9151    1474.08    1474.08    6.43538      1.282     0.0001 0.0000e+00
    472.000    1474.09    1474.09    861.939    472.000  1029.9354  1029.9357    34.9147    34.9150    1474.09    1474.09    6.43323      1.460     0.0001 0.0000e+00
    473.000    1474.10    1474.11    862.591    473.000  1029.9401  1029.9404    34.9146    34.9151    1474.10    1474.11    6.42974      1.523     0.0000 0.0000e+00
    474.000    1474.12    1474.12    863.259    474.000  1029.9448  1029.9452    34.9147    34.9151    1474.12    1474.12    6.42741      1.476     0.0000 0.0000e+00
    475.000    1474.13    1474.13    863.975    475.000  1029.9495  1029.9498    34.9144    34.9149    1474.13    1474.13    6.42640      1.297     0.0002 0.0000e+00
    476.000    1474.14    1474.14    864.868    476.000  1029.9541  1029.9545    34.9141    34.9147    1474.14    1474.14    6.42670      0.983     0.0006 0.0000e+00
    477.000    1474.15    1474.15    866.263    477.000  1029.9587  1029.9590    34.9141    34.9143    1474.15    1474.15    6.42716      0.572    -0.0006 0.0000e+00
    478.000    1474.18    1474.17    868.308    478.000  1029.9633  1029.9636    34.9141    34.9142    1474.18    1474.17    6.43211      0.589    -0.0021 0.0000e+00
    479.000    1474.17    1474.17    869.604    479.000  1029.9684  1029.9685    34.9139    34.9141    1474.17    1474.17    6.43324      1.025     0.0000 0.0000e+00
    480.000    1474.18    1474.18    870.439    480.000  1029.9725  1029.9731    34.9131    34.9137    1474.18    1474.18    6.43217      1.316    -0.0012 0.0000e+00
    481.000    1474.18    1474.19    871.144    481.000  1029.9779  1029.9779    34.9134    34.9136    1474.18    1474.19    6.43040      1.473     0.0006 0.0000e+00
    482.000    1474.20    1474.20    871.806    482.000  1029.9825  1029.9827    34.9132    34.9134    1474.20    1474.20    6.42844      1.479     0.0000 0.0000e+00
    483.000    1474.21    1474.21    872.512    483.000  1029.9872  1029.9874    34.9130    34.9134    1474.21    1474.21    6.43073      1.322     0.0002 0.0000e+00
    484.000    1474.21    1474.21    873.380    484.000  1029.9918  1029.9922    34.9128    34.9132    1474.21    1474.21    6.43187      1.053    -0.0000 0.0000e+00
    485.000    1474.22    1474.23    874.509    485.000  1029.9966  1029.9969    34.9127    34.9130    1474.22    1474.23    6.43815      0.825     0.0002 0.0000e+00
    486.000    1474.24    1474.24    875.774    486.000  1030.0013  1030.0016    34.9125    34.9128    1474.24    1474.24    6.44067      0.842     0.0003 0.0000e+00
    487.000    1474.24    1474.25    876.894    487.000  1030.0061  1030.0063    34.9123    34.9128    1474.24    1474.25    6.44466      0.942     0.0007 0.0000e+00
    488.000    1474.25    1474.26    877.948    488.000  1030.0111  1030.0112    34.9125    34.9129    1474.25    1474.26    6.44658      0.938     0.0004 0.0000e+00
