Ship_data/Irminger/Irminger-2/ctd/process/at30_005.ros
* Sea-Bird SBE 9 Data File:
* FileName = C:\data\ctd\at30_005.hdr
* Software Version Seasave V 7.21f
* Temperature SN = 2265
* Conductivity SN = 3021
* Number of Bytes Per Scan = 40
* Number of Voltage Words = 5
* Number of Scans Averaged by the Deck Unit = 1
* NMEA Latitude = 59 59.33 N
* NMEA Longitude = 039 27.67 W
* NMEA UTC (Time) = Aug 14 2015  19:36:17
# nquan = 27
# nvalues = 1176                                  
# units = specified
# name 0 = timeS: Time, Elapsed [seconds]
# name 1 = longitude: Longitude [deg]
# name 2 = latitude: Latitude [deg]
# name 3 = depSM: Depth [salt water, m]
# name 4 = prDM: Pressure, Digiquartz [db]
# name 5 = t090C: Temperature [ITS-90, deg C]
# name 6 = t190C: Temperature, 2 [ITS-90, deg C]
# name 7 = c0S/m: Conductivity [S/m]
# name 8 = c1S/m: Conductivity, 2 [S/m]
# name 9 = CStarTr0: Beam Transmission, WET Labs C-Star [%]
# name 10 = flECO-AFL: Fluorescence, WET Labs ECO-AFL/FL [mg/m^3]
# name 11 = sbeox0V: Oxygen raw, SBE 43 [V]
# name 12 = altM: Altimeter [m]
# name 13 = nbf: Bottles Fired
# name 14 = density00: Density [density, Kg/m^3]
# name 15 = density11: Density, 2 [density, Kg/m^3]
# name 16 = sal00: Salinity, Practical [PSU]
# name 17 = sal11: Salinity, Practical, 2 [PSU]
# name 18 = svCM: Sound Velocity [Chen-Millero, m/s]
# name 19 = svCM1: Sound Velocity, 2 [Chen-Millero, m/s]
# name 20 = timeS: Time, Elapsed [seconds]
# name 21 = sbeox0ML/L: Oxygen, SBE 43 [ml/l]
# name 22 = sbeox0PS: Oxygen, SBE 43 [% saturation]
# name 23 = dz/dtM: Descent Rate [m/s]
# name 24 = T2-T190C: Temperature Difference, 2 - 1 [ITS-90, deg C]
# name 25 = scan: Scan Count
# name 26 = flag:  0.000e+00
# interval = seconds: 0.0416667
# start_time = Aug 14 2015 19:36:17 [NMEA time, header]
# bad_flag = -9.990e-29
*END*
[from data line 430]
   6317.625  -39.48234   59.99804    600.330    606.933     3.8461     3.8454   3.261366   3.261307    97.3923    -0.0219     2.1346      98.78          9  1030.5393  1030.5395    34.9078    34.9079    1475.82    1475.82   6317.625    6.44119   88.52308      0.060    -0.0007     151624  0.000e+00
   6317.667  -39.48234   59.99804    600.387    606.990     3.8458     3.8454   3.261318   3.261307    97.3661    -0.0219     2.1358      98.78          9  1030.5394  1030.5397    34.9075    34.9079    1475.82    1475.82   6317.667    6.44621   88.59121      0.052    -0.0004     151625  0.000e+00
   6317.708  -39.48234   59.99804    600.355    606.957     3.8454     3.8452   3.261300   3.261307    97.3661    -0.0219     2.1358      98.78          9  1030.5396  1030.5397    34.9078    34.9080    1475.82    1475.82   6317.708    6.44625   88.59094      0.044    -0.0001     151626  0.000e+00
   6317.750  -39.48236   59.99804    600.387    606.990     3.8452     3.8450   3.261258   3.261278    97.3661    -0.0219     2.1358      98.78          9  1030.5395  1030.5398    34.9075    34.9079    1475.82    1475.82   6317.750    6.44632   88.59135      0.038    -0.0002     151627  0.000e+00
   6317.792  -39.48236   59.99804    600.330    606.933     3.8456     3.8449   3.261288   3.261307    97.3661    -0.0219     2.1358      98.78          9  1030.5391  1030.5400    34.9074    34.9084    1475.82    1475.82   6317.792    6.44620   88.59055      0.026    -0.0007     151628  0.000e+00
   6317.833  -39.48236   59.99804    600.355    606.957     3.8461     3.8451   3.261342   3.261244    97.3661    -0.0219     2.1358      98.78          9  1030.5392  1030.5393    34.9075    34.9075    1475.82    1475.82   6317.833    6.44612   88.59068      0.022    -0.0011     151629  0.000e+00
   6317.875  -39.48236   59.99804    600.330    606.933     3.8463     3.8457   3.261354   3.261278    97.3661    -0.0219     2.1358      98.78          9  1030.5391  1030.5389    34.9075    34.9072    1475.82    1475.82   6317.875    6.44607   88.59034      0.011    -0.0006     151630  0.000e+00
   6317.917  -39.48236   59.99804    600.355    606.957     3.8461     3.8460   3.261336   3.261307    97.3661    -0.0219     2.1358      98.78          9  1030.5392  1030.5390    34.9074    34.9072    1475.82    1475.82   6317.917    6.44612   88.59065      0.004    -0.0001     151631  0.000e+00
   6317.958  -39.48236   59.99804    600.330    606.933     3.8456     3.8460   3.261306   3.261307    97.3661    -0.0219     2.1358      98.78          9  1030.5393  1030.5389    34.9076    34.9072    1475.82    1475.82   6317.958    6.44618   88.59049     -0.003     0.0004     151632  0.000e+00
   6318.000  -39.48236   59.99804    600.330    606.933     3.8454     3.8455   3.261300   3.261393    97.3661    -0.0219     2.1358      98.75          9  1030.5395  1030.5401    34.9078    34.9087    1475.82    1475.82   6318.000    6.44622   88.59056     -0.012     0.0002     151633  0.000e+00
   6318.042  -39.48236   59.99804    600.290    606.892     3.8456     3.8452   3.261300   3.261370    97.3400    -0.0219     2.1358      98.78          9  1030.5390  1030.5401    34.9076    34.9088    1475.82    1475.82   6318.042    6.44615   88.58999     -0.017    -0.0004     151634  0.000e+00
   6609.167  -39.48286   59.99828    400.481    404.688     4.1128     4.1127   3.277916   3.277916    97.3138    -0.0219     2.1792      98.78         10  1029.5925  1029.5927    34.9282    34.9284    1473.63    1473.63   6609.167    6.40052   88.54578     -0.198    -0.0001     158621  0.000e+00
   6609.208  -39.48286   59.99828    400.360    404.566     4.1131     4.1131   3.277928   3.277928    97.3400    -0.0292     2.1792      98.78         10  1029.5919  1029.5918    34.9282    34.9281    1473.63    1473.63   6609.208    6.40038   88.54430     -0.211     0.0001     158622  0.000e+00
   6609.250  -39.48286   59.99828    400.424    404.631     4.1130     4.1136   3.277940   3.277899    97.3400    -0.0219     2.1780      98.78         10  1029.5924  1029.5914    34.9284    34.9273    1473.63    1473.63   6609.250    6.39570   88.47955     -0.223     0.0006     158623  0.000e+00
   6609.292  -39.48286   59.99828    400.360    404.566     4.1132     4.1139   3.277977   3.277991    97.3138    -0.0219     2.1780      98.78         10  1029.5923  1029.5917    34.9287    34.9280    1473.63    1473.63   6609.292    6.39560   88.47874     -0.234     0.0008     158624  0.000e+00
   6609.333  -39.48286   59.99828    400.424    404.631     4.1127     4.1139   3.277977   3.278020    97.3400    -0.0219     2.1792      98.78         10  1029.5930  1029.5922    34.9291    34.9283    1473.63    1473.64   6609.333    6.40045   88.54509     -0.240     0.0012     158625  0.000e+00
   6609.375  -39.48286   59.99828    400.303    404.509     4.1132     4.1137   3.277946   3.278019    97.3400    -0.0219     2.1792      98.78         10  1029.5918  1029.5919    34.9283    34.9286    1473.63    1473.63   6609.375    6.40030   88.54355     -0.253     0.0006     158626  0.000e+00
   6609.417  -39.48286   59.99828    400.360    404.566     4.1127     4.1139   3.277916   3.278037    97.3400    -0.0219     2.1792      98.78         10  1029.5922  1029.5921    34.9285    34.9286    1473.63    1473.63   6609.417    6.40043   88.54432     -0.260     0.0013     158627  0.000e+00
   6609.458  -39.48286   59.99828    400.247    404.452     4.1127     4.1141   3.277904   3.277991    97.3400    -0.0219     2.1780      98.78         10  1029.5915  1029.5910    34.9283    34.9279    1473.63    1473.63   6609.458    6.39559   88.47748     -0.274     0.0014     158628  0.000e+00
   6609.500  -39.48286   59.99828    400.303    404.509     4.1128     4.1137   3.277910   3.278048    97.3138    -0.0219     2.1780      98.78         10  1029.5917  1029.5922    34.9283    34.9289    1473.63    1473.63   6609.500    6.39562   88.47810     -0.282     0.0009     158629  0.000e+00
   6609.542  -39.48286   59.99828    400.303    404.509     4.1129     4.1136   3.277946   3.277991    97.3400    -0.0219     2.1780      98.75         10  1029.5920  1029.5917    34.9286    34.9284    1473.63    1473.63   6609.542    6.39560   88.47807     -0.289     0.0007     158630  0.000e+00
   6609.583  -39.48286   59.99828    400.247    404.452     4.1135     4.1136   3.277983   3.278048    97.3400    -0.0219     2.1780      98.78         10  1029.5916  1029.5921    34.9285    34.9291    1473.63    1473.63   6609.583    6.39546   88.47725     -0.302     0.0001     158631  0.000e+00
   6609.625  -39.48286   59.99828    400.247    404.452     4.1136     4.1136   3.277995   3.277979    97.3400    -0.0219     2.1780      98.78         10  1029.5915  1029.5914    34.9285    34.9283    1473.63    1473.63   6609.625    6.39543   88.47719     -0.310     0.0000     158632  0.000e+00
   6609.667  -39.48286   59.99828    400.247    404.452     4.1133     4.1136   3.277977   3.277991    97.3400    -0.0219     2.1780      98.78         10  1029.5916  1029.5915    34.9285    34.9284    1473.63    1473.63   6609.667    6.39547   88.47725     -0.312     0.0003     158633  0.000e+00
   6609.708  -39.48286   59.99828    400.182    404.386     4.1135     4.1136   3.277946   3.278019    97.3138    -0.0219     2.1792      98.75         10  1029.5910  1029.5915    34.9281    34.9288    1473.63    1473.63   6609.708    6.40015   88.54195     -0.324     0.0001     158634  0.000e+00
   6609.750  -39.48286   59.99828    400.182    404.386     4.1133     4.1139   3.277916   3.278019    97.3400    -0.0219     2.1743      98.78         10  1029.5908  1029.5912    34.9279    34.9285    1473.63    1473.63   6609.750    6.38124   88.27998     -0.331     0.0006     158635  0.000e+00
   6609.792  -39.48286   59.99828    400.182    404.386     4.1132     4.1140   3.277946   3.278019    97.3138    -0.0219     2.1780      98.78         10  1029.5912  1029.5911    34.9283    34.9283    1473.63    1473.63   6609.792    6.39544   88.47648     -0.340     0.0008     158636  0.000e+00
   6609.833  -39.48286   59.99828    400.126    404.329     4.1133     4.1141   3.277964   3.278037    97.3400    -0.0219     2.1780      98.78         10  1029.5910  1029.5910    34.9285    34.9285    1473.63    1473.63   6609.833    6.39537   88.47578     -0.348     0.0008     158637  0.000e+00
   6609.875  -39.48286   59.99828    400.126    404.329     4.1133     4.1141   3.277946   3.278048    97.3138    -0.0219     2.1780      98.78         10  1029.5908  1029.5911    34.9282    34.9287    1473.63    1473.63   6609.875    6.39538   88.47577     -0.353     0.0008     158638  0.000e+00
   6609.917  -39.48286   59.99828    400.126    404.329     4.1133     4.1139   3.277916   3.278019    97.3138    -0.0219     2.1780      98.78         10  1029.5906  1029.5910    34.9279    34.9285    1473.63    1473.63   6609.917    6.39539   88.47575     -0.360     0.0005     158639  0.000e+00
   6609.958  -39.48286   59.99828    400.182    404.386     4.1132     4.1141   3.277922   3.278019    97.3400    -0.0219     2.1780      98.75         10  1029.5910  1029.5910    34.9281    34.9283    1473.63    1473.63   6609.958    6.39546   88.47644     -0.359     0.0009     158640  0.000e+00
   6610.000  -39.48286   59.99828    400.005    404.207     4.1133     4.1139   3.277976   3.278019    97.3138    -0.0219     2.1780      98.78         10  1029.5906  1029.5904    34.9287    34.9285    1473.63    1473.63   6610.000    6.39526   88.47432     -0.371     0.0006     158641  0.000e+00
   6610.042  -39.48286   59.99828    400.126    404.329     4.1135     4.1140   3.277952   3.278008    97.3400    -0.0219     2.1804      98.78         10  1029.5908  1029.5907    34.9282    34.9282    1473.63    1473.63   6610.042    6.40483   88.60667     -0.373     0.0006     158642  0.000e+00
   6610.083  -39.48286   59.99828    400.005    404.207     4.1133     4.1138   3.277934   3.278019    97.3400    -0.0219     2.1804      98.75         10  1029.5902  1029.5906    34.9282    34.9287    1473.63    1473.63   6610.083    6.40474   88.60528     -0.381     0.0004     158643  0.000e+00
   6610.125  -39.48286   59.99828    400.061    404.264     4.1133     4.1136   3.277940   3.278019    97.3400    -0.0292     2.1792      98.78         10  1029.5905  1029.5910    34.9282    34.9289    1473.63    1473.63   6610.125    6.40005   88.54042     -0.383     0.0002     158644  0.000e+00
   6610.167  -39.48286   59.99828    400.061    404.264     4.1132     4.1138   3.277952   3.277991    97.3138    -0.0219     2.1780      98.78         10  1029.5908  1029.5906    34.9285    34.9283    1473.63    1473.63   6610.167    6.39533   88.47496     -0.387     0.0006     158645  0.000e+00
   6610.208  -39.48286   59.99828    399.948    404.150     4.1132     4.1135   3.277964   3.278019    97.3400    -0.0219     2.1780      98.78         10  1029.5904  1029.5907    34.9287    34.9291    1473.62    1473.63   6610.208    6.39522   88.47361     -0.393     0.0002     158646  0.000e+00
   6610.250  -39.48286   59.99828    400.005    404.207     4.1135     4.1133   3.277946   3.278008    97.3400    -0.0219     2.1780      98.78         10  1029.5902  1029.5910    34.9282    34.9291    1473.63    1473.63   6610.250    6.39525   88.47420     -0.397    -0.0002     158647  0.000e+00
   6610.292  -39.48286   59.99828    400.005    404.207     4.1133     4.1133   3.277958   3.278019    97.3400    -0.0219     2.1792      98.78         10  1029.5904  1029.5910    34.9285    34.9292    1473.63    1473.63   6610.292    6.39999   88.53971     -0.396    -0.0000     158648  0.000e+00
   6610.333  -39.48286   59.99828    400.005    404.207     4.1137     4.1135   3.277989   3.278019    97.3400    -0.0219     2.1792      98.78         10  1029.5904  1029.5909    34.9285    34.9290    1473.63    1473.63   6610.333    6.39993   88.53961     -0.396    -0.0002     158649  0.000e+00
   6610.375  -39.48286   59.99828    399.948    404.150     4.1136     4.1133   3.277995   3.277991    97.3138    -0.0219     2.1804      98.78         10  1029.5903  1029.5906    34.9286    34.9290    1473.63    1473.63   6610.375    6.40462   88.60444     -0.398    -0.0004     158650  0.000e+00
   6610.417  -39.48286   59.99828    399.948    404.150     4.1138     4.1135   3.277995   3.277991    97.2877    -0.0219     2.1792      98.78         10  1029.5901  1029.5904    34.9284    34.9287    1473.63    1473.63   6610.417    6.39986   88.53889     -0.397    -0.0003     158651  0.000e+00
   6610.458  -39.48286   59.99828    399.948    404.150     4.1138     4.1134   3.278013   3.277956    97.2877    -0.0219     2.1792      98.78         10  1029.5902  1029.5901    34.9286    34.9284    1473.63    1473.63   6610.458    6.39985   88.53886     -0.399    -0.0004     158652  0.000e+00
   6610.500  -39.48286   59.99828    399.948    404.150     4.1138     4.1138   3.278007   3.277979    97.2877    -0.0219     2.1804      98.75         10  1029.5902  1029.5900    34.9286    34.9283    1473.63    1473.63   6610.500    6.40459   88.60436     -0.396    -0.0000     158653  0.000e+00
   6610.542  -39.48286   59.99828    399.884    404.084     4.1136     4.1138   3.278001   3.277956    97.2877    -0.0219     2.1792      98.78         10  1029.5901  1029.5895    34.9287    34.9280    1473.63    1473.63   6610.542    6.39982   88.53814     -0.398     0.0002     158654  0.000e+00
   6610.583  -39.48286   59.99828    399.884    404.084     4.1140     4.1140   3.278013   3.278048    97.3138    -0.0219     2.1792      98.78         10  1029.5898  1029.5901    34.9285    34.9288    1473.63    1473.63   6610.583    6.39977   88.53802     -0.398     0.0000     158655  0.000e+00
   6610.625  -39.48286   59.99828    399.884    404.084     4.1141     4.1141   3.278043   3.278019    97.3138    -0.0219     2.1804      98.78         10  1029.5900  1029.5898    34.9287    34.9284    1473.63    1473.63   6610.625    6.40447   88.60348     -0.396    -0.0000     158656  0.000e+00
   6610.667  -39.48286   59.99828    399.884    404.084     4.1142     4.1141   3.278037   3.278077    97.3138    -0.0219     2.1804      98.78         10  1029.5899  1029.5903    34.9286    34.9291    1473.63    1473.63   6610.667    6.40447   88.60345     -0.392    -0.0001     158657  0.000e+00
   6610.708  -39.48286   59.99828    399.884    404.084     4.1143     4.1144   3.278043   3.278065    97.3138    -0.0219     2.1804      98.78         10  1029.5898  1029.5900    34.9285    34.9287    1473.63    1473.63   6610.708    6.40445   88.60340     -0.390     0.0001     158658  0.000e+00
   6610.750  -39.48286   59.99828    399.827    404.027     4.1141     4.1139   3.278037   3.278019    97.3138    -0.0219     2.1804      98.78         10  1029.5897  1029.5897    34.9287    34.9286    1473.63    1473.63   6610.750    6.40442   88.60277     -0.390    -0.0002     158659  0.000e+00
   6610.792  -39.48286   59.99828    399.884    404.084     4.1138     4.1144   3.278031   3.278077    97.3138    -0.0219     2.1804      98.78         10  1029.5901  1029.5901    34.9288    34.9288    1473.63    1473.63   6610.792    6.40451   88.60349     -0.384     0.0005     158660  0.000e+00
   6610.833  -39.48286   59.99828    399.827    404.027     4.1141     4.1141   3.278025   3.278077    97.3138    -0.0219     2.1804      98.78         10  1029.5896  1029.5901    34.9285    34.9292    1473.63    1473.63   6610.833    6.40443   88.60274     -0.380    -0.0000     158661  0.000e+00
   6610.875  -39.48286   59.99828    399.763    403.962     4.1138     4.1143   3.278025   3.278048    97.3138    -0.0219     2.1816      98.78         10  1029.5896  1029.5894    34.9289    34.9287    1473.62    1473.63   6610.875    6.40914   88.66756     -0.381     0.0005     158662  0.000e+00
