Ship_data/Irminger/Irminger-2/ctd/process/at30_012.ros
* Sea-Bird SBE 9 Data File:
* FileName = C:\data\ctd\at30_012.hdr
* Software Version Seasave V 7.21f
* Temperature SN = 2265
* Conductivity SN = 3021
* Number of Bytes Per Scan = 40
* Number of Voltage Words = 5
* Number of Scans Averaged by the Deck Unit = 1
* NMEA Latitude = 59 59.98 N
* NMEA Longitude = 039 28.96 W
* NMEA UTC (Time) = Aug 23 2015  16:50:38
** Cal/Val for HYPM-2
# nquan = 27
# nvalues = 588                                   
# units = specified
# name 0 = timeS: Time, Elapsed [seconds]
# name 1 = longitude: Longitude [deg]
# name 2 = latitude: Latitude [deg]
# name 3 = depSM: Depth [salt water, m]
# name 4 = prDM: Pressure, Digiquartz [db]
# name 5 = t090C: Temperature [ITS-90, deg C]
# name 6 = t190C: Temperature, 2 [ITS-90, deg C]
# name 7 = c0S/m: Conductivity [S/m]
# name 8 = c1S/m: Conductivity, 2 [S/m]
# name 9 = CStarTr0: Beam Transmission, WET Labs C-Star [%]
# name 10 = flECO-AFL: Fluorescence, WET Labs ECO-AFL/FL [mg/m^3]
# name 11 = sbeox0V: Oxygen raw, SBE 43 [V]
# name 12 = altM: Altimeter [m]
# name 13 = nbf: Bottles Fired
# name 14 = density00: Density [density, Kg/m^3]
# name 15 = density11: Density, 2 [density, Kg/m^3]
# name 16 = sal00: Salinity, Practical [PSU]
# name 17 = sal11: Salinity, Practical, 2 [PSU]
# name 18 = svCM: Sound Velocity [Chen-Millero, m/s]
# name 19 = svCM1: Sound Velocity, 2 [Chen-Millero, m/s]
# name 20 = timeS: Time, Elapsed [seconds]
# name 21 = sbeox0ML/L: Oxygen, SBE 43 [ml/l]
# name 22 = sbeox0PS: Oxygen, SBE 43 [% saturation]
# name 23 = dz/dtM: Descent Rate [m/s]
# name 24 = T2-T190C: Temperature Difference, 2 - 1 [ITS-90, deg C]
# name 25 = scan: Scan Count
# name 26 = flag:  0.000e+00
# interval = seconds: 0.0416667
# start_time = Aug 23 2015 16:50:38 [NMEA time, header]
# bad_flag = -9.990e-29
*END*
[from data line 215]
   4996.375  -39.48572   60.00094   1499.069   1518.851     3.5642     3.5635   3.277113   3.276988    97.7324    -0.0585     1.8505      98.73          5  1034.7487  1034.7482    34.9275    34.9268    1489.79    1489.78   4996.375    6.01899   82.16636     -0.514    -0.0007     119914  0.000e+00
   4996.417  -39.48572   60.00094   1499.126   1518.909     3.5643     3.5635   3.277059   3.276994    97.7324    -0.0585     1.8505      98.73          5  1034.7482  1034.7485    34.9267    34.9268    1489.79    1489.78   4996.417    6.01905   82.16692     -0.490    -0.0009     119915  0.000e+00
   4996.458  -39.48572   60.00094   1499.069   1518.851     3.5645     3.5635   3.277041   3.276965    97.7062    -0.0585     1.8505      98.73          5  1034.7477  1034.7480    34.9263    34.9265    1489.79    1489.78   4996.458    6.01899   82.16624     -0.472    -0.0011     119916  0.000e+00
   4996.500  -39.48572   60.00094   1499.126   1518.909     3.5641     3.5638   3.277022   3.276937    97.7062    -0.0658     1.8505      98.73          5  1034.7482  1034.7476    34.9265    34.9258    1489.78    1489.78   4996.500    6.01910   82.16699     -0.448    -0.0003     119917  0.000e+00
   4996.542  -39.48572   60.00094   1499.126   1518.909     3.5639     3.5637   3.277010   3.276965    97.7062    -0.0585     1.8505      98.73          5  1034.7482  1034.7480    34.9266    34.9263    1489.78    1489.78   4996.542    6.01912   82.16703     -0.429    -0.0002     119918  0.000e+00
   4996.583  -39.48572   60.00094   1499.134   1518.918     3.5635     3.5635   3.277010   3.276965    97.7062    -0.0585     1.8493      98.73          5  1034.7486  1034.7483    34.9269    34.9265    1489.78    1489.78   4996.583    6.01357   82.09068     -0.405    -0.0001     119919  0.000e+00
   4996.625  -39.48572   60.00094   1499.069   1518.851     3.5632     3.5636   3.276974   3.277017    97.7062    -0.0585     1.8505      98.73          5  1034.7483  1034.7483    34.9269    34.9270    1489.78    1489.78   4996.625    6.01918   82.16659     -0.385     0.0004     119920  0.000e+00
   4996.667  -39.48572   60.00094   1499.192   1518.976     3.5629     3.5636   3.276956   3.276965    97.7324    -0.0585     1.8505      98.73          5  1034.7489  1034.7483    34.9269    34.9263    1489.78    1489.78   4996.667    6.01932   82.16800     -0.357     0.0007     119921  0.000e+00
   4996.708  -39.48572   60.00094   1499.134   1518.918     3.5631     3.5635   3.276938   3.276994    97.7324    -0.0658     1.8505      98.73          5  1034.7483  1034.7485    34.9265    34.9268    1489.78    1489.78   4996.708    6.01926   82.16732     -0.334     0.0004     119922  0.000e+00
   4996.750  -39.48572   60.00094   1499.192   1518.976     3.5629     3.5631   3.276962   3.276965    97.7324    -0.0585     1.8505      98.73          5  1034.7490  1034.7488    34.9270    34.9268    1489.78    1489.78   4996.750    6.01932   82.16799     -0.307     0.0002     119923  0.000e+00
   4996.792  -39.48572   60.00094   1499.192   1518.976     3.5630     3.5630   3.276962   3.276994    97.7324    -0.0585     1.8505      98.73          5  1034.7489  1034.7492    34.9268    34.9273    1489.78    1489.78   4996.792    6.01930   82.16794     -0.281    -0.0001     119924  0.000e+00
   4996.833  -39.48572   60.00094   1499.249   1519.034     3.5632     3.5628   3.276974   3.276874    97.7324    -0.0585     1.8505      98.73          5  1034.7491  1034.7485    34.9268    34.9260    1489.78    1489.78   4996.833    6.01932   82.16851     -0.255    -0.0004     119925  0.000e+00
   4996.875  -39.48572   60.00094   1499.192   1518.976     3.5632     3.5626   3.277022   3.276937    97.7324    -0.0658     1.8505      98.73          5  1034.7493  1034.7491    34.9274    34.9270    1489.78    1489.78   4996.875    6.01925   82.16788     -0.231    -0.0006     119926  0.000e+00
   4996.917  -39.48572   60.00094   1499.257   1519.043     3.5635     3.5626   3.276998   3.276897    97.7324    -0.0585     1.8505      98.73          5  1034.7490  1034.7490    34.9267    34.9265    1489.79    1489.78   4996.917    6.01927   82.16848     -0.201    -0.0009     119927  0.000e+00
   4996.958  -39.48572   60.00094   1499.192   1518.976     3.5635     3.5624   3.276998   3.276874    97.7324    -0.0585     1.8505      98.73          5  1034.7487  1034.7486    34.9267    34.9264    1489.78    1489.78   4996.958    6.01922   82.16776     -0.179    -0.0011     119928  0.000e+00
   4997.000  -39.48572   60.00094   1499.314   1519.101     3.5637     3.5630   3.277010   3.276902    97.7324    -0.0658     1.8505      98.73          5  1034.7492  1034.7489    34.9266    34.9261    1489.79    1489.78   4997.000    6.01929   82.16903     -0.152    -0.0007     119929  0.000e+00
   4997.042  -39.48572   60.00094   1499.257   1519.043     3.5634     3.5631   3.277010   3.276937    97.7324    -0.0585     1.8505      98.73          5  1034.7493  1034.7488    34.9270    34.9264    1489.78    1489.78   4997.042    6.01929   82.16850     -0.124    -0.0002     119930  0.000e+00
   4997.083  -39.48572   60.00094   1499.314   1519.101     3.5637     3.5633   3.277029   3.276965    97.7324    -0.0585     1.8505      98.73          5  1034.7493  1034.7492    34.9269    34.9266    1489.79    1489.78   4997.083    6.01928   82.16902     -0.099    -0.0004     119931  0.000e+00
   4997.125  -39.48572   60.00094   1499.372   1519.159     3.5634     3.5632   3.277041   3.276965    97.7324    -0.0658     1.8505      98.73          5  1034.7500  1034.7495    34.9273    34.9266    1489.79    1489.79   4997.125    6.01936   82.16973     -0.070    -0.0002     119932  0.000e+00
   4997.167  -39.48572   60.00094   1499.314   1519.101     3.5637     3.5630   3.277041   3.276988    97.7324    -0.0585     1.8505      98.73          5  1034.7495  1034.7497    34.9271    34.9272    1489.79    1489.78   4997.167    6.01928   82.16902     -0.044    -0.0007     119933  0.000e+00
   4997.208  -39.48572   60.00094   1499.437   1519.226     3.5641     3.5630   3.277083   3.276965    97.7585    -0.0585     1.8505      98.73          5  1034.7500  1034.7500    34.9271    34.9268    1489.79    1489.79   4997.208    6.01931   82.17023     -0.015    -0.0011     119934  0.000e+00
   4997.250  -39.48572   60.00094   1499.314   1519.101     3.5641     3.5631   3.277059   3.276937    97.7324    -0.0732     1.8505      98.73          5  1034.7493  1034.7491    34.9269    34.9264    1489.79    1489.78   4997.250    6.01922   82.16888      0.008    -0.0009     119935  0.000e+00
   4997.292  -39.48572   60.00094   1499.494   1519.284     3.5639     3.5636   3.277041   3.276937    97.7324    -0.0658     1.8493      98.73          5  1034.7501  1034.7493    34.9267    34.9258    1489.79    1489.79   4997.292    6.01379   82.09435      0.037    -0.0003     119936  0.000e+00
   4997.333  -39.48572   60.00094   1499.372   1519.159     3.5637     3.5641   3.276980   3.276994    97.7324    -0.0658     1.8505      98.73          5  1034.7492  1034.7489    34.9263    34.9260    1489.79    1489.79   4997.333    6.01935   82.16961      0.059     0.0004     119937  0.000e+00
   4997.375  -39.48572   60.00094   1499.503   1519.292     3.5634     3.5639   3.276956   3.276965    97.7324    -0.0585     1.8505      98.73          5  1034.7498  1034.7493    34.9263    34.9258    1489.79    1489.79   4997.375    6.01951   82.17110      0.089     0.0005     119938  0.000e+00
   4997.417  -39.48572   60.00094   1499.494   1519.284     3.5634     3.5639   3.277017   3.277057    97.7585    -0.0585     1.8505      98.73          5  1034.7503  1034.7502    34.9270    34.9269    1489.79    1489.79   4997.417    6.01947   82.17101      0.114     0.0005     119939  0.000e+00
   4997.458  -39.48572   60.00094   1499.494   1519.284     3.5634     3.5639   3.277041   3.277046    97.7324    -0.0585     1.8505      98.73          5  1034.7505  1034.7501    34.9273    34.9267    1489.79    1489.79   4997.458    6.01946   82.17100      0.138     0.0005     119940  0.000e+00
   4997.500  -39.48572   60.00094   1499.560   1519.350     3.5637     3.5638   3.277041   3.277057    97.7324    -0.0585     1.8505      98.73          5  1034.7505  1034.7506    34.9269    34.9270    1489.79    1489.79   4997.500    6.01948   82.17162      0.162     0.0001     119941  0.000e+00
   4997.542  -39.48572   60.00094   1499.560   1519.350     3.5637     3.5633   3.277023   3.277057    97.7585    -0.0585     1.8505      98.73          5  1034.7503  1034.7511    34.9267    34.9275    1489.79    1489.79   4997.542    6.01948   82.17159      0.190    -0.0004     119942  0.000e+00
   4997.583  -39.48572   60.00094   1499.560   1519.350     3.5637     3.5631   3.277029   3.277023    97.7324    -0.0658     1.8505      98.71          5  1034.7504  1034.7509    34.9267    34.9273    1489.79    1489.79   4997.583    6.01947   82.17158      0.209    -0.0006     119943  0.000e+00
   5386.083  -39.48616   60.00114   1201.041   1216.017     3.5346     3.5347   3.257657   3.257584    97.7585    -0.0585     1.9945      98.73          6  1033.3415  1033.3407    34.8791    34.8781    1484.55    1484.55   5386.083    6.42181   87.57320     -0.173     0.0002     129267  0.000e+00
   5386.125  -39.48616   60.00114   1201.098   1216.075     3.5347     3.5349   3.257669   3.257624    97.7585    -0.0585     1.9945      98.73          6  1033.3418  1033.3412    34.8791    34.8783    1484.55    1484.55   5386.125    6.42183   87.57381     -0.176     0.0002     129268  0.000e+00
   5386.167  -39.48616   60.00114   1201.130   1216.108     3.5345     3.5351   3.257645   3.257624    97.7585    -0.0585     1.9945      98.73          6  1033.3419  1033.3411    34.8790    34.8782    1484.55    1484.56   5386.167    6.42190   87.57423     -0.177     0.0005     129269  0.000e+00
   5386.208  -39.48616   60.00114   1201.041   1216.017     3.5344     3.5349   3.257639   3.257675    97.7585    -0.0585     1.9945      98.73          6  1033.3415  1033.3414    34.8791    34.8790    1484.55    1484.55   5386.208    6.42183   87.57321     -0.178     0.0005     129270  0.000e+00
   5386.250  -39.48616   60.00114   1201.098   1216.075     3.5343     3.5347   3.257639   3.257595    97.7585    -0.0585     1.9945      98.73          6  1033.3418  1033.3410    34.8791    34.8782    1484.55    1484.55   5386.250    6.42189   87.57388     -0.179     0.0004     129271  0.000e+00
   5386.292  -39.48616   60.00114   1201.073   1216.050     3.5345     3.5351   3.257639   3.257641    97.7585    -0.0585     1.9945      98.73          6  1033.3416  1033.3411    34.8789    34.8784    1484.55    1484.56   5386.292    6.42185   87.57353     -0.181     0.0005     129272  0.000e+00
   5386.333  -39.48616   60.00114   1201.098   1216.075     3.5340     3.5349   3.257633   3.257624    97.7585    -0.0585     1.9945      98.73          6  1033.3422  1033.3412    34.8795    34.8783    1484.55    1484.55   5386.333    6.42194   87.57398     -0.180     0.0009     129273  0.000e+00
   5386.375  -39.48616   60.00114   1201.041   1216.017     3.5341     3.5349   3.257621   3.257715    97.7847    -0.0658     1.9932      98.73          6  1033.3417  1033.3418    34.8792    34.8795    1484.55    1484.56   5386.375    6.41650   87.49989     -0.182     0.0008     129274  0.000e+00
   5386.417  -39.48616   60.00114   1201.130   1216.108     3.5341     3.5349   3.257609   3.257641    97.7585    -0.0585     1.9945      98.73          6  1033.3420  1033.3415    34.8790    34.8785    1484.55    1484.56   5386.417    6.42197   87.57430     -0.175     0.0008     129275  0.000e+00
   5386.458  -39.48616   60.00114   1201.041   1216.017     3.5340     3.5346   3.257585   3.257652    97.7585    -0.0585     1.9945      98.73          6  1033.3415  1033.3415    34.8789    34.8791    1484.55    1484.55   5386.458    6.42192   87.57328     -0.178     0.0006     129276  0.000e+00
   5386.500  -39.48616   60.00114   1201.041   1216.017     3.5339     3.5347   3.257597   3.257624    97.7847    -0.0585     1.9945      98.73          6  1033.3416  1033.3411    34.8791    34.8785    1484.55    1484.55   5386.500    6.42192   87.57329     -0.177     0.0008     129277  0.000e+00
   5386.542  -39.48616   60.00114   1201.073   1216.050     3.5339     3.5346   3.257591   3.257641    97.7585    -0.0585     1.9932      98.73          6  1033.3417  1033.3415    34.8790    34.8789    1484.55    1484.55   5386.542    6.41657   87.50027     -0.174     0.0007     129278  0.000e+00
   5386.583  -39.48616   60.00114   1201.041   1216.017     3.5339     3.5346   3.257579   3.257652    97.7585    -0.0585     1.9932      98.73          6  1033.3415  1033.3415    34.8789    34.8791    1484.55    1484.55   5386.583    6.41654   87.49988     -0.173     0.0007     129279  0.000e+00
   5386.625  -39.48616   60.00114   1201.098   1216.075     3.5338     3.5347   3.257579   3.257641    97.7585    -0.0585     1.9945      98.73          6  1033.3418  1033.3415    34.8790    34.8787    1484.55    1484.55   5386.625    6.42199   87.57395     -0.166     0.0010     129280  0.000e+00
   5386.667  -39.48616   60.00114   1201.041   1216.017     3.5341     3.5347   3.257597   3.257624    97.7585    -0.0585     1.9945      98.73          6  1033.3415  1033.3411    34.8789    34.8785    1484.55    1484.55   5386.667    6.42189   87.57319     -0.165     0.0007     129281  0.000e+00
   5386.708  -39.48616   60.00114   1201.074   1216.051     3.5339     3.5347   3.257591   3.257652    97.7585    -0.0658     1.9945      98.73          6  1033.3417  1033.3415    34.8790    34.8789    1484.55    1484.55   5386.708    6.42195   87.57361     -0.160     0.0008     129282  0.000e+00
   5386.750  -39.48616   60.00114   1201.041   1216.017     3.5338     3.5344   3.257597   3.257641    97.7585    -0.0585     1.9945      98.73          6  1033.3417  1033.3415    34.8792    34.8791    1484.55    1484.55   5386.750    6.42193   87.57326     -0.158     0.0006     129283  0.000e+00
   5386.792  -39.48616   60.00114   1201.098   1216.075     3.5339     3.5346   3.257561   3.257652    97.7585    -0.0585     1.9932      98.73          6  1033.3415  1033.3417    34.8787    34.8790    1484.55    1484.55   5386.792    6.41660   87.50049     -0.152     0.0007     129284  0.000e+00
   5386.833  -39.48616   60.00114   1201.074   1216.051     3.5341     3.5344   3.257591   3.257641    97.7585    -0.0658     1.9945      98.73          6  1033.3416  1033.3417    34.8789    34.8791    1484.55    1484.55   5386.833    6.42192   87.57352     -0.145     0.0004     129285  0.000e+00
   5386.875  -39.48616   60.00114   1201.041   1216.018     3.5340     3.5346   3.257591   3.257624    97.7585    -0.0585     1.9945      98.73          6  1033.3415  1033.3412    34.8790    34.8787    1484.55    1484.55   5386.875    6.42191   87.57317     -0.144     0.0006     129286  0.000e+00
   5386.917  -39.48616   60.00114   1201.098   1216.076     3.5339     3.5347   3.257579   3.257595    97.7324    -0.0585     1.9945      98.73          6  1033.3417  1033.3410    34.8789    34.8782    1484.55    1484.55   5386.917    6.42197   87.57384     -0.136     0.0008     129287  0.000e+00
   5386.958  -39.48616   60.00114   1201.074   1216.051     3.5339     3.5344   3.257579   3.257612    97.7324    -0.0585     1.9945      98.73          6  1033.3416  1033.3414    34.8789    34.8787    1484.55    1484.55   5386.958    6.42195   87.57354     -0.127     0.0005     129288  0.000e+00
   5387.000  -39.48616   60.00114   1201.041   1216.018     3.5340     3.5344   3.257573   3.257624    97.7585    -0.0585     1.9945      98.73          6  1033.3414  1033.3414    34.8788    34.8789    1484.55    1484.55   5387.000    6.42191   87.57314     -0.125     0.0005     129289  0.000e+00
