Ship_data/Irminger/Irminger-2/ctd/process/at30_008_SV.cnv
* Sea-Bird SBE 9 Data File:
* FileName = C:\data\ctd\at30_008.hdr
* Software Version Seasave V 7.21f
* Temperature SN = 2265
* Conductivity SN = 3021
* Number of Bytes Per Scan = 40
* Number of Voltage Words = 5
* Number of Scans Averaged by the Deck Unit = 1
* NMEA Latitude = 59 43.12 N
* NMEA Longitude = 039 21.38 W
* NMEA UTC (Time) = Aug 19 2015  12:16:11
** Confirmation of seafloor depth at FLMB -2  site
# nquan = 15
# nvalues = 2806                        
# units = specified
# name 0 = depSM: Depth [salt water, m]
# name 1 = svCM: Sound Velocity [Chen-Millero, m/s]
# name 2 = svCM1: Sound Velocity, 2 [Chen-Millero, m/s]
# name 3 = timeS: Time, Elapsed [seconds]
# name 4 = depSM: Depth [salt water, m]
# name 5 = density00: Density [density, Kg/m^3]
# name 6 = density11: Density, 2 [density, Kg/m^3]
# name 7 = sal00: Salinity, Practical [PSU]
# name 8 = sal11: Salinity, Practical, 2 [PSU]
# name 9 = svCM: Sound Velocity [Chen-Millero, m/s]
# name 10 = svCM1: Sound Velocity, 2 [Chen-Millero, m/s]
# name 11 = sbeox0ML/L: Oxygen, SBE 43 [ml/l]
# name 12 = dz/dtM: Descent Rate [m/s]
# name 13 = T2-T190C: Temperature Difference, 2 - 1 [ITS-90, deg C]
# name 14 = flag:
# span 0 =      1.000,   2806.000       
# span 1 =    1469.44,    1504.10       
# span 2 =    1469.45,    1504.10       
# span 3 =    -19.871,   3337.076       
# span 4 =      1.000,   2806.000       
# span 5 =  1027.1008,  1040.9860       
# span 6 =  1027.1007,  1040.9856       
# span 7 =    34.8428,    34.9413       
# span 8 =    34.8451,    34.9422       
# span 9 =    1469.44,    1504.10       
# span 10 =    1469.45,    1504.10      
# span 11 =    5.99175,    6.92492      
# span 12 =     -0.062,      1.562      
# span 13 =    -0.0054,     0.0266      
# span 14 = 0.0000e+00, 0.0000e+00      
# interval = meters: 1                  
# start_time = Aug 19 2015 12:16:11 [NMEA time, header]
# bad_flag = -9.990e-29
*END*
[from data line 1061]
   1062.000    1482.42    1482.42   1365.611   1062.000  1032.6931  1032.6935    34.8801    34.8806    1482.41    1482.42    6.49812      0.942     0.0003 0.0000e+00
   1063.000    1482.42    1482.42   1366.623   1063.000  1032.6980  1032.6981    34.8799    34.8801    1482.42    1482.42    6.49968      1.006     0.0007 0.0000e+00
   1064.000    1482.43    1482.44   1367.637   1064.000  1032.7026  1032.7030    34.8799    34.8803    1482.43    1482.43    6.50185      0.999     0.0003 0.0000e+00
   1065.000    1482.45    1482.45   1368.644   1065.000  1032.7074  1032.7075    34.8799    34.8801    1482.45    1482.45    6.50216      1.017     0.0004 0.0000e+00
   1066.000    1482.46    1482.47   1369.633   1066.000  1032.7120  1032.7120    34.8798    34.8800    1482.46    1482.47    6.50249      1.006     0.0003 0.0000e+00
   1067.000    1482.48    1482.48   1370.701   1067.000  1032.7164  1032.7167    34.8795    34.8798    1482.48    1482.48    6.50633      0.868     0.0004 0.0000e+00
   1068.000    1482.48    1482.49   1371.977   1068.000  1032.7212  1032.7213    34.8793    34.8796    1482.48    1482.49    6.50939      0.821     0.0005 0.0000e+00
   1069.000    1482.50    1482.50   1373.088   1069.000  1032.7260  1032.7261    34.8794    34.8795    1482.50    1482.50    6.50733      1.045     0.0004 0.0000e+00
   1070.000    1482.52    1482.52   1373.970   1070.000  1032.7306  1032.7307    34.8794    34.8796    1482.52    1482.52    6.50661      1.194     0.0003 0.0000e+00
   1071.000    1482.53    1482.53   1374.796   1071.000  1032.7351  1032.7354    34.8791    34.8795    1482.53    1482.53    6.50630      1.199     0.0004 0.0000e+00
   1072.000    1482.54    1482.54   1375.671   1072.000  1032.7400  1032.7400    34.8791    34.8793    1482.54    1482.54    6.50768      1.098     0.0004 0.0000e+00
   1073.000    1482.56    1482.56   1376.660   1073.000  1032.7445  1032.7446    34.8791    34.8793    1482.55    1482.56    6.50696      1.004     0.0003 0.0000e+00
   1074.000    1482.56    1482.57   1377.680   1074.000  1032.7493  1032.7494    34.8789    34.8791    1482.56    1482.57    6.50705      1.035     0.0004 0.0000e+00
   1075.000    1482.58    1482.58   1378.618   1075.000  1032.7539  1032.7540    34.8788    34.8789    1482.58    1482.58    6.50638      1.142     0.0004 0.0000e+00
   1076.000    1482.59    1482.59   1379.463   1076.000  1032.7584  1032.7588    34.8786    34.8789    1482.59    1482.59    6.50360      1.225     0.0005 0.0000e+00
   1077.000    1482.60    1482.61   1380.279   1077.000  1032.7633  1032.7633    34.8787    34.8789    1482.60    1482.61    6.50089      1.221     0.0005 0.0000e+00
   1078.000    1482.62    1482.62   1381.140   1078.000  1032.7678  1032.7679    34.8786    34.8787    1482.62    1482.62    6.50082      1.042     0.0005 0.0000e+00
   1079.000    1482.64    1482.64   1382.566   1079.000  1032.7723  1032.7725    34.8784    34.8786    1482.64    1482.64    6.50094      0.555     0.0003 0.0000e+00
   1080.000    1482.65    1482.65   1384.588   1080.000  1032.7771  1032.7771    34.8784    34.8785    1482.65    1482.65    6.50191      0.739     0.0003 0.0000e+00
   1081.000    1482.67    1482.67   1385.623   1081.000  1032.7816  1032.7819    34.8783    34.8787    1482.67    1482.67    6.50318      1.108     0.0006 0.0000e+00
   1082.000    1482.67    1482.67   1386.456   1082.000  1032.7865  1032.7866    34.8780    34.8783    1482.67    1482.67    6.50293      1.284     0.0004 0.0000e+00
   1083.000    1482.68    1482.69   1387.205   1083.000  1032.7911  1032.7913    34.8780    34.8782    1482.68    1482.69    6.50155      1.357     0.0005 0.0000e+00
   1084.000    1482.70    1482.70   1387.950   1084.000  1032.7958  1032.7958    34.8781    34.8780    1482.70    1482.70    6.50207      1.336     0.0004 0.0000e+00
   1085.000    1482.72    1482.72   1388.729   1085.000  1032.8004  1032.8005    34.8780    34.8783    1482.72    1482.72    6.50212      1.253     0.0004 0.0000e+00
   1086.000    1482.73    1482.73   1389.582   1086.000  1032.8051  1032.8052    34.8780    34.8782    1482.73    1482.73    6.50305      1.131     0.0004 0.0000e+00
   1087.000    1482.75    1482.75   1390.556   1087.000  1032.8097  1032.8098    34.8780    34.8781    1482.75    1482.75    6.50544      0.956     0.0004 0.0000e+00
   1088.000    1482.76    1482.76   1391.724   1088.000  1032.8143  1032.8145    34.8777    34.8780    1482.76    1482.76    6.50955      0.859     0.0007 0.0000e+00
   1089.000    1482.77    1482.77   1392.862   1089.000  1032.8187  1032.8192    34.8773    34.8777    1482.77    1482.77    6.51093      0.989    -0.0001 0.0000e+00
   1090.000    1482.76    1482.77   1393.803   1090.000  1032.8235  1032.8239    34.8766    34.8771    1482.76    1482.77    6.51293      1.130     0.0005 0.0000e+00
   1091.000    1482.77    1482.78   1394.674   1091.000  1032.8282  1032.8285    34.8763    34.8769    1482.77    1482.77    6.51399      1.114     0.0010 0.0000e+00
   1092.000    1482.78    1482.78   1395.677   1092.000  1032.8329  1032.8331    34.8760    34.8764    1482.78    1482.78    6.51658      0.883     0.0003 0.0000e+00
   1093.000    1482.79    1482.79   1397.097   1093.000  1032.8376  1032.8376    34.8760    34.8761    1482.79    1482.79    6.51684      0.673     0.0004 0.0000e+00
   1094.000    1482.81    1482.81   1398.454   1094.000  1032.8423  1032.8424    34.8761    34.8763    1482.81    1482.81    6.51724      0.879     0.0003 0.0000e+00
   1095.000    1482.82    1482.82   1399.494   1095.000  1032.8469  1032.8472    34.8760    34.8763    1482.82    1482.82    6.51626      1.027     0.0005 0.0000e+00
   1096.000    1482.84    1482.84   1400.446   1096.000  1032.8516  1032.8517    34.8760    34.8762    1482.84    1482.84    6.51470      1.087     0.0003 0.0000e+00
   1097.000    1482.85    1482.85   1401.365   1097.000  1032.8563  1032.8563    34.8760    34.8762    1482.85    1482.85    6.51582      1.128     0.0003 0.0000e+00
   1098.000    1482.87    1482.87   1402.247   1098.000  1032.8610  1032.8611    34.8759    34.8762    1482.87    1482.87    6.51654      1.172     0.0004 0.0000e+00
   1099.000    1482.88    1482.89   1403.099   1099.000  1032.8656  1032.8656    34.8760    34.8761    1482.88    1482.89    6.51660      1.196     0.0001 0.0000e+00
   1100.000    1482.90    1482.90   1403.944   1100.000  1032.8701  1032.8704    34.8759    34.8761    1482.90    1482.90    6.51299      1.173     0.0004 0.0000e+00
   1101.000    1482.91    1482.92   1404.837   1101.000  1032.8749  1032.8750    34.8759    34.8761    1482.91    1482.92    6.51408      1.097     0.0003 0.0000e+00
   1102.000    1482.93    1482.93   1405.811   1102.000  1032.8795  1032.8795    34.8758    34.8760    1482.93    1482.93    6.51288      0.985     0.0004 0.0000e+00
   1103.000    1482.94    1482.94   1406.911   1103.000  1032.8842  1032.8844    34.8757    34.8760    1482.94    1482.94    6.51349      0.896     0.0004 0.0000e+00
   1104.000    1482.96    1482.96   1408.049   1104.000  1032.8889  1032.8890    34.8757    34.8759    1482.96    1482.96    6.51278      0.932     0.0003 0.0000e+00
   1105.000    1482.97    1482.97   1409.086   1105.000  1032.8936  1032.8937    34.8757    34.8759    1482.97    1482.97    6.51263      1.006     0.0004 0.0000e+00
   1106.000    1482.99    1482.99   1410.080   1106.000  1032.8982  1032.8983    34.8757    34.8759    1482.98    1482.99    6.51291      1.000     0.0003 0.0000e+00
   1107.000    1483.00    1483.00   1411.129   1107.000  1032.9028  1032.9030    34.8755    34.8758    1483.00    1483.00    6.51033      0.950     0.0003 0.0000e+00
   1108.000    1483.01    1483.01   1412.204   1108.000  1032.9075  1032.9076    34.8755    34.8757    1483.01    1483.01    6.51013      0.947     0.0004 0.0000e+00
   1109.000    1483.03    1483.03   1413.275   1109.000  1032.9121  1032.9122    34.8753    34.8756    1483.03    1483.03    6.51131      0.932     0.0004 0.0000e+00
   1110.000    1483.04    1483.04   1414.402   1110.000  1032.9167  1032.9170    34.8752    34.8756    1483.04    1483.04    6.51165      0.867     0.0004 0.0000e+00
   1111.000    1483.05    1483.05   1415.600   1111.000  1032.9215  1032.9215    34.8752    34.8754    1483.05    1483.05    6.50989      0.880     0.0004 0.0000e+00
   1112.000    1483.06    1483.07   1416.672   1112.000  1032.9261  1032.9263    34.8752    34.8754    1483.06    1483.07    6.51014      1.095     0.0005 0.0000e+00
   1113.000    1483.08    1483.08   1417.496   1113.000  1032.9310  1032.9310    34.8753    34.8754    1483.08    1483.08    6.51010      1.358     0.0004 0.0000e+00
   1114.000    1483.09    1483.10   1418.182   1114.000  1032.9355  1032.9355    34.8752    34.8753    1483.09    1483.10    6.50846      1.494     0.0003 0.0000e+00
   1115.000    1483.11    1483.11   1418.844   1115.000  1032.9401  1032.9402    34.8751    34.8754    1483.11    1483.11    6.50807      1.438     0.0004 0.0000e+00
   1116.000    1483.13    1483.13   1419.614   1116.000  1032.9447  1032.9449    34.8750    34.8754    1483.13    1483.13    6.50760      1.114     0.0004 0.0000e+00
   1117.000    1483.14    1483.15   1420.988   1117.000  1032.9492  1032.9492    34.8749    34.8749    1483.14    1483.15    6.50840      0.639     0.0006 0.0000e+00
   1118.000    1483.16    1483.16   1422.500   1118.000  1032.9540  1032.9541    34.8748    34.8751    1483.16    1483.16    6.50945      0.901     0.0003 0.0000e+00
   1119.000    1483.17    1483.17   1423.440   1119.000  1032.9587  1032.9589    34.8748    34.8750    1483.17    1483.17    6.51069      1.131     0.0003 0.0000e+00
   1120.000    1483.18    1483.18   1424.304   1120.000  1032.9634  1032.9635    34.8748    34.8750    1483.18    1483.18    6.51095      1.126     0.0004 0.0000e+00
   1121.000    1483.20    1483.20   1425.270   1121.000  1032.9680  1032.9681    34.8747    34.8749    1483.20    1483.20    6.51163      0.948     0.0004 0.0000e+00
   1122.000    1483.21    1483.21   1426.494   1122.000  1032.9727  1032.9727    34.8747    34.8748    1483.21    1483.21    6.51226      0.800     0.0004 0.0000e+00
   1123.000    1483.23    1483.23   1427.731   1123.000  1032.9774  1032.9775    34.8749    34.8750    1483.23    1483.23    6.51434      0.911     0.0003 0.0000e+00
   1124.000    1483.25    1483.25   1428.739   1124.000  1032.9823  1032.9822    34.8754    34.8753    1483.25    1483.26    6.51464      1.098     0.0004 0.0000e+00
   1125.000    1483.28    1483.28   1429.601   1125.000  1032.9869  1032.9868    34.8758    34.8758    1483.28    1483.28    6.51264      1.203     0.0004 0.0000e+00
   1126.000    1483.30    1483.30   1430.429   1126.000  1032.9915  1032.9915    34.8758    34.8759    1483.30    1483.30    6.51171      1.203     0.0003 0.0000e+00
   1127.000    1483.32    1483.32   1431.295   1127.000  1032.9961  1032.9962    34.8758    34.8760    1483.32    1483.32    6.51098      1.129     0.0003 0.0000e+00
   1128.000    1483.33    1483.33   1432.238   1128.000  1033.0005  1033.0009    34.8753    34.8758    1483.33    1483.33    6.51034      1.041     0.0003 0.0000e+00
   1129.000    1483.33    1483.34   1433.241   1129.000  1033.0052  1033.0055    34.8751    34.8755    1483.33    1483.34    6.50864      1.016     0.0004 0.0000e+00
   1130.000    1483.34    1483.35   1434.233   1130.000  1033.0101  1033.0101    34.8751    34.8752    1483.34    1483.34    6.50909      1.019     0.0002 0.0000e+00
   1131.000    1483.36    1483.36   1435.244   1131.000  1033.0146  1033.0149    34.8750    34.8752    1483.36    1483.36    6.50408      0.985     0.0004 0.0000e+00
   1132.000    1483.37    1483.38   1436.299   1132.000  1033.0194  1033.0193    34.8750    34.8750    1483.37    1483.38    6.50211      0.946     0.0004 0.0000e+00
   1133.000    1483.39    1483.39   1437.379   1133.000  1033.0239  1033.0240    34.8749    34.8752    1483.39    1483.39    6.50157      0.934     0.0003 0.0000e+00
   1134.000    1483.41    1483.41   1438.490   1134.000  1033.0287  1033.0287    34.8750    34.8752    1483.41    1483.41    6.50262      0.876     0.0004 0.0000e+00
   1135.000    1483.43    1483.43   1439.703   1135.000  1033.0333  1033.0333    34.8751    34.8752    1483.43    1483.43    6.50530      0.857     0.0004 0.0000e+00
   1136.000    1483.45    1483.45   1440.815   1136.000  1033.0380  1033.0380    34.8753    34.8753    1483.45    1483.45    6.50528      1.029     0.0004 0.0000e+00
   1137.000    1483.46    1483.47   1441.707   1137.000  1033.0426  1033.0427    34.8754    34.8755    1483.46    1483.47    6.50694      1.171     0.0002 0.0000e+00
   1138.000    1483.48    1483.48   1442.553   1138.000  1033.0472  1033.0474    34.8753    34.8755    1483.48    1483.48    6.50589      1.163     0.0003 0.0000e+00
   1139.000    1483.49    1483.49   1443.477   1139.000  1033.0519  1033.0520    34.8751    34.8755    1483.49    1483.49    6.50507      1.013     0.0005 0.0000e+00
   1140.000    1483.51    1483.52   1444.585   1140.000  1033.0566  1033.0566    34.8755    34.8755    1483.51    1483.52    6.50712      0.911     0.0003 0.0000e+00
   1141.000    1483.54    1483.54   1445.647   1141.000  1033.0610  1033.0613    34.8753    34.8757    1483.54    1483.54    6.50891      1.057     0.0004 0.0000e+00
   1142.000    1483.54    1483.54   1446.531   1142.000  1033.0656  1033.0660    34.8749    34.8754    1483.54    1483.54    6.50777      1.194    -0.0003 0.0000e+00
   1143.000    1483.55    1483.55   1447.354   1143.000  1033.0706  1033.0706    34.8748    34.8750    1483.55    1483.55    6.50571      1.199     0.0005 0.0000e+00
   1144.000    1483.56    1483.56   1448.239   1144.000  1033.0752  1033.0752    34.8748    34.8749    1483.56    1483.56    6.50222      1.041     0.0000 0.0000e+00
   1145.000    1483.56    1483.56   1449.431   1145.000  1033.0796  1033.0798    34.8739    34.8743    1483.56    1483.56    6.50020      0.727     0.0002 0.0000e+00
   1146.000    1483.57    1483.57   1450.953   1146.000  1033.0845  1033.0845    34.8739    34.8740    1483.57    1483.57    6.50471      0.777     0.0003 0.0000e+00
   1147.000    1483.58    1483.59   1452.027   1147.000  1033.0890  1033.0891    34.8738    34.8740    1483.58    1483.59    6.50545      1.118     0.0004 0.0000e+00
   1148.000    1483.61    1483.61   1452.839   1148.000  1033.0942  1033.0938    34.8747    34.8742    1483.61    1483.61    6.50602      1.266     0.0004 0.0000e+00
   1149.000    1483.63    1483.63   1453.631   1149.000  1033.0975  1033.0984    34.8731    34.8745    1483.63    1483.63    6.50661      1.196     0.0015 0.0000e+00
   1150.000    1483.60    1483.60   1454.598   1150.000  1033.1029  1033.1034    34.8723    34.8730    1483.59    1483.60    6.50944      0.919     0.0001 0.0000e+00
   1151.000    1483.61    1483.61   1455.901   1151.000  1033.1079  1033.1079    34.8727    34.8728    1483.61    1483.61    6.51119      0.796     0.0005 0.0000e+00
   1152.000    1483.63    1483.63   1457.026   1152.000  1033.1125  1033.1125    34.8729    34.8730    1483.63    1483.63    6.51162      1.095     0.0007 0.0000e+00
   1153.000    1483.65    1483.65   1457.837   1153.000  1033.1172  1033.1172    34.8728    34.8730    1483.65    1483.65    6.51214      1.311     0.0007 0.0000e+00
   1154.000    1483.67    1483.67   1458.573   1154.000  1033.1218  1033.1218    34.8731    34.8732    1483.67    1483.67    6.51295      1.335     0.0006 0.0000e+00
   1155.000    1483.69    1483.69   1459.374   1155.000  1033.1266  1033.1266    34.8735    34.8735    1483.69    1483.69    6.51148      1.128     0.0007 0.0000e+00
   1156.000    1483.71    1483.72   1460.508   1156.000  1033.1310  1033.1311    34.8734    34.8736    1483.71    1483.72    6.51099      0.786     0.0003 0.0000e+00
