Ship_data/Irminger/Irminger-2/ctd/process/at30_008_SV.cnv
* Sea-Bird SBE 9 Data File:
* FileName = C:\data\ctd\at30_008.hdr
* Software Version Seasave V 7.21f
* Temperature SN = 2265
* Conductivity SN = 3021
* Number of Bytes Per Scan = 40
* Number of Voltage Words = 5
* Number of Scans Averaged by the Deck Unit = 1
* NMEA Latitude = 59 43.12 N
* NMEA Longitude = 039 21.38 W
* NMEA UTC (Time) = Aug 19 2015  12:16:11
** Confirmation of seafloor depth at FLMB -2  site
# nquan = 15
# nvalues = 2806                        
# units = specified
# name 0 = depSM: Depth [salt water, m]
# name 1 = svCM: Sound Velocity [Chen-Millero, m/s]
# name 2 = svCM1: Sound Velocity, 2 [Chen-Millero, m/s]
# name 3 = timeS: Time, Elapsed [seconds]
# name 4 = depSM: Depth [salt water, m]
# name 5 = density00: Density [density, Kg/m^3]
# name 6 = density11: Density, 2 [density, Kg/m^3]
# name 7 = sal00: Salinity, Practical [PSU]
# name 8 = sal11: Salinity, Practical, 2 [PSU]
# name 9 = svCM: Sound Velocity [Chen-Millero, m/s]
# name 10 = svCM1: Sound Velocity, 2 [Chen-Millero, m/s]
# name 11 = sbeox0ML/L: Oxygen, SBE 43 [ml/l]
# name 12 = dz/dtM: Descent Rate [m/s]
# name 13 = T2-T190C: Temperature Difference, 2 - 1 [ITS-90, deg C]
# name 14 = flag:
# span 0 =      1.000,   2806.000       
# span 1 =    1469.44,    1504.10       
# span 2 =    1469.45,    1504.10       
# span 3 =    -19.871,   3337.076       
# span 4 =      1.000,   2806.000       
# span 5 =  1027.1008,  1040.9860       
# span 6 =  1027.1007,  1040.9856       
# span 7 =    34.8428,    34.9413       
# span 8 =    34.8451,    34.9422       
# span 9 =    1469.44,    1504.10       
# span 10 =    1469.45,    1504.10      
# span 11 =    5.99175,    6.92492      
# span 12 =     -0.062,      1.562      
# span 13 =    -0.0054,     0.0266      
# span 14 = 0.0000e+00, 0.0000e+00      
# interval = meters: 1                  
# start_time = Aug 19 2015 12:16:11 [NMEA time, header]
# bad_flag = -9.990e-29
*END*
[from data line 290]
    291.000    1470.98    1470.98    585.651    291.000  1029.0906  1029.0913    34.9125    34.9134    1470.98    1470.98    6.51405      0.991    -0.0001 0.0000e+00
    292.000    1470.99    1470.99    586.694    292.000  1029.0955  1029.0959    34.9125    34.9132    1470.99    1470.99    6.51907      0.974    -0.0004 0.0000e+00
    293.000    1471.00    1471.00    587.719    293.000  1029.1001  1029.1006    34.9125    34.9131    1471.00    1471.00    6.52090      1.009    -0.0001 0.0000e+00
    294.000    1471.02    1471.02    588.701    294.000  1029.1049  1029.1053    34.9125    34.9132    1471.02    1471.02    6.51807      1.026    -0.0000 0.0000e+00
    295.000    1471.03    1471.03    589.696    295.000  1029.1094  1029.1101    34.9119    34.9129    1471.03    1471.03    6.51580      1.014    -0.0001 0.0000e+00
    296.000    1471.03    1471.03    590.687    296.000  1029.1143  1029.1150    34.9119    34.9127    1471.03    1471.03    6.51511      1.028    -0.0008 0.0000e+00
    297.000    1471.03    1471.03    591.660    297.000  1029.1189  1029.1198    34.9113    34.9124    1471.03    1471.03    6.51533      1.031     0.0002 0.0000e+00
    298.000    1471.03    1471.04    592.668    298.000  1029.1235  1029.1244    34.9109    34.9120    1471.03    1471.04    6.51891      0.957     0.0002 0.0000e+00
    299.000    1471.03    1471.03    593.792    299.000  1029.1285  1029.1292    34.9107    34.9114    1471.03    1471.03    6.52158      0.874    -0.0001 0.0000e+00
    300.000    1471.03    1471.03    594.943    300.000  1029.1333  1029.1342    34.9100    34.9111    1471.03    1471.03    6.52499      0.921    -0.0001 0.0000e+00
    301.000    1471.04    1471.04    595.990    301.000  1029.1382  1029.1389    34.9102    34.9111    1471.04    1471.04    6.52646      0.983     0.0000 0.0000e+00
    302.000    1471.05    1471.05    597.018    302.000  1029.1428  1029.1434    34.9100    34.9108    1471.05    1471.05    6.52947      0.971     0.0003 0.0000e+00
    303.000    1471.06    1471.06    598.062    303.000  1029.1477  1029.1482    34.9099    34.9107    1471.06    1471.06    6.53058      1.014     0.0003 0.0000e+00
    304.000    1471.08    1471.08    598.999    304.000  1029.1523  1029.1531    34.9099    34.9107    1471.08    1471.08    6.52928      1.143    -0.0001 0.0000e+00
    305.000    1471.09    1471.09    599.837    305.000  1029.1570  1029.1577    34.9096    34.9105    1471.09    1471.09    6.52985      1.208    -0.0000 0.0000e+00
    306.000    1471.09    1471.09    600.686    306.000  1029.1615  1029.1625    34.9090    34.9102    1471.09    1471.09    6.52845      1.107    -0.0001 0.0000e+00
    307.000    1471.09    1471.09    601.710    307.000  1029.1665  1029.1672    34.9089    34.9098    1471.09    1471.09    6.52975      0.918    -0.0001 0.0000e+00
    308.000    1471.10    1471.10    602.856    308.000  1029.1713  1029.1720    34.9087    34.9096    1471.10    1471.10    6.53129      0.949    -0.0001 0.0000e+00
    309.000    1471.10    1471.10    603.826    309.000  1029.1759  1029.1768    34.9083    34.9093    1471.10    1471.10    6.53142      1.142    -0.0001 0.0000e+00
    310.000    1471.11    1471.11    604.649    310.000  1029.1809  1029.1815    34.9083    34.9091    1471.11    1471.11    6.52808      1.216     0.0000 0.0000e+00
    311.000    1471.12    1471.12    605.510    311.000  1029.1855  1029.1863    34.9080    34.9089    1471.12    1471.12    6.52615      1.036     0.0003 0.0000e+00
    312.000    1471.13    1471.13    606.776    312.000  1029.1903  1029.1908    34.9080    34.9086    1471.13    1471.13    6.53041      0.681     0.0001 0.0000e+00
    313.000    1471.14    1471.14    608.328    313.000  1029.1949  1029.1957    34.9077    34.9087    1471.14    1471.14    6.53420      0.789    -0.0001 0.0000e+00
    314.000    1471.15    1471.15    609.364    314.000  1029.1997  1029.2003    34.9076    34.9084    1471.15    1471.15    6.52979      1.102     0.0001 0.0000e+00
    315.000    1471.16    1471.16    610.203    315.000  1029.2045  1029.2051    34.9074    34.9081    1471.16    1471.16    6.52637      1.202    -0.0001 0.0000e+00
    316.000    1471.17    1471.17    611.050    316.000  1029.2092  1029.2100    34.9074    34.9083    1471.17    1471.17    6.52237      1.127     0.0000 0.0000e+00
    317.000    1471.18    1471.19    612.019    317.000  1029.2139  1029.2145    34.9073    34.9081    1471.18    1471.18    6.52219      1.002    -0.0000 0.0000e+00
    318.000    1471.20    1471.20    613.047    318.000  1029.2185  1029.2194    34.9070    34.9081    1471.20    1471.20    6.52235      1.022    -0.0000 0.0000e+00
    319.000    1471.20    1471.20    614.001    319.000  1029.2229  1029.2240    34.9061    34.9076    1471.20    1471.20    6.52284      1.092    -0.0001 0.0000e+00
    320.000    1471.18    1471.18    614.898    320.000  1029.2281  1029.2290    34.9057    34.9068    1471.18    1471.18    6.52609      1.140    -0.0002 0.0000e+00
    321.000    1471.18    1471.18    615.781    321.000  1029.2330  1029.2338    34.9054    34.9064    1471.18    1471.18    6.52799      1.131    -0.0002 0.0000e+00
    322.000    1471.18    1471.18    616.692    322.000  1029.2377  1029.2385    34.9049    34.9059    1471.18    1471.18    6.53156      1.088    -0.0004 0.0000e+00
    323.000    1471.18    1471.18    617.637    323.000  1029.2426  1029.2433    34.9047    34.9057    1471.18    1471.18    6.53186      1.052    -0.0001 0.0000e+00
    324.000    1471.19    1471.19    618.645    324.000  1029.2474  1029.2480    34.9048    34.9055    1471.19    1471.19    6.53374      0.895    -0.0002 0.0000e+00
    325.000    1471.21    1471.21    620.044    325.000  1029.2521  1029.2528    34.9046    34.9055    1471.21    1471.21    6.53586      0.654    -0.0002 0.0000e+00
    326.000    1471.22    1471.22    621.469    326.000  1029.2567  1029.2576    34.9043    34.9054    1471.22    1471.22    6.54293      0.924     0.0001 0.0000e+00
    327.000    1471.22    1471.22    622.383    327.000  1029.2616  1029.2623    34.9042    34.9051    1471.22    1471.22    6.54242      1.250     0.0003 0.0000e+00
    328.000    1471.23    1471.24    623.120    328.000  1029.2665  1029.2670    34.9043    34.9050    1471.23    1471.24    6.53732      1.332     0.0000 0.0000e+00
    329.000    1471.25    1471.25    623.903    329.000  1029.2711  1029.2717    34.9042    34.9049    1471.25    1471.24    6.53690      1.166    -0.0004 0.0000e+00
    330.000    1471.26    1471.26    624.941    330.000  1029.2759  1029.2765    34.9041    34.9049    1471.26    1471.26    6.53841      0.881    -0.0002 0.0000e+00
    331.000    1471.26    1471.26    626.170    331.000  1029.2805  1029.2814    34.9036    34.9046    1471.26    1471.26    6.54120      0.872    -0.0000 0.0000e+00
    332.000    1471.27    1471.27    627.236    332.000  1029.2854  1029.2861    34.9038    34.9046    1471.27    1471.27    6.54214      1.041    -0.0002 0.0000e+00
    333.000    1471.29    1471.29    628.136    333.000  1029.2902  1029.2908    34.9039    34.9045    1471.29    1471.29    6.54086      1.147    -0.0003 0.0000e+00
    334.000    1471.31    1471.31    629.007    334.000  1029.2944  1029.2954    34.9034    34.9044    1471.31    1471.31    6.54079      1.139    -0.0004 0.0000e+00
    335.000    1471.29    1471.29    629.920    335.000  1029.2990  1029.3002    34.9019    34.9035    1471.28    1471.28    6.54165      1.078    -0.0003 0.0000e+00
    336.000    1471.28    1471.28    630.878    336.000  1029.3043  1029.3051    34.9022    34.9029    1471.28    1471.28    6.54506      1.065    -0.0003 0.0000e+00
    337.000    1471.28    1471.28    631.823    337.000  1029.3091  1029.3099    34.9017    34.9027    1471.28    1471.28    6.54485      1.055    -0.0001 0.0000e+00
    338.000    1471.28    1471.29    632.806    338.000  1029.3140  1029.3147    34.9015    34.9024    1471.28    1471.29    6.54524      0.970     0.0001 0.0000e+00
    339.000    1471.29    1471.29    633.932    339.000  1029.3190  1029.3195    34.9015    34.9022    1471.29    1471.29    6.54779      0.867    -0.0001 0.0000e+00
    340.000    1471.32    1471.32    635.111    340.000  1029.3237  1029.3243    34.9020    34.9028    1471.32    1471.32    6.55056      0.882    -0.0001 0.0000e+00
    341.000    1471.34    1471.34    636.226    341.000  1029.3284  1029.3290    34.9020    34.9029    1471.34    1471.34    6.55238      0.902     0.0003 0.0000e+00
    342.000    1471.35    1471.35    637.368    342.000  1029.3329  1029.3337    34.9018    34.9028    1471.35    1471.35    6.55422      0.887    -0.0000 0.0000e+00
    343.000    1471.36    1471.36    638.478    343.000  1029.3378  1029.3384    34.9017    34.9025    1471.36    1471.36    6.55572      0.990    -0.0000 0.0000e+00
    344.000    1471.38    1471.38    639.418    344.000  1029.3425  1029.3431    34.9018    34.9026    1471.38    1471.38    6.55509      1.145     0.0002 0.0000e+00
    345.000    1471.39    1471.39    640.267    345.000  1029.3472  1029.3479    34.9015    34.9025    1471.38    1471.39    6.55605      1.172     0.0005 0.0000e+00
    346.000    1471.39    1471.39    641.159    346.000  1029.3517  1029.3525    34.9009    34.9020    1471.39    1471.39    6.55619      1.069    -0.0002 0.0000e+00
    347.000    1471.39    1471.39    642.167    347.000  1029.3567  1029.3573    34.9008    34.9017    1471.39    1471.39    6.55807      1.010    -0.0002 0.0000e+00
    348.000    1471.41    1471.41    643.138    348.000  1029.3615  1029.3619    34.9009    34.9016    1471.41    1471.41    6.55762      1.093     0.0001 0.0000e+00
    349.000    1471.41    1471.41    644.022    349.000  1029.3658  1029.3668    34.9001    34.9013    1471.41    1471.41    6.55712      1.155    -0.0002 0.0000e+00
    350.000    1471.42    1471.42    644.892    350.000  1029.3712  1029.3716    34.9010    34.9014    1471.42    1471.42    6.55790      1.147    -0.0002 0.0000e+00
    351.000    1471.45    1471.45    645.793    351.000  1029.3759  1029.3763    34.9010    34.9016    1471.45    1471.45    6.55514      1.074    -0.0001 0.0000e+00
    352.000    1471.47    1471.47    646.813    352.000  1029.3805  1029.3810    34.9011    34.9018    1471.47    1471.47    6.55600      0.894     0.0000 0.0000e+00
    353.000    1471.48    1471.48    648.152    353.000  1029.3850  1029.3857    34.9008    34.9019    1471.48    1471.48    6.55595      0.696    -0.0001 0.0000e+00
    354.000    1471.48    1471.48    649.591    354.000  1029.3898  1029.3906    34.9005    34.9014    1471.48    1471.48    6.55832      0.822    -0.0004 0.0000e+00
    355.000    1471.50    1471.50    650.644    355.000  1029.3949  1029.3953    34.9009    34.9015    1471.50    1471.50    6.55754      1.085    -0.0000 0.0000e+00
    356.000    1471.52    1471.52    651.504    356.000  1029.3994  1029.3999    34.9008    34.9015    1471.52    1471.52    6.55732      1.180     0.0001 0.0000e+00
    357.000    1471.53    1471.53    652.387    357.000  1029.4041  1029.4048    34.9006    34.9015    1471.53    1471.53    6.55816      1.044     0.0001 0.0000e+00
    358.000    1471.54    1471.54    653.493    358.000  1029.4087  1029.4095    34.9004    34.9015    1471.54    1471.54    6.55811      0.876    -0.0002 0.0000e+00
    359.000    1471.55    1471.55    654.635    359.000  1029.4136  1029.4142    34.9004    34.9011    1471.55    1471.55    6.55922      0.975     0.0001 0.0000e+00
    360.000    1471.56    1471.56    655.584    360.000  1029.4183  1029.4189    34.9003    34.9010    1471.56    1471.56    6.56037      1.139     0.0000 0.0000e+00
    361.000    1471.57    1471.58    656.426    361.000  1029.4231  1029.4236    34.9004    34.9011    1471.57    1471.58    6.56253      1.199     0.0000 0.0000e+00
    362.000    1471.59    1471.59    657.278    362.000  1029.4277  1029.4282    34.9003    34.9010    1471.59    1471.59    6.56211      1.114     0.0001 0.0000e+00
    363.000    1471.60    1471.60    658.287    363.000  1029.4324  1029.4330    34.9001    34.9009    1471.60    1471.60    6.56475      0.918     0.0001 0.0000e+00
    364.000    1471.61    1471.61    659.481    364.000  1029.4371  1029.4377    34.9000    34.9008    1471.61    1471.61    6.56960      0.873     0.0000 0.0000e+00
    365.000    1471.63    1471.63    660.559    365.000  1029.4418  1029.4425    34.8999    34.9008    1471.63    1471.63    6.57180      1.030     0.0000 0.0000e+00
    366.000    1471.64    1471.64    661.471    366.000  1029.4468  1029.4471    34.9001    34.9007    1471.64    1471.64    6.57082      1.150     0.0000 0.0000e+00
    367.000    1471.65    1471.66    662.334    367.000  1029.4513  1029.4519    34.8999    34.9007    1471.65    1471.65    6.57209      1.116    -0.0000 0.0000e+00
    368.000    1471.67    1471.67    663.314    368.000  1029.4559  1029.4565    34.8997    34.9005    1471.67    1471.67    6.57296      0.945     0.0000 0.0000e+00
    369.000    1471.68    1471.68    664.509    369.000  1029.4607  1029.4612    34.8996    34.9003    1471.68    1471.68    6.57078      0.802     0.0000 0.0000e+00
    370.000    1471.69    1471.69    665.825    370.000  1029.4653  1029.4659    34.8995    34.9002    1471.69    1471.69    6.57012      0.741     0.0000 0.0000e+00
    371.000    1471.71    1471.71    667.201    371.000  1029.4700  1029.4706    34.8994    34.9002    1471.71    1471.71    6.56981      0.817    -0.0001 0.0000e+00
    372.000    1471.71    1471.72    668.285    372.000  1029.4746  1029.4755    34.8991    34.9001    1471.71    1471.72    6.56923      1.089    -0.0000 0.0000e+00
    373.000    1471.73    1471.73    669.113    373.000  1029.4796  1029.4801    34.8993    34.9000    1471.73    1471.73    6.56708      1.277    -0.0000 0.0000e+00
    374.000    1471.74    1471.74    669.867    374.000  1029.4843  1029.4849    34.8991    34.8999    1471.74    1471.74    6.56802      1.320     0.0000 0.0000e+00
    375.000    1471.75    1471.75    670.650    375.000  1029.4890  1029.4896    34.8991    34.8999    1471.75    1471.75    6.57085      1.221     0.0000 0.0000e+00
    376.000    1471.76    1471.77    671.555    376.000  1029.4938  1029.4941    34.8991    34.8997    1471.76    1471.77    6.57308      1.036     0.0001 0.0000e+00
    377.000    1471.78    1471.78    672.609    377.000  1029.4983  1029.4989    34.8989    34.8996    1471.78    1471.78    6.57513      0.953     0.0001 0.0000e+00
    378.000    1471.79    1471.79    673.669    378.000  1029.5031  1029.5035    34.8989    34.8995    1471.79    1471.79    6.57485      0.967    -0.0000 0.0000e+00
    379.000    1471.81    1471.81    674.699    379.000  1029.5078  1029.5083    34.8990    34.8995    1471.81    1471.81    6.57393      0.997    -0.0001 0.0000e+00
    380.000    1471.83    1471.83    675.694    380.000  1029.5126  1029.5131    34.8990    34.8997    1471.83    1471.83    6.57090      1.035    -0.0000 0.0000e+00
    381.000    1471.83    1471.84    676.668    381.000  1029.5170  1029.5177    34.8985    34.8995    1471.83    1471.84    6.57283      0.998     0.0006 0.0000e+00
    382.000    1471.85    1471.85    677.757    382.000  1029.5219  1029.5225    34.8986    34.8993    1471.85    1471.85    6.57374      0.875    -0.0002 0.0000e+00
    383.000    1471.86    1471.86    678.959    383.000  1029.5266  1029.5272    34.8985    34.8992    1471.86    1471.86    6.57096      0.879    -0.0003 0.0000e+00
    384.000    1471.88    1471.88    680.040    384.000  1029.5314  1029.5317    34.8986    34.8991    1471.88    1471.88    6.56703      0.971    -0.0001 0.0000e+00
    385.000    1471.89    1471.89    681.068    385.000  1029.5361  1029.5366    34.8987    34.8993    1471.89    1471.89    6.56860      0.948     0.0001 0.0000e+00
