Ship_data/Irminger/Irminger-2/ctd/process/at30_006.ros
* Sea-Bird SBE 9 Data File:
* FileName = C:\data\ctd\at30_006.hdr
* Software Version Seasave V 7.21f
* Temperature SN = 2265
* Conductivity SN = 3021
* Number of Bytes Per Scan = 40
* Number of Voltage Words = 5
* Number of Scans Averaged by the Deck Unit = 1
* NMEA Latitude = 59 51.06 N
* NMEA Longitude = 039 05.71 W
* NMEA UTC (Time) = Aug 17 2015  17:02:11
# nquan = 27
# nvalues = 588                                   
# units = specified
# name 0 = timeS: Time, Elapsed [seconds]
# name 1 = longitude: Longitude [deg]
# name 2 = latitude: Latitude [deg]
# name 3 = depSM: Depth [salt water, m]
# name 4 = prDM: Pressure, Digiquartz [db]
# name 5 = t090C: Temperature [ITS-90, deg C]
# name 6 = t190C: Temperature, 2 [ITS-90, deg C]
# name 7 = c0S/m: Conductivity [S/m]
# name 8 = c1S/m: Conductivity, 2 [S/m]
# name 9 = CStarTr0: Beam Transmission, WET Labs C-Star [%]
# name 10 = flECO-AFL: Fluorescence, WET Labs ECO-AFL/FL [mg/m^3]
# name 11 = sbeox0V: Oxygen raw, SBE 43 [V]
# name 12 = altM: Altimeter [m]
# name 13 = nbf: Bottles Fired
# name 14 = density00: Density [density, Kg/m^3]
# name 15 = density11: Density, 2 [density, Kg/m^3]
# name 16 = sal00: Salinity, Practical [PSU]
# name 17 = sal11: Salinity, Practical, 2 [PSU]
# name 18 = svCM: Sound Velocity [Chen-Millero, m/s]
# name 19 = svCM1: Sound Velocity, 2 [Chen-Millero, m/s]
# name 20 = timeS: Time, Elapsed [seconds]
# name 21 = sbeox0ML/L: Oxygen, SBE 43 [ml/l]
# name 22 = sbeox0PS: Oxygen, SBE 43 [% saturation]
# name 23 = dz/dtM: Descent Rate [m/s]
# name 24 = T2-T190C: Temperature Difference, 2 - 1 [ITS-90, deg C]
# name 25 = scan: Scan Count
# name 26 = flag:  0.000e+00
# interval = seconds: 0.0416667
# start_time = Aug 17 2015 17:02:11 [NMEA time, header]
# bad_flag = -9.990e-29
*END*
[from data line 537]
   3534.875  -39.09568   59.85510      1.578      1.593     8.6018     8.6044   3.665866   3.666006    94.3839    -0.0219     2.5188      98.78         11  1027.0928  1027.0915    34.8777    34.8766    1484.60    1484.61   3534.875    6.54531  100.43854     -0.153     0.0026      84838  0.000e+00
   3534.917  -39.09568   59.85510      1.634      1.650     8.6019     8.6042   3.665847   3.666042    94.3839    -0.0219     2.5188      98.75         11  1027.0928  1027.0923    34.8773    34.8771    1484.60    1484.61   3534.917    6.54535  100.43924     -0.142     0.0023      84839  0.000e+00
   3541.208  -39.09568   59.85512      1.283      1.295     8.6034     8.6037   3.665941   3.665976    94.3578    -0.0219     2.5225      98.75         12  1027.0907  1027.0907    34.8771    34.8771    1484.60    1484.60   3541.208    6.55681  100.61819     -0.397     0.0003      84990  0.000e+00
   3541.250  -39.09568   59.85512      1.291      1.304     8.6035     8.6039   3.666004   3.665910    94.3839    -0.0219     2.5225      97.26         12  1027.0911  1027.0900    34.8776    34.8762    1484.60    1484.60   3541.250    6.55677  100.61828     -0.396     0.0004      84991  0.000e+00
   3541.292  -39.09568   59.85512      1.283      1.295     8.6035     8.6041   3.665954   3.666006    94.3839    -0.0219     2.5213      90.96         12  1027.0907  1027.0906    34.8770    34.8771    1484.60    1484.61   3541.292    6.55278  100.55669     -0.390     0.0005      84992  0.000e+00
   3541.333  -39.09568   59.85512      1.291      1.304     8.6034     8.6041   3.665979   3.666006    94.3839    -0.0219     2.5213      88.28         12  1027.0911  1027.0906    34.8775    34.8771    1484.60    1484.61   3541.333    6.55279  100.55681     -0.385     0.0007      84993  0.000e+00
   3541.375  -39.09568   59.85512      1.219      1.231     8.6035     8.6037   3.665979   3.665976    94.3839    -0.0219     2.5213      88.13         12  1027.0906  1027.0904    34.8773    34.8771    1484.60    1484.60   3541.375    6.55271  100.55585     -0.386     0.0002      84994  0.000e+00
   3541.417  -39.09568   59.85512      1.283      1.296     8.6035     8.6034   3.666011   3.665940    94.3839    -0.0219     2.5213      88.42         12  1027.0911  1027.0907    34.8776    34.8770    1484.60    1484.60   3541.417    6.55275  100.55668     -0.379    -0.0001      84995  0.000e+00
   3541.458  -39.09568   59.85512      1.291      1.304     8.6034     8.6032   3.665935   3.665880    94.3578    -0.0219     2.5213      88.55         12  1027.0907  1027.0904    34.8770    34.8766    1484.60    1484.60   3541.458    6.55281  100.55679     -0.373    -0.0002      84996  0.000e+00
   3541.500  -39.09568   59.85512      1.283      1.296     8.6034     8.6031   3.665967   3.665976    94.3578    -0.0219     2.5213      88.55         12  1027.0909  1027.0913    34.8773    34.8777    1484.60    1484.60   3541.500    6.55279  100.55669     -0.365    -0.0003      84997  0.000e+00
   3541.542  -39.09568   59.85512      1.291      1.304     8.6034     8.6032   3.665973   3.665910    94.3578    -0.0219     2.5213      88.55         12  1027.0910  1027.0906    34.8774    34.8769    1484.60    1484.60   3541.542    6.55279  100.55678     -0.352    -0.0002      84998  0.000e+00
   3541.583  -39.09568   59.85512      1.283      1.296     8.6032     8.6031   3.665967   3.665940    94.3316    -0.0219     2.5213      88.55         12  1027.0911  1027.0910    34.8775    34.8773    1484.60    1484.60   3541.583    6.55280  100.55669     -0.344    -0.0001      84999  0.000e+00
   3541.625  -39.09568   59.85512      1.283      1.296     8.6031     8.6029   3.665941   3.665940    94.3578    -0.0219     2.5213      88.55         12  1027.0910  1027.0912    34.8774    34.8775    1484.60    1484.60   3541.625    6.55283  100.55670     -0.336    -0.0002      85000  0.000e+00
   3541.667  -39.09568   59.85512      1.348      1.360     8.6029     8.6027   3.665929   3.665910    94.3578    -0.0219     2.5200      88.55         12  1027.0914  1027.0913    34.8774    34.8773    1484.60    1484.60   3541.667    6.54891  100.49608     -0.319    -0.0001      85001  0.000e+00
   3541.708  -39.09568   59.85512      1.283      1.296     8.6029     8.6026   3.665910   3.665844    94.3578    -0.0219     2.5213      88.55         12  1027.0909  1027.0906    34.8772    34.8768    1484.60    1484.60   3541.708    6.55286  100.55671     -0.311    -0.0003      85002  0.000e+00
   3541.750  -39.09568   59.85512      1.348      1.361     8.6026     8.6026   3.665916   3.665844    94.3578    -0.0219     2.5213      88.52         12  1027.0915  1027.0909    34.8775    34.8768    1484.60    1484.60   3541.750    6.55295  100.55757     -0.294    -0.0000      85003  0.000e+00
   3541.792  -39.09568   59.85512      1.283      1.296     8.6026     8.6026   3.665929   3.665844    94.3578    -0.0219     2.5213      88.55         12  1027.0913  1027.0906    34.8777    34.8768    1484.60    1484.60   3541.792    6.55289  100.55673     -0.283    -0.0000      85004  0.000e+00
   3541.833  -39.09568   59.85512      1.404      1.417     8.6028     8.6029   3.665929   3.665844    94.3578    -0.0219     2.5213      88.55         12  1027.0917  1027.0909    34.8775    34.8765    1484.60    1484.60   3541.833    6.55298  100.55828     -0.264     0.0001      85005  0.000e+00
   3541.875  -39.09568   59.85512      1.396      1.409     8.6028     8.6031   3.665954   3.665910    94.3316    -0.0219     2.5213      92.09         12  1027.0919  1027.0912    34.8778    34.8770    1484.60    1484.60   3541.875    6.55296  100.55817     -0.245     0.0003      85006  0.000e+00
   3541.917  -39.09568   59.85512      1.340      1.352     8.6026     8.6029   3.665916   3.665910    94.3316    -0.0219     2.5225      97.61         12  1027.0915  1027.0912    34.8775    34.8772    1484.60    1484.60   3541.917    6.55695  100.61892     -0.231     0.0003      85007  0.000e+00
   3541.958  -39.09568   59.85512      1.404      1.417     8.6026     8.6029   3.665897   3.665910    94.3316    -0.0219     2.5213      99.22         12  1027.0916  1027.0914    34.8773    34.8772    1484.60    1484.60   3541.958    6.55301  100.55828     -0.209     0.0003      85008  0.000e+00
   3542.000  -39.09568   59.85512      1.460      1.474     8.6026     8.6029   3.665897   3.665880    94.3055    -0.0219     2.5225      99.07         12  1027.0918  1027.0914    34.8773    34.8768    1484.60    1484.60   3542.000    6.55706  100.62048     -0.186     0.0003      85009  0.000e+00
   3542.042  -39.09568   59.85512      1.468      1.482     8.6026     8.6031   3.665948   3.665940    94.2793    -0.0219     2.5225      98.83         12  1027.0923  1027.0918    34.8778    34.8773    1484.60    1484.61   3542.042    6.55704  100.62058     -0.166     0.0005      85010  0.000e+00
   3542.083  -39.09568   59.85512      1.460      1.474     8.6026     8.6032   3.665942   3.665880    94.3055    -0.0219     2.5225      98.75         12  1027.0922  1027.0911    34.8777    34.8765    1484.60    1484.60   3542.083    6.55704  100.62047     -0.145     0.0006      85011  0.000e+00
   3542.125  -39.09568   59.85512      1.525      1.539     8.6028     8.6034   3.665929   3.665910    94.3055    -0.0219     2.5213      98.75         12  1027.0922  1027.0914    34.8774    34.8766    1484.61    1484.61   3542.125    6.55308  100.55980     -0.121     0.0007      85012  0.000e+00
   3542.167  -39.09568   59.85512      1.516      1.531     8.6026     8.6039   3.665954   3.665940    94.3316    -0.0219     2.5213      98.75         12  1027.0925  1027.0912    34.8778    34.8764    1484.61    1484.61   3542.167    6.55308  100.55971     -0.096     0.0013      85013  0.000e+00
   3542.208  -39.09568   59.85512      1.573      1.588     8.6028     8.6036   3.665967   3.666006    94.3316    -0.0219     2.5213      98.75         12  1027.0927  1027.0923    34.8778    34.8774    1484.61    1484.61   3542.208    6.55310  100.56042     -0.071     0.0008      85014  0.000e+00
   3542.250  -39.09568   59.85512      1.581      1.596     8.6031     8.6036   3.665986   3.665940    94.3578    -0.0219     2.5213      98.78         12  1027.0926  1027.0918    34.8777    34.8767    1484.61    1484.61   3542.250    6.55307  100.56048     -0.045     0.0005      85015  0.000e+00
   3542.292  -39.09568   59.85512      1.637      1.653     8.6029     8.6034   3.665979   3.666006    94.3578    -0.0219     2.5213      98.75         12  1027.0930  1027.0927    34.8778    34.8775    1484.61    1484.61   3542.292    6.55313  100.56123     -0.016     0.0005      85016  0.000e+00
   3542.333  -39.09568   59.85512      1.701      1.717     8.6031     8.6036   3.665967   3.665940    94.3578    -0.0292     2.5213      98.75         12  1027.0930  1027.0923    34.8774    34.8767    1484.61    1484.61   3542.333    6.55318  100.56204      0.013     0.0005      85017  0.000e+00
   3542.375  -39.09568   59.85512      1.637      1.653     8.6031     8.6037   3.666005   3.665976    94.3578    -0.0219     2.5213      98.75         12  1027.0930  1027.0922    34.8779    34.8769    1484.61    1484.61   3542.375    6.55310  100.56120      0.038     0.0006      85018  0.000e+00
   3542.417  -39.09568   59.85512      1.749      1.766     8.6032     8.6037   3.666005   3.665976    94.3578    -0.0219     2.5213      98.78         12  1027.0933  1027.0926    34.8777    34.8769    1484.61    1484.61   3542.417    6.55318  100.56264      0.069     0.0005      85019  0.000e+00
   3542.458  -39.09568   59.85512      1.758      1.774     8.6034     8.6037   3.665998   3.666042    94.3316    -0.0219     2.5213      98.78         12  1027.0932  1027.0932    34.8774    34.8776    1484.61    1484.61   3542.458    6.55318  100.56272      0.097     0.0003      85020  0.000e+00
   3542.500  -39.09568   59.85512      1.750      1.766     8.6034     8.6037   3.665998   3.666006    94.3578    -0.0219     2.5213      98.75         12  1027.0931  1027.0929    34.8774    34.8772    1484.61    1484.61   3542.500    6.55317  100.56261      0.124     0.0003      85021  0.000e+00
   3542.542  -39.09568   59.85512      1.822      1.839     8.6032     8.6039   3.665998   3.665940    94.3578    -0.0219     2.5213      98.78         12  1027.0936  1027.0925    34.8776    34.8763    1484.61    1484.61   3542.542    6.55325  100.56356      0.155     0.0007      85022  0.000e+00
   3542.583  -39.09568   59.85512      1.750      1.766     8.6032     8.6042   3.665998   3.666042    94.3839    -0.0219     2.5213      98.75         12  1027.0933  1027.0927    34.8776    34.8771    1484.61    1484.61   3542.583    6.55319  100.56262      0.181     0.0010      85023  0.000e+00
   3542.625  -39.09568   59.85512      1.934      1.953     8.6034     8.6041   3.665998   3.666042    94.3578    -0.0219     2.5213      98.75         12  1027.0939  1027.0937    34.8773    34.8771    1484.61    1484.62   3542.625    6.55333  100.56499      0.213     0.0007      85024  0.000e+00
   3542.667  -39.09568   59.85512      1.814      1.831     8.6034     8.6042   3.666042   3.666006    94.3839    -0.0219     2.5213      98.75         12  1027.0938  1027.0927    34.8779    34.8767    1484.61    1484.61   3542.667    6.55320  100.56342      0.237     0.0008      85025  0.000e+00
   3542.708  -39.09568   59.85512      1.926      1.945     8.6044     8.6046   3.666131   3.666042    94.3578    -0.0219     2.5213      98.75         12  1027.0941  1027.0932    34.8778    34.8767    1484.62    1484.62   3542.708    6.55315  100.56477      0.267     0.0002      85026  0.000e+00
   3542.750  -39.09568   59.85512      1.878      1.896     8.6047     8.6049   3.666181   3.666042    94.3578    -0.0219     2.5213      98.78         12  1027.0939  1027.0926    34.8780    34.8763    1484.62    1484.62   3542.750    6.55305  100.56410      0.286     0.0002      85027  0.000e+00
   3542.792  -39.09568   59.85512      1.991      2.009     8.6045     8.6047   3.666118   3.666108    94.3578    -0.0219     2.5213      98.75         12  1027.0941  1027.0938    34.8775    34.8772    1484.62    1484.62   3542.792    6.55320  100.56558      0.313     0.0002      85028  0.000e+00
   3542.833  -39.09568   59.85512      1.999      2.018     8.6035     8.6051   3.666074   3.666072    94.3578    -0.0219     2.5213      98.75         12  1027.0947  1027.0933    34.8780    34.8764    1484.62    1484.62   3542.833    6.55333  100.56578      0.340     0.0015      85029  0.000e+00
   3542.875  -39.09568   59.85512      1.991      2.009     8.6030     8.6049   3.666017   3.666108    94.3316    -0.0219     2.5212      98.78         12  1027.0947  1027.0937    34.8779    34.8770    1484.61    1484.62   3542.875    6.55341  100.56573      0.364     0.0019      85030  0.000e+00
   3542.917  -39.09568   59.85512      2.047      2.066     8.6026     8.6052   3.665948   3.666108    94.3316    -0.0219     2.5212      98.75         12  1027.0947  1027.0936    34.8775    34.8767    1484.61    1484.62   3542.917    6.55353  100.56650      0.387     0.0026      85031  0.000e+00
   3542.958  -39.09568   59.85512      2.055      2.074     8.6022     8.6059   3.665929   3.666108    94.3316    -0.0219     2.5212      98.78         12  1027.0949  1027.0930    34.8777    34.8760    1484.61    1484.62   3542.958    6.55359  100.56664      0.408     0.0036      85032  0.000e+00
   3543.000  -39.09568   59.85512      2.103      2.123     8.6031     8.6057   3.666024   3.666174    94.3578    -0.0219     2.5225      98.75         12  1027.0951  1027.0939    34.8778    34.8768    1484.62    1484.63   3543.000    6.55750  100.62865      0.431     0.0026      85033  0.000e+00
   3543.042  -39.09568   59.85512      2.111      2.131     8.6042     8.6057   3.666131   3.666203    94.3578    -0.0219     2.5225      98.75         12  1027.0950  1027.0942    34.8778    34.8772    1484.62    1484.63   3543.042    6.55733  100.62863      0.453     0.0015      85034  0.000e+00
   3543.083  -39.09568   59.85512      2.103      2.123     8.6047     8.6059   3.666156   3.666138    94.3578    -0.0292     2.5212      98.75         12  1027.0947  1027.0935    34.8776    34.8763    1484.62    1484.63   3543.083    6.55325  100.56698      0.472     0.0011      85035  0.000e+00
   3543.125  -39.09568   59.85512      2.103      2.123     8.6049     8.6064   3.666181   3.666203    94.3578    -0.0219     2.5225      98.78         12  1027.0948  1027.0936    34.8777    34.8765    1484.62    1484.63   3543.125    6.55723  100.62844      0.485     0.0015      85036  0.000e+00
   3543.167  -39.09568   59.85512      2.175      2.196     8.6051     8.6065   3.666194   3.666269    94.3839    -0.0219     2.5212      98.75         12  1027.0950  1027.0943    34.8777    34.8770    1484.62    1484.63   3543.167    6.55326  100.56787      0.504     0.0015      85037  0.000e+00
   3543.208  -39.09568   59.85512      2.224      2.245     8.6047     8.6057   3.666137   3.666305    94.3578    -0.0219     2.5237      98.78         12  1027.0950  1027.0956    34.8773    34.8782    1484.62    1484.63   3543.208    6.56138  100.69149      0.521     0.0010      85038  0.000e+00
