Ship_data/Irminger/Irminger-2/ctd/process/at30_012.ros
* Sea-Bird SBE 9 Data File:
* FileName = C:\data\ctd\at30_012.hdr
* Software Version Seasave V 7.21f
* Temperature SN = 2265
* Conductivity SN = 3021
* Number of Bytes Per Scan = 40
* Number of Voltage Words = 5
* Number of Scans Averaged by the Deck Unit = 1
* NMEA Latitude = 59 59.98 N
* NMEA Longitude = 039 28.96 W
* NMEA UTC (Time) = Aug 23 2015  16:50:38
** Cal/Val for HYPM-2
# nquan = 27
# nvalues = 588                                   
# units = specified
# name 0 = timeS: Time, Elapsed [seconds]
# name 1 = longitude: Longitude [deg]
# name 2 = latitude: Latitude [deg]
# name 3 = depSM: Depth [salt water, m]
# name 4 = prDM: Pressure, Digiquartz [db]
# name 5 = t090C: Temperature [ITS-90, deg C]
# name 6 = t190C: Temperature, 2 [ITS-90, deg C]
# name 7 = c0S/m: Conductivity [S/m]
# name 8 = c1S/m: Conductivity, 2 [S/m]
# name 9 = CStarTr0: Beam Transmission, WET Labs C-Star [%]
# name 10 = flECO-AFL: Fluorescence, WET Labs ECO-AFL/FL [mg/m^3]
# name 11 = sbeox0V: Oxygen raw, SBE 43 [V]
# name 12 = altM: Altimeter [m]
# name 13 = nbf: Bottles Fired
# name 14 = density00: Density [density, Kg/m^3]
# name 15 = density11: Density, 2 [density, Kg/m^3]
# name 16 = sal00: Salinity, Practical [PSU]
# name 17 = sal11: Salinity, Practical, 2 [PSU]
# name 18 = svCM: Sound Velocity [Chen-Millero, m/s]
# name 19 = svCM1: Sound Velocity, 2 [Chen-Millero, m/s]
# name 20 = timeS: Time, Elapsed [seconds]
# name 21 = sbeox0ML/L: Oxygen, SBE 43 [ml/l]
# name 22 = sbeox0PS: Oxygen, SBE 43 [% saturation]
# name 23 = dz/dtM: Descent Rate [m/s]
# name 24 = T2-T190C: Temperature Difference, 2 - 1 [ITS-90, deg C]
# name 25 = scan: Scan Count
# name 26 = flag:  0.000e+00
# interval = seconds: 0.0416667
# start_time = Aug 23 2015 16:50:38 [NMEA time, header]
# bad_flag = -9.990e-29
*END*
[from data line 162]
   4587.500  -39.48552   60.00086   1801.705   1826.806     3.2256     3.2275   3.259086   3.259161    97.7062    -0.0585     1.8095      98.73          4  1036.1778  1036.1767    34.9199    34.9188    1493.49    1493.50   4587.500    6.12992   82.98630     -0.195     0.0018     110101  0.000e+00
   4587.542  -39.48552   60.00086   1801.615   1826.715     3.2254     3.2278   3.259073   3.259241    97.7324    -0.0585     1.8095      98.73          4  1036.1775  1036.1768    34.9201    34.9195    1493.49    1493.50   4587.542    6.12989   82.98540     -0.198     0.0024     110102  0.000e+00
   4587.583  -39.48552   60.00086   1801.639   1826.740     3.2250     3.2271   3.259037   3.259247    97.7324    -0.0585     1.8095      98.73          4  1036.1776  1036.1775    34.9200    34.9202    1493.49    1493.50   4587.583    6.12997   82.98577     -0.205     0.0021     110103  0.000e+00
   4587.625  -39.48552   60.00086   1801.639   1826.740     3.2247     3.2271   3.259031   3.259281    97.7324    -0.0658     1.8095      98.73          4  1036.1779  1036.1779    34.9202    34.9206    1493.49    1493.50   4587.625    6.13001   82.98586     -0.205     0.0024     110104  0.000e+00
   4587.667  -39.48552   60.00086   1801.672   1826.773     3.2251     3.2270   3.259086   3.259212    97.7324    -0.0585     1.8095      98.71          4  1036.1781  1036.1775    34.9204    34.9200    1493.49    1493.50   4587.667    6.12996   82.98609     -0.210     0.0019     110105  0.000e+00
   4587.708  -39.48552   60.00086   1801.582   1826.681     3.2250     3.2267   3.259085   3.259218    97.7324    -0.0585     1.8095      98.73          4  1036.1778  1036.1774    34.9206    34.9204    1493.49    1493.50   4587.708    6.12990   82.98513     -0.214     0.0017     110106  0.000e+00
   4587.750  -39.48552   60.00086   1801.639   1826.740     3.2250     3.2271   3.259049   3.259161    97.7062    -0.0585     1.8082      98.73          4  1036.1778  1036.1767    34.9201    34.9192    1493.49    1493.50   4587.750    6.12406   82.90577     -0.215     0.0021     110107  0.000e+00
   4587.792  -39.48552   60.00086   1801.615   1826.715     3.2252     3.2278   3.259061   3.259155    97.7324    -0.0585     1.8082      98.73          4  1036.1776  1036.1760    34.9201    34.9185    1493.49    1493.50   4587.792    6.12401   82.90544     -0.216     0.0026     110108  0.000e+00
   4587.833  -39.48552   60.00086   1801.582   1826.681     3.2252     3.2279   3.259073   3.259247    97.7062    -0.0585     1.8082      98.73          4  1036.1776  1036.1765    34.9203    34.9194    1493.49    1493.50   4587.833    6.12397   82.90508     -0.221     0.0028     110109  0.000e+00
   4587.875  -39.48552   60.00086   1801.672   1826.773     3.2253     3.2276   3.259116   3.259281    97.7324    -0.0658     1.8082      98.71          4  1036.1782  1036.1775    34.9206    34.9201    1493.49    1493.50   4587.875    6.12401   82.90603     -0.217     0.0023     110110  0.000e+00
   4587.917  -39.48552   60.00086   1801.516   1826.615     3.2260     3.2270   3.259170   3.259241    97.7324    -0.0585     1.8082      98.73          4  1036.1774  1036.1771    34.9206    34.9204    1493.49    1493.50   4587.917    6.12377   82.90409     -0.221     0.0010     110111  0.000e+00
   4587.958  -39.48552   60.00086   1801.582   1826.682     3.2267     3.2267   3.259254   3.259247    97.7324    -0.0585     1.8082      98.73          4  1036.1778  1036.1778    34.9209    34.9208    1493.50    1493.50   4587.958    6.12369   82.90459     -0.222     0.0000     110112  0.000e+00
   4588.000  -39.48552   60.00086   1801.615   1826.715     3.2271     3.2267   3.259302   3.259155    97.7324    -0.0585     1.8082      98.73          4  1036.1780  1036.1770    34.9209    34.9196    1493.50    1493.50   4588.000    6.12364   82.90480     -0.219    -0.0004     110113  0.000e+00
   4588.042  -39.48552   60.00086   1801.517   1826.615     3.2269     3.2265   3.259260   3.259189    97.7324    -0.0658     1.8095      98.73          4  1036.1773  1036.1771    34.9207    34.9203    1493.50    1493.50   4588.042    6.12951   82.98376     -0.224    -0.0004     110114  0.000e+00
   4588.083  -39.48552   60.00086   1801.640   1826.740     3.2268     3.2268   3.259248   3.259161    97.7324    -0.0585     1.8082      98.73          4  1036.1779  1036.1770    34.9206    34.9195    1493.50    1493.50   4588.083    6.12373   82.90517     -0.219     0.0001     110115  0.000e+00
   4588.125  -39.48552   60.00086   1801.492   1826.590     3.2269     3.2269   3.259212   3.259184    97.7324    -0.0585     1.8095      98.73          4  1036.1768  1036.1766    34.9201    34.9198    1493.50    1493.50   4588.125    6.12951   82.98348     -0.220    -0.0001     110116  0.000e+00
   4588.167  -39.48552   60.00086   1801.640   1826.740     3.2268     3.2270   3.259236   3.259161    97.7324    -0.0658     1.8095      98.73          4  1036.1778  1036.1769    34.9205    34.9194    1493.50    1493.50   4588.167    6.12964   82.98516     -0.218     0.0002     110117  0.000e+00
   4588.208  -39.48552   60.00086   1801.517   1826.615     3.2267     3.2268   3.259224   3.259218    97.7324    -0.0658     1.8095      98.73          4  1036.1773  1036.1771    34.9205    34.9203    1493.50    1493.50   4588.208    6.12956   82.98383     -0.217     0.0002     110118  0.000e+00
   4588.250  -39.48552   60.00086   1801.550   1826.648     3.2265     3.2265   3.259218   3.259212    97.7324    -0.0585     1.8095      98.73          4  1036.1775  1036.1775    34.9206    34.9205    1493.50    1493.50   4588.250    6.12961   82.98425     -0.216     0.0000     110119  0.000e+00
   4588.292  -39.48552   60.00086   1801.517   1826.615     3.2264     3.2267   3.259206   3.259189    97.7324    -0.0585     1.8095      98.73          4  1036.1773  1036.1770    34.9205    34.9201    1493.50    1493.50   4588.292    6.12960   82.98390     -0.215     0.0002     110120  0.000e+00
   4588.333  -39.48552   60.00086   1801.517   1826.615     3.2265     3.2270   3.259230   3.259189    97.7324    -0.0658     1.8095      98.73          4  1036.1775  1036.1766    34.9208    34.9198    1493.50    1493.50   4588.333    6.12958   82.98388     -0.215     0.0005     110121  0.000e+00
   4588.375  -39.48552   60.00086   1801.550   1826.648     3.2267     3.2268   3.259248   3.259155    97.7324    -0.0585     1.8082      98.71          4  1036.1776  1036.1766    34.9208    34.9195    1493.50    1493.50   4588.375    6.12367   82.90420     -0.210     0.0002     110122  0.000e+00
   4588.417  -39.48552   60.00086   1801.582   1826.682     3.2268     3.2270   3.259236   3.259218    97.7324    -0.0585     1.8082      98.73          4  1036.1776  1036.1772    34.9205    34.9201    1493.50    1493.50   4588.417    6.12368   82.90452     -0.206     0.0002     110123  0.000e+00
   4588.458  -39.48552   60.00086   1801.517   1826.615     3.2265     3.2271   3.259242   3.259218    97.7324    -0.0585     1.8082      98.73          4  1036.1776  1036.1768    34.9209    34.9199    1493.50    1493.50   4588.458    6.12366   82.90388     -0.207     0.0007     110124  0.000e+00
   4588.500  -39.48552   60.00086   1801.550   1826.649     3.2264     3.2274   3.259200   3.259241    97.7324    -0.0585     1.8082      98.73          4  1036.1774  1036.1769    34.9205    34.9200    1493.50    1493.50   4588.500    6.12372   82.90426     -0.195     0.0009     110125  0.000e+00
   4588.542  -39.48552   60.00086   1801.517   1826.615     3.2265     3.2273   3.259170   3.259218    97.7324    -0.0585     1.8082      98.73          4  1036.1769  1036.1766    34.9201    34.9198    1493.49    1493.50   4588.542    6.12370   82.90388     -0.196     0.0008     110126  0.000e+00
   4588.583  -39.48552   60.00086   1801.517   1826.615     3.2263     3.2276   3.259206   3.259241    97.7062    -0.0585     1.8082      98.73          4  1036.1774  1036.1765    34.9207    34.9197    1493.50    1493.50   4588.583    6.12370   82.90393     -0.187     0.0013     110127  0.000e+00
   4588.625  -39.48552   60.00086   1801.550   1826.649     3.2263     3.2275   3.259194   3.259309    97.7062    -0.0585     1.8095      98.73          4  1036.1775  1036.1774    34.9205    34.9207    1493.50    1493.50   4588.625    6.12964   82.98427     -0.184     0.0011     110128  0.000e+00
   4588.667  -39.48552   60.00086   1801.517   1826.615     3.2261     3.2273   3.259188   3.259247    97.7062    -0.0658     1.8095      98.73          4  1036.1774  1036.1769    34.9206    34.9201    1493.49    1493.50   4588.667    6.12964   82.98396     -0.178     0.0012     110129  0.000e+00
   4588.708  -39.48552   60.00086   1801.517   1826.615     3.2263     3.2276   3.259194   3.259269    97.7324    -0.0658     1.8095      98.73          4  1036.1774  1036.1768    34.9206    34.9200    1493.49    1493.50   4588.708    6.12962   82.98392     -0.173     0.0014     110130  0.000e+00
   4588.750  -39.48552   60.00086   1801.550   1826.649     3.2263     3.2271   3.259212   3.259247    97.7324    -0.0585     1.8082      98.73          4  1036.1776  1036.1772    34.9207    34.9203    1493.50    1493.50   4588.750    6.12373   82.90428     -0.168     0.0008     110131  0.000e+00
   4588.792  -39.48552   60.00086   1801.583   1826.682     3.2265     3.2271   3.259236   3.259281    97.7062    -0.0585     1.8095      98.73          4  1036.1778  1036.1776    34.9208    34.9207    1493.50    1493.50   4588.792    6.12963   82.98457     -0.156     0.0007     110132  0.000e+00
   4588.833  -39.48552   60.00086   1801.583   1826.682     3.2271     3.2271   3.259272   3.259269    97.7324    -0.0658     1.8095      98.73          4  1036.1776  1036.1775    34.9206    34.9205    1493.50    1493.50   4588.833    6.12953   82.98436     -0.149     0.0000     110133  0.000e+00
   4588.875  -39.48552   60.00086   1801.493   1826.590     3.2269     3.2275   3.259284   3.259247    97.7062    -0.0585     1.8095      98.73          4  1036.1775  1036.1766    34.9210    34.9200    1493.50    1493.50   4588.875    6.12947   82.98342     -0.145     0.0005     110134  0.000e+00
   4995.583  -39.48574   60.00096   1499.248   1519.034     3.5635     3.5633   3.276992   3.276937    97.7324    -0.0585     1.8493      98.73          5  1034.7489  1034.7486    34.9266    34.9262    1489.78    1489.78   4995.583    6.01368   82.09213     -0.745    -0.0003     119895  0.000e+00
   4995.625  -39.48572   60.00094   1499.191   1518.976     3.5635     3.5635   3.276980   3.276937    97.7585    -0.0585     1.8493      98.73          5  1034.7485  1034.7482    34.9265    34.9261    1489.78    1489.78   4995.625    6.01364   82.09150     -0.739    -0.0001     119896  0.000e+00
   4995.667  -39.48572   60.00094   1499.191   1518.976     3.5634     3.5635   3.276980   3.276965    97.7585    -0.0585     1.8493      98.73          5  1034.7487  1034.7485    34.9267    34.9265    1489.78    1489.78   4995.667    6.01366   82.09154     -0.733     0.0001     119897  0.000e+00
   4995.708  -39.48572   60.00094   1499.126   1518.909     3.5635     3.5633   3.276980   3.276994    97.7585    -0.0585     1.8505      98.73          5  1034.7483  1034.7486    34.9266    34.9270    1489.78    1489.78   4995.708    6.01919   82.16730     -0.731    -0.0003     119898  0.000e+00
   4995.750  -39.48572   60.00094   1499.134   1518.917     3.5634     3.5633   3.276980   3.276965    97.7324    -0.0585     1.8493      98.73          5  1034.7485  1034.7484    34.9267    34.9266    1489.78    1489.78   4995.750    6.01361   82.09090     -0.725    -0.0001     119899  0.000e+00
   4995.792  -39.48572   60.00094   1499.191   1518.976     3.5635     3.5631   3.276986   3.276937    97.7585    -0.0585     1.8505      98.73          5  1034.7486  1034.7485    34.9266    34.9264    1489.78    1489.78   4995.792    6.01924   82.16799     -0.712    -0.0004     119900  0.000e+00
   4995.833  -39.48572   60.00094   1499.126   1518.909     3.5637     3.5631   3.276980   3.276960    97.7324    -0.0585     1.8493      98.73          5  1034.7481  1034.7485    34.9264    34.9268    1489.78    1489.78   4995.833    6.01356   82.09069     -0.704    -0.0006     119901  0.000e+00
   4995.875  -39.48572   60.00094   1499.134   1518.917     3.5635     3.5633   3.276998   3.276937    97.7324    -0.0585     1.8493      98.73          5  1034.7485  1034.7481    34.9268    34.9263    1489.78    1489.78   4995.875    6.01358   82.09083     -0.692    -0.0003     119902  0.000e+00
   4995.917  -39.48572   60.00094   1499.069   1518.851     3.5637     3.5631   3.276992   3.276902    97.7324    -0.0658     1.8505      98.73          5  1034.7480  1034.7477    34.9266    34.9261    1489.78    1489.78   4995.917    6.01912   82.16658     -0.684    -0.0006     119903  0.000e+00
   4995.958  -39.48572   60.00094   1499.126   1518.909     3.5639     3.5633   3.277047   3.276937    97.7324    -0.0585     1.8505      98.73          5  1034.7486  1034.7481    34.9270    34.9263    1489.78    1489.78   4995.958    6.01911   82.16715     -0.673    -0.0006     119904  0.000e+00
   4996.000  -39.48572   60.00094   1499.069   1518.851     3.5639     3.5632   3.277053   3.276965    97.7585    -0.0585     1.8505      98.73          5  1034.7484  1034.7482    34.9271    34.9268    1489.78    1489.78   4996.000    6.01906   82.16652     -0.659    -0.0007     119905  0.000e+00
   4996.042  -39.48572   60.00094   1499.069   1518.851     3.5642     3.5631   3.277083   3.276902    97.7585    -0.0658     1.8493      98.73          5  1034.7484  1034.7477    34.9272    34.9261    1489.79    1489.78   4996.042    6.01341   82.08990     -0.649    -0.0010     119906  0.000e+00
   4996.083  -39.48572   60.00094   1499.069   1518.851     3.5643     3.5633   3.277101   3.276960    97.7324    -0.0585     1.8493      98.73          5  1034.7484  1034.7481    34.9272    34.9266    1489.79    1489.78   4996.083    6.01338   82.08984     -0.636    -0.0010     119907  0.000e+00
   4996.125  -39.48572   60.00094   1499.134   1518.918     3.5643     3.5633   3.277083   3.276902    97.7324    -0.0585     1.8493      98.73          5  1034.7485  1034.7478    34.9269    34.9259    1489.79    1489.78   4996.125    6.01344   82.09054     -0.615    -0.0010     119908  0.000e+00
   4996.167  -39.48572   60.00094   1499.069   1518.851     3.5643     3.5633   3.277089   3.276965    97.7324    -0.0585     1.8505      98.73          5  1034.7483  1034.7481    34.9270    34.9267    1489.79    1489.78   4996.167    6.01899   82.16635     -0.600    -0.0010     119909  0.000e+00
   4996.208  -39.48572   60.00094   1499.069   1518.851     3.5643     3.5635   3.277101   3.276937    97.7324    -0.0585     1.8505      98.73          5  1034.7484  1034.7477    34.9272    34.9262    1489.79    1489.78   4996.208    6.01898   82.16634     -0.583    -0.0009     119910  0.000e+00
   4996.250  -39.48572   60.00094   1499.069   1518.851     3.5643     3.5636   3.277083   3.276965    97.7324    -0.0658     1.8505      98.71          5  1034.7482  1034.7478    34.9270    34.9263    1489.79    1489.78   4996.250    6.01899   82.16633     -0.565    -0.0007     119911  0.000e+00
   4996.292  -39.48572   60.00094   1499.069   1518.851     3.5643     3.5633   3.277089   3.276965    97.7324    -0.0512     1.8505      98.73          5  1034.7483  1034.7481    34.9270    34.9267    1489.79    1489.78   4996.292    6.01899   82.16632     -0.550    -0.0010     119912  0.000e+00
