Ship_data/Irminger/Irminger-2/ctd/process/at30_010_SV.cnv
* Sea-Bird SBE 9 Data File:
* FileName = C:\data\ctd\at30_010.hdr
* Software Version Seasave V 7.21f
* Temperature SN = 2265
* Conductivity SN = 3021
* Number of Bytes Per Scan = 40
* Number of Voltage Words = 5
* Number of Scans Averaged by the Deck Unit = 1
* NMEA Latitude = 59 45.71 N
* NMEA Longitude = 039 52.84 W
* NMEA UTC (Time) = Aug 19 2015  21:15:33
** FLMA 2 post deployment cal
# nquan = 15
# nvalues = 2687                        
# units = specified
# name 0 = depSM: Depth [salt water, m]
# name 1 = svCM: Sound Velocity [Chen-Millero, m/s]
# name 2 = svCM1: Sound Velocity, 2 [Chen-Millero, m/s]
# name 3 = timeS: Time, Elapsed [seconds]
# name 4 = depSM: Depth [salt water, m]
# name 5 = density00: Density [density, Kg/m^3]
# name 6 = density11: Density, 2 [density, Kg/m^3]
# name 7 = sal00: Salinity, Practical [PSU]
# name 8 = sal11: Salinity, Practical, 2 [PSU]
# name 9 = svCM: Sound Velocity [Chen-Millero, m/s]
# name 10 = svCM1: Sound Velocity, 2 [Chen-Millero, m/s]
# name 11 = sbeox0ML/L: Oxygen, SBE 43 [ml/l]
# name 12 = dz/dtM: Descent Rate [m/s]
# name 13 = T2-T190C: Temperature Difference, 2 - 1 [ITS-90, deg C]
# name 14 = flag:
# span 0 =      2.000,   2688.000       
# span 1 =    1471.29,    1502.64       
# span 2 =    1471.29,    1502.64       
# span 3 =     -2.754,   3256.645       
# span 4 =      2.000,   2688.000       
# span 5 =  1027.1091,  1040.4623       
# span 6 =  1027.1088,  1040.4617       
# span 7 =    34.8209,    35.0190       
# span 8 =    34.8409,    35.0198       
# span 9 =    1471.29,    1502.64       
# span 10 =    1471.29,    1502.64      
# span 11 =    6.00854,    7.02119      
# span 12 =     -0.177,      1.691      
# span 13 =    -0.0594,     0.0690      
# span 14 = 0.0000e+00, 0.0000e+00      
# interval = meters: 1                  
# start_time = Aug 19 2015 21:15:33 [NMEA time, header]
# bad_flag = -9.990e-29
*END*
[from data line 97]
     99.000    1472.47    1472.47    268.793     99.000  1028.1367  1028.1372    35.0021    35.0025    1472.47    1472.47    6.32150      0.381    -0.0005 0.0000e+00
    100.000    1472.49    1472.48    273.791    100.000  1028.1415  1028.1421    35.0025    35.0029    1472.49    1472.48    6.32416      0.122    -0.0026 0.0000e+00
    101.000    1472.48    1472.47    280.331    101.000  1028.1462  1028.1467    35.0013    35.0017    1472.48    1472.47    6.32262      0.161    -0.0017 0.0000e+00
    102.000    1472.58    1472.54    309.153    102.000  1028.1501  1028.1509    35.0035    35.0030    1472.58    1472.54    6.32172      0.003    -0.0099 0.0000e+00
    103.000    1472.55    1472.51    328.289    103.000  1028.1553  1028.1564    35.0024    35.0023    1472.55    1472.51    6.32309      0.631    -0.0093 0.0000e+00
    104.000    1472.52    1472.48    333.460    104.000  1028.1581  1028.1610    34.9985    35.0008    1472.52    1472.48    6.32433      0.230    -0.0087 0.0000e+00
    105.000    1472.40    1472.35    335.770    105.000  1028.1659  1028.1674    34.9975    34.9974    1472.40    1472.35    6.32477      0.657    -0.0134 0.0000e+00
    106.000    1472.37    1472.35    339.059    106.000  1028.1711  1028.1720    34.9966    34.9968    1472.37    1472.35    6.32745      0.214    -0.0060 0.0000e+00
    107.000    1472.22    1472.20    340.911    107.000  1028.1753  1028.1787    34.9898    34.9933    1472.21    1472.19    6.33597      0.841    -0.0060 0.0000e+00
    108.000    1472.20    1472.20    342.503    108.000  1028.1830  1028.1836    34.9924    34.9932    1472.20    1472.20    6.33805      0.450    -0.0005 0.0000e+00
    109.000    1472.21    1472.21    346.141    109.000  1028.1874  1028.1885    34.9919    34.9933    1472.21    1472.21    6.33914      0.517     0.0004 0.0000e+00
    110.000    1472.20    1472.20    347.188    110.000  1028.1929  1028.1936    34.9919    34.9929    1472.20    1472.20    6.33665      0.825     0.0005 0.0000e+00
    111.000    1472.21    1472.21    349.419    111.000  1028.1978  1028.1984    34.9921    34.9927    1472.21    1472.21    6.33847      0.334    -0.0005 0.0000e+00
    112.000    1472.19    1472.19    352.000    112.000  1028.2026  1028.2039    34.9909    34.9924    1472.19    1472.19    6.33852      0.807    -0.0001 0.0000e+00
    113.000    1472.15    1472.15    353.040    113.000  1028.2084  1028.2095    34.9903    34.9916    1472.15    1472.15    6.33842      0.927    -0.0000 0.0000e+00
    114.000    1472.14    1472.14    354.403    114.000  1028.2140  1028.2146    34.9903    34.9911    1472.14    1472.14    6.34235      0.563     0.0000 0.0000e+00
    115.000    1472.15    1472.16    357.620    115.000  1028.2189  1028.2189    34.9904    34.9909    1472.15    1472.16    6.34675      0.279     0.0030 0.0000e+00
    116.000    1472.15    1472.15    359.769    116.000  1028.2240  1028.2246    34.9903    34.9911    1472.15    1472.15    6.34737      0.642    -0.0001 0.0000e+00
    117.000    1472.14    1472.14    361.204    117.000  1028.2291  1028.2297    34.9903    34.9909    1472.14    1472.14    6.34554      0.676    -0.0002 0.0000e+00
    118.000    1472.13    1472.13    362.886    118.000  1028.2334  1028.2346    34.9886    34.9900    1472.12    1472.13    6.34365      0.516    -0.0003 0.0000e+00
    119.000    1472.03    1472.03    365.337    119.000  1028.2400  1028.2406    34.9870    34.9878    1472.03    1472.03    6.34795      0.391    -0.0001 0.0000e+00
    120.000    1472.01    1472.01    367.460    120.000  1028.2450  1028.2461    34.9861    34.9874    1472.01    1472.01    6.35058      0.653    -0.0006 0.0000e+00
    121.000    1471.98    1471.98    368.738    121.000  1028.2507  1028.2516    34.9857    34.9866    1471.98    1471.98    6.35304      0.782    -0.0006 0.0000e+00
    122.000    1471.99    1471.99    371.265    122.000  1028.2557  1028.2559    34.9859    34.9861    1471.99    1471.99    6.35499      0.288     0.0000 0.0000e+00
    123.000    1471.98    1471.97    373.814    123.000  1028.2600  1028.2614    34.9844    34.9858    1471.97    1471.97    6.35079      0.904    -0.0011 0.0000e+00
    124.000    1471.95    1471.95    374.812    124.000  1028.2655  1028.2664    34.9837    34.9848    1471.94    1471.95    6.35201      0.894     0.0003 0.0000e+00
    125.000    1471.96    1471.96    376.880    125.000  1028.2704  1028.2709    34.9838    34.9843    1471.96    1471.95    6.35467      0.360    -0.0007 0.0000e+00
    126.000    1471.95    1471.95    379.530    126.000  1028.2753  1028.2758    34.9833    34.9840    1471.95    1471.95    6.36196      0.712     0.0002 0.0000e+00
    127.000    1471.96    1471.96    380.665    127.000  1028.2802  1028.2805    34.9833    34.9839    1471.96    1471.96    6.36054      0.816    -0.0001 0.0000e+00
    128.000    1471.98    1471.98    382.359    128.000  1028.2849  1028.2853    34.9835    34.9840    1471.98    1471.98    6.36049      0.443     0.0001 0.0000e+00
    129.000    1472.00    1472.00    386.202    129.000  1028.2896  1028.2898    34.9837    34.9841    1472.00    1472.00    6.36136      0.343     0.0005 0.0000e+00
    130.000    1472.02    1472.02    387.541    130.000  1028.2946  1028.2949    34.9842    34.9847    1472.02    1472.02    6.36150      0.835     0.0005 0.0000e+00
    131.000    1472.04    1472.05    388.806    131.000  1028.2991  1028.2996    34.9842    34.9848    1472.04    1472.05    6.36249      0.657    -0.0000 0.0000e+00
    132.000    1472.04    1472.04    390.988    132.000  1028.3033  1028.3042    34.9829    34.9841    1472.04    1472.04    6.36577      0.423     0.0004 0.0000e+00
    133.000    1471.96    1471.96    392.901    133.000  1028.3092  1028.3102    34.9811    34.9822    1471.96    1471.96    6.36547      0.612    -0.0001 0.0000e+00
    134.000    1471.92    1471.92    394.603    134.000  1028.3143  1028.3151    34.9797    34.9807    1471.92    1471.92    6.36634      0.528     0.0003 0.0000e+00
    135.000    1471.90    1471.91    397.149    135.000  1028.3198  1028.3203    34.9796    34.9801    1471.90    1471.90    6.36860      0.338    -0.0000 0.0000e+00
    136.000    1471.91    1471.91    399.565    136.000  1028.3250  1028.3254    34.9795    34.9802    1471.90    1471.90    6.36913      0.656    -0.0002 0.0000e+00
    137.000    1471.91    1471.91    400.827    137.000  1028.3295  1028.3304    34.9788    34.9800    1471.90    1471.91    6.36738      0.775    -0.0001 0.0000e+00
    138.000    1471.88    1471.88    402.434    138.000  1028.3348  1028.3354    34.9781    34.9789    1471.87    1471.88    6.36592      0.497    -0.0000 0.0000e+00
    139.000    1471.87    1471.87    405.069    139.000  1028.3401  1028.3405    34.9780    34.9784    1471.87    1471.87    6.36430      0.378     0.0002 0.0000e+00
    140.000    1471.88    1471.88    407.099    140.000  1028.3450  1028.3456    34.9780    34.9787    1471.88    1471.88    6.36293      0.723    -0.0000 0.0000e+00
    141.000    1471.88    1471.88    408.297    141.000  1028.3496  1028.3503    34.9774    34.9784    1471.88    1471.88    6.35916      0.744    -0.0001 0.0000e+00
    142.000    1471.88    1471.88    411.657    142.000  1028.3545  1028.3553    34.9772    34.9780    1471.88    1471.88    6.36543      0.151    -0.0017 0.0000e+00
    143.000    1471.81    1471.81    413.536    143.000  1028.3601  1028.3610    34.9753    34.9763    1471.81    1471.81    6.36650      0.981    -0.0005 0.0000e+00
    144.000    1471.81    1471.81    414.773    144.000  1028.3652  1028.3658    34.9753    34.9758    1471.81    1471.80    6.36532      0.602    -0.0019 0.0000e+00
    145.000    1471.80    1471.78    417.314    145.000  1028.3695  1028.3707    34.9735    34.9744    1471.79    1471.77    6.36951      0.486    -0.0047 0.0000e+00
    146.000    1471.77    1471.77    418.517    146.000  1028.3752  1028.3761    34.9733    34.9743    1471.76    1471.76    6.36784      0.852    -0.0001 0.0000e+00
    147.000    1471.76    1471.76    420.935    147.000  1028.3804  1028.3807    34.9734    34.9736    1471.76    1471.76    6.37099      0.296    -0.0009 0.0000e+00
    148.000    1471.74    1471.74    423.762    148.000  1028.3846  1028.3861    34.9712    34.9731    1471.73    1471.73    6.37112      0.817    -0.0004 0.0000e+00
    149.000    1471.70    1471.70    424.789    149.000  1028.3907  1028.3916    34.9712    34.9721    1471.70    1471.70    6.36898      0.854    -0.0001 0.0000e+00
    150.000    1471.69    1471.70    426.609    150.000  1028.3959  1028.3962    34.9710    34.9716    1471.69    1471.70    6.36979      0.422     0.0008 0.0000e+00
    151.000    1471.68    1471.68    429.506    151.000  1028.4009  1028.4012    34.9703    34.9708    1471.68    1471.68    6.37091      0.501     0.0001 0.0000e+00
    152.000    1471.68    1471.68    430.935    152.000  1028.4058  1028.4067    34.9699    34.9712    1471.68    1471.68    6.36611      0.756    -0.0004 0.0000e+00
    153.000    1471.65    1471.65    432.450    153.000  1028.4110  1028.4115    34.9691    34.9699    1471.65    1471.65    6.36551      0.567     0.0000 0.0000e+00
    154.000    1471.63    1471.63    434.394    154.000  1028.4160  1028.4167    34.9681    34.9689    1471.62    1471.62    6.36880      0.565    -0.0004 0.0000e+00
    155.000    1471.62    1471.63    436.244    155.000  1028.4214  1028.4218    34.9682    34.9688    1471.62    1471.62    6.36730      0.412     0.0013 0.0000e+00
    156.000    1471.63    1471.64    440.104    156.000  1028.4263  1028.4265    34.9683    34.9688    1471.63    1471.64    6.36646      0.382     0.0012 0.0000e+00
    157.000    1471.63    1471.63    441.216    157.000  1028.4309  1028.4318    34.9678    34.9688    1471.63    1471.63    6.36472      0.911    -0.0002 0.0000e+00
    158.000    1471.62    1471.62    442.332    158.000  1028.4358  1028.4366    34.9671    34.9681    1471.62    1471.62    6.36469      0.748     0.0002 0.0000e+00
    159.000    1471.62    1471.62    444.840    159.000  1028.4412  1028.4417    34.9671    34.9678    1471.61    1471.62    6.36973      0.302     0.0002 0.0000e+00
    160.000    1471.59    1471.60    447.209    160.000  1028.4456  1028.4465    34.9655    34.9668    1471.59    1471.59    6.36987      0.632     0.0002 0.0000e+00
    161.000    1471.54    1471.54    448.695    161.000  1028.4517  1028.4523    34.9649    34.9656    1471.54    1471.54    6.37069      0.698     0.0001 0.0000e+00
    162.000    1471.55    1471.55    450.139    162.000  1028.4568  1028.4573    34.9650    34.9657    1471.55    1471.55    6.37005      0.644    -0.0001 0.0000e+00
    163.000    1471.57    1471.57    453.174    163.000  1028.4615  1028.4619    34.9653    34.9657    1471.57    1471.57    6.37803      0.252    -0.0004 0.0000e+00
    164.000    1471.56    1471.56    455.111    164.000  1028.4664  1028.4672    34.9647    34.9656    1471.56    1471.56    6.37462      1.000    -0.0005 0.0000e+00
    165.000    1471.56    1471.56    456.075    165.000  1028.4716  1028.4720    34.9648    34.9654    1471.56    1471.56    6.37397      0.909    -0.0005 0.0000e+00
    166.000    1471.58    1471.57    459.131    166.000  1028.4760  1028.4766    34.9644    34.9650    1471.57    1471.57    6.38148      0.171    -0.0006 0.0000e+00
    167.000    1471.55    1471.55    461.366    167.000  1028.4802  1028.4816    34.9622    34.9640    1471.54    1471.55    6.37814      0.935    -0.0003 0.0000e+00
    168.000    1471.50    1471.50    462.381    168.000  1028.4862  1028.4871    34.9616    34.9626    1471.49    1471.49    6.37886      0.867    -0.0004 0.0000e+00
    169.000    1471.50    1471.50    464.264    169.000  1028.4912  1028.4916    34.9616    34.9622    1471.50    1471.50    6.38145      0.409     0.0002 0.0000e+00
    170.000    1471.50    1471.50    467.067    170.000  1028.4955  1028.4961    34.9605    34.9613    1471.50    1471.50    6.38403      0.420     0.0005 0.0000e+00
    171.000    1471.47    1471.47    469.169    171.000  1028.5010  1028.5013    34.9599    34.9605    1471.47    1471.47    6.38540      0.603     0.0006 0.0000e+00
    172.000    1471.49    1471.49    470.562    172.000  1028.5063  1028.5066    34.9610    34.9613    1471.49    1471.49    6.38292      0.783    -0.0002 0.0000e+00
    173.000    1471.51    1471.51    472.501    173.000  1028.5111  1028.5112    34.9611    34.9614    1471.51    1471.51    6.38658      0.402     0.0008 0.0000e+00
    174.000    1471.52    1471.52    475.294    174.000  1028.5157  1028.5164    34.9608    34.9614    1471.52    1471.51    6.39250      0.667    -0.0006 0.0000e+00
    175.000    1471.52    1471.52    476.479    175.000  1028.5208  1028.5212    34.9607    34.9613    1471.52    1471.52    6.39150      0.773     0.0001 0.0000e+00
    176.000    1471.51    1471.53    478.509    176.000  1028.5255  1028.5259    34.9600    34.9609    1471.51    1471.53    6.39267      0.380     0.0032 0.0000e+00
    177.000    1471.51    1471.51    481.011    177.000  1028.5304  1028.5309    34.9595    34.9601    1471.50    1471.51    6.38965      0.638     0.0005 0.0000e+00
    178.000    1471.48    1471.49    482.420    178.000  1028.5354  1028.5360    34.9585    34.9593    1471.48    1471.48    6.39007      0.614     0.0000 0.0000e+00
    179.000    1471.48    1471.48    484.622    179.000  1028.5404  1028.5409    34.9581    34.9588    1471.47    1471.48    6.39029      0.405     0.0001 0.0000e+00
    180.000    1471.48    1471.48    486.794    180.000  1028.5453  1028.5457    34.9579    34.9584    1471.47    1471.48    6.39048      0.529     0.0005 0.0000e+00
    181.000    1471.48    1471.48    488.660    181.000  1028.5500  1028.5507    34.9574    34.9581    1471.48    1471.48    6.38765      0.580     0.0002 0.0000e+00
    182.000    1471.46    1471.47    490.226    182.000  1028.5551  1028.5558    34.9568    34.9578    1471.46    1471.46    6.38574      0.668     0.0001 0.0000e+00
    183.000    1471.46    1471.46    492.248    183.000  1028.5601  1028.5607    34.9565    34.9575    1471.46    1471.46    6.38775      0.388     0.0013 0.0000e+00
    184.000    1471.43    1471.43    495.074    184.000  1028.5648  1028.5654    34.9549    34.9558    1471.42    1471.43    6.39179      0.440     0.0005 0.0000e+00
    185.000    1471.41    1471.41    496.867    185.000  1028.5706  1028.5712    34.9550    34.9558    1471.41    1471.41    6.39751      0.698    -0.0000 0.0000e+00
    186.000    1471.41    1471.41    498.196    186.000  1028.5754  1028.5760    34.9548    34.9555    1471.41    1471.41    6.39919      0.740    -0.0000 0.0000e+00
    187.000    1471.41    1471.41    499.728    187.000  1028.5802  1028.5807    34.9544    34.9551    1471.41    1471.41    6.39851      0.560     0.0003 0.0000e+00
    188.000    1471.41    1471.41    502.310    188.000  1028.5850  1028.5854    34.9538    34.9544    1471.41    1471.41    6.39733      0.327     0.0003 0.0000e+00
    189.000    1471.42    1471.42    504.730    189.000  1028.5900  1028.5905    34.9541    34.9547    1471.42    1471.42    6.39685      0.595     0.0001 0.0000e+00
    190.000    1471.42    1471.42    506.299    190.000  1028.5946  1028.5952    34.9534    34.9542    1471.42    1471.42    6.40019      0.605     0.0001 0.0000e+00
    191.000    1471.41    1471.41    508.244    191.000  1028.5996  1028.6000    34.9530    34.9535    1471.41    1471.41    6.40100      0.454     0.0002 0.0000e+00
    192.000    1471.41    1471.41    510.577    192.000  1028.6045  1028.6050    34.9527    34.9533    1471.41    1471.41    6.40087      0.490     0.0002 0.0000e+00
    193.000    1471.40    1471.40    512.279    193.000  1028.6095  1028.6101    34.9522    34.9531    1471.40    1471.40    6.39980      0.667    -0.0000 0.0000e+00
