Ship_data/Irminger/Irminger-2/ctd/process/at30_005_SV.cnv
* Sea-Bird SBE 9 Data File:
* FileName = C:\data\ctd\at30_005.hdr
* Software Version Seasave V 7.21f
* Temperature SN = 2265
* Conductivity SN = 3021
* Number of Bytes Per Scan = 40
* Number of Voltage Words = 5
* Number of Scans Averaged by the Deck Unit = 1
* NMEA Latitude = 59 59.33 N
* NMEA Longitude = 039 27.67 W
* NMEA UTC (Time) = Aug 14 2015  19:36:17
# nquan = 15
# nvalues = 2654                        
# units = specified
# name 0 = depSM: Depth [salt water, m]
# name 1 = svCM: Sound Velocity [Chen-Millero, m/s]
# name 2 = svCM1: Sound Velocity, 2 [Chen-Millero, m/s]
# name 3 = timeS: Time, Elapsed [seconds]
# name 4 = depSM: Depth [salt water, m]
# name 5 = density00: Density [density, Kg/m^3]
# name 6 = density11: Density, 2 [density, Kg/m^3]
# name 7 = sal00: Salinity, Practical [PSU]
# name 8 = sal11: Salinity, Practical, 2 [PSU]
# name 9 = svCM: Sound Velocity [Chen-Millero, m/s]
# name 10 = svCM1: Sound Velocity, 2 [Chen-Millero, m/s]
# name 11 = sbeox0ML/L: Oxygen, SBE 43 [ml/l]
# name 12 = dz/dtM: Descent Rate [m/s]
# name 13 = T2-T190C: Temperature Difference, 2 - 1 [ITS-90, deg C]
# name 14 = flag:
# span 0 =      8.000,   2660.999       
# span 1 =    1471.60,    1501.75       
# span 2 =    1471.60,    1501.75       
# span 3 =     50.580,   3328.056       
# span 4 =      8.000,   2661.000       
# span 5 =  1027.1326,  1040.3412       
# span 6 =  1027.1278,  1040.3408       
# span 7 =    34.8476,    35.0077       
# span 8 =    34.8522,    35.0084       
# span 9 =    1471.60,    1501.75       
# span 10 =    1471.60,    1501.75      
# span 11 =    6.01011,    6.94310      
# span 12 =     -0.032,      1.717      
# span 13 =    -0.0859,     0.0240      
# span 14 = 0.0000e+00, 0.0000e+00      
# interval = meters: 1                  
# start_time = Aug 14 2015 19:36:17 [NMEA time, header]
# bad_flag = -9.990e-29
*END*
[from data line 1832]
   1840.000    1494.23    1494.23   2266.860   1840.000  1036.3566  1036.3561    34.9274    34.9270    1494.23    1494.23    6.05573      1.070     0.0006 0.0000e+00
   1841.000    1494.25    1494.25   2267.844   1841.000  1036.3611  1036.3607    34.9274    34.9270    1494.25    1494.25    6.05546      1.008     0.0006 0.0000e+00
   1842.000    1494.27    1494.27   2268.876   1842.000  1036.3658  1036.3654    34.9276    34.9272    1494.27    1494.27    6.05632      0.991     0.0006 0.0000e+00
   1843.000    1494.28    1494.28   2269.894   1843.000  1036.3706  1036.3704    34.9277    34.9274    1494.28    1494.28    6.05681      1.002     0.0006 0.0000e+00
   1844.000    1494.29    1494.29   2270.912   1844.000  1036.3756  1036.3754    34.9280    34.9278    1494.29    1494.29    6.05690      1.002     0.0005 0.0000e+00
   1845.000    1494.31    1494.31   2271.921   1845.000  1036.3802  1036.3800    34.9279    34.9277    1494.31    1494.31    6.05618      1.013     0.0006 0.0000e+00
   1846.000    1494.32    1494.32   2272.924   1846.000  1036.3849  1036.3845    34.9279    34.9276    1494.32    1494.32    6.05420      1.005     0.0006 0.0000e+00
   1847.000    1494.33    1494.34   2273.961   1847.000  1036.3895  1036.3893    34.9279    34.9276    1494.33    1494.34    6.05318      0.941     0.0006 0.0000e+00
   1848.000    1494.35    1494.35   2275.108   1848.000  1036.3943  1036.3938    34.9279    34.9275    1494.35    1494.35    6.05169      0.863     0.0006 0.0000e+00
   1849.000    1494.36    1494.37   2276.291   1849.000  1036.3989  1036.3984    34.9280    34.9275    1494.36    1494.37    6.05169      0.910     0.0005 0.0000e+00
   1850.000    1494.38    1494.38   2277.330   1850.000  1036.4033  1036.4031    34.9277    34.9275    1494.38    1494.38    6.05173      1.064     0.0008 0.0000e+00
   1851.000    1494.39    1494.39   2278.228   1851.000  1036.4083  1036.4078    34.9279    34.9274    1494.39    1494.39    6.05341      1.167     0.0005 0.0000e+00
   1852.000    1494.41    1494.41   2279.082   1852.000  1036.4128  1036.4125    34.9278    34.9274    1494.41    1494.41    6.05362      1.159     0.0005 0.0000e+00
   1853.000    1494.42    1494.43   2280.000   1853.000  1036.4175  1036.4171    34.9279    34.9276    1494.42    1494.42    6.05087      1.043     0.0005 0.0000e+00
   1854.000    1494.44    1494.44   2281.066   1854.000  1036.4220  1036.4216    34.9279    34.9275    1494.44    1494.44    6.05174      0.894     0.0004 0.0000e+00
   1855.000    1494.45    1494.46   2282.275   1855.000  1036.4266  1036.4263    34.9279    34.9275    1494.45    1494.46    6.05055      0.843     0.0006 0.0000e+00
   1856.000    1494.47    1494.47   2283.443   1856.000  1036.4312  1036.4309    34.9276    34.9273    1494.47    1494.47    6.05123      0.934     0.0007 0.0000e+00
   1857.000    1494.47    1494.47   2284.455   1857.000  1036.4360  1036.4358    34.9273    34.9271    1494.47    1494.47    6.05125      1.064     0.0006 0.0000e+00
   1858.000    1494.47    1494.47   2285.367   1858.000  1036.4410  1036.4408    34.9273    34.9270    1494.47    1494.47    6.05032      1.139     0.0004 0.0000e+00
   1859.000    1494.48    1494.48   2286.251   1859.000  1036.4459  1036.4458    34.9274    34.9272    1494.48    1494.48    6.05057      1.127     0.0003 0.0000e+00
   1860.000    1494.49    1494.50   2287.191   1860.000  1036.4508  1036.4504    34.9275    34.9272    1494.49    1494.50    6.05022      1.017     0.0006 0.0000e+00
   1861.000    1494.51    1494.51   2288.294   1861.000  1036.4553  1036.4550    34.9275    34.9270    1494.51    1494.51    6.05144      0.839     0.0005 0.0000e+00
   1862.000    1494.52    1494.53   2289.640   1862.000  1036.4600  1036.4596    34.9273    34.9270    1494.52    1494.53    6.05206      0.750     0.0005 0.0000e+00
   1863.000    1494.53    1494.54   2290.907   1863.000  1036.4647  1036.4644    34.9272    34.9270    1494.53    1494.54    6.05361      0.904     0.0006 0.0000e+00
   1864.000    1494.55    1494.55   2291.924   1864.000  1036.4695  1036.4691    34.9274    34.9270    1494.55    1494.55    6.05332      1.100     0.0005 0.0000e+00
   1865.000    1494.57    1494.57   2292.784   1865.000  1036.4739  1036.4738    34.9272    34.9271    1494.56    1494.57    6.05409      1.239     0.0005 0.0000e+00
   1866.000    1494.58    1494.58   2293.571   1866.000  1036.4785  1036.4783    34.9273    34.9270    1494.58    1494.58    6.05305      1.305     0.0005 0.0000e+00
   1867.000    1494.59    1494.60   2294.344   1867.000  1036.4833  1036.4829    34.9273    34.9269    1494.59    1494.60    6.05254      1.275     0.0009 0.0000e+00
   1868.000    1494.61    1494.61   2295.183   1868.000  1036.4882  1036.4878    34.9275    34.9271    1494.61    1494.61    6.05229      1.123     0.0006 0.0000e+00
   1869.000    1494.62    1494.62   2296.225   1869.000  1036.4929  1036.4926    34.9275    34.9272    1494.62    1494.62    6.05349      0.869     0.0006 0.0000e+00
   1870.000    1494.63    1494.63   2297.601   1870.000  1036.4976  1036.4973    34.9273    34.9271    1494.63    1494.63    6.05554      0.705     0.0005 0.0000e+00
   1871.000    1494.64    1494.64   2298.990   1871.000  1036.5023  1036.5021    34.9274    34.9271    1494.64    1494.64    6.05636      0.833     0.0006 0.0000e+00
   1872.000    1494.66    1494.66   2300.081   1872.000  1036.5071  1036.5068    34.9274    34.9272    1494.66    1494.66    6.05771      1.015     0.0003 0.0000e+00
   1873.000    1494.66    1494.66   2301.024   1873.000  1036.5116  1036.5115    34.9269    34.9269    1494.66    1494.66    6.05850      1.097     0.0002 0.0000e+00
   1874.000    1494.67    1494.67   2301.946   1874.000  1036.5166  1036.5164    34.9270    34.9268    1494.67    1494.67    6.05905      1.092     0.0005 0.0000e+00
   1875.000    1494.68    1494.68   2302.900   1875.000  1036.5214  1036.5210    34.9269    34.9266    1494.68    1494.68    6.05664      1.028     0.0006 0.0000e+00
   1876.000    1494.69    1494.69   2303.934   1876.000  1036.5260  1036.5259    34.9269    34.9267    1494.69    1494.69    6.05595      0.957     0.0005 0.0000e+00
   1877.000    1494.70    1494.70   2305.023   1877.000  1036.5310  1036.5306    34.9269    34.9267    1494.70    1494.70    6.05630      0.945     0.0005 0.0000e+00
   1878.000    1494.71    1494.71   2306.082   1878.000  1036.5355  1036.5355    34.9268    34.9268    1494.71    1494.71    6.05793      0.982     0.0004 0.0000e+00
   1879.000    1494.72    1494.72   2307.095   1879.000  1036.5406  1036.5404    34.9268    34.9267    1494.71    1494.72    6.05886      1.030     0.0005 0.0000e+00
   1880.000    1494.73    1494.73   2308.066   1880.000  1036.5450  1036.5449    34.9264    34.9264    1494.73    1494.73    6.06025      1.052     0.0004 0.0000e+00
   1881.000    1494.73    1494.73   2309.033   1881.000  1036.5499  1036.5498    34.9261    34.9260    1494.73    1494.73    6.06144      1.038     0.0004 0.0000e+00
   1882.000    1494.74    1494.74   2310.042   1882.000  1036.5546  1036.5543    34.9261    34.9259    1494.74    1494.74    6.06196      0.976     0.0004 0.0000e+00
   1883.000    1494.76    1494.76   2311.135   1883.000  1036.5592  1036.5591    34.9262    34.9260    1494.76    1494.76    6.06201      0.891     0.0003 0.0000e+00
   1884.000    1494.77    1494.77   2312.324   1884.000  1036.5640  1036.5637    34.9262    34.9260    1494.77    1494.77    6.06335      0.863     0.0004 0.0000e+00
   1885.000    1494.79    1494.79   2313.458   1885.000  1036.5687  1036.5686    34.9264    34.9263    1494.78    1494.79    6.06268      0.962     0.0004 0.0000e+00
   1886.000    1494.80    1494.80   2314.455   1886.000  1036.5735  1036.5734    34.9265    34.9264    1494.80    1494.80    6.06458      1.069     0.0004 0.0000e+00
   1887.000    1494.81    1494.81   2315.378   1887.000  1036.5781  1036.5780    34.9265    34.9263    1494.81    1494.81    6.06331      1.108     0.0003 0.0000e+00
   1888.000    1494.82    1494.82   2316.300   1888.000  1036.5829  1036.5829    34.9263    34.9263    1494.82    1494.82    6.06355      1.056     0.0003 0.0000e+00
   1889.000    1494.84    1494.84   2317.333   1889.000  1036.5876  1036.5874    34.9264    34.9262    1494.84    1494.84    6.06410      0.912     0.0005 0.0000e+00
   1890.000    1494.85    1494.85   2318.569   1890.000  1036.5922  1036.5920    34.9264    34.9262    1494.85    1494.85    6.06355      0.797     0.0003 0.0000e+00
   1891.000    1494.86    1494.86   2319.831   1891.000  1036.5969  1036.5968    34.9262    34.9262    1494.86    1494.86    6.06546      0.869     0.0003 0.0000e+00
   1891.999    1494.88    1494.88   2320.916   1892.000  1036.6017  1036.6016    34.9263    34.9263    1494.88    1494.88    6.06667      0.998     0.0004 0.0000e+00
   1893.000    1494.89    1494.89   2321.887   1893.000  1036.6064  1036.6063    34.9264    34.9263    1494.89    1494.89    6.06731      1.094     0.0004 0.0000e+00
   1893.999    1494.91    1494.91   2322.778   1894.000  1036.6112  1036.6110    34.9266    34.9264    1494.91    1494.91    6.06801      1.163     0.0004 0.0000e+00
   1895.000    1494.92    1494.92   2323.643   1895.000  1036.6160  1036.6156    34.9265    34.9262    1494.92    1494.92    6.06665      1.181     0.0005 0.0000e+00
   1896.000    1494.93    1494.93   2324.511   1896.000  1036.6207  1036.6204    34.9266    34.9263    1494.93    1494.93    6.06632      1.135     0.0004 0.0000e+00
   1896.999    1494.94    1494.94   2325.449   1897.000  1036.6252  1036.6250    34.9263    34.9261    1494.94    1494.94    6.06556      1.031     0.0006 0.0000e+00
   1898.000    1494.95    1494.95   2326.516   1898.000  1036.6300  1036.6298    34.9261    34.9260    1494.95    1494.95    6.06251      0.897     0.0006 0.0000e+00
   1899.000    1494.96    1494.97   2327.769   1899.000  1036.6346  1036.6343    34.9262    34.9258    1494.96    1494.97    6.06266      0.738     0.0006 0.0000e+00
   1900.000    1494.98    1494.99   2329.325   1900.000  1036.6390  1036.6388    34.9261    34.9259    1494.98    1494.99    6.06248      0.639     0.0006 0.0000e+00
   1901.000    1495.00    1495.00   2330.747   1901.000  1036.6437  1036.6434    34.9263    34.9259    1495.00    1495.00    6.06303      0.890     0.0004 0.0000e+00
   1901.999    1495.02    1495.02   2331.730   1902.000  1036.6483  1036.6481    34.9263    34.9261    1495.02    1495.02    6.06369      1.163     0.0003 0.0000e+00
   1902.999    1495.03    1495.03   2332.539   1903.000  1036.6528  1036.6527    34.9260    34.9260    1495.03    1495.03    6.06165      1.318     0.0006 0.0000e+00
   1903.999    1495.04    1495.04   2333.282   1904.000  1036.6573  1036.6573    34.9255    34.9256    1495.04    1495.04    6.06086      1.383     0.0003 0.0000e+00
   1904.999    1495.05    1495.05   2334.009   1905.000  1036.6624  1036.6620    34.9257    34.9253    1495.05    1495.05    6.06144      1.373     0.0006 0.0000e+00
   1906.000    1495.06    1495.06   2334.770   1906.000  1036.6672  1036.6669    34.9260    34.9255    1495.06    1495.06    6.05949      1.309     0.0005 0.0000e+00
   1906.999    1495.09    1495.09   2335.574   1907.000  1036.6721  1036.6716    34.9268    34.9262    1495.09    1495.09    6.05815      1.178     0.0005 0.0000e+00
   1907.999    1495.10    1495.11   2336.554   1908.000  1036.6765  1036.6763    34.9265    34.9262    1495.10    1495.11    6.05792      0.897     0.0005 0.0000e+00
   1909.000    1495.11    1495.12   2338.302   1909.000  1036.6812  1036.6808    34.9262    34.9259    1495.11    1495.12    6.05882      0.480     0.0011 0.0000e+00
   1910.000    1495.12    1495.12   2340.246   1910.000  1036.6860  1036.6857    34.9263    34.9259    1495.12    1495.12    6.06098      0.781     0.0006 0.0000e+00
   1911.000    1495.13    1495.14   2341.318   1911.000  1036.6910  1036.6907    34.9266    34.9262    1495.13    1495.14    6.06245      1.116     0.0004 0.0000e+00
   1911.999    1495.15    1495.15   2342.134   1912.000  1036.6957  1036.6953    34.9267    34.9264    1495.15    1495.15    6.06656      1.327     0.0005 0.0000e+00
   1913.000    1495.16    1495.17   2342.856   1913.000  1036.7003  1036.7000    34.9266    34.9263    1495.16    1495.17    6.06681      1.420     0.0008 0.0000e+00
   1914.000    1495.17    1495.18   2343.566   1914.000  1036.7048  1036.7047    34.9262    34.9262    1495.17    1495.18    6.06553      1.415     0.0004 0.0000e+00
   1915.000    1495.19    1495.19   2344.299   1915.000  1036.7098  1036.7095    34.9265    34.9262    1495.18    1495.19    6.06786      1.331     0.0005 0.0000e+00
   1915.999    1495.20    1495.20   2345.109   1916.000  1036.7145  1036.7141    34.9263    34.9259    1495.20    1495.20    6.06707      1.194     0.0007 0.0000e+00
   1916.999    1495.21    1495.21   2346.031   1917.000  1036.7192  1036.7189    34.9264    34.9260    1495.21    1495.21    6.06821      1.029     0.0005 0.0000e+00
   1918.000    1495.23    1495.23   2347.150   1918.000  1036.7239  1036.7233    34.9264    34.9259    1495.23    1495.23    6.06824      0.807     0.0006 0.0000e+00
   1918.999    1495.25    1495.25   2348.676   1919.000  1036.7283  1036.7280    34.9264    34.9261    1495.25    1495.25    6.06859      0.601     0.0005 0.0000e+00
   1919.999    1495.27    1495.27   2350.288   1920.000  1036.7332  1036.7327    34.9268    34.9263    1495.27    1495.27    6.06639      0.747     0.0006 0.0000e+00
   1921.000    1495.28    1495.29   2351.469   1921.000  1036.7378  1036.7375    34.9270    34.9267    1495.28    1495.28    6.06566      0.980     0.0006 0.0000e+00
   1921.999    1495.30    1495.30   2352.419   1922.000  1036.7427  1036.7423    34.9273    34.9269    1495.30    1495.30    6.06589      1.134     0.0005 0.0000e+00
   1923.000    1495.32    1495.32   2353.275   1923.000  1036.7474  1036.7468    34.9274    34.9268    1495.32    1495.32    6.06530      1.220     0.0006 0.0000e+00
   1924.000    1495.33    1495.33   2354.090   1924.000  1036.7520  1036.7515    34.9274    34.9269    1495.33    1495.33    6.06194      1.280     0.0007 0.0000e+00
   1924.999    1495.35    1495.35   2354.870   1925.000  1036.7566  1036.7561    34.9274    34.9269    1495.35    1495.35    6.06242      1.322     0.0006 0.0000e+00
   1926.000    1495.37    1495.37   2355.631   1926.000  1036.7614  1036.7607    34.9277    34.9271    1495.37    1495.37    6.05998      1.320     0.0005 0.0000e+00
   1926.999    1495.38    1495.38   2356.414   1927.000  1036.7659  1036.7655    34.9276    34.9272    1495.38    1495.38    6.05987      1.238     0.0006 0.0000e+00
   1928.000    1495.39    1495.40   2357.309   1928.000  1036.7705  1036.7701    34.9275    34.9271    1495.39    1495.40    6.05826      1.018     0.0006 0.0000e+00
   1929.000    1495.41    1495.41   2358.767   1929.000  1036.7751  1036.7748    34.9274    34.9269    1495.41    1495.41    6.05945      0.535     0.0001 0.0000e+00
   1929.999    1495.42    1495.42   2361.125   1930.000  1036.7797  1036.7794    34.9272    34.9269    1495.42    1495.42    6.06168      0.645     0.0000 0.0000e+00
   1930.999    1495.43    1495.43   2362.180   1931.000  1036.7848  1036.7843    34.9275    34.9270    1495.43    1495.43    6.06265      1.154     0.0008 0.0000e+00
   1931.999    1495.45    1495.45   2362.937   1932.000  1036.7892  1036.7889    34.9273    34.9271    1495.45    1495.45    6.06327      1.391     0.0005 0.0000e+00
   1933.000    1495.46    1495.46   2363.632   1933.000  1036.7939  1036.7936    34.9275    34.9271    1495.46    1495.46    6.06257      1.509     0.0005 0.0000e+00
   1934.000    1495.48    1495.48   2364.288   1934.000  1036.7985  1036.7982    34.9273    34.9270    1495.48    1495.48    6.06240      1.516     0.0005 0.0000e+00
