Ship_data/Irminger/Irminger-2/ctd/process/at30_010.ros
* Sea-Bird SBE 9 Data File:
* FileName = C:\data\ctd\at30_010.hdr
* Software Version Seasave V 7.21f
* Temperature SN = 2265
* Conductivity SN = 3021
* Number of Bytes Per Scan = 40
* Number of Voltage Words = 5
* Number of Scans Averaged by the Deck Unit = 1
* NMEA Latitude = 59 45.71 N
* NMEA Longitude = 039 52.84 W
* NMEA UTC (Time) = Aug 19 2015  21:15:33
** FLMA 2 post deployment cal
# nquan = 27
# nvalues = 588                                   
# units = specified
# name 0 = timeS: Time, Elapsed [seconds]
# name 1 = longitude: Longitude [deg]
# name 2 = latitude: Latitude [deg]
# name 3 = depSM: Depth [salt water, m]
# name 4 = prDM: Pressure, Digiquartz [db]
# name 5 = t090C: Temperature [ITS-90, deg C]
# name 6 = t190C: Temperature, 2 [ITS-90, deg C]
# name 7 = c0S/m: Conductivity [S/m]
# name 8 = c1S/m: Conductivity, 2 [S/m]
# name 9 = CStarTr0: Beam Transmission, WET Labs C-Star [%]
# name 10 = flECO-AFL: Fluorescence, WET Labs ECO-AFL/FL [mg/m^3]
# name 11 = sbeox0V: Oxygen raw, SBE 43 [V]
# name 12 = altM: Altimeter [m]
# name 13 = nbf: Bottles Fired
# name 14 = density00: Density [density, Kg/m^3]
# name 15 = density11: Density, 2 [density, Kg/m^3]
# name 16 = sal00: Salinity, Practical [PSU]
# name 17 = sal11: Salinity, Practical, 2 [PSU]
# name 18 = svCM: Sound Velocity [Chen-Millero, m/s]
# name 19 = svCM1: Sound Velocity, 2 [Chen-Millero, m/s]
# name 20 = timeS: Time, Elapsed [seconds]
# name 21 = sbeox0ML/L: Oxygen, SBE 43 [ml/l]
# name 22 = sbeox0PS: Oxygen, SBE 43 [% saturation]
# name 23 = dz/dtM: Descent Rate [m/s]
# name 24 = T2-T190C: Temperature Difference, 2 - 1 [ITS-90, deg C]
# name 25 = scan: Scan Count
# name 26 = flag:  0.000e+00
# interval = seconds: 0.0416667
# start_time = Aug 19 2015 21:15:33 [NMEA time, header]
# bad_flag = -9.990e-29
*END*
[from data line 215]
   5005.208  -39.88316   59.76216   1500.711   1520.492     3.5347     3.5354   3.274495   3.274537    97.5754    -0.0512     1.8541      98.73          5  1034.7595  1034.7593    34.9267    34.9265    1489.69    1489.69   5005.208    6.04161   82.41541     -0.018     0.0006     120126  0.000e+00
   5005.250  -39.88316   59.76216   1500.711   1520.492     3.5348     3.5354   3.274489   3.274543    97.5754    -0.0439     1.8541      98.73          5  1034.7593  1034.7593    34.9265    34.9266    1489.69    1489.69   5005.250    6.04159   82.41537     -0.026     0.0005     120127  0.000e+00
   5005.292  -39.88316   59.76216   1500.711   1520.492     3.5347     3.5354   3.274507   3.274508    97.5754    -0.0512     1.8541      98.73          5  1034.7596  1034.7590    34.9269    34.9262    1489.69    1489.69   5005.292    6.04161   82.41541     -0.031     0.0007     120128  0.000e+00
   5005.333  -39.88316   59.76216   1500.711   1520.492     3.5348     3.5352   3.274519   3.274566    97.5754    -0.0512     1.8541      98.73          5  1034.7596  1034.7597    34.9269    34.9271    1489.69    1489.69   5005.333    6.04158   82.41536     -0.036     0.0004     120129  0.000e+00
   5005.375  -39.88316   59.76216   1500.646   1520.426     3.5347     3.5355   3.274513   3.274566    97.5754    -0.0512     1.8541      98.73          5  1034.7594  1034.7591    34.9270    34.9268    1489.69    1489.69   5005.375    6.04154   82.41467     -0.044     0.0008     120130  0.000e+00
   5005.417  -39.88316   59.76216   1500.711   1520.492     3.5348     3.5354   3.274519   3.274537    97.5754    -0.0512     1.8541      98.73          5  1034.7596  1034.7593    34.9269    34.9265    1489.69    1489.69   5005.417    6.04158   82.41534     -0.052     0.0005     120131  0.000e+00
   5005.458  -39.88316   59.76216   1500.654   1520.434     3.5347     3.5354   3.274519   3.274537    97.5754    -0.0512     1.8541      98.73          5  1034.7595  1034.7590    34.9271    34.9266    1489.69    1489.69   5005.458    6.04155   82.41476     -0.059     0.0007     120132  0.000e+00
   5005.500  -39.88316   59.76216   1500.711   1520.492     3.5349     3.5355   3.274495   3.274537    97.5754    -0.0512     1.8541      98.73          5  1034.7593  1034.7591    34.9265    34.9264    1489.69    1489.69   5005.500    6.04158   82.41531     -0.059     0.0006     120133  0.000e+00
   5005.542  -39.88316   59.76216   1500.646   1520.426     3.5347     3.5355   3.274489   3.274566    97.5754    -0.0512     1.8541      98.73          5  1034.7592  1034.7591    34.9267    34.9268    1489.69    1489.69   5005.542    6.04156   82.41465     -0.070     0.0008     120134  0.000e+00
   5005.583  -39.88316   59.76216   1500.712   1520.492     3.5348     3.5354   3.274489   3.274537    97.6016    -0.0512     1.8541      98.73          5  1034.7593  1034.7593    34.9265    34.9265    1489.69    1489.69   5005.583    6.04159   82.41531     -0.070     0.0005     120135  0.000e+00
   5005.625  -39.88316   59.76216   1500.646   1520.426     3.5347     3.5352   3.274489   3.274537    97.5754    -0.0512     1.8541      98.73          5  1034.7591  1034.7591    34.9267    34.9267    1489.69    1489.69   5005.625    6.04155   82.41462     -0.076     0.0005     120136  0.000e+00
   5005.667  -39.88316   59.76216   1500.646   1520.426     3.5348     3.5352   3.274531   3.274537    97.5754    -0.0512     1.8541      98.73          5  1034.7594  1034.7591    34.9271    34.9267    1489.69    1489.69   5005.667    6.04151   82.41458     -0.083     0.0004     120137  0.000e+00
   5005.708  -39.88316   59.76216   1500.654   1520.434     3.5350     3.5355   3.274507   3.274537    97.5493    -0.0512     1.8541      98.73          5  1034.7591  1034.7589    34.9267    34.9264    1489.69    1489.69   5005.708    6.04152   82.41463     -0.089     0.0006     120138  0.000e+00
   5005.750  -39.88316   59.76216   1500.712   1520.492     3.5347     3.5352   3.274525   3.274543    97.5493    -0.0512     1.8541      98.73          5  1034.7598  1034.7595    34.9271    34.9268    1489.69    1489.69   5005.750    6.04158   82.41531     -0.088     0.0005     120139  0.000e+00
   5005.792  -39.88316   59.76216   1500.589   1520.368     3.5348     3.5354   3.274507   3.274508    97.5754    -0.0512     1.8541      98.71          5  1034.7590  1034.7585    34.9268    34.9263    1489.69    1489.69   5005.792    6.04148   82.41393     -0.093     0.0005     120140  0.000e+00
   5005.833  -39.88316   59.76216   1500.712   1520.492     3.5348     3.5352   3.274507   3.274537    97.5754    -0.0512     1.8541      98.73          5  1034.7595  1034.7594    34.9267    34.9267    1489.69    1489.69   5005.833    6.04158   82.41526     -0.094     0.0004     120141  0.000e+00
   5005.875  -39.88316   59.76216   1500.589   1520.368     3.5347     3.5355   3.274519   3.274537    97.5754    -0.0585     1.8529      98.73          5  1034.7592  1034.7586    34.9271    34.9264    1489.69    1489.69   5005.875    6.03587   82.33740     -0.099     0.0008     120142  0.000e+00
   5005.917  -39.88316   59.76216   1500.646   1520.426     3.5348     3.5354   3.274513   3.274508    97.5754    -0.0512     1.8541      98.73          5  1034.7593  1034.7587    34.9268    34.9262    1489.69    1489.69   5005.917    6.04152   82.41453     -0.103     0.0005     120143  0.000e+00
   5005.958  -39.88316   59.76216   1500.654   1520.434     3.5348     3.5352   3.274537   3.274566    97.5754    -0.0585     1.8541      98.73          5  1034.7595  1034.7594    34.9271    34.9271    1489.69    1489.69   5005.958    6.04151   82.41461     -0.103     0.0004     120144  0.000e+00
   5006.000  -39.88316   59.76216   1500.646   1520.426     3.5347     3.5354   3.274489   3.274566    97.5493    -0.0512     1.8541      98.73          5  1034.7592  1034.7592    34.9267    34.9269    1489.69    1489.69   5006.000    6.04155   82.41457     -0.103     0.0007     120145  0.000e+00
   5006.042  -39.88316   59.76216   1500.712   1520.492     3.5349     3.5352   3.274519   3.274508    97.5754    -0.0585     1.8541      98.73          5  1034.7595  1034.7591    34.9268    34.9264    1489.69    1489.69   5006.042    6.04156   82.41520     -0.098     0.0003     120146  0.000e+00
   5006.083  -39.88316   59.76216   1500.589   1520.368     3.5348     3.5354   3.274489   3.274537    97.5493    -0.0512     1.8541      98.73          5  1034.7588  1034.7587    34.9266    34.9266    1489.69    1489.69   5006.083    6.04148   82.41387     -0.105     0.0005     120147  0.000e+00
   5006.125  -39.88316   59.76214   1500.646   1520.426     3.5348     3.5352   3.274501   3.274537    97.5493    -0.0512     1.8541      98.73          5  1034.7592  1034.7591    34.9267    34.9267    1489.69    1489.69   5006.125    6.04152   82.41449     -0.103     0.0004     120148  0.000e+00
   5006.167  -39.88316   59.76214   1500.646   1520.426     3.5347     3.5354   3.274519   3.274480    97.5754    -0.0512     1.8541      98.73          5  1034.7594  1034.7584    34.9270    34.9259    1489.69    1489.69   5006.167    6.04153   82.41452     -0.101     0.0006     120149  0.000e+00
   5006.208  -39.88316   59.76214   1500.655   1520.434     3.5347     3.5352   3.274495   3.274537    97.5754    -0.0585     1.8541      98.73          5  1034.7593  1034.7592    34.9268    34.9267    1489.69    1489.69   5006.208    6.04155   82.41461     -0.102     0.0005     120150  0.000e+00
   5006.250  -39.88316   59.76214   1500.646   1520.426     3.5348     3.5354   3.274507   3.274543    97.5754    -0.0512     1.8541      98.73          5  1034.7592  1034.7590    34.9268    34.9266    1489.69    1489.69   5006.250    6.04152   82.41447     -0.100     0.0005     120151  0.000e+00
   5006.292  -39.88316   59.76214   1500.646   1520.426     3.5347     3.5352   3.274519   3.274537    97.5754    -0.0512     1.8541      98.73          5  1034.7594  1034.7591    34.9270    34.9267    1489.69    1489.69   5006.292    6.04152   82.41449     -0.096     0.0005     120152  0.000e+00
   5006.333  -39.88316   59.76214   1500.655   1520.434     3.5347     3.5354   3.274513   3.274537    97.5754    -0.0512     1.8541      98.73          5  1034.7595  1034.7590    34.9270    34.9266    1489.69    1489.69   5006.333    6.04154   82.41459     -0.096     0.0007     120153  0.000e+00
   5006.375  -39.88316   59.76214   1500.647   1520.426     3.5347     3.5354   3.274501   3.274537    97.5754    -0.0512     1.8541      98.73          5  1034.7593  1034.7590    34.9269    34.9266    1489.69    1489.69   5006.375    6.04154   82.41449     -0.096     0.0007     120154  0.000e+00
   5006.417  -39.88316   59.76214   1500.647   1520.426     3.5347     3.5352   3.274489   3.274566    97.5754    -0.0512     1.8529      98.73          5  1034.7591  1034.7594    34.9267    34.9271    1489.69    1489.69   5006.417    6.03593   82.33792     -0.092     0.0005     120155  0.000e+00
   5439.958  -39.88378   59.76226   1200.586   1215.532     3.4181     3.4183   3.245722   3.245765    97.5231    -0.0512     2.0262      98.73          6  1033.3396  1033.3398    34.8605    34.8608    1484.03    1484.03   5439.958    6.58237   89.49643     -0.235     0.0002     130560  0.000e+00
   5440.000  -39.88378   59.76226   1200.586   1215.532     3.4180     3.4186   3.245734   3.245765    97.5231    -0.0512     2.0262      98.73          6  1033.3398  1033.3395    34.8607    34.8605    1484.03    1484.03   5440.000    6.58238   89.49645     -0.234     0.0006     130561  0.000e+00
   5440.042  -39.88378   59.76226   1200.497   1215.441     3.4181     3.4183   3.245740   3.245708    97.4969    -0.0585     2.0262      98.73          6  1033.3394  1033.3389    34.8607    34.8601    1484.03    1484.03   5440.042    6.58228   89.49535     -0.242     0.0002     130562  0.000e+00
   5440.083  -39.88378   59.76226   1200.521   1215.466     3.4181     3.4182   3.245716   3.245765    97.5231    -0.0512     2.0250      98.73          6  1033.3393  1033.3396    34.8604    34.8608    1484.03    1484.03   5440.083    6.57692   89.42222     -0.241     0.0002     130563  0.000e+00
   5440.125  -39.88378   59.76226   1200.521   1215.466     3.4180     3.4184   3.245704   3.245736    97.5231    -0.0585     2.0250      98.73          6  1033.3393  1033.3391    34.8604    34.8603    1484.03    1484.03   5440.125    6.57694   89.42224     -0.244     0.0005     130564  0.000e+00
   5440.167  -39.88378   59.76226   1200.497   1215.441     3.4181     3.4184   3.245746   3.245736    97.5493    -0.0512     2.0262      98.73          6  1033.3394  1033.3390    34.8608    34.8603    1484.03    1484.03   5440.167    6.58228   89.49531     -0.248     0.0003     130565  0.000e+00
   5440.208  -39.88378   59.76226   1200.521   1215.466     3.4180     3.4184   3.245722   3.245765    97.5231    -0.0585     2.0262      98.73          6  1033.3394  1033.3394    34.8606    34.8606    1484.03    1484.03   5440.208    6.58233   89.49563     -0.245     0.0005     130566  0.000e+00
   5440.250  -39.88378   59.76226   1200.464   1215.408     3.4180     3.4184   3.245722   3.245765    97.5231    -0.0512     2.0262      98.73          6  1033.3392  1033.3392    34.8607    34.8607    1484.03    1484.03   5440.250    6.58227   89.49494     -0.247     0.0004     130567  0.000e+00
   5440.292  -39.88378   59.76226   1200.497   1215.442     3.4181     3.4184   3.245716   3.245765    97.5231    -0.0512     2.0262      98.73          6  1033.3392  1033.3393    34.8604    34.8606    1484.03    1484.03   5440.292    6.58229   89.49528     -0.247     0.0004     130568  0.000e+00
   5440.333  -39.88378   59.76226   1200.521   1215.466     3.4181     3.4186   3.245722   3.245708    97.5231    -0.0585     2.0262      98.73          6  1033.3393  1033.3387    34.8605    34.8598    1484.03    1484.03   5440.333    6.58231   89.49556     -0.244     0.0005     130569  0.000e+00
   5440.375  -39.88378   59.76226   1200.464   1215.408     3.4180     3.4184   3.245752   3.245765    97.5493    -0.0512     2.0262      98.73          6  1033.3395  1033.3391    34.8610    34.8606    1484.03    1484.03   5440.375    6.58226   89.49491     -0.246     0.0005     130570  0.000e+00
   5440.417  -39.88378   59.76226   1200.432   1215.375     3.4180     3.4184   3.245722   3.245736    97.5231    -0.0512     2.0250      98.73          6  1033.3390  1033.3388    34.8607    34.8604    1484.03    1484.03   5440.417    6.57684   89.42111     -0.246     0.0004     130571  0.000e+00
   5440.458  -39.88378   59.76226   1200.521   1215.466     3.4180     3.4184   3.245704   3.245736    97.5493    -0.0512     2.0262      98.73          6  1033.3393  1033.3391    34.8604    34.8603    1484.03    1484.03   5440.458    6.58233   89.49556     -0.240     0.0005     130572  0.000e+00
   5440.500  -39.88378   59.76226   1200.464   1215.409     3.4180     3.4181   3.245704   3.245708    97.5231    -0.0512     2.0250      98.73          6  1033.3390  1033.3389    34.8604    34.8604    1484.03    1484.03   5440.500    6.57688   89.42147     -0.239     0.0001     130573  0.000e+00
   5440.542  -39.88378   59.76226   1200.432   1215.375     3.4180     3.4184   3.245704   3.245736    97.5231    -0.0512     2.0250      98.73          6  1033.3389  1033.3388    34.8605    34.8604    1484.03    1484.03   5440.542    6.57685   89.42107     -0.240     0.0004     130574  0.000e+00
   5440.583  -39.88378   59.76226   1200.464   1215.409     3.4180     3.4181   3.245710   3.245736    97.5493    -0.0585     2.0250      98.73          6  1033.3391  1033.3392    34.8605    34.8606    1484.03    1484.03   5440.583    6.57687   89.42145     -0.238     0.0002     130575  0.000e+00
   5440.625  -39.88378   59.76226   1200.399   1215.342     3.4181     3.4184   3.245710   3.245736    97.5231    -0.0512     2.0250      98.73          6  1033.3387  1033.3386    34.8604    34.8604    1484.03    1484.03   5440.625    6.57680   89.42063     -0.237     0.0003     130576  0.000e+00
   5440.667  -39.88378   59.76226   1200.497   1215.442     3.4178     3.4181   3.245746   3.245736    97.5231    -0.0512     2.0262      98.73          6  1033.3397  1033.3393    34.8611    34.8606    1484.03    1484.03   5440.667    6.58231   89.49527     -0.231     0.0003     130577  0.000e+00
   5440.708  -39.88378   59.76226   1200.399   1215.343     3.4180     3.4184   3.245698   3.245765    97.5231    -0.0439     2.0250      98.73          6  1033.3387  1033.3389    34.8604    34.8607    1484.02    1484.03   5440.708    6.57682   89.42064     -0.229     0.0004     130578  0.000e+00
   5440.750  -39.88378   59.76226   1200.399   1215.343     3.4180     3.4181   3.245716   3.245736    97.5231    -0.0512     2.0262      98.73          6  1033.3389  1033.3389    34.8606    34.8607    1484.03    1484.03   5440.750    6.58221   89.49404     -0.232     0.0002     130579  0.000e+00
   5440.792  -39.88378   59.76226   1200.432   1215.376     3.4178     3.4184   3.245734   3.245708    97.5231    -0.0512     2.0262      98.73          6  1033.3393  1033.3385    34.8610    34.8600    1484.03    1484.03   5440.792    6.58225   89.49447     -0.227     0.0006     130580  0.000e+00
   5440.833  -39.88378   59.76226   1200.399   1215.343     3.4180     3.4181   3.245716   3.245765    97.5231    -0.0512     2.0262      98.73          6  1033.3389  1033.3391    34.8606    34.8610    1484.03    1484.03   5440.833    6.58221   89.49402     -0.222     0.0002     130581  0.000e+00
   5440.875  -39.88378   59.76226   1200.399   1215.343     3.4182     3.4184   3.245704   3.245765    97.5231    -0.0585     2.0262      98.73          6  1033.3385  1033.3389    34.8602    34.8607    1484.03    1484.03   5440.875    6.58217   89.49392     -0.222     0.0002     130582  0.000e+00
