Ship_data/Irminger/Irminger-2/ctd/process/at30_013.ros
* Sea-Bird SBE 9 Data File:
* FileName = C:\data\ctd\at30_013.hdr
* Software Version Seasave V 7.21f
* Temperature SN = 2265
* Conductivity SN = 3021
* Number of Bytes Per Scan = 40
* Number of Voltage Words = 5
* Number of Scans Averaged by the Deck Unit = 1
* NMEA Latitude = 59 53.87 N
* NMEA Longitude = 039 34.33 W
* NMEA UTC (Time) = Aug 23 2015  21:20:25
** cal / val for SUMO 2
# nquan = 27
# nvalues = 539                                   
# units = specified
# name 0 = timeS: Time, Elapsed [seconds]
# name 1 = longitude: Longitude [deg]
# name 2 = latitude: Latitude [deg]
# name 3 = depSM: Depth [salt water, m]
# name 4 = prDM: Pressure, Digiquartz [db]
# name 5 = t090C: Temperature [ITS-90, deg C]
# name 6 = t190C: Temperature, 2 [ITS-90, deg C]
# name 7 = c0S/m: Conductivity [S/m]
# name 8 = c1S/m: Conductivity, 2 [S/m]
# name 9 = CStarTr0: Beam Transmission, WET Labs C-Star [%]
# name 10 = flECO-AFL: Fluorescence, WET Labs ECO-AFL/FL [mg/m^3]
# name 11 = sbeox0V: Oxygen raw, SBE 43 [V]
# name 12 = altM: Altimeter [m]
# name 13 = nbf: Bottles Fired
# name 14 = density00: Density [density, Kg/m^3]
# name 15 = density11: Density, 2 [density, Kg/m^3]
# name 16 = sal00: Salinity, Practical [PSU]
# name 17 = sal11: Salinity, Practical, 2 [PSU]
# name 18 = svCM: Sound Velocity [Chen-Millero, m/s]
# name 19 = svCM1: Sound Velocity, 2 [Chen-Millero, m/s]
# name 20 = timeS: Time, Elapsed [seconds]
# name 21 = sbeox0ML/L: Oxygen, SBE 43 [ml/l]
# name 22 = sbeox0PS: Oxygen, SBE 43 [% saturation]
# name 23 = dz/dtM: Descent Rate [m/s]
# name 24 = T2-T190C: Temperature Difference, 2 - 1 [ITS-90, deg C]
# name 25 = scan: Scan Count
# name 26 = flag:  0.000e+00
# interval = seconds: 0.0416667
# start_time = Aug 23 2015 21:20:25 [NMEA time, header]
# bad_flag = -9.990e-29
*END*
[from data line 484]
   4571.750  -39.57906   59.90056     13.447     13.575     8.4239     8.4244   3.650308   3.650270    93.5730    -0.0512     2.5006      98.73         10  1027.1791  1027.1784    34.8828    34.8820    1484.14    1484.14   4571.750    6.52237   99.69424     -0.005     0.0005     109723  0.000e+00
   4571.792  -39.57906   59.90056     13.447     13.575     8.4237     8.4242   3.650295   3.650276    93.5730    -0.0512     2.5031      98.73         10  1027.1792  1027.1786    34.8829    34.8822    1484.14    1484.14   4571.792    6.53046   99.81743     -0.005     0.0005     109724  0.000e+00
   4571.833  -39.57906   59.90056     13.447     13.575     8.4237     8.4243   3.650308   3.650241    93.5730    -0.0512     2.5031      98.75         10  1027.1793  1027.1782    34.8830    34.8817    1484.14    1484.14   4571.833    6.53045   99.81742     -0.001     0.0006     109725  0.000e+00
   4571.875  -39.57906   59.90056     13.463     13.591     8.4235     8.4242   3.650295   3.650276    93.5730    -0.0512     2.5019      98.73         10  1027.1794  1027.1786    34.8831    34.8822    1484.14    1484.14   4571.875    6.52646   99.75605      0.005     0.0007     109726  0.000e+00
   4571.917  -39.57906   59.90056     13.447     13.575     8.4237     8.4245   3.650264   3.650241    93.5468    -0.0512     2.5019      98.73         10  1027.1789  1027.1780    34.8825    34.8816    1484.14    1484.14   4571.917    6.52644   99.75582      0.009     0.0007     109727  0.000e+00
   4571.958  -39.57906   59.90056     13.503     13.632     8.4236     8.4242   3.650276   3.650241    93.5468    -0.0512     2.5031      98.73         10  1027.1794  1027.1785    34.8828    34.8818    1484.14    1484.14   4571.958    6.53053   99.81814      0.016     0.0006     109728  0.000e+00
   4677.708  -39.57920   59.90060      4.024      4.062     8.4182     8.4189   3.649317   3.649293    92.4743    -0.0512     2.5052      98.75         11  1027.1365  1027.1356    34.8826    34.8816    1483.97    1483.97   4677.708    6.53032   99.80273      0.209     0.0007     112266  0.000e+00
   4677.750  -39.57920   59.90060      4.024      4.062     8.4182     8.4185   3.649291   3.649323    92.7882    -0.0512     2.5052      98.73         11  1027.1363  1027.1362    34.8823    34.8823    1483.97    1483.97   4677.750    6.53033   99.80272      0.204     0.0004     112267  0.000e+00
   4677.792  -39.57920   59.90060      4.032      4.070     8.4180     8.4188   3.649329   3.649329    92.9975    -0.0512     2.5052      98.73         11  1027.1368  1027.1360    34.8829    34.8821    1483.97    1483.97   4677.792    6.53034   99.80284      0.198     0.0008     112268  0.000e+00
   4677.833  -39.57920   59.90060      4.024      4.062     8.4183     8.4187   3.649329   3.649293    93.1806    -0.0512     2.5052      98.73         11  1027.1364  1027.1358    34.8826    34.8818    1483.97    1483.97   4677.833    6.53029   99.80269      0.191     0.0004     112269  0.000e+00
   4677.875  -39.57920   59.90060      4.032      4.070     8.4182     8.4187   3.649335   3.649293    93.2852    -0.0512     2.5052      98.73         11  1027.1367  1027.1358    34.8828    34.8818    1483.97    1483.97   4677.875    6.53031   99.80280      0.183     0.0005     112270  0.000e+00
   4677.917  -39.57920   59.90060      4.024      4.062     8.4182     8.4185   3.649348   3.649293    93.3637    -0.0512     2.5064      98.73         11  1027.1367  1027.1360    34.8829    34.8820    1483.97    1483.97   4677.917    6.53432   99.86420      0.178     0.0003     112271  0.000e+00
   4677.958  -39.57920   59.90060      4.024      4.062     8.4183     8.4187   3.649348   3.649293    93.4422    -0.0512     2.5052      98.73         11  1027.1366  1027.1358    34.8828    34.8818    1483.97    1483.97   4677.958    6.53028   99.80267      0.168     0.0004     112272  0.000e+00
   4678.000  -39.57920   59.90060      3.976      4.014     8.4186     8.4186   3.649348   3.649293    93.4684    -0.0512     2.5052      98.73         11  1027.1361  1027.1356    34.8825    34.8819    1483.97    1483.97   4678.000    6.53020   99.80201      0.158     0.0000     112273  0.000e+00
   4678.042  -39.57920   59.90060      3.968      4.006     8.4185     8.4187   3.649348   3.649293    93.4945    -0.0512     2.5052      98.73         11  1027.1362  1027.1355    34.8826    34.8818    1483.97    1483.97   4678.042    6.53021   99.80191      0.143     0.0002     112274  0.000e+00
   4678.083  -39.57920   59.90060      4.096      4.135     8.4186     8.4189   3.649367   3.649294    93.4945    -0.0512     2.5052      98.73         11  1027.1368  1027.1359    34.8826    34.8816    1483.97    1483.97   4678.083    6.53030   99.80355      0.143     0.0003     112275  0.000e+00
   4678.125  -39.57920   59.90060      4.024      4.062     8.4186     8.4186   3.649335   3.649293    93.5468    -0.0512     2.5052      98.73         11  1027.1362  1027.1358    34.8823    34.8819    1483.97    1483.97   4678.125    6.53025   99.80261      0.134     0.0000     112276  0.000e+00
   4678.167  -39.57920   59.90060      3.968      4.006     8.4186     8.4189   3.649361   3.649258    93.5468    -0.0512     2.5052      98.73         11  1027.1362  1027.1351    34.8826    34.8813    1483.97    1483.97   4678.167    6.53019   99.80188      0.125     0.0003     112277  0.000e+00
   4678.208  -39.57920   59.90060      3.976      4.014     8.4185     8.4188   3.649335   3.649293    93.5468    -0.0512     2.5052      98.75         11  1027.1361  1027.1355    34.8825    34.8817    1483.97    1483.97   4678.208    6.53023   99.80199      0.115     0.0003     112278  0.000e+00
   4678.250  -39.57920   59.90060      3.968      4.006     8.4188     8.4190   3.649335   3.649329    93.5730    -0.0512     2.5052      98.75         11  1027.1358  1027.1355    34.8822    34.8819    1483.97    1483.97   4678.250    6.53018   99.80185      0.102     0.0003     112279  0.000e+00
   4678.292  -39.57920   59.90060      3.976      4.014     8.4186     8.4190   3.649348   3.649258    93.5730    -0.0512     2.5052      98.75         11  1027.1361  1027.1350    34.8825    34.8811    1483.97    1483.97   4678.292    6.53020   99.80196      0.091     0.0004     112280  0.000e+00
   4678.333  -39.57920   59.90060      3.968      4.006     8.4185     8.4191   3.649348   3.649329    93.5730    -0.0512     2.5052      98.73         11  1027.1362  1027.1354    34.8826    34.8818    1483.97    1483.97   4678.333    6.53021   99.80187      0.080     0.0007     112281  0.000e+00
   4678.375  -39.57920   59.90060      3.968      4.006     8.4186     8.4190   3.649348   3.649323    93.5730    -0.0512     2.5052      98.75         11  1027.1361  1027.1355    34.8825    34.8818    1483.97    1483.97   4678.375    6.53019   99.80184      0.072     0.0004     112282  0.000e+00
   4678.417  -39.57920   59.90060      3.976      4.014     8.4188     8.4193   3.649329   3.649329    93.5730    -0.0512     2.5052      98.73         11  1027.1358  1027.1353    34.8821    34.8816    1483.97    1483.97   4678.417    6.53019   99.80192      0.060     0.0005     112283  0.000e+00
   4678.458  -39.57920   59.90060      3.847      3.884     8.4186     8.4194   3.649335   3.649293    93.5730    -0.0512     2.5040      98.73         11  1027.1354  1027.1344    34.8824    34.8812    1483.96    1483.97   4678.458    6.52607   99.73877      0.048     0.0008     112284  0.000e+00
   4678.500  -39.57920   59.90060      3.976      4.014     8.4185     8.4194   3.649329   3.649359    93.5730    -0.0512     2.5052      98.73         11  1027.1361  1027.1355    34.8824    34.8818    1483.97    1483.97   4678.500    6.53022   99.80195      0.036     0.0009     112285  0.000e+00
   4678.542  -39.57920   59.90060      3.847      3.884     8.4185     8.4193   3.649361   3.649323    93.5730    -0.0512     2.5040      98.73         11  1027.1358  1027.1347    34.8828    34.8816    1483.96    1483.97   4678.542    6.52607   99.73878      0.020     0.0008     112286  0.000e+00
   4678.583  -39.57920   59.90060      3.904      3.941     8.4185     8.4194   3.649335   3.649293    93.5992    -0.0512     2.5040      98.75         11  1027.1358  1027.1346    34.8825    34.8812    1483.96    1483.97   4678.583    6.52613   99.73949      0.010     0.0009     112287  0.000e+00
   4678.625  -39.57920   59.90060      3.855      3.892     8.4186     8.4196   3.649335   3.649323    93.5730    -0.0512     2.5040      98.73         11  1027.1355  1027.1344    34.8824    34.8813    1483.96    1483.97   4678.625    6.52607   99.73885     -0.006     0.0010     112288  0.000e+00
   4678.667  -39.57920   59.90060      3.847      3.884     8.4185     8.4194   3.649329   3.649293    93.5992    -0.0512     2.5040      98.73         11  1027.1355  1027.1344    34.8825    34.8812    1483.96    1483.97   4678.667    6.52609   99.73876     -0.018     0.0009     112289  0.000e+00
   4678.708  -39.57920   59.90060      3.855      3.892     8.4186     8.4194   3.649335   3.649293    93.5992    -0.0512     2.5040      98.73         11  1027.1355  1027.1344    34.8824    34.8812    1483.96    1483.97   4678.708    6.52607   99.73883     -0.031     0.0008     112290  0.000e+00
   4678.750  -39.57920   59.90060      3.847      3.884     8.4185     8.4196   3.649329   3.649329    93.5992    -0.0512     2.5040      98.73         11  1027.1355  1027.1345    34.8825    34.8813    1483.96    1483.97   4678.750    6.52609   99.73874     -0.043     0.0012     112291  0.000e+00
   4678.792  -39.57922   59.90060      3.791      3.827     8.4186     8.4194   3.649317   3.649359    93.5992    -0.0512     2.5040      98.73         11  1027.1350  1027.1347    34.8822    34.8819    1483.96    1483.97   4678.792    6.52603   99.73800     -0.059     0.0008     112292  0.000e+00
   4678.833  -39.57922   59.90060      3.799      3.835     8.4188     8.4192   3.649335   3.649329    93.5992    -0.0512     2.5040      98.73         11  1027.1351  1027.1347    34.8823    34.8818    1483.96    1483.96   4678.833    6.52601   99.73807     -0.070     0.0004     112293  0.000e+00
   4678.875  -39.57922   59.90060      3.791      3.827     8.4188     8.4191   3.649329   3.649293    93.5992    -0.0512     2.5040      98.73         11  1027.1350  1027.1344    34.8822    34.8815    1483.96    1483.96   4678.875    6.52600   99.73796     -0.085     0.0004     112294  0.000e+00
   4678.917  -39.57922   59.90060      3.727      3.762     8.4189     8.4192   3.649335   3.649293    93.5992    -0.0512     2.5040      98.73         11  1027.1346  1027.1341    34.8822    34.8815    1483.96    1483.96   4678.917    6.52593   99.73711     -0.100     0.0002     112295  0.000e+00
   4678.958  -39.57922   59.90060      3.735      3.771     8.4186     8.4196   3.649298   3.649293    93.5730    -0.0512     2.5040      98.73         11  1027.1347  1027.1337    34.8821    34.8810    1483.96    1483.96   4678.958    6.52598   99.73725     -0.113     0.0010     112296  0.000e+00
   4679.000  -39.57922   59.90060      3.727      3.762     8.4189     8.4197   3.649304   3.649329    93.5207    -0.0512     2.5040      98.75         11  1027.1344  1027.1339    34.8818    34.8814    1483.96    1483.96   4679.000    6.52594   99.73710     -0.126     0.0007     112297  0.000e+00
   4679.042  -39.57922   59.90060      3.679      3.714     8.4188     8.4200   3.649361   3.649359    93.4945    -0.0512     2.5040      98.73         11  1027.1348  1027.1336    34.8826    34.8814    1483.96    1483.97   4679.042    6.52589   99.73649     -0.142     0.0012     112298  0.000e+00
   4679.083  -39.57922   59.90060      3.671      3.706     8.4191     8.4199   3.649361   3.649359    93.4945    -0.0512     2.5040      98.73         11  1027.1345  1027.1337    34.8823    34.8815    1483.96    1483.96   4679.083    6.52585   99.73635     -0.157     0.0008     112299  0.000e+00
   4679.125  -39.57922   59.90060      3.550      3.584     8.4189     8.4202   3.649348   3.649359    93.5207    -0.0512     2.5040      98.73         11  1027.1340  1027.1329    34.8824    34.8813    1483.96    1483.96   4679.125    6.52577   99.73481     -0.176     0.0012     112300  0.000e+00
   4679.167  -39.57922   59.90060      3.679      3.714     8.4189     8.4201   3.649348   3.649389    93.5207    -0.0512     2.5040      98.73         11  1027.1345  1027.1338    34.8823    34.8816    1483.96    1483.97   4679.167    6.52588   99.73645     -0.189     0.0012     112301  0.000e+00
   4679.208  -39.57922   59.90060      3.615      3.649     8.4191     8.4200   3.649367   3.649359    93.5468    -0.0512     2.5040      98.73         11  1027.1343  1027.1334    34.8824    34.8814    1483.96    1483.96   4679.208    6.52579   99.73560     -0.202     0.0009     112302  0.000e+00
   4679.250  -39.57922   59.90060      3.558      3.592     8.4188     8.4204   3.649360   3.649389    93.5468    -0.0512     2.5040      98.73         11  1027.1343  1027.1330    34.8827    34.8814    1483.96    1483.96   4679.250    6.52578   99.73491     -0.220     0.0016     112303  0.000e+00
   4679.292  -39.57922   59.90060      3.550      3.584     8.4189     8.4203   3.649367   3.649425    93.5730    -0.0512     2.5040      98.73         11  1027.1342  1027.1334    34.8826    34.8819    1483.96    1483.96   4679.292    6.52576   99.73478     -0.234     0.0013     112304  0.000e+00
   4679.333  -39.57922   59.90060      3.502      3.535     8.4193     8.4202   3.649360   3.649359    93.5730    -0.0512     2.5040      98.75         11  1027.1336  1027.1327    34.8822    34.8813    1483.96    1483.96   4679.333    6.52568   99.73411     -0.254     0.0009     112305  0.000e+00
   4679.375  -39.57922   59.90060      3.494      3.527     8.4191     8.4203   3.649329   3.649389    93.5468    -0.0512     2.5040      98.73         11  1027.1335  1027.1329    34.8820    34.8815    1483.96    1483.96   4679.375    6.52571   99.73403     -0.265     0.0012     112306  0.000e+00
   4679.417  -39.57922   59.90060      3.494      3.527     8.4191     8.4204   3.649335   3.649389    93.4422    -0.0512     2.5039      98.75         11  1027.1335  1027.1328    34.8821    34.8814    1483.96    1483.96   4679.417    6.52570   99.73402     -0.279     0.0013     112307  0.000e+00
   4679.458  -39.57922   59.90060      3.502      3.535     8.4191     8.4205   3.649392   3.649425    93.4160    -0.0512     2.5039      98.73         11  1027.1340  1027.1330    34.8827    34.8816    1483.96    1483.96   4679.458    6.52568   99.73412     -0.292     0.0014     112308  0.000e+00
   4679.500  -39.57922   59.90060      3.374      3.406     8.4193     8.4203   3.649367   3.649419    93.4160    -0.0512     2.5039      98.73         11  1027.1331  1027.1326    34.8823    34.8819    1483.96    1483.96   4679.500    6.52556   99.73243     -0.310     0.0010     112309  0.000e+00
   4679.542  -39.57922   59.90060      3.446      3.479     8.4191     8.4200   3.649367   3.649359    93.4684    -0.0512     2.5039      98.75         11  1027.1336  1027.1326    34.8825    34.8815    1483.96    1483.96   4679.542    6.52565   99.73338     -0.323     0.0009     112310  0.000e+00
   4679.583  -39.57922   59.90060      3.374      3.406     8.4193     8.4201   3.649360   3.649419    93.3899    -0.0512     2.5039      98.73         11  1027.1330  1027.1327    34.8822    34.8820    1483.96    1483.96   4679.583    6.52556   99.73242     -0.338     0.0008     112311  0.000e+00
