Ship_data/Irminger/Irminger-2/ctd/process/at30_009_SV.cnv
* Sea-Bird SBE 9 Data File:
* FileName = C:\data\ctd\at30_009.hdr
* Software Version Seasave V 7.21f
* Temperature SN = 2265
* Conductivity SN = 3021
* Number of Bytes Per Scan = 40
* Number of Voltage Words = 5
* Number of Scans Averaged by the Deck Unit = 1
* NMEA Latitude = 59 42.40 N
* NMEA Longitude = 039 19.92 W
* NMEA UTC (Time) = Aug 19 2015  15:06:00
** FLMB 1 for cal
# nquan = 15
# nvalues = 2800                        
# units = specified
# name 0 = depSM: Depth [salt water, m]
# name 1 = svCM: Sound Velocity [Chen-Millero, m/s]
# name 2 = svCM1: Sound Velocity, 2 [Chen-Millero, m/s]
# name 3 = timeS: Time, Elapsed [seconds]
# name 4 = depSM: Depth [salt water, m]
# name 5 = density00: Density [density, Kg/m^3]
# name 6 = density11: Density, 2 [density, Kg/m^3]
# name 7 = sal00: Salinity, Practical [PSU]
# name 8 = sal11: Salinity, Practical, 2 [PSU]
# name 9 = svCM: Sound Velocity [Chen-Millero, m/s]
# name 10 = svCM1: Sound Velocity, 2 [Chen-Millero, m/s]
# name 11 = sbeox0ML/L: Oxygen, SBE 43 [ml/l]
# name 12 = dz/dtM: Descent Rate [m/s]
# name 13 = T2-T190C: Temperature Difference, 2 - 1 [ITS-90, deg C]
# name 14 = flag:
# span 0 =     10.000,   2809.000       
# span 1 =    1469.42,    1504.21       
# span 2 =    1469.42,    1504.21       
# span 3 =     58.170,   3323.208       
# span 4 =     10.000,   2809.000       
# span 5 =  1027.1470,  1040.9969       
# span 6 =  1027.1466,  1040.9957       
# span 7 =    34.8394,    34.9402       
# span 8 =    34.8429,    34.9408       
# span 9 =    1469.42,    1504.21       
# span 10 =    1469.41,    1504.21      
# span 11 =    5.98548,    6.94137      
# span 12 =      0.006,      1.579      
# span 13 =    -0.1289,     0.0110      
# span 14 = 0.0000e+00, 0.0000e+00      
# interval = meters: 1                  
# start_time = Aug 19 2015 15:06:00 [NMEA time, header]
# bad_flag = -9.990e-29
*END*
[from data line 193]
    203.000    1470.20    1470.21    533.111    203.000  1028.6710  1028.6716    34.9254    34.9262    1470.20    1470.21    6.46832      0.782     0.0005 0.0000e+00
    204.000    1470.22    1470.22    534.371    204.000  1028.6757  1028.6763    34.9254    34.9262    1470.22    1470.22    6.46907      0.870    -0.0001 0.0000e+00
    205.000    1470.20    1470.20    535.434    205.000  1028.6798  1028.6812    34.9234    34.9251    1470.20    1470.20    6.46463      1.047     0.0002 0.0000e+00
    206.000    1470.19    1470.19    536.341    206.000  1028.6852  1028.6860    34.9235    34.9245    1470.19    1470.19    6.46510      1.059     0.0006 0.0000e+00
    207.000    1470.19    1470.20    537.427    207.000  1028.6902  1028.6908    34.9234    34.9242    1470.19    1470.20    6.47129      0.782     0.0002 0.0000e+00
    208.000    1470.19    1470.20    539.127    208.000  1028.6948  1028.6953    34.9228    34.9235    1470.19    1470.19    6.47826      0.553     0.0001 0.0000e+00
    209.000    1470.20    1470.20    540.715    209.000  1028.7000  1028.7003    34.9229    34.9234    1470.20    1470.20    6.48040      0.846    -0.0001 0.0000e+00
    210.000    1470.21    1470.21    541.698    210.000  1028.7050  1028.7054    34.9231    34.9237    1470.21    1470.21    6.47971      1.153     0.0001 0.0000e+00
    211.000    1470.23    1470.23    542.499    211.000  1028.7100  1028.7103    34.9236    34.9242    1470.23    1470.23    6.47084      1.238     0.0000 0.0000e+00
    212.000    1470.25    1470.25    543.348    212.000  1028.7147  1028.7150    34.9238    34.9242    1470.25    1470.25    6.47214      1.071     0.0000 0.0000e+00
    213.000    1470.25    1470.26    544.500    213.000  1028.7192  1028.7200    34.9233    34.9242    1470.25    1470.26    6.47483      0.767     0.0003 0.0000e+00
    214.000    1470.25    1470.26    545.926    214.000  1028.7242  1028.7246    34.9231    34.9237    1470.25    1470.25    6.47641      0.770    -0.0000 0.0000e+00
    215.000    1470.29    1470.29    547.079    215.000  1028.7299  1028.7299    34.9251    34.9251    1470.29    1470.30    6.47985      0.987     0.0003 0.0000e+00
    216.000    1470.32    1470.33    548.013    216.000  1028.7340  1028.7346    34.9249    34.9256    1470.32    1470.33    6.47763      1.147     0.0001 0.0000e+00
    217.000    1470.32    1470.33    548.846    217.000  1028.7383  1028.7393    34.9238    34.9251    1470.32    1470.33    6.47823      1.274     0.0002 0.0000e+00
    218.000    1470.31    1470.31    549.607    218.000  1028.7435  1028.7444    34.9234    34.9243    1470.30    1470.30    6.47899      1.399    -0.0005 0.0000e+00
    219.000    1470.31    1470.31    550.291    219.000  1028.7485  1028.7491    34.9234    34.9240    1470.31    1470.31    6.47462      1.443    -0.0005 0.0000e+00
    220.000    1470.31    1470.31    551.003    220.000  1028.7531  1028.7538    34.9227    34.9235    1470.31    1470.31    6.47333      1.274    -0.0003 0.0000e+00
    221.000    1470.32    1470.32    552.025    221.000  1028.7581  1028.7585    34.9228    34.9233    1470.32    1470.32    6.47371      0.803    -0.0002 0.0000e+00
    222.000    1470.32    1470.32    553.806    222.000  1028.7626  1028.7634    34.9221    34.9231    1470.32    1470.32    6.47709      0.542    -0.0007 0.0000e+00
    223.000    1470.32    1470.32    555.331    223.000  1028.7676  1028.7682    34.9220    34.9227    1470.32    1470.32    6.48269      0.830    -0.0001 0.0000e+00
    224.000    1470.33    1470.33    556.397    224.000  1028.7723  1028.7729    34.9216    34.9224    1470.33    1470.33    6.48800      1.040    -0.0000 0.0000e+00
    225.000    1470.34    1470.34    557.294    225.000  1028.7771  1028.7777    34.9217    34.9223    1470.34    1470.34    6.48935      1.234    -0.0000 0.0000e+00
    226.000    1470.35    1470.35    558.055    226.000  1028.7817  1028.7823    34.9216    34.9222    1470.35    1470.35    6.49026      1.401    -0.0001 0.0000e+00
    227.000    1470.36    1470.37    558.736    227.000  1028.7865  1028.7871    34.9215    34.9223    1470.36    1470.36    6.48520      1.442     0.0002 0.0000e+00
    228.000    1470.37    1470.37    559.454    228.000  1028.7910  1028.7917    34.9211    34.9219    1470.37    1470.37    6.48344      1.266    -0.0002 0.0000e+00
    229.000    1470.37    1470.37    560.488    229.000  1028.7960  1028.7966    34.9209    34.9217    1470.37    1470.37    6.48526      0.806     0.0001 0.0000e+00
    230.000    1470.38    1470.39    562.125    230.000  1028.8008  1028.8014    34.9208    34.9215    1470.38    1470.38    6.49094      0.653     0.0003 0.0000e+00
    231.000    1470.40    1470.40    563.348    231.000  1028.8055  1028.8060    34.9208    34.9214    1470.40    1470.40    6.49009      1.083    -0.0003 0.0000e+00
    232.000    1470.41    1470.41    564.149    232.000  1028.8104  1028.8109    34.9208    34.9215    1470.41    1470.41    6.48688      1.339    -0.0000 0.0000e+00
    233.000    1470.42    1470.43    564.861    233.000  1028.8151  1028.8156    34.9207    34.9213    1470.42    1470.42    6.48704      1.370     0.0001 0.0000e+00
    234.000    1470.44    1470.44    565.638    234.000  1028.8198  1028.8202    34.9207    34.9213    1470.44    1470.44    6.48529      1.185     0.0000 0.0000e+00
    235.000    1470.45    1470.45    566.625    235.000  1028.8243  1028.8250    34.9204    34.9212    1470.45    1470.45    6.48256      0.919    -0.0002 0.0000e+00
    236.000    1470.46    1470.46    567.876    236.000  1028.8291  1028.8296    34.9203    34.9209    1470.46    1470.46    6.48387      0.752     0.0002 0.0000e+00
    237.000    1470.47    1470.47    569.279    237.000  1028.8337  1028.8344    34.9198    34.9206    1470.46    1470.47    6.48859      0.756     0.0001 0.0000e+00
    238.000    1470.46    1470.47    570.503    238.000  1028.8385  1028.8391    34.9195    34.9202    1470.46    1470.46    6.49286      0.963    -0.0000 0.0000e+00
    239.000    1470.47    1470.47    571.434    239.000  1028.8434  1028.8439    34.9192    34.9199    1470.47    1470.47    6.49164      1.165    -0.0002 0.0000e+00
    240.000    1470.47    1470.47    572.254    240.000  1028.8480  1028.8488    34.9186    34.9196    1470.47    1470.47    6.49060      1.230     0.0000 0.0000e+00
    241.000    1470.46    1470.46    573.080    241.000  1028.8528  1028.8535    34.9179    34.9190    1470.46    1470.46    6.49228      1.175     0.0002 0.0000e+00
    242.000    1470.45    1470.46    573.996    242.000  1028.8575  1028.8584    34.9173    34.9185    1470.45    1470.45    6.49281      1.026     0.0006 0.0000e+00
    243.000    1470.44    1470.45    575.079    243.000  1028.8628  1028.8634    34.9172    34.9179    1470.44    1470.44    6.49486      0.892     0.0003 0.0000e+00
    244.000    1470.45    1470.45    576.253    244.000  1028.8676  1028.8682    34.9169    34.9177    1470.45    1470.45    6.49580      0.859     0.0002 0.0000e+00
    245.000    1470.44    1470.45    577.416    245.000  1028.8723  1028.8730    34.9163    34.9173    1470.44    1470.45    6.49697      0.902     0.0004 0.0000e+00
    246.000    1470.44    1470.44    578.481    246.000  1028.8772  1028.8779    34.9159    34.9168    1470.44    1470.44    6.49798      1.017     0.0002 0.0000e+00
    247.000    1470.44    1470.44    579.420    247.000  1028.8822  1028.8826    34.9157    34.9163    1470.44    1470.44    6.49914      1.114     0.0003 0.0000e+00
    248.000    1470.45    1470.45    580.304    248.000  1028.8870  1028.8873    34.9157    34.9162    1470.45    1470.45    6.50104      1.157     0.0001 0.0000e+00
    249.000    1470.46    1470.46    581.167    249.000  1028.8915  1028.8921    34.9153    34.9161    1470.46    1470.46    6.50302      1.153     0.0000 0.0000e+00
    250.000    1470.46    1470.46    582.065    250.000  1028.8961  1028.8971    34.9145    34.9157    1470.45    1470.46    6.50424      1.071     0.0004 0.0000e+00
    251.000    1470.46    1470.46    583.083    251.000  1028.9015  1028.9019    34.9149    34.9154    1470.46    1470.46    6.50861      0.931    -0.0004 0.0000e+00
    252.000    1470.48    1470.48    584.248    252.000  1028.9061  1028.9065    34.9150    34.9155    1470.48    1470.48    6.50494      0.832     0.0009 0.0000e+00
    253.000    1470.51    1470.51    585.500    253.000  1028.9109  1028.9113    34.9153    34.9160    1470.51    1470.51    6.50009      0.794     0.0002 0.0000e+00
    254.000    1470.52    1470.52    586.780    254.000  1028.9155  1028.9160    34.9153    34.9158    1470.52    1470.52    6.50126      0.824    -0.0001 0.0000e+00
    255.000    1470.52    1470.52    587.919    255.000  1028.9194  1028.9208    34.9137    34.9153    1470.52    1470.52    6.50063      1.021    -0.0002 0.0000e+00
    256.000    1470.48    1470.49    588.802    256.000  1028.9244  1028.9255    34.9124    34.9141    1470.48    1470.49    6.49989      1.249     0.0012 0.0000e+00
    257.000    1470.47    1470.47    589.560    257.000  1028.9290  1028.9302    34.9111    34.9125    1470.46    1470.46    6.50062      1.327    -0.0006 0.0000e+00
    258.000    1470.45    1470.45    590.332    258.000  1028.9342  1028.9351    34.9107    34.9118    1470.45    1470.45    6.50298      1.184    -0.0002 0.0000e+00
    259.000    1470.43    1470.43    591.348    259.000  1028.9392  1028.9401    34.9099    34.9110    1470.42    1470.43    6.50835      0.884     0.0007 0.0000e+00
    260.000    1470.42    1470.43    592.621    260.000  1028.9448  1028.9448    34.9104    34.9105    1470.42    1470.42    6.51420      0.833     0.0003 0.0000e+00
    261.000    1470.47    1470.47    593.709    261.000  1028.9497  1028.9500    34.9118    34.9121    1470.47    1470.47    6.51333      1.057    -0.0000 0.0000e+00
    262.000    1470.49    1470.49    594.581    262.000  1028.9541  1028.9546    34.9115    34.9121    1470.49    1470.49    6.51221      1.220    -0.0000 0.0000e+00
    263.000    1470.50    1470.50    595.375    263.000  1028.9587  1028.9594    34.9113    34.9120    1470.50    1470.50    6.51054      1.215    -0.0001 0.0000e+00
    264.000    1470.51    1470.51    596.279    264.000  1028.9635  1028.9641    34.9109    34.9118    1470.51    1470.51    6.51107      0.986     0.0002 0.0000e+00
    265.000    1470.51    1470.51    597.566    265.000  1028.9683  1028.9689    34.9106    34.9113    1470.51    1470.51    6.51882      0.693    -0.0001 0.0000e+00
    266.000    1470.51    1470.51    599.033    266.000  1028.9731  1028.9736    34.9104    34.9110    1470.51    1470.51    6.52270      0.821     0.0001 0.0000e+00
    267.000    1470.52    1470.52    600.080    267.000  1028.9779  1028.9784    34.9101    34.9109    1470.52    1470.52    6.52311      1.119     0.0005 0.0000e+00
    268.000    1470.53    1470.53    600.894    268.000  1028.9825  1028.9832    34.9099    34.9107    1470.53    1470.53    6.51926      1.268     0.0008 0.0000e+00
    269.000    1470.53    1470.54    601.672    269.000  1028.9874  1028.9879    34.9097    34.9105    1470.53    1470.54    6.51665      1.254     0.0002 0.0000e+00
    270.000    1470.54    1470.54    602.530    270.000  1028.9923  1028.9928    34.9097    34.9103    1470.54    1470.54    6.51935      1.048     0.0001 0.0000e+00
    271.000    1470.55    1470.56    603.699    271.000  1028.9969  1028.9974    34.9096    34.9102    1470.55    1470.55    6.52320      0.774    -0.0000 0.0000e+00
    272.000    1470.56    1470.56    605.032    272.000  1029.0016  1029.0022    34.9092    34.9100    1470.56    1470.56    6.52454      0.839     0.0001 0.0000e+00
    273.000    1470.55    1470.55    606.102    273.000  1029.0060  1029.0071    34.9079    34.9093    1470.55    1470.55    6.52774      1.042     0.0004 0.0000e+00
    274.000    1470.55    1470.55    607.007    274.000  1029.0115  1029.0118    34.9083    34.9088    1470.55    1470.55    6.52914      1.126     0.0000 0.0000e+00
    275.000    1470.56    1470.56    607.905    275.000  1029.0161  1029.0166    34.9081    34.9088    1470.56    1470.56    6.52951      1.085     0.0002 0.0000e+00
    276.000    1470.55    1470.55    608.882    276.000  1029.0198  1029.0214    34.9059    34.9078    1470.54    1470.54    6.53040      0.999    -0.0005 0.0000e+00
    277.000    1470.51    1470.51    609.928    277.000  1029.0258  1029.0264    34.9058    34.9066    1470.51    1470.51    6.53548      0.948     0.0001 0.0000e+00
    278.000    1470.51    1470.51    611.010    278.000  1029.0304  1029.0311    34.9051    34.9061    1470.51    1470.51    6.53916      0.954     0.0002 0.0000e+00
    279.000    1470.50    1470.50    612.041    279.000  1029.0354  1029.0360    34.9048    34.9056    1470.50    1470.50    6.54039      1.008     0.0000 0.0000e+00
    280.000    1470.51    1470.51    613.019    280.000  1029.0403  1029.0406    34.9048    34.9053    1470.51    1470.51    6.54040      1.031    -0.0000 0.0000e+00
    281.000    1470.52    1470.52    614.004    281.000  1029.0450  1029.0454    34.9048    34.9052    1470.52    1470.52    6.54139      1.020    -0.0000 0.0000e+00
    282.000    1470.54    1470.54    615.006    282.000  1029.0497  1029.0500    34.9047    34.9052    1470.54    1470.54    6.54148      0.999    -0.0000 0.0000e+00
    283.000    1470.56    1470.56    616.024    283.000  1029.0546  1029.0549    34.9051    34.9056    1470.56    1470.56    6.54198      0.995     0.0000 0.0000e+00
    284.000    1470.58    1470.59    617.037    284.000  1029.0592  1029.0597    34.9054    34.9059    1470.58    1470.59    6.54186      0.998     0.0002 0.0000e+00
    285.000    1470.61    1470.61    618.058    285.000  1029.0642  1029.0645    34.9058    34.9063    1470.61    1470.61    6.53911      0.969    -0.0000 0.0000e+00
    286.000    1470.63    1470.63    619.112    286.000  1029.0687  1029.0692    34.9058    34.9065    1470.63    1470.63    6.53946      0.964     0.0000 0.0000e+00
    287.000    1470.65    1470.65    620.165    287.000  1029.0734  1029.0739    34.9059    34.9064    1470.65    1470.65    6.53942      0.916     0.0002 0.0000e+00
    288.000    1470.66    1470.66    621.375    288.000  1029.0781  1029.0786    34.9059    34.9066    1470.66    1470.66    6.54257      0.780    -0.0000 0.0000e+00
    289.000    1470.67    1470.68    622.687    289.000  1029.0826  1029.0833    34.9055    34.9064    1470.67    1470.68    6.54710      0.867     0.0002 0.0000e+00
    290.000    1470.68    1470.68    623.696    290.000  1029.0874  1029.0880    34.9052    34.9059    1470.68    1470.68    6.54902      1.164    -0.0001 0.0000e+00
    291.000    1470.68    1470.68    624.472    291.000  1029.0922  1029.0928    34.9050    34.9058    1470.68    1470.68    6.54720      1.367    -0.0000 0.0000e+00
    292.000    1470.70    1470.70    625.181    292.000  1029.0970  1029.0975    34.9051    34.9057    1470.70    1470.70    6.54665      1.371     0.0000 0.0000e+00
    293.000    1470.71    1470.71    625.961    293.000  1029.1017  1029.1022    34.9050    34.9055    1470.71    1470.71    6.54435      1.143     0.0000 0.0000e+00
    294.000    1470.72    1470.72    627.053    294.000  1029.1064  1029.1069    34.9049    34.9054    1470.72    1470.72    6.54791      0.849     0.0001 0.0000e+00
    295.000    1470.72    1470.72    628.277    295.000  1029.1112  1029.1117    34.9044    34.9050    1470.72    1470.72    6.55072      0.902    -0.0001 0.0000e+00
    296.000    1470.72    1470.72    629.297    296.000  1029.1160  1029.1166    34.9041    34.9048    1470.72    1470.72    6.55190      1.050    -0.0001 0.0000e+00
    297.000    1470.74    1470.74    630.226    297.000  1029.1207  1029.1212    34.9042    34.9048    1470.74    1470.74    6.55270      1.041     0.0001 0.0000e+00
    298.000    1470.75    1470.75    631.263    298.000  1029.1255  1029.1259    34.9042    34.9047    1470.75    1470.75    6.55215      0.919     0.0000 0.0000e+00
