Ship_data/Irminger/Irminger-2/ctd/process/dat30_012.cnv
* Sea-Bird SBE 9 Data File:
* FileName = C:\data\ctd\at30_012.hdr
* Software Version Seasave V 7.21f
* Temperature SN = 2265
* Conductivity SN = 3021
* Number of Bytes Per Scan = 40
* Number of Voltage Words = 5
* Number of Scans Averaged by the Deck Unit = 1
* NMEA Latitude = 59 59.98 N
* NMEA Longitude = 039 28.96 W
* NMEA UTC (Time) = Aug 23 2015  16:50:38
** Cal/Val for HYPM-2
# nquan = 36
# nvalues = 2646                        
# units = specified
# name 0 = timeS: Time, Elapsed [seconds]
# name 1 = longitude: Longitude [deg]
# name 2 = latitude: Latitude [deg]
# name 3 = depSM: Depth [salt water, m]
# name 4 = prDM: Pressure, Digiquartz [db]
# name 5 = t090C: Temperature [ITS-90, deg C]
# name 6 = t190C: Temperature, 2 [ITS-90, deg C]
# name 7 = c0S/m: Conductivity [S/m]
# name 8 = c1S/m: Conductivity, 2 [S/m]
# name 9 = CStarTr0: Beam Transmission, WET Labs C-Star [%]
# name 10 = flECO-AFL: Fluorescence, WET Labs ECO-AFL/FL [mg/m^3]
# name 11 = sbeox0V: Oxygen raw, SBE 43 [V]
# name 12 = altM: Altimeter [m]
# name 13 = nbf: Bottles Fired
# name 14 = density00: Density [density, Kg/m^3]
# name 15 = density11: Density, 2 [density, Kg/m^3]
# name 16 = sal00: Salinity, Practical [PSU]
# name 17 = sal11: Salinity, Practical, 2 [PSU]
# name 18 = svCM: Sound Velocity [Chen-Millero, m/s]
# name 19 = svCM1: Sound Velocity, 2 [Chen-Millero, m/s]
# name 20 = timeS: Time, Elapsed [seconds]
# name 21 = sbeox0ML/L: Oxygen, SBE 43 [ml/l]
# name 22 = sbeox0PS: Oxygen, SBE 43 [% saturation]
# name 23 = dz/dtM: Descent Rate [m/s]
# name 24 = T2-T190C: Temperature Difference, 2 - 1 [ITS-90, deg C]
# name 25 = depSM: Depth [salt water, m], lat = 59.9997
# name 26 = density00: Density [density, Kg/m^3]
# name 27 = density11: Density, 2 [density, Kg/m^3]
# name 28 = sal00: Salinity, Practical [PSU]
# name 29 = sal11: Salinity, Practical, 2 [PSU]
# name 30 = svCM: Sound Velocity [Chen-Millero, m/s]
# name 31 = svCM1: Sound Velocity, 2 [Chen-Millero, m/s]
# name 32 = sbeox0ML/L: Oxygen, SBE 43 [ml/l], WS = 2
# name 33 = dz/dtM: Descent Rate [m/s], WS = 2
# name 34 = T2-T190C: Temperature Difference, 2 - 1 [ITS-90, deg C]
# name 35 = flag: flag
# span 0 =     44.566,   3224.033       
# span 1 =  -39.48470,  -39.48252       
# span 2 =   59.99962,   60.00052       
# span 3 =      7.000,   2652.000       
# span 4 =      7.067,   2694.399       
# span 5 =     1.3173,     8.4998       
# span 6 =     1.3178,     8.5001       
# span 7 =   3.123007,   3.658136       
# span 8 =   3.123089,   3.658109       
# span 9 =    92.4950,    97.7881       
# span 10 =    -0.0818,     1.8353      
# span 11 =     1.6948,     2.5159      
# span 12 =       8.44,     100.23      
# span 13 =          0,          0      
# span 14 =  1027.1449,  1040.3141      
# span 15 =  1027.1442,  1040.3136      
# span 16 =    34.8337,    34.9553      
# span 17 =    34.8335,    34.9566      
# span 18 =    1470.39,    1501.01      
# span 19 =    1470.39,    1501.00      
# span 20 =     44.566,   3224.033      
# span 21 =    6.00224,    6.85173      
# span 22 =   81.34754,  101.05976      
# span 23 =      0.014,      1.742      
# span 24 =    -0.0197,     0.1179      
# span 25 =      7.000,   2652.000      
# span 26 =  1027.1449,  1040.3141      
# span 27 =  1027.1443,  1040.3137      
# span 28 =    34.8274,    34.9557      
# span 29 =    34.8265,    34.9565      
# span 30 =    1470.38,    1501.01      
# span 31 =    1470.38,    1501.00      
# span 32 =    6.00000,    6.85558      
# span 33 =     -0.445,      1.744      
# span 34 =    -0.0197,     0.1179      
# span 35 = 0.0000e+00, 0.0000e+00      
# interval = meters: 1                  
# start_time = Aug 23 2015 16:50:38 [NMEA time, header]
# bad_flag = -9.990e-29
*END*
[from data line 323]
    653.350  -39.48286   59.99974    330.000    333.410     4.0213     4.0215   3.265902   3.265970    97.6614    -0.0575     2.1939      98.71          0  1029.2686  1029.2690    34.9216    34.9222    1472.07    1472.07    653.350    6.42106   88.62977      1.271     0.0002    330.000  1029.2682  1029.2687    34.9212    34.9217    1472.07    1472.07    6.41398      1.156     0.0002 0.0000e+00
    654.316  -39.48286   59.99974    331.000    334.421     4.0190     4.0193   3.265729   3.265801    97.6550    -0.0425     2.1933      98.72          0  1029.2733  1029.2737    34.9213    34.9218    1472.08    1472.08    654.316    6.42068   88.61955      1.153     0.0003    331.000  1029.2729  1029.2734    34.9209    34.9215    1472.08    1472.08    6.41290      0.925     0.0003 0.0000e+00
    655.663  -39.48286   59.99974    332.000    335.432     4.0173     4.0176   3.265601   3.265674    97.6568    -0.0396     2.1941      98.72          0  1029.2781  1029.2784    34.9212    34.9217    1472.09    1472.09    655.663    6.41557   88.54516      0.835     0.0004    332.000  1029.2777  1029.2781    34.9207    34.9212    1472.09    1472.09    6.41698      0.685     0.0004 0.0000e+00
    657.111  -39.48286   59.99976    333.000    336.443     4.0145     4.0146   3.265394   3.265427    97.6617    -0.0561     2.1946      98.71          0  1029.2830  1029.2832    34.9210    34.9214    1472.09    1472.09    657.111    6.41756   88.56662      0.663     0.0001    333.000  1029.2826  1029.2828    34.9207    34.9210    1472.09    1472.09    6.42018      0.840     0.0001 0.0000e+00
    658.124  -39.48286   59.99976    334.000    337.454     4.0150     4.0147   3.265484   3.265494    97.6598    -0.0514     2.1946      98.72          0  1029.2875  1029.2878    34.9210    34.9214    1472.11    1472.11    658.124    6.41906   88.58836      0.857    -0.0003    334.000  1029.2872  1029.2876    34.9207    34.9211    1472.11    1472.11    6.42084      1.133    -0.0003 0.0000e+00
    658.932  -39.48286   59.99976    335.000    338.466     4.0145     4.0144   3.265494   3.265499    97.6475    -0.0521     2.1945      98.71          0  1029.2922  1029.2924    34.9210    34.9212    1472.13    1472.12    658.932    6.42222   88.63096      1.085    -0.0002    335.000  1029.2921  1029.2922    34.9208    34.9210    1472.13    1472.12    6.42148      1.317    -0.0002 0.0000e+00
    659.666  -39.48286   59.99976    336.000    339.477     4.0124     4.0120   3.265284   3.265316    97.6750    -0.0516     2.1934      98.72          0  1029.2970  1029.2976    34.9207    34.9215    1472.13    1472.13    659.666    6.42314   88.63875      1.273    -0.0004    336.000  1029.2964  1029.2970    34.9201    34.9208    1472.13    1472.13    6.41847      1.334    -0.0004 0.0000e+00
    660.451  -39.48286   59.99976    337.000    340.488     4.0108     4.0107   3.265221   3.265239    97.6732    -0.0523     2.1924      98.71          0  1029.3018  1029.3021    34.9207    34.9211    1472.14    1472.14    660.451    6.42426   88.65099      1.341    -0.0002    337.000  1029.3015  1029.3019    34.9204    34.9208    1472.14    1472.14    6.41573      1.165    -0.0002 0.0000e+00
    661.488  -39.48288   59.99976    338.000    341.499     4.0103     4.0100   3.265205   3.265218    97.6603    -0.0584     2.1931      98.72          0  1029.3064  1029.3068    34.9206    34.9210    1472.16    1472.16    661.488    6.42184   88.61636      1.142    -0.0002    338.000  1029.3062  1029.3065    34.9202    34.9206    1472.16    1472.16    6.41953      0.859    -0.0002 0.0000e+00
    662.847  -39.48288   59.99976    339.000    342.510     4.0080     4.0080   3.265008   3.265046    97.6570    -0.0547     2.1933      98.71          0  1029.3112  1029.3114    34.9203    34.9207    1472.16    1472.16    662.847    6.41902   88.57234      0.789     0.0000    339.000  1029.3107  1029.3110    34.9198    34.9202    1472.16    1472.16    6.42151      0.725     0.0000 0.0000e+00
    664.206  -39.48288   59.99976    340.000    343.521     4.0042     4.0043   3.264694   3.264731    97.6529    -0.0574     2.1935      98.71          0  1029.3160  1029.3164    34.9201    34.9205    1472.16    1472.16    664.206    6.42338   88.62424      0.730     0.0001    340.000  1029.3157  1029.3159    34.9196    34.9199    1472.16    1472.16    6.42365      0.790     0.0001 0.0000e+00
    665.397  -39.48288   59.99976    341.000    344.533     4.0020     4.0020   3.264536   3.264569    97.6635    -0.0517     2.1940      98.72          0  1029.3208  1029.3213    34.9199    34.9204    1472.17    1472.17    665.397    6.42473   88.63814      0.809    -0.0001    341.000  1029.3204  1029.3208    34.9194    34.9199    1472.17    1472.17    6.42690      0.933    -0.0001 0.0000e+00
    666.386  -39.48288   59.99976    342.000    345.544     3.9992     3.9992   3.264284   3.264342    97.6728    -0.0512     2.1940      98.71          0  1029.3257  1029.3262    34.9197    34.9203    1472.18    1472.18    666.386    6.42654   88.65681      0.936     0.0000    342.000  1029.3251  1029.3256    34.9190    34.9196    1472.17    1472.18    6.42814      1.118     0.0000 0.0000e+00
    667.223  -39.48288   59.99976    343.000    346.555     3.9964     3.9962   3.264079   3.264091    97.6656    -0.0585     2.1935      98.71          0  1029.3304  1029.3308    34.9194    34.9199    1472.18    1472.18    667.223    6.42907   88.68562      1.090    -0.0002    343.000  1029.3300  1029.3303    34.9189    34.9193    1472.18    1472.18    6.42765      1.269    -0.0002 0.0000e+00
    667.990  -39.48288   59.99976    344.000    347.566     3.9957     3.9953   3.264060   3.264051    97.6670    -0.0581     2.1934      98.72          0  1029.3351  1029.3354    34.9194    34.9197    1472.19    1472.19    667.990    6.43058   88.70499      1.234    -0.0005    344.000  1029.3347  1029.3351    34.9188    34.9192    1472.19    1472.19    6.42808      1.347    -0.0005 0.0000e+00
    668.725  -39.48288   59.99976    345.000    348.577     3.9944     3.9942   3.263974   3.263984    97.6725    -0.0545     2.1934      98.72          0  1029.3398  1029.3401    34.9192    34.9195    1472.20    1472.20    668.725    6.43209   88.72285      1.332    -0.0002    345.000  1029.3395  1029.3397    34.9187    34.9190    1472.20    1472.20    6.42918      1.331    -0.0002 0.0000e+00
    669.518  -39.48289   59.99976    346.000    349.589     3.9940     3.9939   3.263995   3.264014    97.6726    -0.0452     2.1933      98.72          0  1029.3446  1029.3447    34.9192    34.9195    1472.22    1472.22    669.518    6.43030   88.69734      1.340    -0.0001    346.000  1029.3442  1029.3445    34.9188    34.9191    1472.22    1472.22    6.42988      1.193    -0.0001 0.0000e+00
    670.455  -39.48290   59.99976    347.000    350.600     3.9919     3.9918   3.263811   3.263855    97.6617    -0.0509     2.1925      98.72          0  1029.3492  1029.3497    34.9189    34.9196    1472.23    1472.23    670.455    6.43146   88.70865      1.200    -0.0001    347.000  1029.3488  1029.3492    34.9184    34.9190    1472.23    1472.23    6.42809      0.989    -0.0001 0.0000e+00
    671.615  -39.48290   59.99976    348.000    351.611     3.9906     3.9905   3.263753   3.263767    97.6753    -0.0538     2.1921      98.71          0  1029.3540  1029.3542    34.9188    34.9192    1472.24    1472.24    671.615    6.43208   88.71444      0.954    -0.0001    348.000  1029.3536  1029.3540    34.9184    34.9188    1472.24    1472.24    6.42742      0.810    -0.0001 0.0000e+00
    672.923  -39.48290   59.99976    349.000    352.622     3.9902     3.9903   3.263755   3.263794    97.6594    -0.0556     2.1915      98.72          0  1029.3586  1029.3589    34.9187    34.9190    1472.25    1472.25    672.923    6.42887   88.66917      0.788     0.0001    349.000  1029.3583  1029.3586    34.9184    34.9187    1472.25    1472.25    6.42609      0.799     0.0001 0.0000e+00
    674.109  -39.48290   59.99976    350.000    353.634     3.9893     3.9891   3.263699   3.263731    97.6705    -0.0570     2.1911      98.71          0  1029.3633  1029.3638    34.9186    34.9192    1472.27    1472.27    674.109    6.42960   88.67713      0.814    -0.0002    350.000  1029.3629  1029.3634    34.9182    34.9187    1472.27    1472.27    6.42553      0.918    -0.0002 0.0000e+00
    675.162  -39.48290   59.99976    351.000    354.645     3.9871     3.9869   3.263546   3.263568    97.6572    -0.0538     2.1909      98.71          0  1029.3682  1029.3685    34.9186    34.9190    1472.27    1472.27    675.162    6.42765   88.64558      0.923    -0.0002    351.000  1029.3679  1029.3683    34.9182    34.9186    1472.27    1472.27    6.42619      0.963    -0.0002 0.0000e+00
    676.218  -39.48290   59.99976    352.000    355.656     3.9850     3.9852   3.263397   3.263443    97.6712    -0.0513     2.1907      98.72          0  1029.3730  1029.3733    34.9184    34.9188    1472.28    1472.28    676.218    6.42829   88.64992      0.963     0.0001    352.000  1029.3727  1029.3729    34.9180    34.9184    1472.28    1472.28    6.42648      0.953     0.0001 0.0000e+00
    677.276  -39.48290   59.99976    353.000    356.667     3.9838     3.9838   3.263336   3.263369    97.6717    -0.0567     2.1899      98.72          0  1029.3778  1029.3782    34.9184    34.9189    1472.29    1472.29    677.276    6.42842   88.64899      0.953     0.0000    353.000  1029.3776  1029.3778    34.9181    34.9184    1472.29    1472.29    6.42435      0.975     0.0000 0.0000e+00
    678.288  -39.48292   59.99978    354.000    357.679     3.9836     3.9835   3.263371   3.263380    97.6479    -0.0582     2.1897      98.71          0  1029.3824  1029.3827    34.9183    34.9186    1472.31    1472.31    678.288    6.42832   88.64727      0.976    -0.0002    354.000  1029.3822  1029.3824    34.9181    34.9184    1472.31    1472.31    6.42444      1.024    -0.0002 0.0000e+00
    679.255  -39.48292   59.99978    355.000    358.690     3.9835     3.9832   3.263380   3.263396    97.6665    -0.0589     2.1897      98.71          0  1029.3870  1029.3875    34.9182    34.9186    1472.32    1472.32    679.255    6.42631   88.61902      1.024    -0.0003    355.000  1029.3867  1029.3872    34.9178    34.9183    1472.32    1472.32    6.42551      1.057    -0.0003 0.0000e+00
    680.204  -39.48292   59.99978    356.000    359.701     3.9820     3.9821   3.263301   3.263331    97.6641    -0.0480     2.1896      98.72          0  1029.3918  1029.3921    34.9182    34.9185    1472.33    1472.34    680.204    6.42656   88.61928      1.056     0.0001    356.000  1029.3917  1029.3918    34.9180    34.9182    1472.33    1472.34    6.42621      1.038     0.0001 0.0000e+00
    681.211  -39.48292   59.99978    357.000    360.712     3.9815     3.9814   3.263292   3.263311    97.6766    -0.0496     2.1890      98.72          0  1029.3966  1029.3967    34.9182    34.9184    1472.35    1472.35    681.211    6.42770   88.63394      1.036    -0.0000    357.000  1029.3964  1029.3966    34.9178    34.9181    1472.35    1472.35    6.42485      0.985    -0.0000 0.0000e+00
    682.250  -39.48292   59.99976    358.000    361.724     3.9793     3.9792   3.263117   3.263149    97.6725    -0.0518     2.1884      98.72          0  1029.4014  1029.4017    34.9180    34.9185    1472.36    1472.36    682.250    6.42855   88.64100      0.984    -0.0001    358.000  1029.4010  1029.4014    34.9175    34.9180    1472.36    1472.36    6.42354      1.000    -0.0001 0.0000e+00
    683.228  -39.48290   59.99976    359.000    362.735     3.9762     3.9761   3.262856   3.262894    97.6621    -0.0465     2.1875      98.72          0  1029.4063  1029.4066    34.9178    34.9183    1472.36    1472.36    683.228    6.42753   88.62003      1.000    -0.0001    359.000  1029.4058  1029.4061    34.9172    34.9177    1472.36    1472.36    6.42147      1.049    -0.0001 0.0000e+00
    684.198  -39.48290   59.99978    360.000    363.746     3.9712     3.9713   3.262405   3.262465    97.6742    -0.0530     2.1871      98.71          0  1029.4111  1029.4117    34.9174    34.9181    1472.36    1472.36    684.198    6.42677   88.59869      1.049     0.0000    360.000  1029.4105  1029.4110    34.9166    34.9173    1472.35    1472.36    6.42192      1.005     0.0000 0.0000e+00
    685.250  -39.48292   59.99978    361.000    364.758     3.9671     3.9670   3.262070   3.262111    97.6626    -0.0493     2.1872      98.72          0  1029.4161  1029.4165    34.9172    34.9177    1472.35    1472.35    685.250    6.42508   88.56656      1.000    -0.0001    361.000  1029.4154  1029.4159    34.9164    34.9170    1472.35    1472.35    6.42392      0.952    -0.0001 0.0000e+00
    686.300  -39.48293   59.99978    362.000    365.769     3.9632     3.9631   3.261744   3.261779    97.6755    -0.0539     2.1872      98.71          0  1029.4210  1029.4214    34.9169    34.9174    1472.35    1472.35    686.300    6.42519   88.55940      0.952    -0.0000    362.000  1029.4204  1029.4208    34.9162    34.9167    1472.35    1472.35    6.42526      0.987    -0.0000 0.0000e+00
    687.302  -39.48294   59.99978    363.000    366.780     3.9606     3.9605   3.261543   3.261571    97.6746    -0.0533     2.1865      98.72          0  1029.4258  1029.4261    34.9167    34.9171    1472.36    1472.36    687.302    6.42687   88.57697      0.988    -0.0001    363.000  1029.4252  1029.4255    34.9160    34.9164    1472.36    1472.36    6.42383      1.018    -0.0001 0.0000e+00
    688.291  -39.48294   59.99978    364.000    367.792     3.9576     3.9577   3.261302   3.261353    97.6746    -0.0512     2.1861      98.72          0  1029.4307  1029.4310    34.9165    34.9170    1472.36    1472.36    688.291    6.42808   88.58693      1.018     0.0001    364.000  1029.4301  1029.4305    34.9158    34.9163    1472.36    1472.36    6.42365      1.030     0.0001 0.0000e+00
    689.267  -39.48294   59.99978    365.000    368.803     3.9555     3.9554   3.261135   3.261166    97.6655    -0.0608     2.1852      98.72          0  1029.4354  1029.4359    34.9163    34.9169    1472.37    1472.37    689.267    6.42667   88.56303      1.030    -0.0002    365.000  1029.4347  1029.4352    34.9155    34.9160    1472.37    1472.37    6.42164      1.021    -0.0002 0.0000e+00
    690.279  -39.48294   59.99978    366.000    369.814     3.9512     3.9511   3.260771   3.260803    97.6654    -0.0513     2.1848      98.71          0  1029.4403  1029.4407    34.9160    34.9165    1472.37    1472.37    690.279    6.42660   88.55259      1.020    -0.0001    366.000  1029.4397  1029.4401    34.9152    34.9157    1472.37    1472.37    6.42176      0.978    -0.0001 0.0000e+00
    691.334  -39.48294   59.99978    367.000    370.826     3.9492     3.9492   3.260628   3.260662    97.6738    -0.0535     2.1844      98.72          0  1029.4451  1029.4454    34.9158    34.9162    1472.38    1472.38    691.334    6.42438   88.51762      0.975    -0.0000    367.000  1029.4445  1029.4448    34.9151    34.9155    1472.38    1472.38    6.42124      0.929    -0.0000 0.0000e+00
    692.508  -39.48294   59.99978    368.000    371.837     3.9472     3.9474   3.260478   3.260533    97.6745    -0.0532     2.1836      98.71          0  1029.4498  1029.4502    34.9156    34.9160    1472.39    1472.39    692.508    6.42431   88.51219      0.907     0.0002    368.000  1029.4492  1029.4496    34.9149    34.9153    1472.38    1472.39    6.41936      0.791     0.0002 0.0000e+00
