Ship_data/Irminger/Irminger-2/ctd/process/dat30_005.cnv
* Sea-Bird SBE 9 Data File:
* FileName = C:\data\ctd\at30_005.hdr
* Software Version Seasave V 7.21f
* Temperature SN = 2265
* Conductivity SN = 3021
* Number of Bytes Per Scan = 40
* Number of Voltage Words = 5
* Number of Scans Averaged by the Deck Unit = 1
* NMEA Latitude = 59 59.33 N
* NMEA Longitude = 039 27.67 W
* NMEA UTC (Time) = Aug 14 2015  19:36:17
# nquan = 36
# nvalues = 2654                        
# units = specified
# name 0 = timeS: Time, Elapsed [seconds]
# name 1 = longitude: Longitude [deg]
# name 2 = latitude: Latitude [deg]
# name 3 = depSM: Depth [salt water, m]
# name 4 = prDM: Pressure, Digiquartz [db]
# name 5 = t090C: Temperature [ITS-90, deg C]
# name 6 = t190C: Temperature, 2 [ITS-90, deg C]
# name 7 = c0S/m: Conductivity [S/m]
# name 8 = c1S/m: Conductivity, 2 [S/m]
# name 9 = CStarTr0: Beam Transmission, WET Labs C-Star [%]
# name 10 = flECO-AFL: Fluorescence, WET Labs ECO-AFL/FL [mg/m^3]
# name 11 = sbeox0V: Oxygen raw, SBE 43 [V]
# name 12 = altM: Altimeter [m]
# name 13 = nbf: Bottles Fired
# name 14 = density00: Density [density, Kg/m^3]
# name 15 = density11: Density, 2 [density, Kg/m^3]
# name 16 = sal00: Salinity, Practical [PSU]
# name 17 = sal11: Salinity, Practical, 2 [PSU]
# name 18 = svCM: Sound Velocity [Chen-Millero, m/s]
# name 19 = svCM1: Sound Velocity, 2 [Chen-Millero, m/s]
# name 20 = timeS: Time, Elapsed [seconds]
# name 21 = sbeox0ML/L: Oxygen, SBE 43 [ml/l]
# name 22 = sbeox0PS: Oxygen, SBE 43 [% saturation]
# name 23 = dz/dtM: Descent Rate [m/s]
# name 24 = T2-T190C: Temperature Difference, 2 - 1 [ITS-90, deg C]
# name 25 = depSM: Depth [salt water, m], lat = 59.9888
# name 26 = density00: Density [density, Kg/m^3]
# name 27 = density11: Density, 2 [density, Kg/m^3]
# name 28 = sal00: Salinity, Practical [PSU]
# name 29 = sal11: Salinity, Practical, 2 [PSU]
# name 30 = svCM: Sound Velocity [Chen-Millero, m/s]
# name 31 = svCM1: Sound Velocity, 2 [Chen-Millero, m/s]
# name 32 = sbeox0ML/L: Oxygen, SBE 43 [ml/l], WS = 2
# name 33 = dz/dtM: Descent Rate [m/s], WS = 2
# name 34 = T2-T190C: Temperature Difference, 2 - 1 [ITS-90, deg C]
# name 35 = flag: flag
# span 0 =     50.580,   3328.056       
# span 1 =  -39.47345,  -39.46130       
# span 2 =   59.98893,   59.99421       
# span 3 =      8.000,   2660.999       
# span 4 =      8.076,   2703.598       
# span 5 =     1.4169,     8.5989       
# span 6 =     1.4177,     8.6154       
# span 7 =   3.133017,   3.666565       
# span 8 =   3.133057,   3.667836       
# span 9 =    92.5648,    97.4600       
# span 10 =    -0.0370,     2.2559      
# span 11 =     1.6922,     2.5529      
# span 12 =       9.23,      99.71      
# span 13 =          0,          0      
# span 14 =  1027.1355,  1040.3412      
# span 15 =  1027.1287,  1040.3407      
# span 16 =    34.8666,    35.0067      
# span 17 =    34.8664,    35.0070      
# span 18 =    1471.60,    1501.75      
# span 19 =    1471.60,    1501.75      
# span 20 =     50.580,   3328.056      
# span 21 =    6.01238,    6.94033      
# span 22 =   81.55310,  102.40530      
# span 23 =     -0.112,      1.718      
# span 24 =    -0.0859,     0.0240      
# span 25 =      8.000,   2661.000      
# span 26 =  1027.1326,  1040.3412      
# span 27 =  1027.1278,  1040.3408      
# span 28 =    34.8476,    35.0077      
# span 29 =    34.8522,    35.0084      
# span 30 =    1471.60,    1501.75      
# span 31 =    1471.60,    1501.75      
# span 32 =    6.01011,    6.94310      
# span 33 =     -0.032,      1.717      
# span 34 =    -0.0859,     0.0240      
# span 35 = 0.0000e+00, 0.0000e+00      
# interval = meters: 1                  
# start_time = Aug 14 2015 19:36:17 [NMEA time, header]
# bad_flag = -9.990e-29
*END*
[from data line 1572]
   1996.594  -39.46798   59.99184   1580.000   1601.160     3.4753     3.4755   3.272415   3.272413    97.4125    -0.0233     1.8364      98.78          0  1035.1306  1035.1304    34.9251    34.9248    1490.78    1490.78   1996.594    6.03419   82.19401      0.653     0.0002   1580.000  1035.1306  1035.1304    34.9250    34.9248    1490.78    1490.78    6.03387      0.460     0.0002 0.0000e+00
   1998.870  -39.46799   59.99184   1581.000   1602.177     3.4742     3.4743   3.272367   3.272352    97.4049    -0.0231     1.8363      98.78          0  1035.1356  1035.1354    34.9253    34.9251    1490.79    1490.79   1998.870    6.03491   82.20176      0.413     0.0001   1581.000  1035.1354  1035.1351    34.9251    34.9248    1490.79    1490.79    6.03457      0.631     0.0001 0.0000e+00
   2000.095  -39.46800   59.99184   1582.000   1603.194     3.4701     3.4705   3.272049   3.272061    97.4151    -0.0228     1.8365      98.78          0  1035.1409  1035.1406    34.9255    34.9253    1490.79    1490.80   2000.095    6.03626   82.21202      0.719     0.0004   1582.000  1035.1406  1035.1404    34.9251    34.9249    1490.79    1490.80    6.03715      0.987     0.0004 0.0000e+00
   2001.011  -39.46800   59.99184   1583.000   1604.212     3.4695     3.4702   3.272051   3.272080    97.4171    -0.0234     1.8363      98.78          0  1035.1455  1035.1450    34.9254    34.9250    1490.81    1490.81   2001.011    6.03707   82.22180      0.969     0.0007   1583.000  1035.1454  1035.1450    34.9253    34.9249    1490.81    1490.81    6.03699      1.233     0.0007 0.0000e+00
   2001.775  -39.46800   59.99184   1584.000   1605.229     3.4698     3.4703   3.272109   3.272132    97.4153    -0.0223     1.8361      98.78          0  1035.1499  1035.1497    34.9253    34.9250    1490.83    1490.83   2001.775    6.03917   82.25086      1.177     0.0006   1584.000  1035.1499  1035.1495    34.9252    34.9249    1490.83    1490.83    6.03703      1.412     0.0006 0.0000e+00
   2002.453  -39.46800   59.99184   1585.000   1606.246     3.4691     3.4697   3.272078   3.272120    97.4202    -0.0229     1.8365      98.78          0  1035.1547  1035.1544    34.9253    34.9252    1490.84    1490.84   2002.453    6.03902   82.24749      1.344     0.0006   1585.000  1035.1544  1035.1543    34.9251    34.9249    1490.84    1490.84    6.03972      1.541     0.0006 0.0000e+00
   2003.092  -39.46800   59.99184   1586.000   1607.263     3.4679     3.4685   3.272016   3.272045    97.4096    -0.0233     1.8360      98.78          0  1035.1594  1035.1592    34.9254    34.9252    1490.85    1490.86   2003.092    6.04004   82.25903      1.482     0.0006   1586.000  1035.1592  1035.1589    34.9251    34.9248    1490.85    1490.85    6.03805      1.611     0.0006 0.0000e+00
   2003.714  -39.46800   59.99184   1587.000   1608.281     3.4668     3.4672   3.271962   3.271971    97.4027    -0.0233     1.8353      98.78          0  1035.1642  1035.1638    34.9254    34.9250    1490.87    1490.87   2003.714    6.03990   82.25491      1.580     0.0004   1587.000  1035.1639  1035.1636    34.9251    34.9248    1490.87    1490.87    6.03603      1.588     0.0004 0.0000e+00
   2004.370  -39.46800   59.99184   1588.000   1609.298     3.4650     3.4656   3.271817   3.271857    97.4107    -0.0227     1.8349      98.78          0  1035.1689  1035.1688    34.9253    34.9252    1490.87    1490.88   2004.370    6.04289   82.29190      1.609     0.0006   1588.000  1035.1686  1035.1683    34.9248    34.9247    1490.87    1490.88    6.03550      1.452     0.0006 0.0000e+00
   2005.146  -39.46800   59.99184   1589.000   1610.315     3.4628     3.4633   3.271670   3.271695    97.4113    -0.0238     1.8343      98.78          0  1035.1738  1035.1736    34.9253    34.9251    1490.88    1490.88   2005.146    6.04109   82.26292      1.498     0.0005   1589.000  1035.1736  1035.1732    34.9249    34.9247    1490.88    1490.88    6.03379      1.139     0.0005 0.0000e+00
   2006.857  -39.46801   59.99185   1590.000   1611.333     3.4632     3.4644   3.271763   3.271833    97.4073    -0.0232     1.8341      98.78          0  1035.1782  1035.1777    34.9252    34.9247    1490.90    1490.91   2006.857    6.03636   82.19939      0.780     0.0012   1590.000  1035.1781  1035.1776    34.9250    34.9246    1490.90    1490.91    6.03357      0.473     0.0012 0.0000e+00
   2009.602  -39.46802   59.99186   1591.000   1612.350     3.4631     3.4638   3.271765   3.271823    97.4140    -0.0220     1.8342      98.78          0  1035.1827  1035.1826    34.9250    34.9250    1490.92    1490.92   2009.602    6.03401   82.16694      0.273     0.0007   1591.000  1035.1825  1035.1824    34.9247    34.9246    1490.92    1490.92    6.03475      0.702     0.0007 0.0000e+00
   2010.585  -39.46802   59.99186   1592.000   1613.367     3.4608     3.4614   3.271636   3.271658    97.4208    -0.0228     1.8348      98.78          0  1035.1879  1035.1875    34.9252    34.9249    1490.92    1490.93   2010.585    6.03629   82.19351      0.772     0.0006   1592.000  1035.1877  1035.1873    34.9251    34.9247    1490.92    1490.93    6.03888      1.088     0.0006 0.0000e+00
   2011.424  -39.46802   59.99186   1593.000   1614.385     3.4593     3.4594   3.271507   3.271520    97.3970    -0.0235     1.8353      98.78          0  1035.1926  1035.1925    34.9252    34.9252    1490.94    1490.94   2011.424    6.03674   82.19659      1.046     0.0002   1593.000  1035.1921  1035.1921    34.9246    34.9246    1490.93    1490.94    6.04203      1.334     0.0002 0.0000e+00
   2012.131  -39.46802   59.99186   1594.000   1615.402     3.4567     3.4571   3.271344   3.271371    97.4151    -0.0238     1.8353      98.78          0  1035.1976  1035.1975    34.9253    34.9252    1490.94    1490.94   2012.131    6.03767   82.20414      1.251     0.0004   1594.000  1035.1974  1035.1971    34.9249    34.9248    1490.94    1490.94    6.04332      1.534     0.0004 0.0000e+00
   2012.753  -39.46802   59.99186   1595.000   1616.419     3.4557     3.4562   3.271316   3.271327    97.4080    -0.0219     1.8354      98.78          0  1035.2024  1035.2020    34.9254    34.9250    1490.95    1490.96   2012.753    6.04439   82.29371      1.438     0.0005   1595.000  1035.2023  1035.2019    34.9251    34.9248    1490.95    1490.96    6.04468      1.642     0.0005 0.0000e+00
   2013.356  -39.46802   59.99186   1596.000   1617.436     3.4556     3.4561   3.271348   3.271350    97.4181    -0.0228     1.8351      98.78          0  1035.2070  1035.2067    34.9254    34.9249    1490.97    1490.97   2013.356    6.04520   82.30453      1.586     0.0005   1596.000  1035.2068  1035.2064    34.9251    34.9247    1490.97    1490.97    6.04405      1.632     0.0005 0.0000e+00
   2013.994  -39.46804   59.99186   1597.000   1618.454     3.4551     3.4557   3.271345   3.271367    97.4185    -0.0229     1.8340      98.78          0  1035.2117  1035.2113    34.9254    34.9250    1490.99    1490.99   2013.994    6.04610   82.31588      1.651     0.0006   1597.000  1035.2114  1035.2111    34.9251    34.9247    1490.99    1490.99    6.04001      1.482     0.0006 0.0000e+00
   2014.760  -39.46804   59.99186   1598.000   1619.471     3.4542     3.4547   3.271285   3.271321    97.4081    -0.0241     1.8341      98.78          0  1035.2162  1035.2162    34.9252    34.9251    1491.00    1491.00   2014.760    6.04738   82.33129      1.542     0.0005   1598.000  1035.2161  1035.2158    34.9249    34.9248    1491.00    1491.00    6.04134      1.156     0.0005 0.0000e+00
   2015.949  -39.46804   59.99186   1599.000   1620.488     3.4531     3.4537   3.271236   3.271273    97.4112    -0.0237     1.8335      98.78          0  1035.2209  1035.2207    34.9251    34.9249    1491.01    1491.01   2015.949    6.04370   82.27904      1.064     0.0006   1599.000  1035.2207  1035.2205    34.9249    34.9247    1491.01    1491.01    6.03985      0.712     0.0006 0.0000e+00
   2017.719  -39.46805   59.99188   1600.000   1621.506     3.4531     3.4532   3.271277   3.271255    97.4110    -0.0231     1.8330      98.78          0  1035.2256  1035.2252    34.9252    34.9248    1491.03    1491.03   2017.719    6.04126   82.24575      0.561     0.0001   1600.000  1035.2253  1035.2251    34.9249    34.9246    1491.03    1491.03    6.03825      0.606     0.0001 0.0000e+00
   2019.100  -39.46806   59.99188   1601.000   1622.523     3.4513     3.4518   3.271174   3.271205    97.4222    -0.0229     1.8329      98.78          0  1035.2305  1035.2303    34.9253    34.9252    1491.04    1491.04   2019.100    6.03997   82.22465      0.686     0.0005   1601.000  1035.2303  1035.2301    34.9251    34.9249    1491.04    1491.04    6.03888      0.838     0.0005 0.0000e+00
   2020.261  -39.46806   59.99186   1602.000   1623.540     3.4510     3.4515   3.271190   3.271220    97.4243    -0.0227     1.8328      98.78          0  1035.2352  1035.2350    34.9254    34.9252    1491.05    1491.06   2020.261    6.04027   82.22804      0.854     0.0005   1602.000  1035.2350  1035.2347    34.9252    34.9250    1491.05    1491.06    6.03915      0.884     0.0005 0.0000e+00
   2021.402  -39.46806   59.99188   1603.000   1624.558     3.4505     3.4511   3.271204   3.271227    97.4212    -0.0229     1.8324      98.78          0  1035.2399  1035.2396    34.9254    34.9252    1491.07    1491.07   2021.402    6.04076   82.23384      0.885     0.0005   1603.000  1035.2397  1035.2395    34.9253    34.9250    1491.07    1491.07    6.03845      0.925     0.0005 0.0000e+00
   2022.443  -39.46806   59.99188   1604.000   1625.575     3.4498     3.4504   3.271178   3.271211    97.4172    -0.0232     1.8320      98.78          0  1035.2446  1035.2443    34.9254    34.9252    1491.08    1491.08   2022.443    6.04099   82.23562      0.929     0.0006   1604.000  1035.2444  1035.2441    34.9252    34.9250    1491.08    1491.08    6.03729      1.078     0.0006 0.0000e+00
   2023.309  -39.46806   59.99188   1605.000   1626.592     3.4497     3.4502   3.271224   3.271238    97.4241    -0.0222     1.8318      98.78          0  1035.2493  1035.2489    34.9255    34.9252    1491.10    1491.10   2023.309    6.04084   82.23337      1.055     0.0005   1605.000  1035.2491  1035.2488    34.9254    34.9251    1491.10    1491.10    6.03718      1.265     0.0005 0.0000e+00
   2024.064  -39.46808   59.99188   1606.000   1627.610     3.4491     3.4495   3.271188   3.271219    97.4151    -0.0232     1.8317      98.78          0  1035.2538  1035.2538    34.9254    34.9254    1491.11    1491.12   2024.064    6.04023   82.22379      1.218     0.0004   1606.000  1035.2537  1035.2535    34.9251    34.9251    1491.11    1491.11    6.03752      1.384     0.0004 0.0000e+00
   2024.781  -39.46808   59.99188   1607.000   1628.627     3.4469     3.4473   3.271026   3.271067    97.3929    -0.0241     1.8315      98.78          0  1035.2588  1035.2587    34.9254    34.9255    1491.12    1491.12   2024.781    6.03903   82.20294      1.353     0.0005   1607.000  1035.2584  1035.2583    34.9251    34.9250    1491.12    1491.12    6.03804      1.391     0.0005 0.0000e+00
   2025.527  -39.46808   59.99188   1608.000   1629.645     3.4459     3.4464   3.271000   3.271005    97.4127    -0.0230     1.8306      98.78          0  1035.2634  1035.2631    34.9254    34.9250    1491.13    1491.14   2025.527    6.04008   82.21541      1.398     0.0005   1608.000  1035.2633  1035.2629    34.9252    34.9248    1491.13    1491.14    6.03468      1.248     0.0005 0.0000e+00
   2026.476  -39.46808   59.99188   1609.000   1630.662     3.4458     3.4464   3.271027   3.271060    97.3936    -0.0227     1.8303      98.78          0  1035.2681  1035.2677    34.9254    34.9251    1491.15    1491.15   2026.476    6.04026   82.21760      1.244     0.0007   1609.000  1035.2679  1035.2676    34.9252    34.9249    1491.15    1491.15    6.03431      0.929     0.0007 0.0000e+00
   2028.007  -39.46808   59.99188   1610.000   1631.679     3.4448     3.4454   3.270959   3.270990    97.4153    -0.0237     1.8300      98.78          0  1035.2726  1035.2723    34.9251    34.9249    1491.16    1491.17   2028.007    6.03601   82.15761      0.751     0.0006   1610.000  1035.2725  1035.2721    34.9249    34.9247    1491.16    1491.17    6.03358      0.536     0.0006 0.0000e+00
   2029.843  -39.46808   59.99188   1611.000   1632.697     3.4436     3.4439   3.270895   3.270914    97.4320    -0.0229     1.8304      98.78          0  1035.2773  1035.2772    34.9252    34.9250    1491.18    1491.18   2029.843    6.03462   82.13628      0.512     0.0004   1611.000  1035.2772  1035.2770    34.9250    34.9248    1491.17    1491.18    6.03659      0.746     0.0004 0.0000e+00
   2030.941  -39.46809   59.99189   1612.000   1633.714     3.4417     3.4422   3.270755   3.270794    97.4254    -0.0235     1.8306      98.78          0  1035.2822  1035.2820    34.9251    34.9250    1491.18    1491.19   2030.941    6.03645   82.15734      0.795     0.0005   1612.000  1035.2819  1035.2817    34.9247    34.9247    1491.18    1491.19    6.03863      1.072     0.0005 0.0000e+00
   2031.792  -39.46810   59.99190   1613.000   1634.731     3.4398     3.4405   3.270649   3.270665    97.4172    -0.0235     1.8304      98.78          0  1035.2871  1035.2866    34.9252    34.9248    1491.19    1491.20   2031.792    6.03930   82.19246      1.038     0.0006   1613.000  1035.2869  1035.2865    34.9250    34.9245    1491.19    1491.20    6.03899      1.268     0.0006 0.0000e+00
   2032.557  -39.46811   59.99190   1614.000   1635.749     3.4396     3.4401   3.270654   3.270684    97.4127    -0.0227     1.8303      98.78          0  1035.2916  1035.2913    34.9250    34.9248    1491.21    1491.21   2032.557    6.04022   82.20436      1.229     0.0005   1614.000  1035.2914  1035.2911    34.9248    34.9246    1491.21    1491.21    6.03921      1.334     0.0005 0.0000e+00
   2033.321  -39.46812   59.99190   1615.000   1636.766     3.4392     3.4396   3.270667   3.270680    97.4157    -0.0226     1.8300      98.78          0  1035.2963  1035.2959    34.9251    34.9248    1491.22    1491.23   2033.321    6.04139   82.21951      1.324     0.0005   1615.000  1035.2961  1035.2958    34.9249    34.9246    1491.22    1491.23    6.03883      1.279     0.0005 0.0000e+00
   2034.162  -39.46812   59.99190   1616.000   1637.784     3.4387     3.4392   3.270662   3.270690    97.4242    -0.0222     1.8297      98.78          0  1035.3009  1035.3007    34.9250    34.9248    1491.24    1491.24   2034.162    6.04153   82.22043      1.294     0.0005   1616.000  1035.3007  1035.3005    34.9248    34.9246    1491.24    1491.24    6.03798      1.110     0.0005 0.0000e+00
   2035.203  -39.46810   59.99190   1617.000   1638.801     3.4371     3.4377   3.270549   3.270589    97.4259    -0.0234     1.8294      98.78          0  1035.3057  1035.3054    34.9250    34.9248    1491.25    1491.25   2035.203    6.04114   82.21185      1.096     0.0006   1617.000  1035.3054  1035.3052    34.9247    34.9245    1491.25    1491.25    6.03781      0.904     0.0006 0.0000e+00
   2036.407  -39.46810   59.99190   1618.000   1639.818     3.4359     3.4363   3.270469   3.270497    97.4146    -0.0229     1.8294      98.78          0  1035.3103  1035.3102    34.9248    34.9248    1491.26    1491.26   2036.407    6.03948   82.18671      0.875     0.0004   1618.000  1035.3101  1035.3099    34.9245    34.9244    1491.26    1491.26    6.03884      0.845     0.0004 0.0000e+00
   2037.578  -39.46811   59.99190   1619.000   1640.836     3.4326     3.4329   3.270211   3.270224    97.4196    -0.0230     1.8295      98.78          0  1035.3153  1035.3151    34.9249    34.9246    1491.26    1491.27   2037.578    6.04030   82.19118      0.850     0.0004   1619.000  1035.3151  1035.3148    34.9245    34.9242    1491.26    1491.27    6.04049      0.903     0.0004 0.0000e+00
