Ship_data/Irminger/Irminger-2/ctd/process/dat30_005.cnv
* Sea-Bird SBE 9 Data File:
* FileName = C:\data\ctd\at30_005.hdr
* Software Version Seasave V 7.21f
* Temperature SN = 2265
* Conductivity SN = 3021
* Number of Bytes Per Scan = 40
* Number of Voltage Words = 5
* Number of Scans Averaged by the Deck Unit = 1
* NMEA Latitude = 59 59.33 N
* NMEA Longitude = 039 27.67 W
* NMEA UTC (Time) = Aug 14 2015  19:36:17
# nquan = 36
# nvalues = 2654                        
# units = specified
# name 0 = timeS: Time, Elapsed [seconds]
# name 1 = longitude: Longitude [deg]
# name 2 = latitude: Latitude [deg]
# name 3 = depSM: Depth [salt water, m]
# name 4 = prDM: Pressure, Digiquartz [db]
# name 5 = t090C: Temperature [ITS-90, deg C]
# name 6 = t190C: Temperature, 2 [ITS-90, deg C]
# name 7 = c0S/m: Conductivity [S/m]
# name 8 = c1S/m: Conductivity, 2 [S/m]
# name 9 = CStarTr0: Beam Transmission, WET Labs C-Star [%]
# name 10 = flECO-AFL: Fluorescence, WET Labs ECO-AFL/FL [mg/m^3]
# name 11 = sbeox0V: Oxygen raw, SBE 43 [V]
# name 12 = altM: Altimeter [m]
# name 13 = nbf: Bottles Fired
# name 14 = density00: Density [density, Kg/m^3]
# name 15 = density11: Density, 2 [density, Kg/m^3]
# name 16 = sal00: Salinity, Practical [PSU]
# name 17 = sal11: Salinity, Practical, 2 [PSU]
# name 18 = svCM: Sound Velocity [Chen-Millero, m/s]
# name 19 = svCM1: Sound Velocity, 2 [Chen-Millero, m/s]
# name 20 = timeS: Time, Elapsed [seconds]
# name 21 = sbeox0ML/L: Oxygen, SBE 43 [ml/l]
# name 22 = sbeox0PS: Oxygen, SBE 43 [% saturation]
# name 23 = dz/dtM: Descent Rate [m/s]
# name 24 = T2-T190C: Temperature Difference, 2 - 1 [ITS-90, deg C]
# name 25 = depSM: Depth [salt water, m], lat = 59.9888
# name 26 = density00: Density [density, Kg/m^3]
# name 27 = density11: Density, 2 [density, Kg/m^3]
# name 28 = sal00: Salinity, Practical [PSU]
# name 29 = sal11: Salinity, Practical, 2 [PSU]
# name 30 = svCM: Sound Velocity [Chen-Millero, m/s]
# name 31 = svCM1: Sound Velocity, 2 [Chen-Millero, m/s]
# name 32 = sbeox0ML/L: Oxygen, SBE 43 [ml/l], WS = 2
# name 33 = dz/dtM: Descent Rate [m/s], WS = 2
# name 34 = T2-T190C: Temperature Difference, 2 - 1 [ITS-90, deg C]
# name 35 = flag: flag
# span 0 =     50.580,   3328.056       
# span 1 =  -39.47345,  -39.46130       
# span 2 =   59.98893,   59.99421       
# span 3 =      8.000,   2660.999       
# span 4 =      8.076,   2703.598       
# span 5 =     1.4169,     8.5989       
# span 6 =     1.4177,     8.6154       
# span 7 =   3.133017,   3.666565       
# span 8 =   3.133057,   3.667836       
# span 9 =    92.5648,    97.4600       
# span 10 =    -0.0370,     2.2559      
# span 11 =     1.6922,     2.5529      
# span 12 =       9.23,      99.71      
# span 13 =          0,          0      
# span 14 =  1027.1355,  1040.3412      
# span 15 =  1027.1287,  1040.3407      
# span 16 =    34.8666,    35.0067      
# span 17 =    34.8664,    35.0070      
# span 18 =    1471.60,    1501.75      
# span 19 =    1471.60,    1501.75      
# span 20 =     50.580,   3328.056      
# span 21 =    6.01238,    6.94033      
# span 22 =   81.55310,  102.40530      
# span 23 =     -0.112,      1.718      
# span 24 =    -0.0859,     0.0240      
# span 25 =      8.000,   2661.000      
# span 26 =  1027.1326,  1040.3412      
# span 27 =  1027.1278,  1040.3408      
# span 28 =    34.8476,    35.0077      
# span 29 =    34.8522,    35.0084      
# span 30 =    1471.60,    1501.75      
# span 31 =    1471.60,    1501.75      
# span 32 =    6.01011,    6.94310      
# span 33 =     -0.032,      1.717      
# span 34 =    -0.0859,     0.0240      
# span 35 = 0.0000e+00, 0.0000e+00      
# interval = meters: 1                  
# start_time = Aug 14 2015 19:36:17 [NMEA time, header]
# bad_flag = -9.990e-29
*END*
[from data line 686]
   1087.945  -39.46504   59.99058    694.000    701.792     3.7600     3.7603   3.257234   3.257278    97.3723    -0.0173     2.1311      98.78          0  1030.9797  1030.9799    34.9003    34.9006    1477.01    1477.02   1087.945    6.52257   89.44963      0.978     0.0003    694.000  1030.9796  1030.9797    34.9002    34.9005    1477.01    1477.02    6.52263      0.830     0.0003 0.0000e+00
   1089.328  -39.46504   59.99058    695.000    702.804     3.7596     3.7600   3.257242   3.257289    97.3598    -0.0218     2.1311      98.78          0  1030.9844  1030.9844    34.9003    34.9004    1477.03    1477.03   1089.328    6.52270   89.45051      0.773     0.0004    695.000  1030.9843  1030.9844    34.9002    34.9003    1477.03    1477.03    6.52345      0.687     0.0004 0.0000e+00
   1090.759  -39.46504   59.99058    696.000    703.817     3.7593     3.7596   3.257259   3.257293    97.3636    -0.0219     2.1318      98.78          0  1030.9890  1030.9890    34.9003    34.9003    1477.04    1477.05   1090.759    6.52452   89.47486      0.686     0.0003    696.000  1030.9890  1030.9890    34.9002    34.9003    1477.04    1477.05    6.52740      0.821     0.0003 0.0000e+00
   1091.822  -39.46505   59.99058    697.000    704.830     3.7588     3.7590   3.257268   3.257290    97.3712    -0.0268     2.1317      98.78          0  1030.9938  1030.9939    34.9004    34.9004    1477.06    1477.06   1091.822    6.52592   89.49300      0.839     0.0002    697.000  1030.9938  1030.9938    34.9003    34.9003    1477.06    1477.06    6.52779      1.118     0.0002 0.0000e+00
   1092.630  -39.46506   59.99058    698.000    705.843     3.7588     3.7591   3.257318   3.257357    97.3010    -0.0292     2.1312      98.78          0  1030.9985  1030.9985    34.9004    34.9005    1477.08    1477.08   1092.630    6.52985   89.54697      1.069     0.0003    698.000  1030.9984  1030.9985    34.9003    34.9005    1477.08    1477.08    6.52655      1.327     0.0003 0.0000e+00
   1093.348  -39.46506   59.99058    699.000    706.856     3.7583     3.7584   3.257293   3.257342    97.3623    -0.0297     2.1304      98.78          0  1031.0032  1031.0035    34.9003    34.9007    1477.09    1477.09   1093.348    6.53065   89.55682      1.269     0.0001    699.000  1031.0029  1031.0033    34.9000    34.9005    1477.09    1477.09    6.52433      1.421     0.0001 0.0000e+00
   1094.052  -39.46506   59.99058    700.000    707.869     3.7571     3.7573   3.257237   3.257264    97.3553    -0.0222     2.1296      98.78          0  1031.0078  1031.0079    34.9002    34.9003    1477.10    1477.10   1094.052    6.52972   89.54133      1.398     0.0002    700.000  1031.0078  1031.0078    34.9001    34.9002    1477.10    1477.10    6.52225      1.390     0.0002 0.0000e+00
   1094.817  -39.46507   59.99058    701.000    708.882     3.7571     3.7575   3.257280   3.257329    97.3647    -0.0219     2.1298      98.78          0  1031.0126  1031.0126    34.9003    34.9003    1477.12    1477.12   1094.817    6.52862   89.52617      1.407     0.0004    701.000  1031.0125  1031.0126    34.9002    34.9003    1477.12    1477.12    6.52393      1.211     0.0004 0.0000e+00
   1095.816  -39.46507   59.99058    702.000    709.895     3.7567     3.7570   3.257272   3.257301    97.2758    -0.0264     2.1299      98.78          0  1031.0171  1031.0171    34.9000    34.9001    1477.13    1477.13   1095.816    6.52547   89.48209      1.194     0.0003    702.000  1031.0170  1031.0170    34.8999    34.9000    1477.13    1477.13    6.52526      0.821     0.0003 0.0000e+00
   1097.859  -39.46506   59.99058    703.000    710.908     3.7570     3.7573   3.257335   3.257371    97.3612    -0.0205     2.1316      98.78          0  1031.0215  1031.0216    34.8998    34.9000    1477.15    1477.15   1097.859    6.52676   89.50047      0.471     0.0002    703.000  1031.0215  1031.0216    34.8998    34.9000    1477.15    1477.15    6.53282      0.439     0.0002 0.0000e+00
   1099.384  -39.46508   59.99058    704.000    711.921     3.7559     3.7564   3.257287   3.257350    97.3712    -0.0226     2.1317      98.78          0  1031.0265  1031.0266    34.9000    34.9002    1477.16    1477.17   1099.384    6.53112   89.55786      0.588     0.0005    704.000  1031.0264  1031.0265    34.8999    34.9001    1477.16    1477.17    6.53419      1.072     0.0005 0.0000e+00
   1100.172  -39.46508   59.99060    705.000    712.934     3.7551     3.7550   3.257277   3.257277    97.3643    -0.0370     2.1307      98.78          0  1031.0311  1031.0314    34.8999    34.9002    1477.18    1477.18   1100.172    6.53764   89.64542      0.989    -0.0000    705.000  1031.0313  1031.0314    34.9001    34.9001    1477.18    1477.18    6.53129      1.395    -0.0000 0.0000e+00
   1100.837  -39.46509   59.99060    706.000    713.947     3.7562     3.7563   3.257419   3.257440    97.3591    -0.0281     2.1297      98.78          0  1031.0359  1031.0359    34.9002    34.9002    1477.20    1477.20   1100.837    6.53713   89.64092      1.282     0.0001    706.000  1031.0358  1031.0359    34.9001    34.9003    1477.20    1477.20    6.52766      1.529     0.0001 0.0000e+00
   1101.484  -39.46510   59.99060    707.000    714.960     3.7562     3.7566   3.257489   3.257535    97.3695    -0.0214     2.1290      98.78          0  1031.0406  1031.0406    34.9003    34.9004    1477.22    1477.22   1101.484    6.53681   89.63666      1.481     0.0004    707.000  1031.0406  1031.0408    34.9004    34.9005    1477.22    1477.22    6.52575      1.465     0.0004 0.0000e+00
   1102.246  -39.46510   59.99060    708.000    715.973     3.7567     3.7565   3.257586   3.257570    97.3651    -0.0222     2.1288      98.78          0  1031.0453  1031.0453    34.9004    34.9004    1477.23    1477.23   1102.246    6.53312   89.58721      1.493    -0.0002    708.000  1031.0453  1031.0454    34.9005    34.9005    1477.23    1477.23    6.52584      1.173    -0.0002 0.0000e+00
   1103.337  -39.46510   59.99060    709.000    716.986     3.7559     3.7560   3.257526   3.257545    97.3661    -0.0141     2.1291      98.78          0  1031.0499  1031.0500    34.9002    34.9004    1477.25    1477.25   1103.337    6.52860   89.52348      1.127     0.0001    709.000  1031.0498  1031.0498    34.9000    34.9002    1477.25    1477.25    6.52794      0.826     0.0001 0.0000e+00
   1104.680  -39.46510   59.99060    710.000    717.999     3.7527     3.7532   3.257251   3.257316    97.3644    -0.0327     2.1286      98.78          0  1031.0547  1031.0547    34.8999    34.9001    1477.25    1477.25   1104.680    6.52988   89.53392      0.771     0.0005    710.000  1031.0544  1031.0546    34.8996    34.8998    1477.25    1477.25    6.52750      0.773     0.0005 0.0000e+00
   1105.915  -39.46510   59.99060    711.000    719.012     3.7510     3.7512   3.257123   3.257157    97.3532    -0.0263     2.1288      98.78          0  1031.0593  1031.0594    34.8997    34.8998    1477.26    1477.26   1105.915    6.52861   89.51264      0.789     0.0002    711.000  1031.0591  1031.0592    34.8994    34.8996    1477.26    1477.26    6.52934      0.891     0.0002 0.0000e+00
   1106.964  -39.46510   59.99060    712.000    720.025     3.7504     3.7504   3.257121   3.257127    97.3662    -0.0201     2.1290      98.78          0  1031.0641  1031.0641    34.8997    34.8997    1477.27    1477.27   1106.964    6.53051   89.53718      0.901     0.0001    712.000  1031.0640  1031.0640    34.8995    34.8995    1477.27    1477.27    6.53119      1.010     0.0001 0.0000e+00
   1107.938  -39.46510   59.99060    713.000    721.038     3.7489     3.7487   3.256984   3.257010    97.3650    -0.0193     2.1280      98.78          0  1031.0686  1031.0691    34.8994    34.8998    1477.28    1477.28   1107.938    6.53111   89.54202      1.009    -0.0002    713.000  1031.0684  1031.0687    34.8990    34.8995    1477.28    1477.28    6.52847      1.043    -0.0002 0.0000e+00
   1108.915  -39.46511   59.99060    714.000    722.051     3.7459     3.7460   3.256740   3.256788    97.3629    -0.0200     2.1273      98.78          0  1031.0735  1031.0739    34.8991    34.8996    1477.29    1477.29   1108.915    6.53393   89.57402      1.042     0.0001    714.000  1031.0731  1031.0735    34.8987    34.8992    1477.29    1477.29    6.52705      1.001     0.0001 0.0000e+00
   1109.973  -39.46512   59.99060    715.000    723.064     3.7446     3.7446   3.256680   3.256698    97.3598    -0.0222     2.1276      98.78          0  1031.0782  1031.0784    34.8990    34.8992    1477.30    1477.30   1109.973    6.53095   89.53027      0.996     0.0000    715.000  1031.0780  1031.0782    34.8988    34.8990    1477.30    1477.30    6.52911      0.924     0.0000 0.0000e+00
   1111.112  -39.46512   59.99062    716.000    724.077     3.7455     3.7453   3.256835   3.256818    97.3679    -0.0226     2.1286      98.78          0  1031.0828  1031.0829    34.8991    34.8992    1477.32    1477.32   1111.112    6.52890   89.50427      0.914    -0.0002    716.000  1031.0829  1031.0829    34.8991    34.8991    1477.32    1477.32    6.53382      0.873    -0.0002 0.0000e+00
   1112.279  -39.46514   59.99062    717.000    725.090     3.7496     3.7503   3.257321   3.257377    97.3635    -0.0227     2.1292      98.78          0  1031.0874  1031.0874    34.8997    34.8997    1477.35    1477.36   1112.279    6.53130   89.54641      0.871     0.0007    717.000  1031.0878  1031.0876    34.9001    34.9000    1477.35    1477.36    6.53633      0.887     0.0007 0.0000e+00
   1113.387  -39.46514   59.99062    718.000    726.103     3.7481     3.7487   3.257138   3.257256    97.3618    -0.0222     2.1286      98.78          0  1031.0923  1031.0925    34.8997    34.9002    1477.36    1477.37   1113.387    6.53620   89.61036      0.892     0.0006    718.000  1031.0917  1031.0923    34.8989    34.8997    1477.36    1477.37    6.53532      0.960     0.0006 0.0000e+00
   1114.395  -39.46514   59.99060    719.000    727.116     3.7446     3.7450   3.256874   3.256938    97.3663    -0.0233     2.1278      98.78          0  1031.0969  1031.0973    34.8992    34.8996    1477.37    1477.37   1114.395    6.53929   89.64470      0.961     0.0004    719.000  1031.0968  1031.0970    34.8990    34.8993    1477.37    1477.37    6.53329      1.051     0.0004 0.0000e+00
   1115.320  -39.46514   59.99060    720.000    728.129     3.7426     3.7433   3.256715   3.256806    97.3625    -0.0222     2.1274      98.78          0  1031.1017  1031.1018    34.8989    34.8993    1477.37    1477.38   1115.320    6.53818   89.62498      1.047     0.0007    720.000  1031.1014  1031.1017    34.8987    34.8990    1477.37    1477.38    6.53307      1.104     0.0007 0.0000e+00
   1116.232  -39.46512   59.99060    721.000    729.142     3.7427     3.7430   3.256779   3.256823    97.3586    -0.0222     2.1277      98.78          0  1031.1062  1031.1063    34.8989    34.8991    1477.39    1477.39   1116.232    6.53639   89.60060      1.102     0.0004    721.000  1031.1062  1031.1062    34.8988    34.8990    1477.39    1477.39    6.53518      1.113     0.0004 0.0000e+00
   1117.138  -39.46514   59.99062    722.000    730.155     3.7417     3.7420   3.256708   3.256767    97.3578    -0.0219     2.1277      98.78          0  1031.1110  1031.1112    34.8988    34.8993    1477.40    1477.41   1117.138    6.53479   89.57658      1.113     0.0003    722.000  1031.1107  1031.1110    34.8985    34.8989    1477.40    1477.40    6.53614      1.139     0.0003 0.0000e+00
   1118.013  -39.46514   59.99062    723.000    731.169     3.7406     3.7405   3.256654   3.256658    97.3649    -0.0219     2.1278      98.78          0  1031.1156  1031.1158    34.8987    34.8989    1477.42    1477.41   1118.013    6.53732   89.60882      1.136    -0.0002    723.000  1031.1155  1031.1156    34.8985    34.8987    1477.42    1477.41    6.53767      1.167    -0.0002 0.0000e+00
   1118.873  -39.46515   59.99062    724.000    732.182     3.7397     3.7399   3.256610   3.256642    97.3648    -0.0226     2.1276      98.78          0  1031.1204  1031.1204    34.8987    34.8988    1477.43    1477.43   1118.873    6.53808   89.61704      1.164     0.0003    724.000  1031.1202  1031.1202    34.8984    34.8985    1477.43    1477.43    6.53797      1.160     0.0003 0.0000e+00
   1119.771  -39.46516   59.99062    725.000    733.195     3.7400     3.7402   3.256683   3.256717    97.3531    -0.0222     2.1276      98.78          0  1031.1249  1031.1250    34.8985    34.8987    1477.45    1477.45   1119.771    6.53993   89.64312      1.162     0.0002    725.000  1031.1248  1031.1250    34.8984    34.8986    1477.45    1477.45    6.53856      1.054     0.0002 0.0000e+00
   1120.894  -39.46517   59.99062    726.000    734.208     3.7398     3.7400   3.256711   3.256730    97.3617    -0.0229     2.1275      98.78          0  1031.1295  1031.1296    34.8985    34.8986    1477.46    1477.46   1120.894    6.54016   89.64592      1.013     0.0001    726.000  1031.1294  1031.1295    34.8984    34.8985    1477.46    1477.46    6.53897      0.750     0.0001 0.0000e+00
   1122.739  -39.46517   59.99062    727.000    735.221     3.7406     3.7405   3.256826   3.256819    97.3556    -0.0225     2.1285      98.78          0  1031.1340  1031.1340    34.8984    34.8985    1477.48    1477.48   1122.739    6.53969   89.64111      0.555    -0.0001    727.000  1031.1340  1031.1340    34.8984    34.8984    1477.48    1477.48    6.54390      0.517    -0.0001 0.0000e+00
   1124.346  -39.46516   59.99062    728.000    736.234     3.7411     3.7415   3.256940   3.256980    97.3559    -0.0227     2.1292      98.78          0  1031.1388  1031.1388    34.8987    34.8987    1477.50    1477.50   1124.346    6.54423   89.70460      0.591     0.0004    728.000  1031.1388  1031.1388    34.8987    34.8988    1477.50    1477.50    6.54766      0.868     0.0004 0.0000e+00
   1125.322  -39.46516   59.99062    729.000    737.247     3.7410     3.7412   3.256972   3.257007    97.3654    -0.0226     2.1286      98.78          0  1031.1434  1031.1438    34.8986    34.8991    1477.52    1477.52   1125.322    6.54688   89.74059      0.871     0.0002    729.000  1031.1434  1031.1436    34.8987    34.8989    1477.52    1477.52    6.54592      1.185     0.0002 0.0000e+00
   1126.091  -39.46516   59.99062    730.000    738.260     3.7413     3.7420   3.257051   3.257134    97.3522    -0.0226     2.1276      98.78          0  1031.1482  1031.1482    34.8988    34.8989    1477.54    1477.54   1126.091    6.54996   89.78362      1.121     0.0007    730.000  1031.1482  1031.1483    34.8988    34.8990    1477.54    1477.54    6.54265      1.353     0.0007 0.0000e+00
   1126.806  -39.46517   59.99062    731.000    739.273     3.7415     3.7415   3.257124   3.257134    97.3627    -0.0223     2.1268      98.78          0  1031.1528  1031.1528    34.8988    34.8989    1477.55    1477.55   1126.806    6.54798   89.75689      1.304     0.0001    731.000  1031.1530  1031.1530    34.8989    34.8990    1477.55    1477.55    6.54022      1.403     0.0001 0.0000e+00
   1127.536  -39.46518   59.99062    732.000    740.286     3.7416     3.7419   3.257175   3.257211    97.3600    -0.0223     2.1258      98.78          0  1031.1575  1031.1576    34.8989    34.8990    1477.57    1477.57   1127.536    6.54843   89.76343      1.398     0.0003    732.000  1031.1575  1031.1575    34.8988    34.8990    1477.57    1477.57    6.53714      1.348     0.0003 0.0000e+00
