Ship_data/Irminger/Irminger-2/ctd/process/dat30_012.cnv
* Sea-Bird SBE 9 Data File:
* FileName = C:\data\ctd\at30_012.hdr
* Software Version Seasave V 7.21f
* Temperature SN = 2265
* Conductivity SN = 3021
* Number of Bytes Per Scan = 40
* Number of Voltage Words = 5
* Number of Scans Averaged by the Deck Unit = 1
* NMEA Latitude = 59 59.98 N
* NMEA Longitude = 039 28.96 W
* NMEA UTC (Time) = Aug 23 2015  16:50:38
** Cal/Val for HYPM-2
# nquan = 36
# nvalues = 2646                        
# units = specified
# name 0 = timeS: Time, Elapsed [seconds]
# name 1 = longitude: Longitude [deg]
# name 2 = latitude: Latitude [deg]
# name 3 = depSM: Depth [salt water, m]
# name 4 = prDM: Pressure, Digiquartz [db]
# name 5 = t090C: Temperature [ITS-90, deg C]
# name 6 = t190C: Temperature, 2 [ITS-90, deg C]
# name 7 = c0S/m: Conductivity [S/m]
# name 8 = c1S/m: Conductivity, 2 [S/m]
# name 9 = CStarTr0: Beam Transmission, WET Labs C-Star [%]
# name 10 = flECO-AFL: Fluorescence, WET Labs ECO-AFL/FL [mg/m^3]
# name 11 = sbeox0V: Oxygen raw, SBE 43 [V]
# name 12 = altM: Altimeter [m]
# name 13 = nbf: Bottles Fired
# name 14 = density00: Density [density, Kg/m^3]
# name 15 = density11: Density, 2 [density, Kg/m^3]
# name 16 = sal00: Salinity, Practical [PSU]
# name 17 = sal11: Salinity, Practical, 2 [PSU]
# name 18 = svCM: Sound Velocity [Chen-Millero, m/s]
# name 19 = svCM1: Sound Velocity, 2 [Chen-Millero, m/s]
# name 20 = timeS: Time, Elapsed [seconds]
# name 21 = sbeox0ML/L: Oxygen, SBE 43 [ml/l]
# name 22 = sbeox0PS: Oxygen, SBE 43 [% saturation]
# name 23 = dz/dtM: Descent Rate [m/s]
# name 24 = T2-T190C: Temperature Difference, 2 - 1 [ITS-90, deg C]
# name 25 = depSM: Depth [salt water, m], lat = 59.9997
# name 26 = density00: Density [density, Kg/m^3]
# name 27 = density11: Density, 2 [density, Kg/m^3]
# name 28 = sal00: Salinity, Practical [PSU]
# name 29 = sal11: Salinity, Practical, 2 [PSU]
# name 30 = svCM: Sound Velocity [Chen-Millero, m/s]
# name 31 = svCM1: Sound Velocity, 2 [Chen-Millero, m/s]
# name 32 = sbeox0ML/L: Oxygen, SBE 43 [ml/l], WS = 2
# name 33 = dz/dtM: Descent Rate [m/s], WS = 2
# name 34 = T2-T190C: Temperature Difference, 2 - 1 [ITS-90, deg C]
# name 35 = flag: flag
# span 0 =     44.566,   3224.033       
# span 1 =  -39.48470,  -39.48252       
# span 2 =   59.99962,   60.00052       
# span 3 =      7.000,   2652.000       
# span 4 =      7.067,   2694.399       
# span 5 =     1.3173,     8.4998       
# span 6 =     1.3178,     8.5001       
# span 7 =   3.123007,   3.658136       
# span 8 =   3.123089,   3.658109       
# span 9 =    92.4950,    97.7881       
# span 10 =    -0.0818,     1.8353      
# span 11 =     1.6948,     2.5159      
# span 12 =       8.44,     100.23      
# span 13 =          0,          0      
# span 14 =  1027.1449,  1040.3141      
# span 15 =  1027.1442,  1040.3136      
# span 16 =    34.8337,    34.9553      
# span 17 =    34.8335,    34.9566      
# span 18 =    1470.39,    1501.01      
# span 19 =    1470.39,    1501.00      
# span 20 =     44.566,   3224.033      
# span 21 =    6.00224,    6.85173      
# span 22 =   81.34754,  101.05976      
# span 23 =      0.014,      1.742      
# span 24 =    -0.0197,     0.1179      
# span 25 =      7.000,   2652.000      
# span 26 =  1027.1449,  1040.3141      
# span 27 =  1027.1443,  1040.3137      
# span 28 =    34.8274,    34.9557      
# span 29 =    34.8265,    34.9565      
# span 30 =    1470.38,    1501.01      
# span 31 =    1470.38,    1501.00      
# span 32 =    6.00000,    6.85558      
# span 33 =     -0.445,      1.744      
# span 34 =    -0.0197,     0.1179      
# span 35 = 0.0000e+00, 0.0000e+00      
# interval = meters: 1                  
# start_time = Aug 23 2015 16:50:38 [NMEA time, header]
# bad_flag = -9.990e-29
*END*
[from data line 404]
    735.769  -39.48302   59.99982    411.000    415.329     3.8444     3.8442   3.252459   3.252458    97.6738    -0.0470     2.1848      98.72          0  1029.6547  1029.6548    34.9058    34.9060    1472.66    1472.66    735.769    6.47958   89.04573      1.381    -0.0002    411.000  1029.6544  1029.6545    34.9055    34.9057    1472.66    1472.66    6.47873      0.974    -0.0002 0.0000e+00
    737.205  -39.48302   59.99982    412.000    416.340     3.8445     3.8443   3.252506   3.252511    97.6810    -0.0441     2.1860      98.72          0  1029.6592  1029.6594    34.9056    34.9059    1472.67    1472.67    737.205    6.47887   89.03606      0.827    -0.0002    412.000  1029.6589  1029.6593    34.9054    34.9057    1472.67    1472.67    6.48448      0.576    -0.0002 0.0000e+00
    739.308  -39.48302   59.99982    413.000    417.352     3.8449     3.8442   3.252579   3.252544    97.6133    -0.0596     2.1881      98.72          0  1029.6637  1029.6641    34.9056    34.9058    1472.69    1472.69    739.308    6.48554   89.12849      0.439    -0.0007    413.000  1029.6636  1029.6639    34.9054    34.9057    1472.69    1472.69    6.49347      0.538    -0.0007 0.0000e+00
    740.716  -39.48302   59.99982    414.000    418.363     3.8437     3.8438   3.252548   3.252583    97.6925    -0.0542     2.1889      98.72          0  1029.6687  1029.6689    34.9058    34.9061    1472.70    1472.71    740.716    6.49207   89.21584      0.650     0.0001    414.000  1029.6686  1029.6688    34.9057    34.9060    1472.70    1472.71    6.49740      0.941     0.0001 0.0000e+00
    741.638  -39.48302   59.99982    415.000    419.375     3.8439     3.8438   3.252614   3.252630    97.6857    -0.0506     2.1887      98.72          0  1029.6733  1029.6736    34.9058    34.9060    1472.72    1472.72    741.638    6.49747   89.29046      0.924    -0.0001    415.000  1029.6733  1029.6736    34.9057    34.9060    1472.72    1472.72    6.49768      1.237    -0.0001 0.0000e+00
    742.388  -39.48302   59.99982    416.000    420.386     3.8438     3.8438   3.252650   3.252671    97.6780    -0.0507     2.1887      98.72          0  1029.6781  1029.6783    34.9059    34.9061    1472.74    1472.74    742.388    6.49846   89.30395      1.166     0.0000    416.000  1029.6780  1029.6782    34.9057    34.9060    1472.74    1472.74    6.49829      1.426     0.0000 0.0000e+00
    743.059  -39.48304   59.99982    417.000    421.398     3.8425     3.8424   3.252540   3.252584    97.6911    -0.0446     2.1882      98.72          0  1029.6827  1029.6832    34.9057    34.9062    1472.75    1472.75    743.059    6.50070   89.33173      1.357    -0.0001    417.000  1029.6825  1029.6830    34.9053    34.9059    1472.75    1472.75    6.49770      1.484    -0.0001 0.0000e+00
    743.740  -39.48304   59.99982    418.000    422.410     3.8401     3.8401   3.252360   3.252412    97.6848    -0.0502     2.1880      98.72          0  1029.6876  1029.6881    34.9056    34.9062    1472.76    1472.76    743.740    6.50112   89.33238      1.469    -0.0000    418.000  1029.6873  1029.6877    34.9051    34.9057    1472.76    1472.76    6.49819      1.434    -0.0000 0.0000e+00
    744.475  -39.48304   59.99982    419.000    423.421     3.8357     3.8355   3.251952   3.251998    97.6709    -0.0575     2.1886      98.72          0  1029.6926  1029.6932    34.9053    34.9061    1472.75    1472.75    744.475    6.50250   89.34155      1.458    -0.0002    419.000  1029.6919  1029.6925    34.9044    34.9051    1472.75    1472.75    6.50207      1.320    -0.0002 0.0000e+00
    745.291  -39.48304   59.99982    420.000    424.433     3.8314     3.8314   3.251617   3.251654    97.6811    -0.0514     2.1887      98.72          0  1029.6975  1029.6979    34.9050    34.9055    1472.75    1472.75    745.291    6.50087   89.30965      1.347    -0.0001    420.000  1029.6970  1029.6975    34.9044    34.9049    1472.75    1472.75    6.50400      1.185    -0.0001 0.0000e+00
    746.201  -39.48304   59.99982    421.000    425.444     3.8291     3.8292   3.251436   3.251492    97.6801    -0.0509     2.1889      98.72          0  1029.7023  1029.7026    34.9047    34.9053    1472.76    1472.76    746.201    6.50493   89.36024      1.196     0.0001    421.000  1029.7018  1029.7021    34.9042    34.9047    1472.76    1472.76    6.50607      1.013     0.0001 0.0000e+00
    747.430  -39.48304   59.99982    422.000    426.456     3.8289     3.8287   3.251464   3.251460    97.6845    -0.0400     2.1896      98.72          0  1029.7068  1029.7069    34.9045    34.9047    1472.77    1472.77    747.430    6.50630   89.37857      0.942    -0.0002    422.000  1029.7065  1029.7067    34.9042    34.9044    1472.77    1472.77    6.51001      0.688    -0.0002 0.0000e+00
    749.274  -39.48304   59.99982    423.000    427.468     3.8310     3.8289   3.251699   3.251522    97.6830    -0.0549     2.1911      98.72          0  1029.7112  1029.7115    34.9045    34.9046    1472.80    1472.79    749.274    6.51041   89.43951      0.537    -0.0021    423.000  1029.7109  1029.7113    34.9042    34.9044    1472.80    1472.79    6.51599      0.575    -0.0021 0.0000e+00
    750.674  -39.48305   59.99982    424.000    428.479     3.8284     3.8284   3.251511   3.251542    97.6944    -0.0586     2.1916      98.72          0  1029.7162  1029.7164    34.9045    34.9049    1472.81    1472.81    750.674    6.51583   89.50834      0.650     0.0000    424.000  1029.7159  1029.7162    34.9042    34.9045    1472.80    1472.81    6.51925      0.974     0.0000 0.0000e+00
    751.557  -39.48306   59.99982    425.000    429.491     3.8271     3.8269   3.251436   3.251448    97.6826    -0.0589     2.1919      98.72          0  1029.7209  1029.7212    34.9045    34.9048    1472.82    1472.82    751.557    6.51913   89.55088      0.940    -0.0002    425.000  1029.7207  1029.7209    34.9041    34.9045    1472.82    1472.82    6.52176      1.287    -0.0002 0.0000e+00
    752.274  -39.48306   59.99982    426.000    430.502     3.8261     3.8259   3.251393   3.251404    97.6981    -0.0580     2.1913      98.72          0  1029.7257  1029.7261    34.9044    34.9048    1472.83    1472.83    752.274    6.52049   89.56731      1.199    -0.0002    426.000  1029.7255  1029.7258    34.9041    34.9045    1472.83    1472.83    6.52035      1.468    -0.0002 0.0000e+00
    752.931  -39.48306   59.99982    427.000    431.514     3.8256     3.8256   3.251401   3.251428    97.6802    -0.0553     2.1905      98.72          0  1029.7305  1029.7307    34.9045    34.9048    1472.84    1472.84    752.931    6.52380   89.61186      1.400    -0.0001    427.000  1029.7302  1029.7306    34.9042    34.9046    1472.84    1472.84    6.51834      1.509    -0.0001 0.0000e+00
    753.606  -39.48306   59.99982    428.000    432.526     3.8243     3.8242   3.251332   3.251357    97.6883    -0.0516     2.1896      98.72          0  1029.7354  1029.7358    34.9046    34.9051    1472.85    1472.85    753.606    6.52462   89.62032      1.508    -0.0001    428.000  1029.7351  1029.7355    34.9042    34.9047    1472.85    1472.85    6.51580      1.368    -0.0001 0.0000e+00
    754.477  -39.48306   59.99983    429.000    433.537     3.8235     3.8233   3.251292   3.251301    97.6801    -0.0649     2.1899      98.72          0  1029.7400  1029.7402    34.9044    34.9047    1472.87    1472.87    754.477    6.52295   89.59555      1.389    -0.0002    429.000  1029.7397  1029.7400    34.9041    34.9044    1472.87    1472.87    6.51803      0.965    -0.0002 0.0000e+00
    755.910  -39.48306   59.99984    430.000    434.549     3.8229     3.8230   3.251276   3.251304    97.6829    -0.0466     2.1906      98.72          0  1029.7446  1029.7448    34.9042    34.9045    1472.88    1472.88    755.910    6.51843   89.53185      0.800     0.0001    430.000  1029.7445  1029.7446    34.9040    34.9043    1472.88    1472.88    6.52152      0.649     0.0001 0.0000e+00
    757.344  -39.48306   59.99984    431.000    435.561     3.8226     3.8226   3.251300   3.251314    97.7005    -0.0629     2.1899      98.72          0  1029.7494  1029.7494    34.9043    34.9044    1472.90    1472.90    757.344    6.52181   89.57771      0.672    -0.0000    431.000  1029.7491  1029.7493    34.9041    34.9042    1472.90    1472.90    6.51985      0.818    -0.0000 0.0000e+00
    758.450  -39.48306   59.99982    432.000    436.572     3.8227     3.8227   3.251349   3.251379    97.6935    -0.0665     2.1896      98.72          0  1029.7539  1029.7542    34.9041    34.9045    1472.91    1472.91    758.450    6.52266   89.58955      0.841     0.0000    432.000  1029.7538  1029.7540    34.9040    34.9043    1472.91    1472.91    6.51961      0.983     0.0000 0.0000e+00
    759.428  -39.48306   59.99982    433.000    437.584     3.8227     3.8226   3.251395   3.251421    97.6994    -0.0597     2.1889      98.72          0  1029.7587  1029.7588    34.9042    34.9045    1472.93    1472.93    759.428    6.52179   89.57750      0.982    -0.0000    433.000  1029.7585  1029.7588    34.9041    34.9044    1472.93    1472.93    6.51768      1.054    -0.0000 0.0000e+00
    760.371  -39.48308   59.99984    434.000    438.595     3.8228     3.8228   3.251455   3.251484    97.7017    -0.0534     2.1887      98.72          0  1029.7632  1029.7635    34.9041    34.9045    1472.95    1472.95    760.371    6.52182   89.57825      1.052    -0.0000    434.000  1029.7632  1029.7634    34.9041    34.9044    1472.95    1472.95    6.51772      1.112    -0.0000 0.0000e+00
    761.245  -39.48308   59.99984    435.000    439.607     3.8223     3.8221   3.251448   3.251460    97.6966    -0.0577     2.1887      98.72          0  1029.7679  1029.7683    34.9041    34.9045    1472.96    1472.96    761.245    6.51983   89.54993      1.103    -0.0002    435.000  1029.7678  1029.7681    34.9040    34.9043    1472.96    1472.96    6.51868      1.194    -0.0002 0.0000e+00
    762.071  -39.48308   59.99984    436.000    440.619     3.8207     3.8206   3.251324   3.251355    97.6803    -0.0585     2.1886      98.72          0  1029.7727  1029.7731    34.9040    34.9044    1472.97    1472.97    762.071    6.51999   89.54842      1.179    -0.0000    436.000  1029.7725  1029.7728    34.9037    34.9041    1472.97    1472.97    6.51940      1.220    -0.0000 0.0000e+00
    762.906  -39.48306   59.99984    437.000    441.630     3.8188     3.8189   3.251197   3.251233    97.6841    -0.0570     2.1879      98.73          0  1029.7775  1029.7777    34.9038    34.9042    1472.98    1472.98    762.906    6.52118   89.56061      1.222     0.0001    437.000  1029.7772  1029.7776    34.9036    34.9040    1472.98    1472.98    6.51780      1.160     0.0001 0.0000e+00
    763.834  -39.48307   59.99984    438.000    442.642     3.8181     3.8181   3.251169   3.251201    97.6947    -0.0512     2.1883      98.72          0  1029.7821  1029.7825    34.9037    34.9042    1472.99    1472.99    763.834    6.52199   89.57010      1.164    -0.0001    438.000  1029.7820  1029.7823    34.9035    34.9039    1472.99    1472.99    6.52032      1.024    -0.0001 0.0000e+00
    764.910  -39.48308   59.99984    439.000    443.654     3.8177     3.8177   3.251183   3.251214    97.6898    -0.0536     2.1886      98.72          0  1029.7869  1029.7871    34.9037    34.9040    1473.01    1473.01    764.910    6.52047   89.54841      1.009     0.0000    439.000  1029.7867  1029.7870    34.9036    34.9039    1473.01    1473.01    6.52245      0.886     0.0000 0.0000e+00
    766.130  -39.48308   59.99984    440.000    444.666     3.8168     3.8168   3.251132   3.251159    97.6842    -0.0514     2.1879      98.72          0  1029.7915  1029.7917    34.9036    34.9039    1473.02    1473.02    766.130    6.52294   89.58012      0.863     0.0000    440.000  1029.7914  1029.7916    34.9034    34.9037    1473.02    1473.02    6.52078      0.787     0.0000 0.0000e+00
    767.506  -39.48308   59.99984    441.000    445.677     3.8162     3.8162   3.251119   3.251142    97.6904    -0.0496     2.1882      98.72          0  1029.7963  1029.7964    34.9036    34.9038    1473.04    1473.04    767.506    6.52311   89.58123      0.759     0.0000    441.000  1029.7960  1029.7963    34.9033    34.9036    1473.04    1473.04    6.52280      0.693     0.0000 0.0000e+00
    769.009  -39.48308   59.99984    442.000    446.689     3.8119     3.8120   3.250736   3.250781    97.4905    -0.0472     2.1888      98.73          0  1029.8011  1029.8014    34.9033    34.9037    1473.03    1473.03    769.009    6.52312   89.57187      0.670     0.0001    442.000  1029.8008  1029.8010    34.9028    34.9032    1473.03    1473.03    6.52711      0.744     0.0001 0.0000e+00
    770.160  -39.48308   59.99984    443.000    447.701     3.8102     3.8101   3.250649   3.250661    97.7117    -0.0510     2.1905      98.72          0  1029.8059  1029.8062    34.9032    34.9035    1473.04    1473.04    770.160    6.52767   89.63054      0.773    -0.0000    443.000  1029.8058  1029.8060    34.9030    34.9032    1473.04    1473.04    6.53467      1.088    -0.0000 0.0000e+00
    770.962  -39.48308   59.99984    444.000    448.712     3.8094     3.8094   3.250605   3.250644    97.6884    -0.0529     2.1904      98.72          0  1029.8107  1029.8110    34.9032    34.9035    1473.06    1473.06    770.962    6.52901   89.64719      1.027     0.0000    444.000  1029.8104  1029.8108    34.9028    34.9032    1473.06    1473.06    6.53555      1.378     0.0000 0.0000e+00
    771.638  -39.48308   59.99984    445.000    449.724     3.8092     3.8091   3.250648   3.250663    97.6753    -0.0512     2.1896      98.72          0  1029.8153  1029.8157    34.9031    34.9035    1473.07    1473.07    771.638    6.53346   89.70786      1.277    -0.0001    445.000  1029.8152  1029.8156    34.9030    34.9033    1473.07    1473.07    6.53310      1.534    -0.0001 0.0000e+00
    772.269  -39.48308   59.99984    446.000    450.736     3.8090     3.8088   3.250677   3.250694    97.7005    -0.0512     2.1887      98.72          0  1029.8202  1029.8204    34.9033    34.9036    1473.09    1473.09    772.269    6.53800   89.76969      1.468    -0.0001    446.000  1029.8199  1029.8203    34.9031    34.9034    1473.09    1473.09    6.53034      1.553    -0.0001 0.0000e+00
    772.933  -39.48308   59.99984    447.000    451.747     3.8082     3.8081   3.250656   3.250674    97.6980    -0.0507     2.1878      98.72          0  1029.8250  1029.8252    34.9033    34.9036    1473.10    1473.10    772.933    6.53841   89.77376      1.559    -0.0001    447.000  1029.8247  1029.8250    34.9031    34.9033    1473.10    1473.10    6.52808      1.396    -0.0001 0.0000e+00
    773.789  -39.48309   59.99984    448.000    452.759     3.8074     3.8077   3.250617   3.250666    97.6844    -0.0525     2.1883      98.72          0  1029.8296  1029.8298    34.9032    34.9034    1473.11    1473.12    773.789    6.53533   89.72968      1.421     0.0003    448.000  1029.8295  1029.8296    34.9029    34.9032    1473.11    1473.12    6.53080      0.999     0.0003 0.0000e+00
    775.170  -39.48310   59.99984    449.000    453.771     3.8067     3.8071   3.250576   3.250650    97.6821    -0.0551     2.1893      98.72          0  1029.8341  1029.8344    34.9029    34.9032    1473.13    1473.13    775.170    6.53099   89.66827      0.853     0.0005    449.000  1029.8340  1029.8342    34.9027    34.9031    1473.13    1473.13    6.53594      0.662     0.0005 0.0000e+00
