Ship_data/Irminger/Irminger-2/ctd/process/dat30_005.cnv
* Sea-Bird SBE 9 Data File:
* FileName = C:\data\ctd\at30_005.hdr
* Software Version Seasave V 7.21f
* Temperature SN = 2265
* Conductivity SN = 3021
* Number of Bytes Per Scan = 40
* Number of Voltage Words = 5
* Number of Scans Averaged by the Deck Unit = 1
* NMEA Latitude = 59 59.33 N
* NMEA Longitude = 039 27.67 W
* NMEA UTC (Time) = Aug 14 2015  19:36:17
# nquan = 36
# nvalues = 2654                        
# units = specified
# name 0 = timeS: Time, Elapsed [seconds]
# name 1 = longitude: Longitude [deg]
# name 2 = latitude: Latitude [deg]
# name 3 = depSM: Depth [salt water, m]
# name 4 = prDM: Pressure, Digiquartz [db]
# name 5 = t090C: Temperature [ITS-90, deg C]
# name 6 = t190C: Temperature, 2 [ITS-90, deg C]
# name 7 = c0S/m: Conductivity [S/m]
# name 8 = c1S/m: Conductivity, 2 [S/m]
# name 9 = CStarTr0: Beam Transmission, WET Labs C-Star [%]
# name 10 = flECO-AFL: Fluorescence, WET Labs ECO-AFL/FL [mg/m^3]
# name 11 = sbeox0V: Oxygen raw, SBE 43 [V]
# name 12 = altM: Altimeter [m]
# name 13 = nbf: Bottles Fired
# name 14 = density00: Density [density, Kg/m^3]
# name 15 = density11: Density, 2 [density, Kg/m^3]
# name 16 = sal00: Salinity, Practical [PSU]
# name 17 = sal11: Salinity, Practical, 2 [PSU]
# name 18 = svCM: Sound Velocity [Chen-Millero, m/s]
# name 19 = svCM1: Sound Velocity, 2 [Chen-Millero, m/s]
# name 20 = timeS: Time, Elapsed [seconds]
# name 21 = sbeox0ML/L: Oxygen, SBE 43 [ml/l]
# name 22 = sbeox0PS: Oxygen, SBE 43 [% saturation]
# name 23 = dz/dtM: Descent Rate [m/s]
# name 24 = T2-T190C: Temperature Difference, 2 - 1 [ITS-90, deg C]
# name 25 = depSM: Depth [salt water, m], lat = 59.9888
# name 26 = density00: Density [density, Kg/m^3]
# name 27 = density11: Density, 2 [density, Kg/m^3]
# name 28 = sal00: Salinity, Practical [PSU]
# name 29 = sal11: Salinity, Practical, 2 [PSU]
# name 30 = svCM: Sound Velocity [Chen-Millero, m/s]
# name 31 = svCM1: Sound Velocity, 2 [Chen-Millero, m/s]
# name 32 = sbeox0ML/L: Oxygen, SBE 43 [ml/l], WS = 2
# name 33 = dz/dtM: Descent Rate [m/s], WS = 2
# name 34 = T2-T190C: Temperature Difference, 2 - 1 [ITS-90, deg C]
# name 35 = flag: flag
# span 0 =     50.580,   3328.056       
# span 1 =  -39.47345,  -39.46130       
# span 2 =   59.98893,   59.99421       
# span 3 =      8.000,   2660.999       
# span 4 =      8.076,   2703.598       
# span 5 =     1.4169,     8.5989       
# span 6 =     1.4177,     8.6154       
# span 7 =   3.133017,   3.666565       
# span 8 =   3.133057,   3.667836       
# span 9 =    92.5648,    97.4600       
# span 10 =    -0.0370,     2.2559      
# span 11 =     1.6922,     2.5529      
# span 12 =       9.23,      99.71      
# span 13 =          0,          0      
# span 14 =  1027.1355,  1040.3412      
# span 15 =  1027.1287,  1040.3407      
# span 16 =    34.8666,    35.0067      
# span 17 =    34.8664,    35.0070      
# span 18 =    1471.60,    1501.75      
# span 19 =    1471.60,    1501.75      
# span 20 =     50.580,   3328.056      
# span 21 =    6.01238,    6.94033      
# span 22 =   81.55310,  102.40530      
# span 23 =     -0.112,      1.718      
# span 24 =    -0.0859,     0.0240      
# span 25 =      8.000,   2661.000      
# span 26 =  1027.1326,  1040.3412      
# span 27 =  1027.1278,  1040.3408      
# span 28 =    34.8476,    35.0077      
# span 29 =    34.8522,    35.0084      
# span 30 =    1471.60,    1501.75      
# span 31 =    1471.60,    1501.75      
# span 32 =    6.01011,    6.94310      
# span 33 =     -0.032,      1.717      
# span 34 =    -0.0859,     0.0240      
# span 35 = 0.0000e+00, 0.0000e+00      
# interval = meters: 1                  
# start_time = Aug 14 2015 19:36:17 [NMEA time, header]
# bad_flag = -9.990e-29
*END*
[from data line 1290]
   1704.667  -39.46700   59.99144   1298.000   1314.491     3.7647     3.7648   3.286884   3.286884    97.3436    -0.0224     1.8984      98.78          0  1033.8010  1033.8009    34.9332    34.9331    1487.23    1487.23   1704.667    6.03877   82.84290      0.813     0.0001   1298.000  1033.8010  1033.8009    34.9331    34.9330    1487.23    1487.23    6.03825      0.846     0.0001 0.0000e+00
   1705.748  -39.46700   59.99145   1299.000   1315.507     3.7624     3.7629   3.286679   3.286736    97.3523    -0.0236     1.8983      98.78          0  1033.8059  1033.8059    34.9331    34.9332    1487.24    1487.24   1705.748    6.03920   82.84401      0.856     0.0005   1299.000  1033.8055  1033.8055    34.9326    34.9327    1487.24    1487.24    6.03942      1.096     0.0005 0.0000e+00
   1706.567  -39.46700   59.99146   1300.000   1316.523     3.7597     3.7598   3.286494   3.286490    97.3467    -0.0238     1.8982      98.78          0  1033.8109  1033.8107    34.9331    34.9329    1487.24    1487.24   1706.567    6.04074   82.85970      1.053     0.0002   1300.000  1033.8107  1033.8104    34.9328    34.9326    1487.24    1487.24    6.04007      1.322     0.0002 0.0000e+00
   1707.286  -39.46700   59.99146   1301.000   1317.539     3.7582     3.7589   3.286401   3.286442    97.3079    -0.0232     1.8973      98.78          0  1033.8157  1033.8154    34.9331    34.9328    1487.25    1487.26   1707.286    6.04208   82.87517      1.259     0.0006   1301.000  1033.8154  1033.8152    34.9327    34.9325    1487.25    1487.26    6.03726      1.411     0.0006 0.0000e+00
   1708.002  -39.46701   59.99146   1302.000   1318.555     3.7544     3.7550   3.286035   3.286100    97.3434    -0.0223     1.8973      98.78          0  1033.8206  1033.8207    34.9328    34.9330    1487.25    1487.26   1708.002    6.04326   82.88351      1.392     0.0006   1302.000  1033.8198  1033.8199    34.9319    34.9321    1487.25    1487.26    6.03868      1.330     0.0006 0.0000e+00
   1708.855  -39.46702   59.99146   1303.000   1319.571     3.7509     3.7515   3.285779   3.285816    97.3360    -0.0231     1.8975      98.78          0  1033.8254  1033.8252    34.9326    34.9323    1487.26    1487.26   1708.855    6.04195   82.85828      1.346     0.0006   1303.000  1033.8251  1033.8248    34.9321    34.9319    1487.26    1487.26    6.04081      1.005     0.0006 0.0000e+00
   1710.354  -39.46702   59.99146   1304.000   1320.587     3.7508     3.7508   3.285798   3.285798    97.3322    -0.0236     1.8974      98.78          0  1033.8298  1033.8298    34.9322    34.9323    1487.27    1487.27   1710.354    6.04160   82.85313      0.802    -0.0000   1304.000  1033.8295  1033.8295    34.9319    34.9319    1487.27    1487.27    6.04117      0.574    -0.0000 0.0000e+00
   1712.044  -39.46702   59.99146   1305.000   1321.603     3.7479     3.7481   3.285576   3.285588    97.3467    -0.0234     1.8982      98.78          0  1033.8348  1033.8347    34.9323    34.9322    1487.28    1487.28   1712.044    6.04173   82.84915      0.556     0.0002   1305.000  1033.8345  1033.8344    34.9318    34.9318    1487.28    1487.28    6.04609      0.798     0.0002 0.0000e+00
   1713.112  -39.46702   59.99146   1306.000   1322.619     3.7460     3.7468   3.285440   3.285498    97.3281    -0.0235     1.8984      98.78          0  1033.8396  1033.8394    34.9322    34.9320    1487.29    1487.29   1713.112    6.04485   82.88811      0.828     0.0008   1306.000  1033.8392  1033.8390    34.9317    34.9316    1487.29    1487.29    6.04782      1.066     0.0008 0.0000e+00
   1713.989  -39.46702   59.99146   1307.000   1323.635     3.7425     3.7434   3.285104   3.285201    97.3533    -0.0233     1.8985      98.78          0  1033.8444  1033.8445    34.9318    34.9320    1487.29    1487.29   1713.989    6.04928   82.94132      1.044     0.0009   1307.000  1033.8438  1033.8438    34.9310    34.9311    1487.29    1487.29    6.04974      1.219     0.0009 0.0000e+00
   1714.784  -39.46703   59.99146   1308.000   1324.650     3.7364     3.7369   3.284535   3.284613    97.3442    -0.0242     1.8985      98.78          0  1033.8495  1033.8497    34.9313    34.9318    1487.28    1487.28   1714.784    6.05136   82.95742      1.192     0.0005   1308.000  1033.8485  1033.8488    34.9301    34.9305    1487.28    1487.28    6.05161      1.269     0.0005 0.0000e+00
   1715.591  -39.46704   59.99146   1309.000   1325.666     3.7325     3.7330   3.284256   3.284283    97.3452    -0.0230     1.8981      98.78          0  1033.8544  1033.8542    34.9311    34.9310    1487.28    1487.28   1715.591    6.05313   82.97374      1.265     0.0004   1309.000  1033.8539  1033.8536    34.9304    34.9303    1487.28    1487.28    6.05147      1.231     0.0004 0.0000e+00
   1716.437  -39.46704   59.99146   1310.000   1326.682     3.7320     3.7325   3.284268   3.284276    97.3486    -0.0219     1.8983      98.78          0  1033.8590  1033.8586    34.9311    34.9307    1487.29    1487.29   1716.437    6.05380   82.98183      1.240     0.0005   1310.000  1033.8586  1033.8583    34.9306    34.9302    1487.29    1487.29    6.05319      1.165     0.0005 0.0000e+00
   1717.341  -39.46704   59.99148   1311.000   1327.698     3.7323     3.7329   3.284334   3.284355    97.3413    -0.0229     1.8981      98.78          0  1033.8635  1033.8632    34.9310    34.9306    1487.31    1487.31   1717.341    6.05409   82.98648      1.171     0.0005   1311.000  1033.8632  1033.8628    34.9305    34.9302    1487.31    1487.31    6.05304      1.105     0.0005 0.0000e+00
   1718.276  -39.46704   59.99148   1312.000   1328.714     3.7322     3.7327   3.284359   3.284397    97.3456    -0.0228     1.8972      98.78          0  1033.8680  1033.8679    34.9309    34.9308    1487.33    1487.33   1718.276    6.05428   82.98868      1.108     0.0005   1312.000  1033.8678  1033.8676    34.9305    34.9304    1487.33    1487.33    6.04978      1.086     0.0005 0.0000e+00
   1719.213  -39.46704   59.99146   1313.000   1329.730     3.7318     3.7323   3.284382   3.284404    97.3366    -0.0229     1.8969      98.78          0  1033.8728  1033.8726    34.9310    34.9307    1487.34    1487.34   1719.213    6.05510   82.99914      1.087     0.0005   1313.000  1033.8726  1033.8722    34.9307    34.9303    1487.34    1487.34    6.04936      1.046     0.0005 0.0000e+00
   1720.247  -39.46704   59.99146   1314.000   1330.746     3.7310     3.7315   3.284354   3.284377    97.3361    -0.0230     1.8961      98.78          0  1033.8776  1033.8773    34.9310    34.9308    1487.36    1487.36   1720.247    6.05211   82.95672      1.038     0.0005   1314.000  1033.8772  1033.8770    34.9306    34.9304    1487.36    1487.36    6.04680      0.878     0.0005 0.0000e+00
   1721.782  -39.46705   59.99146   1315.000   1331.762     3.7311     3.7309   3.284384   3.284352    97.3505    -0.0233     1.8962      98.78          0  1033.8818  1033.8818    34.9307    34.9305    1487.37    1487.37   1721.782    6.04927   82.91776      0.734    -0.0002   1315.000  1033.8816  1033.8815    34.9304    34.9302    1487.37    1487.37    6.04790      0.557    -0.0002 0.0000e+00
   1723.548  -39.46706   59.99148   1316.000   1332.778     3.7293     3.7297   3.284272   3.284291    97.3597    -0.0236     1.8972      98.78          0  1033.8868  1033.8866    34.9308    34.9305    1487.38    1487.38   1723.548    6.04913   82.91223      0.523     0.0004   1316.000  1033.8865  1033.8864    34.9304    34.9303    1487.38    1487.38    6.05340      0.798     0.0004 0.0000e+00
   1724.557  -39.46706   59.99148   1317.000   1333.794     3.7293     3.7298   3.284328   3.284346    97.3416    -0.0229     1.8973      98.78          0  1033.8914  1033.8910    34.9308    34.9304    1487.40    1487.40   1724.557    6.05002   82.92437      0.824     0.0006   1317.000  1033.8912  1033.8909    34.9306    34.9303    1487.40    1487.40    6.05491      1.199     0.0006 0.0000e+00
   1725.298  -39.46706   59.99148   1318.000   1334.810     3.7295     3.7300   3.284393   3.284417    97.3524    -0.0236     1.8972      98.78          0  1033.8960  1033.8956    34.9308    34.9305    1487.42    1487.42   1725.298    6.05480   82.99032      1.108     0.0006   1318.000  1033.8959  1033.8956    34.9307    34.9304    1487.42    1487.42    6.05532      1.462     0.0006 0.0000e+00
   1725.945  -39.46706   59.99148   1319.000   1335.826     3.7298     3.7303   3.284465   3.284485    97.3474    -0.0229     1.8970      98.78          0  1033.9004  1033.9003    34.9307    34.9305    1487.44    1487.44   1725.945    6.05690   83.01974      1.353     0.0004   1319.000  1033.9004  1033.9001    34.9306    34.9304    1487.44    1487.44    6.05484      1.602     0.0004 0.0000e+00
   1726.560  -39.46706   59.99148   1320.000   1336.842     3.7296     3.7302   3.284488   3.284522    97.3335    -0.0223     1.8965      98.78          0  1033.9052  1033.9049    34.9308    34.9306    1487.45    1487.45   1726.560    6.05734   83.02552      1.535     0.0006   1320.000  1033.9050  1033.9048    34.9306    34.9304    1487.45    1487.45    6.05353      1.599     0.0006 0.0000e+00
   1727.208  -39.46706   59.99148   1321.000   1337.858     3.7289     3.7294   3.284455   3.284495    97.3461    -0.0232     1.8961      98.78          0  1033.9098  1033.9097    34.9307    34.9306    1487.47    1487.47   1727.208    6.05796   83.03244      1.614     0.0005   1321.000  1033.9097  1033.9095    34.9305    34.9304    1487.47    1487.47    6.05282      1.435     0.0005 0.0000e+00
   1728.033  -39.46708   59.99148   1322.000   1338.874     3.7269     3.7274   3.284296   3.284343    97.3473    -0.0233     1.8961      98.78          0  1033.9146  1033.9146    34.9306    34.9306    1487.47    1487.48   1728.033    6.05698   83.01488      1.472     0.0005   1322.000  1033.9143  1033.9142    34.9302    34.9302    1487.47    1487.48    6.05394      1.047     0.0005 0.0000e+00
   1729.508  -39.46708   59.99148   1323.000   1339.890     3.7262     3.7274   3.284273   3.284384    97.3430    -0.0237     1.8960      98.78          0  1033.9192  1033.9188    34.9304    34.9303    1487.49    1487.49   1729.508    6.05558   82.99408      0.840     0.0013   1323.000  1033.9191  1033.9188    34.9302    34.9302    1487.49    1487.49    6.05459      0.555     0.0013 0.0000e+00
   1731.457  -39.46708   59.99148   1324.000   1340.906     3.7243     3.7246   3.284154   3.284157    97.3575    -0.0226     1.8954      98.78          0  1033.9241  1033.9240    34.9305    34.9304    1487.50    1487.50   1731.457    6.05581   82.99368      0.472     0.0002   1324.000  1033.9238  1033.9237    34.9302    34.9300    1487.50    1487.50    6.05274      0.669     0.0002 0.0000e+00
   1732.691  -39.46708   59.99148   1325.000   1341.922     3.7220     3.7226   3.283952   3.284009    97.3425    -0.0221     1.8956      98.78          0  1033.9288  1033.9288    34.9303    34.9304    1487.50    1487.51   1732.691    6.05502   82.97808      0.741     0.0005   1325.000  1033.9285  1033.9285    34.9298    34.9299    1487.50    1487.51    6.05484      0.938     0.0005 0.0000e+00
   1733.674  -39.46709   59.99148   1326.000   1342.938     3.7192     3.7198   3.283754   3.283783    97.3582    -0.0226     1.8952      98.78          0  1033.9338  1033.9335    34.9303    34.9300    1487.51    1487.51   1733.674    6.05597   82.98535      0.937     0.0006   1326.000  1033.9335  1033.9332    34.9299    34.9297    1487.51    1487.51    6.05438      1.129     0.0006 0.0000e+00
   1734.507  -39.46710   59.99148   1327.000   1343.954     3.7169     3.7176   3.283587   3.283641    97.3468    -0.0226     1.8948      98.78          0  1033.9388  1033.9387    34.9304    34.9303    1487.52    1487.52   1734.507    6.05762   83.00344      1.100     0.0006   1327.000  1033.9384  1033.9382    34.9298    34.9298    1487.52    1487.52    6.05381      1.284     0.0006 0.0000e+00
   1735.260  -39.46710   59.99148   1328.000   1344.970     3.7156     3.7161   3.283507   3.283545    97.3461    -0.0223     1.8945      98.78          0  1033.9435  1033.9432    34.9302    34.9301    1487.53    1487.53   1735.260    6.05710   82.99352      1.245     0.0005   1328.000  1033.9431  1033.9430    34.9298    34.9297    1487.53    1487.53    6.05351      1.374     0.0005 0.0000e+00
   1735.986  -39.46710   59.99148   1329.000   1345.986     3.7114     3.7120   3.283101   3.283195    97.3365    -0.0232     1.8938      98.78          0  1033.9482  1033.9486    34.9298    34.9304    1487.53    1487.53   1735.986    6.05833   83.00174      1.351     0.0006   1329.000  1033.9475  1033.9479    34.9288    34.9293    1487.53    1487.53    6.05209      1.397     0.0006 0.0000e+00
   1736.713  -39.46710   59.99148   1330.000   1347.002     3.7085     3.7094   3.282904   3.282987    97.3428    -0.0230     1.8937      98.78          0  1033.9531  1033.9531    34.9296    34.9297    1487.53    1487.53   1736.713    6.05721   82.98052      1.395     0.0009   1330.000  1033.9526  1033.9526    34.9291    34.9291    1487.53    1487.53    6.05286      1.350     0.0009 0.0000e+00
   1737.501  -39.46710   59.99148   1331.000   1348.018     3.7057     3.7058   3.282663   3.282668    97.3196    -0.0233     1.8936      98.78          0  1033.9580  1033.9580    34.9295    34.9295    1487.54    1487.54   1737.501    6.05673   82.96812      1.367     0.0001   1331.000  1033.9574  1033.9573    34.9287    34.9286    1487.54    1487.54    6.05391      1.211     0.0001 0.0000e+00
   1738.424  -39.46712   59.99148   1332.000   1349.034     3.7034     3.7038   3.282495   3.282524    97.3505    -0.0231     1.8938      98.78          0  1033.9628  1033.9626    34.9293    34.9292    1487.54    1487.54   1738.424    6.05545   82.94566      1.223     0.0004   1332.000  1033.9623  1033.9622    34.9287    34.9286    1487.54    1487.54    6.05589      0.984     0.0004 0.0000e+00
   1739.757  -39.46712   59.99148   1333.000   1350.050     3.7014     3.7015   3.282347   3.282339    97.3524    -0.0221     1.8938      98.78          0  1033.9674  1033.9673    34.9289    34.9288    1487.55    1487.55   1739.757    6.05689   82.96131      0.880     0.0001   1333.000  1033.9669  1033.9668    34.9284    34.9283    1487.55    1487.55    6.05684      0.628     0.0001 0.0000e+00
   1741.750  -39.46713   59.99149   1334.000   1351.066     3.7012     3.7001   3.282354   3.282252    97.3577    -0.0224     1.8939      98.78          0  1033.9719  1033.9720    34.9288    34.9287    1487.57    1487.56   1741.750    6.05768   82.97164      0.474    -0.0011   1334.000  1033.9714  1033.9716    34.9283    34.9283    1487.57    1487.56    6.05844      0.559    -0.0011 0.0000e+00
   1743.146  -39.46712   59.99150   1335.000   1352.082     3.6977     3.6982   3.282080   3.282114    97.3673    -0.0227     1.8942      98.78          0  1033.9769  1033.9768    34.9287    34.9286    1487.57    1487.57   1743.146    6.05979   82.99348      0.658     0.0005   1335.000  1033.9764  1033.9763    34.9282    34.9281    1487.57    1487.57    6.06111      0.949     0.0005 0.0000e+00
   1744.057  -39.46712   59.99148   1336.000   1353.098     3.6961     3.6967   3.281974   3.282003    97.3661    -0.0227     1.8940      98.78          0  1033.9816  1033.9813    34.9286    34.9283    1487.58    1487.58   1744.057    6.06041   82.99858      0.927     0.0006   1336.000  1033.9813  1033.9810    34.9282    34.9279    1487.58    1487.58    6.06126      1.265     0.0006 0.0000e+00
