Ship_data/Irminger/Irminger-2/ctd/process/dat30_007.cnv
* Sea-Bird SBE 9 Data File:
* FileName = C:\data\ctd\at30_007.hdr
* Software Version Seasave V 7.21f
* Temperature SN = 2265
* Conductivity SN = 3021
* Number of Bytes Per Scan = 40
* Number of Voltage Words = 5
* Number of Scans Averaged by the Deck Unit = 1
* NMEA Latitude = 59 46.29 N
* NMEA Longitude = 039 52.92 W
* NMEA UTC (Time) = Aug 17 2015  23:01:49
** Site of FLMA 2015 -- need to confirm bottom depth
# nquan = 36
# nvalues = 2675                        
# units = specified
# name 0 = timeS: Time, Elapsed [seconds]
# name 1 = longitude: Longitude [deg]
# name 2 = latitude: Latitude [deg]
# name 3 = depSM: Depth [salt water, m]
# name 4 = prDM: Pressure, Digiquartz [db]
# name 5 = t090C: Temperature [ITS-90, deg C]
# name 6 = t190C: Temperature, 2 [ITS-90, deg C]
# name 7 = c0S/m: Conductivity [S/m]
# name 8 = c1S/m: Conductivity, 2 [S/m]
# name 9 = CStarTr0: Beam Transmission, WET Labs C-Star [%]
# name 10 = flECO-AFL: Fluorescence, WET Labs ECO-AFL/FL [mg/m^3]
# name 11 = sbeox0V: Oxygen raw, SBE 43 [V]
# name 12 = altM: Altimeter [m]
# name 13 = nbf: Bottles Fired
# name 14 = density00: Density [density, Kg/m^3]
# name 15 = density11: Density, 2 [density, Kg/m^3]
# name 16 = sal00: Salinity, Practical [PSU]
# name 17 = sal11: Salinity, Practical, 2 [PSU]
# name 18 = svCM: Sound Velocity [Chen-Millero, m/s]
# name 19 = svCM1: Sound Velocity, 2 [Chen-Millero, m/s]
# name 20 = timeS: Time, Elapsed [seconds]
# name 21 = sbeox0ML/L: Oxygen, SBE 43 [ml/l]
# name 22 = sbeox0PS: Oxygen, SBE 43 [% saturation]
# name 23 = dz/dtM: Descent Rate [m/s]
# name 24 = T2-T190C: Temperature Difference, 2 - 1 [ITS-90, deg C]
# name 25 = depSM: Depth [salt water, m], lat = 59.7715
# name 26 = density00: Density [density, Kg/m^3]
# name 27 = density11: Density, 2 [density, Kg/m^3]
# name 28 = sal00: Salinity, Practical [PSU]
# name 29 = sal11: Salinity, Practical, 2 [PSU]
# name 30 = svCM: Sound Velocity [Chen-Millero, m/s]
# name 31 = svCM1: Sound Velocity, 2 [Chen-Millero, m/s]
# name 32 = sbeox0ML/L: Oxygen, SBE 43 [ml/l], WS = 2
# name 33 = dz/dtM: Descent Rate [m/s], WS = 2
# name 34 = T2-T190C: Temperature Difference, 2 - 1 [ITS-90, deg C]
# name 35 = flag: flag
# span 0 =     17.110,   3228.210       
# span 1 =  -39.88204,  -39.88162       
# span 2 =   59.77140,   59.77155       
# span 3 =      5.000,   2679.000       
# span 4 =      5.048,   2721.954       
# span 5 =     1.4900,     8.5923       
# span 6 =     1.4906,     8.5920       
# span 7 =   3.140022,   3.663040       
# span 8 =   3.140058,   3.663105       
# span 9 =    93.3736,    97.8154       
# span 10 =    -0.0375,     1.5977      
# span 11 =     1.6862,     2.5319      
# span 12 =       8.80,      99.37      
# span 13 =          0,          0      
# span 14 =  1027.0958,  1040.4120      
# span 15 =  1027.0948,  1040.4116      
# span 16 =    34.8553,    34.9336      
# span 17 =    34.8545,    34.9334      
# span 18 =    1469.81,    1502.03      
# span 19 =    1469.81,    1502.04      
# span 20 =     17.110,   3228.210      
# span 21 =    6.01101,    6.95318      
# span 22 =   81.32693,  101.89458      
# span 23 =      0.012,      1.648      
# span 24 =    -0.0535,     0.0812      
# span 25 =      5.000,   2679.000      
# span 26 =  1027.0958,  1040.4121      
# span 27 =  1027.0953,  1040.4117      
# span 28 =    34.8505,    34.9335      
# span 29 =    34.8550,    34.9332      
# span 30 =    1469.81,    1502.03      
# span 31 =    1469.81,    1502.04      
# span 32 =    6.00866,    6.92904      
# span 33 =     -0.003,      1.669      
# span 34 =    -0.0535,     0.0812      
# span 35 = 0.0000e+00, 0.0000e+00      
# interval = meters: 1                  
# start_time = Aug 17 2015 23:01:49 [NMEA time, header]
# bad_flag = -9.990e-29
*END*
[from data line 847]
   1154.293  -39.88166   59.77142    852.000    861.881     3.6378     3.6381   3.252254   3.252292    97.7267    -0.0231     2.1141      98.78          0  1031.7184  1031.7184    34.8871    34.8872    1479.13    1479.13   1154.293    6.61362   90.42101      0.804     0.0003    852.000  1031.7183  1031.7184    34.8870    34.8872    1479.13    1479.13    6.61208      0.684     0.0003 0.0000e+00
   1155.669  -39.88166   59.77142    853.000    862.894     3.6361     3.6360   3.252134   3.252136    97.7238    -0.0224     2.1139      98.78          0  1031.7230  1031.7233    34.8870    34.8872    1479.14    1479.14   1155.669    6.61382   90.42013      0.697    -0.0002    853.000  1031.7229  1031.7231    34.8868    34.8871    1479.14    1479.14    6.61226      0.871    -0.0002 0.0000e+00
   1156.680  -39.88166   59.77142    854.000    863.908     3.6355     3.6366   3.252115   3.252246    97.7290    -0.0232     2.1136      98.78          0  1031.7278  1031.7279    34.8870    34.8873    1479.15    1479.16   1156.680    6.61468   90.43044      0.882     0.0011    854.000  1031.7277  1031.7278    34.8867    34.8872    1479.15    1479.16    6.61223      1.138     0.0011 0.0000e+00
   1157.489  -39.88168   59.77142    855.000    864.922     3.6344     3.6345   3.252043   3.252067    97.7086    -0.0232     2.1128      98.78          0  1031.7323  1031.7325    34.8867    34.8870    1479.16    1479.16   1157.489    6.61301   90.40504      1.091     0.0001    855.000  1031.7322  1031.7323    34.8865    34.8867    1479.16    1479.16    6.60987      1.326     0.0001 0.0000e+00
   1158.214  -39.88166   59.77142    856.000    865.935     3.6342     3.6344   3.252087   3.252113    97.7227    -0.0223     2.1118      98.78          0  1031.7371  1031.7371    34.8868    34.8869    1479.18    1479.18   1158.214    6.61748   90.46571      1.277     0.0002    856.000  1031.7371  1031.7371    34.8867    34.8868    1479.18    1479.18    6.60688      1.366     0.0002 0.0000e+00
   1158.976  -39.88166   59.77142    857.000    866.949     3.6344     3.6345   3.252133   3.252168    97.7271    -0.0237     2.1109      98.78          0  1031.7416  1031.7418    34.8867    34.8869    1479.20    1479.20   1158.976    6.61341   90.41043      1.365     0.0001    857.000  1031.7415  1031.7417    34.8866    34.8868    1479.20    1479.20    6.60384      1.199     0.0001 0.0000e+00
   1160.037  -39.88166   59.77142    858.000    867.963     3.6337     3.6338   3.252102   3.252137    97.7147    -0.0228     2.1107      98.78          0  1031.7462  1031.7465    34.8866    34.8868    1479.21    1479.21   1160.037    6.60967   90.35769      1.151     0.0002    858.000  1031.7462  1031.7463    34.8864    34.8867    1479.21    1479.21    6.60397      0.806     0.0002 0.0000e+00
   1161.508  -39.88166   59.77142    859.000    868.976     3.6330     3.6334   3.252082   3.252138    97.7370    -0.0223     2.1104      98.78          0  1031.7509  1031.7511    34.8865    34.8867    1479.22    1479.23   1161.508    6.60494   90.29154      0.685     0.0004    859.000  1031.7509  1031.7510    34.8863    34.8866    1479.22    1479.23    6.60386      0.778     0.0004 0.0000e+00
   1162.582  -39.88166   59.77142    860.000    869.990     3.6329     3.6331   3.252125   3.252146    97.7287    -0.0225     2.1089      98.78          0  1031.7556  1031.7556    34.8865    34.8866    1479.24    1479.24   1162.582    6.60590   90.30441      0.812     0.0002    860.000  1031.7556  1031.7556    34.8865    34.8865    1479.24    1479.24    6.59847      1.077     0.0002 0.0000e+00
   1163.445  -39.88166   59.77142    861.000    871.004     3.6335     3.6339   3.252227   3.252279    97.7097    -0.0223     2.1079      98.78          0  1031.7603  1031.7601    34.8866    34.8866    1479.26    1479.26   1163.445    6.60637   90.31214      1.050     0.0004    861.000  1031.7601  1031.7603    34.8865    34.8867    1479.26    1479.26    6.59509      1.207     0.0004 0.0000e+00
   1164.273  -39.88168   59.77142    862.000    872.018     3.6331     3.6335   3.252220   3.252282    97.7128    -0.0230     2.1074      98.78          0  1031.7648  1031.7650    34.8864    34.8868    1479.27    1479.28   1164.273    6.60224   90.25466      1.193     0.0004    862.000  1031.7648  1031.7649    34.8864    34.8867    1479.27    1479.28    6.59395      1.166     0.0004 0.0000e+00
   1165.200  -39.88168   59.77142    863.000    873.031     3.6324     3.6329   3.252198   3.252264    97.7218    -0.0225     2.1074      98.78          0  1031.7695  1031.7695    34.8864    34.8866    1479.29    1479.29   1165.200    6.59810   90.19663      1.169     0.0006    863.000  1031.7694  1031.7695    34.8863    34.8865    1479.29    1479.29    6.59468      1.042     0.0006 0.0000e+00
   1166.230  -39.88166   59.77142    864.000    874.045     3.6332     3.6340   3.252344   3.252425    97.7324    -0.0225     2.1071      98.78          0  1031.7740  1031.7742    34.8865    34.8866    1479.31    1479.31   1166.230    6.59600   90.16972      1.036     0.0007    864.000  1031.7742  1031.7743    34.8866    34.8868    1479.31    1479.31    6.59439      0.952     0.0007 0.0000e+00
   1167.340  -39.88166   59.77142    865.000    875.059     3.6342     3.6344   3.252480   3.252509    97.7160    -0.0224     2.1071      98.78          0  1031.7788  1031.7789    34.8867    34.8868    1479.33    1479.33   1167.340    6.59677   90.18249      0.943     0.0002    865.000  1031.7788  1031.7788    34.8867    34.8868    1479.33    1479.33    6.59488      0.869     0.0002 0.0000e+00
   1168.580  -39.88166   59.77142    866.000    876.073     3.6339     3.6343   3.252492   3.252538    97.7388    -0.0221     2.1068      98.78          0  1031.7834  1031.7834    34.8866    34.8868    1479.35    1479.35   1168.580    6.59541   90.16329      0.848     0.0004    866.000  1031.7834  1031.7834    34.8866    34.8868    1479.35    1479.35    6.59481      0.815     0.0004 0.0000e+00
   1169.758  -39.88166   59.77142    867.000    877.086     3.6341     3.6343   3.252558   3.252591    97.7334    -0.0234     2.1062      98.78          0  1031.7880  1031.7882    34.8866    34.8868    1479.36    1479.36   1169.758    6.59661   90.18015      0.823     0.0001    867.000  1031.7881  1031.7882    34.8866    34.8869    1479.36    1479.36    6.59278      0.945     0.0001 0.0000e+00
   1170.748  -39.88167   59.77142    868.000    878.100     3.6344     3.6351   3.252644   3.252733    97.7290    -0.0235     2.1059      98.78          0  1031.7927  1031.7928    34.8867    34.8870    1479.38    1479.38   1170.748    6.59631   90.17679      0.947     0.0007    868.000  1031.7928  1031.7930    34.8868    34.8871    1479.38    1479.38    6.59263      1.072     0.0007 0.0000e+00
   1171.666  -39.88168   59.77142    869.000    879.114     3.6330     3.6334   3.252499   3.252603    97.7261    -0.0233     2.1058      98.78          0  1031.7974  1031.7980    34.8866    34.8874    1479.39    1479.39   1171.666    6.59515   90.15765      1.068     0.0005    869.000  1031.7971  1031.7976    34.8861    34.8869    1479.39    1479.39    6.59311      1.102     0.0005 0.0000e+00
   1172.599  -39.88168   59.77142    870.000    880.128     3.6302     3.6299   3.252308   3.252277    97.7215    -0.0234     2.1049      98.78          0  1031.8022  1031.8024    34.8864    34.8865    1479.40    1479.40   1172.599    6.59552   90.15655      1.101    -0.0004    870.000  1031.8021  1031.8021    34.8862    34.8862    1479.40    1479.39    6.59095      1.078    -0.0004 0.0000e+00
   1173.538  -39.88168   59.77142    871.000    881.141     3.6300     3.6300   3.252324   3.252336    97.7299    -0.0222     2.1043      98.78          0  1031.8068  1031.8069    34.8862    34.8864    1479.41    1479.41   1173.538    6.59601   90.16276      1.077    -0.0000    871.000  1031.8066  1031.8069    34.8861    34.8863    1479.41    1479.41    6.58947      1.115    -0.0000 0.0000e+00
   1174.416  -39.88166   59.77142    872.000    882.155     3.6291     3.6295   3.252277   3.252334    97.7283    -0.0226     2.1040      98.78          0  1031.8114  1031.8116    34.8860    34.8864    1479.43    1479.43   1174.416    6.59350   90.12639      1.105     0.0003    872.000  1031.8113  1031.8115    34.8859    34.8863    1479.43    1479.43    6.58892      1.186     0.0003 0.0000e+00
   1175.251  -39.88166   59.77142    873.000    883.169     3.6292     3.6294   3.252339   3.252366    97.7177    -0.0230     2.1030      98.78          0  1031.8162  1031.8162    34.8862    34.8863    1479.44    1479.44   1175.251    6.59199   90.10593      1.176     0.0002    873.000  1031.8160  1031.8162    34.8861    34.8862    1479.44    1479.44    6.58569      1.159     0.0002 0.0000e+00
   1176.200  -39.88166   59.77142    874.000    884.183     3.6304     3.6309   3.252511   3.252564    97.7281    -0.0219     2.1026      98.78          0  1031.8207  1031.8207    34.8862    34.8864    1479.46    1479.47   1176.200    6.59125   90.09852      1.155     0.0005    874.000  1031.8208  1031.8208    34.8863    34.8865    1479.46    1479.47    6.58458      0.944     0.0005 0.0000e+00
   1177.487  -39.88166   59.77142    875.000    885.197     3.6313     3.6317   3.252630   3.252694    97.7308    -0.0228     2.1028      98.78          0  1031.8253  1031.8254    34.8863    34.8866    1479.48    1479.49   1177.487    6.58649   90.03534      0.870     0.0005    875.000  1031.8253  1031.8254    34.8863    34.8866    1479.48    1479.49    6.58631      0.758     0.0005 0.0000e+00
   1178.719  -39.88168   59.77142    876.000    886.210     3.6313     3.6312   3.252690   3.252682    97.7302    -0.0225     2.1028      98.78          0  1031.8300  1031.8301    34.8864    34.8866    1479.50    1479.50   1178.719    6.58606   90.02963      0.765    -0.0001    876.000  1031.8301  1031.8301    34.8865    34.8865    1479.50    1479.50    6.58733      0.968    -0.0001 0.0000e+00
   1179.649  -39.88168   59.77142    877.000    887.224     3.6312     3.6314   3.252727   3.252755    97.7324    -0.0228     2.1025      98.78          0  1031.8346  1031.8347    34.8864    34.8866    1479.52    1479.52   1179.649    6.58878   90.06650      0.962     0.0002    877.000  1031.8347  1031.8348    34.8865    34.8867    1479.52    1479.52    6.58673      1.127     0.0002 0.0000e+00
   1180.524  -39.88168   59.77142    878.000    888.238     3.6309     3.6309   3.252706   3.252746    97.7399    -0.0223     2.1023      98.78          0  1031.8392  1031.8395    34.8863    34.8867    1479.53    1479.53   1180.524    6.58956   90.07644      1.116     0.0001    878.000  1031.8391  1031.8394    34.8861    34.8865    1479.53    1479.53    6.58692      1.079     0.0001 0.0000e+00
   1181.621  -39.88166   59.77142    879.000    889.252     3.6292     3.6296   3.252596   3.252643    97.7259    -0.0225     2.1027      98.78          0  1031.8440  1031.8440    34.8861    34.8863    1479.54    1479.54   1181.621    6.58894   90.06430      1.041     0.0003    879.000  1031.8438  1031.8440    34.8860    34.8862    1479.54    1479.54    6.58977      0.804     0.0003 0.0000e+00
   1183.049  -39.88166   59.77142    880.000    890.266     3.6281     3.6283   3.252517   3.252567    97.7353    -0.0228     2.1029      98.78          0  1031.8485  1031.8488    34.8858    34.8862    1479.55    1479.56   1183.049    6.59040   90.08146      0.718     0.0002    880.000  1031.8484  1031.8486    34.8857    34.8861    1479.55    1479.56    6.59162      0.793     0.0002 0.0000e+00
   1184.111  -39.88166   59.77142    881.000    891.279     3.6275     3.6282   3.252532   3.252597    97.7323    -0.0226     2.1024      98.78          0  1031.8533  1031.8533    34.8860    34.8860    1479.57    1479.57   1184.111    6.59186   90.10038      0.807     0.0006    881.000  1031.8533  1031.8533    34.8860    34.8861    1479.57    1479.57    6.59035      1.176     0.0006 0.0000e+00
   1184.864  -39.88166   59.77142    882.000    892.293     3.6280     3.6280   3.252581   3.252625    97.7280    -0.0219     2.1012      98.78          0  1031.8578  1031.8580    34.8858    34.8862    1479.59    1479.59   1184.864    6.59430   90.13456      1.090     0.0000    882.000  1031.8575  1031.8579    34.8856    34.8860    1479.59    1479.59    6.58642      1.402     0.0000 0.0000e+00
   1185.550  -39.88166   59.77142    883.000    893.307     3.6262     3.6264   3.252464   3.252505    97.7210    -0.0214     2.1001      98.78          0  1031.8625  1031.8628    34.8856    34.8861    1479.60    1479.60   1185.550    6.59371   90.12251      1.332     0.0001    883.000  1031.8624  1031.8627    34.8855    34.8858    1479.60    1479.60    6.58306      1.402     0.0001 0.0000e+00
   1186.332  -39.88166   59.77142    884.000    894.321     3.6258     3.6260   3.252471   3.252512    97.7253    -0.0219     2.0996      98.78          0  1031.8672  1031.8673    34.8856    34.8858    1479.61    1479.61   1186.332    6.59227   90.10199      1.409     0.0002    884.000  1031.8671  1031.8672    34.8855    34.8857    1479.61    1479.61    6.58188      1.094     0.0002 0.0000e+00
   1187.713  -39.88167   59.77142    885.000    895.335     3.6259     3.6263   3.252511   3.252559    97.7286    -0.0226     2.0991      98.78          0  1031.8716  1031.8717    34.8854    34.8856    1479.63    1479.63   1187.713    6.58475   89.99931      0.900     0.0004    885.000  1031.8716  1031.8716    34.8853    34.8855    1479.63    1479.63    6.58066      0.635     0.0004 0.0000e+00
   1189.143  -39.88168   59.77142    886.000    896.349     3.6249     3.6251   3.252470   3.252491    97.7293    -0.0225     2.0983      98.78          0  1031.8765  1031.8765    34.8855    34.8856    1479.64    1479.64   1189.143    6.58277   89.96996      0.618     0.0003    886.000  1031.8765  1031.8763    34.8855    34.8854    1479.64    1479.64    6.57834      0.991     0.0003 0.0000e+00
   1189.995  -39.88168   59.77142    887.000    897.362     3.6254     3.6258   3.252565   3.252618    97.7206    -0.0227     2.0972      98.78          0  1031.8811  1031.8811    34.8855    34.8856    1479.66    1479.66   1189.995    6.58238   89.96575      0.948     0.0004    887.000  1031.8810  1031.8812    34.8855    34.8857    1479.66    1479.66    6.57450      1.317     0.0004 0.0000e+00
   1190.698  -39.88168   59.77142    888.000    898.376     3.6257     3.6258   3.252649   3.252659    97.7342    -0.0228     2.0965      98.78          0  1031.8857  1031.8857    34.8855    34.8856    1479.68    1479.68   1190.698    6.58088   89.94592      1.227     0.0001    888.000  1031.8857  1031.8857    34.8857    34.8857    1479.68    1479.68    6.57241      1.452     0.0001 0.0000e+00
   1191.384  -39.88168   59.77142    889.000    899.390     3.6254     3.6258   3.252652   3.252717    97.7261    -0.0223     2.0954      98.78          0  1031.8904  1031.8906    34.8856    34.8859    1479.69    1479.70   1191.384    6.58002   89.93370      1.413     0.0004    889.000  1031.8903  1031.8905    34.8854    34.8858    1479.69    1479.70    6.56870      1.398     0.0004 0.0000e+00
   1192.175  -39.88166   59.77142    890.000    900.404     3.6246     3.6249   3.252614   3.252663    97.7278    -0.0225     2.0951      98.78          0  1031.8950  1031.8953    34.8855    34.8858    1479.71    1479.71   1192.175    6.57669   89.88622      1.417     0.0003    890.000  1031.8950  1031.8951    34.8854    34.8856    1479.71    1479.71    6.56820      1.104     0.0003 0.0000e+00
