Ship_data/Irminger/Irminger-2/ctd/process/dat30_012.cnv
* Sea-Bird SBE 9 Data File:
* FileName = C:\data\ctd\at30_012.hdr
* Software Version Seasave V 7.21f
* Temperature SN = 2265
* Conductivity SN = 3021
* Number of Bytes Per Scan = 40
* Number of Voltage Words = 5
* Number of Scans Averaged by the Deck Unit = 1
* NMEA Latitude = 59 59.98 N
* NMEA Longitude = 039 28.96 W
* NMEA UTC (Time) = Aug 23 2015  16:50:38
** Cal/Val for HYPM-2
# nquan = 36
# nvalues = 2646                        
# units = specified
# name 0 = timeS: Time, Elapsed [seconds]
# name 1 = longitude: Longitude [deg]
# name 2 = latitude: Latitude [deg]
# name 3 = depSM: Depth [salt water, m]
# name 4 = prDM: Pressure, Digiquartz [db]
# name 5 = t090C: Temperature [ITS-90, deg C]
# name 6 = t190C: Temperature, 2 [ITS-90, deg C]
# name 7 = c0S/m: Conductivity [S/m]
# name 8 = c1S/m: Conductivity, 2 [S/m]
# name 9 = CStarTr0: Beam Transmission, WET Labs C-Star [%]
# name 10 = flECO-AFL: Fluorescence, WET Labs ECO-AFL/FL [mg/m^3]
# name 11 = sbeox0V: Oxygen raw, SBE 43 [V]
# name 12 = altM: Altimeter [m]
# name 13 = nbf: Bottles Fired
# name 14 = density00: Density [density, Kg/m^3]
# name 15 = density11: Density, 2 [density, Kg/m^3]
# name 16 = sal00: Salinity, Practical [PSU]
# name 17 = sal11: Salinity, Practical, 2 [PSU]
# name 18 = svCM: Sound Velocity [Chen-Millero, m/s]
# name 19 = svCM1: Sound Velocity, 2 [Chen-Millero, m/s]
# name 20 = timeS: Time, Elapsed [seconds]
# name 21 = sbeox0ML/L: Oxygen, SBE 43 [ml/l]
# name 22 = sbeox0PS: Oxygen, SBE 43 [% saturation]
# name 23 = dz/dtM: Descent Rate [m/s]
# name 24 = T2-T190C: Temperature Difference, 2 - 1 [ITS-90, deg C]
# name 25 = depSM: Depth [salt water, m], lat = 59.9997
# name 26 = density00: Density [density, Kg/m^3]
# name 27 = density11: Density, 2 [density, Kg/m^3]
# name 28 = sal00: Salinity, Practical [PSU]
# name 29 = sal11: Salinity, Practical, 2 [PSU]
# name 30 = svCM: Sound Velocity [Chen-Millero, m/s]
# name 31 = svCM1: Sound Velocity, 2 [Chen-Millero, m/s]
# name 32 = sbeox0ML/L: Oxygen, SBE 43 [ml/l], WS = 2
# name 33 = dz/dtM: Descent Rate [m/s], WS = 2
# name 34 = T2-T190C: Temperature Difference, 2 - 1 [ITS-90, deg C]
# name 35 = flag: flag
# span 0 =     44.566,   3224.033       
# span 1 =  -39.48470,  -39.48252       
# span 2 =   59.99962,   60.00052       
# span 3 =      7.000,   2652.000       
# span 4 =      7.067,   2694.399       
# span 5 =     1.3173,     8.4998       
# span 6 =     1.3178,     8.5001       
# span 7 =   3.123007,   3.658136       
# span 8 =   3.123089,   3.658109       
# span 9 =    92.4950,    97.7881       
# span 10 =    -0.0818,     1.8353      
# span 11 =     1.6948,     2.5159      
# span 12 =       8.44,     100.23      
# span 13 =          0,          0      
# span 14 =  1027.1449,  1040.3141      
# span 15 =  1027.1442,  1040.3136      
# span 16 =    34.8337,    34.9553      
# span 17 =    34.8335,    34.9566      
# span 18 =    1470.39,    1501.01      
# span 19 =    1470.39,    1501.00      
# span 20 =     44.566,   3224.033      
# span 21 =    6.00224,    6.85173      
# span 22 =   81.34754,  101.05976      
# span 23 =      0.014,      1.742      
# span 24 =    -0.0197,     0.1179      
# span 25 =      7.000,   2652.000      
# span 26 =  1027.1449,  1040.3141      
# span 27 =  1027.1443,  1040.3137      
# span 28 =    34.8274,    34.9557      
# span 29 =    34.8265,    34.9565      
# span 30 =    1470.38,    1501.01      
# span 31 =    1470.38,    1501.00      
# span 32 =    6.00000,    6.85558      
# span 33 =     -0.445,      1.744      
# span 34 =    -0.0197,     0.1179      
# span 35 = 0.0000e+00, 0.0000e+00      
# interval = meters: 1                  
# start_time = Aug 23 2015 16:50:38 [NMEA time, header]
# bad_flag = -9.990e-29
*END*
[from data line 1129]
   1480.041  -39.48406   60.00024   1136.000   1149.985     3.4572     3.4573   3.246616   3.246616    97.7135    -0.0593     2.0312      98.73          0  1033.0381  1033.0380    34.8631    34.8630    1483.11    1483.11   1480.041    6.53626   88.95612      0.633     0.0001   1136.000  1033.0381  1033.0380    34.8630    34.8629    1483.11    1483.11    6.54064      0.891     0.0001 0.0000e+00
   1481.010  -39.48406   60.00024   1137.000   1151.000     3.4576     3.4565   3.246710   3.246588    97.7006    -0.0585     2.0314      98.73          0  1033.0428  1033.0427    34.8632    34.8629    1483.13    1483.12   1481.010    6.53798   88.98048      0.892    -0.0011   1137.000  1033.0427  1033.0427    34.8632    34.8629    1483.13    1483.12    6.54216      1.172    -0.0011 0.0000e+00
   1481.805  -39.48406   60.00024   1138.000   1152.015     3.4681     3.4724   3.248183   3.248314    97.7133    -0.0589     2.0313      98.73          0  1033.0475  1033.0449    34.8650    34.8624    1483.19    1483.21   1481.805    6.54034   89.03643      1.125     0.0043   1138.000  1033.0508  1033.0479    34.8692    34.8661    1483.20    1483.21    6.54056      1.320     0.0043 0.0000e+00
   1482.545  -39.48406   60.00024   1139.000   1153.030     3.4901     3.4903   3.250166   3.250197    97.6923    -0.0598     2.0307      98.73          0  1033.0518  1033.0513    34.8680    34.8675    1483.30    1483.30   1482.545    6.53754   89.04804      1.286     0.0001   1139.000  1033.0524  1033.0526    34.8689    34.8691    1483.31    1483.31    6.53456      1.349     0.0001 0.0000e+00
   1483.317  -39.48406   60.00023   1140.000   1154.045     3.4916     3.4921   3.250391   3.250423    97.7059    -0.0589     2.0295      98.73          0  1033.0565  1033.0563    34.8684    34.8683    1483.33    1483.33   1483.317    6.53845   89.06382      1.348     0.0005   1140.000  1033.0574  1033.0571    34.8696    34.8694    1483.33    1483.33    6.53027      1.230     0.0005 0.0000e+00
   1484.237  -39.48406   60.00024   1141.000   1155.060     3.4923     3.4925   3.250501   3.250515    97.7136    -0.0594     2.0283      98.73          0  1033.0613  1033.0612    34.8688    34.8687    1483.35    1483.35   1484.237    6.53705   89.04659      1.239     0.0003   1141.000  1033.0620  1033.0619    34.8696    34.8695    1483.35    1483.35    6.52568      0.968     0.0003 0.0000e+00
   1485.557  -39.48406   60.00024   1142.000   1156.075     3.4920     3.4923   3.250502   3.250519    97.7104    -0.0591     2.0269      98.73          0  1033.0659  1033.0659    34.8687    34.8687    1483.36    1483.37   1485.557    6.53104   88.96411      0.874     0.0002   1142.000  1033.0664  1033.0664    34.8694    34.8693    1483.37    1483.37    6.52051      0.684     0.0002 0.0000e+00
   1487.057  -39.48406   60.00024   1143.000   1157.090     3.4939     3.4940   3.250761   3.250746    97.7258    -0.0597     2.0264      98.73          0  1033.0706  1033.0703    34.8691    34.8688    1483.39    1483.39   1487.057    6.52302   88.85925      0.654     0.0001   1143.000  1033.0713  1033.0710    34.8699    34.8697    1483.39    1483.39    6.51896      0.771     0.0001 0.0000e+00
   1488.220  -39.48408   60.00024   1144.000   1158.106     3.4959     3.4964   3.251000   3.251037    97.7075    -0.0588     2.0262      98.73          0  1033.0753  1033.0752    34.8695    34.8694    1483.42    1483.42   1488.220    6.51988   88.82093      0.803     0.0005   1144.000  1033.0758  1033.0757    34.8702    34.8701    1483.42    1483.42    6.51860      0.968     0.0005 0.0000e+00
   1489.198  -39.48408   60.00024   1145.000   1159.121     3.4963     3.4965   3.251065   3.251088    97.7130    -0.0591     2.0253      98.73          0  1033.0798  1033.0800    34.8695    34.8696    1483.43    1483.43   1489.198    6.52042   88.82924      0.966     0.0002   1145.000  1033.0802  1033.0803    34.8700    34.8701    1483.43    1483.44    6.51546      1.041     0.0002 0.0000e+00
   1490.185  -39.48408   60.00024   1146.000   1160.136     3.4956     3.4959   3.251038   3.251072    97.7145    -0.0591     2.0251      98.73          0  1033.0846  1033.0846    34.8695    34.8696    1483.45    1483.45   1490.185    6.52041   88.82755      1.038     0.0003   1146.000  1033.0848  1033.0848    34.8699    34.8699    1483.45    1483.45    6.51538      0.979     0.0003 0.0000e+00
   1491.289  -39.48408   60.00024   1147.000   1161.151     3.4949     3.4951   3.251015   3.251031    97.7327    -0.0591     2.0249      98.73          0  1033.0892  1033.0892    34.8695    34.8695    1483.46    1483.46   1491.289    6.51748   88.78616      0.967     0.0002   1147.000  1033.0895  1033.0895    34.8698    34.8698    1483.46    1483.46    6.51536      0.916     0.0002 0.0000e+00
   1492.351  -39.48406   60.00024   1148.000   1162.166     3.4949     3.4951   3.251069   3.251074    97.7075    -0.0588     2.0249      98.73          0  1033.0940  1033.0939    34.8696    34.8695    1483.48    1483.48   1492.351    6.51730   88.78371      0.917     0.0002   1148.000  1033.0944  1033.0941    34.8700    34.8698    1483.48    1483.48    6.51634      1.058     0.0002 0.0000e+00
   1493.224  -39.48406   60.00024   1149.000   1163.181     3.4953     3.4956   3.251143   3.251152    97.7361    -0.0592     2.0248      98.73          0  1033.0986  1033.0983    34.8697    34.8693    1483.50    1483.50   1493.224    6.51745   88.78657      1.039     0.0003   1149.000  1033.0989  1033.0986    34.8700    34.8697    1483.50    1483.50    6.51681      1.250     0.0003 0.0000e+00
   1493.989  -39.48406   60.00024   1150.000   1164.196     3.4981     3.4982   3.251555   3.251483    97.7307    -0.0585     2.0241      98.73          0  1033.1031  1033.1025    34.8700    34.8692    1483.53    1483.53   1493.989    6.51706   88.78753      1.204     0.0002   1150.000  1033.1042  1033.1034    34.8714    34.8704    1483.53    1483.53    6.51387      1.375     0.0002 0.0000e+00
   1494.703  -39.48407   60.00024   1151.000   1165.212     3.5050     3.5049   3.252285   3.252236    97.7294    -0.0581     2.0242      98.73          0  1033.1078  1033.1072    34.8711    34.8704    1483.57    1483.57   1494.703    6.51660   88.79699      1.341    -0.0001   1151.000  1033.1086  1033.1083    34.8722    34.8717    1483.58    1483.57    6.51409      1.380    -0.0001 0.0000e+00
   1495.461  -39.48408   60.00024   1152.000   1166.227     3.5082     3.5083   3.252614   3.252614    97.7199    -0.0585     2.0238      98.73          0  1033.1124  1033.1122    34.8716    34.8714    1483.60    1483.61   1495.461    6.51673   88.80592      1.389     0.0001   1152.000  1033.1129  1033.1128    34.8723    34.8721    1483.61    1483.61    6.51238      1.238     0.0001 0.0000e+00
   1496.419  -39.48408   60.00024   1153.000   1167.242     3.5081     3.5083   3.252646   3.252657    97.7319    -0.0595     2.0230      98.73          0  1033.1171  1033.1171    34.8717    34.8717    1483.62    1483.62   1496.419    6.51528   88.78603      1.231     0.0001   1153.000  1033.1174  1033.1174    34.8722    34.8722    1483.62    1483.62    6.51003      0.895     0.0001 0.0000e+00
   1498.022  -39.48408   60.00024   1154.000   1168.257     3.5076     3.5085   3.252618   3.252673    97.7229    -0.0595     2.0218      98.73          0  1033.1216  1033.1212    34.8715    34.8712    1483.64    1483.64   1498.022    6.51243   88.74611      0.698     0.0009   1154.000  1033.1219  1033.1216    34.8718    34.8716    1483.64    1483.64    6.50588      0.546     0.0009 0.0000e+00
   1499.677  -39.48407   60.00024   1155.000   1169.272     3.5076     3.5083   3.252676   3.252725    97.7452    -0.0592     2.0225      98.73          0  1033.1263  1033.1262    34.8716    34.8716    1483.65    1483.66   1499.677    6.50712   88.67364      0.583     0.0007   1155.000  1033.1267  1033.1265    34.8721    34.8719    1483.65    1483.66    6.50950      0.783     0.0007 0.0000e+00
   1500.796  -39.48407   60.00024   1156.000   1170.287     3.5086     3.5088   3.252830   3.252835    97.7419    -0.0598     2.0220      98.73          0  1033.1311  1033.1310    34.8719    34.8719    1483.67    1483.68   1500.796    6.50793   88.68718      0.816     0.0001   1156.000  1033.1313  1033.1312    34.8723    34.8722    1483.68    1483.68    6.50810      1.024     0.0001 0.0000e+00
   1501.709  -39.48406   60.00024   1157.000   1171.303     3.5090     3.5092   3.252908   3.252918    97.7374    -0.0592     2.0219      98.73          0  1033.1356  1033.1355    34.8720    34.8719    1483.69    1483.69   1501.709    6.51187   88.74165      1.011     0.0002   1157.000  1033.1360  1033.1359    34.8723    34.8722    1483.69    1483.69    6.50844      1.167     0.0002 0.0000e+00
   1502.545  -39.48407   60.00024   1158.000   1172.318     3.5094     3.5096   3.252985   3.253005    97.7414    -0.0592     2.0217      98.73          0  1033.1403  1033.1403    34.8720    34.8720    1483.71    1483.71   1502.545    6.51106   88.73145      1.150     0.0003   1158.000  1033.1405  1033.1404    34.8723    34.8723    1483.71    1483.71    6.50826      1.192     0.0003 0.0000e+00
   1503.419  -39.48408   60.00024   1159.000   1173.333     3.5097     3.5099   3.253058   3.253078    97.7473    -0.0596     2.0211      98.73          0  1033.1449  1033.1449    34.8721    34.8720    1483.73    1483.73   1503.419    6.51019   88.72031      1.195     0.0002   1159.000  1033.1451  1033.1451    34.8724    34.8723    1483.73    1483.73    6.50651      1.116     0.0002 0.0000e+00
   1504.380  -39.48408   60.00024   1160.000   1174.348     3.5097     3.5099   3.253107   3.253121    97.7239    -0.0600     2.0207      98.73          0  1033.1497  1033.1495    34.8722    34.8722    1483.75    1483.75   1504.380    6.51005   88.71852      1.118     0.0002   1160.000  1033.1498  1033.1498    34.8724    34.8724    1483.75    1483.75    6.50587      1.022     0.0002 0.0000e+00
   1505.408  -39.48408   60.00024   1161.000   1175.363     3.5096     3.5098   3.253149   3.253155    97.7396    -0.0600     2.0205      98.73          0  1033.1543  1033.1542    34.8723    34.8721    1483.76    1483.76   1505.408    6.50840   88.69598      1.019     0.0002   1161.000  1033.1544  1033.1543    34.8724    34.8723    1483.76    1483.76    6.50550      0.960     0.0002 0.0000e+00
   1506.498  -39.48408   60.00024   1162.000   1176.379     3.5099     3.5100   3.253209   3.253210    97.7392    -0.0588     2.0205      98.73          0  1033.1588  1033.1588    34.8722    34.8721    1483.78    1483.78   1506.498    6.50764   88.68610      0.954     0.0001   1162.000  1033.1591  1033.1589    34.8724    34.8723    1483.78    1483.78    6.50635      0.912     0.0001 0.0000e+00
   1507.620  -39.48408   60.00024   1163.000   1177.394     3.5099     3.5101   3.253250   3.253263    97.7411    -0.0588     2.0203      98.73          0  1033.1635  1033.1633    34.8722    34.8721    1483.80    1483.80   1507.620    6.50732   88.68174      0.908     0.0002   1163.000  1033.1636  1033.1635    34.8723    34.8722    1483.80    1483.80    6.50633      0.954     0.0002 0.0000e+00
   1508.607  -39.48407   60.00024   1164.000   1178.409     3.5099     3.5102   3.253297   3.253312    97.7391    -0.0595     2.0199      98.73          0  1033.1681  1033.1680    34.8722    34.8721    1483.82    1483.82   1508.607    6.50822   88.69411      0.955     0.0003   1164.000  1033.1682  1033.1681    34.8724    34.8722    1483.82    1483.82    6.50552      1.131     0.0003 0.0000e+00
   1509.442  -39.48406   60.00024   1165.000   1179.424     3.5097     3.5100   3.253320   3.253344    97.7512    -0.0585     2.0192      98.73          0  1033.1727  1033.1727    34.8722    34.8722    1483.83    1483.83   1509.442    6.50817   88.69295      1.100     0.0003   1165.000  1033.1729  1033.1729    34.8724    34.8723    1483.83    1483.83    6.50360      1.298     0.0003 0.0000e+00
   1510.179  -39.48406   60.00024   1166.000   1180.440     3.5095     3.5099   3.253340   3.253377    97.7390    -0.0592     2.0191      98.73          0  1033.1774  1033.1774    34.8722    34.8722    1483.85    1483.85   1510.179    6.50899   88.70370      1.254     0.0004   1166.000  1033.1775  1033.1774    34.8723    34.8723    1483.85    1483.85    6.50381      1.324     0.0004 0.0000e+00
   1510.975  -39.48406   60.00026   1167.000   1181.455     3.5094     3.5090   3.253377   3.253327    97.7426    -0.0592     2.0184      98.73          0  1033.1820  1033.1820    34.8722    34.8722    1483.86    1483.86   1510.975    6.50660   88.67088      1.327    -0.0004   1167.000  1033.1821  1033.1820    34.8723    34.8721    1483.86    1483.86    6.50166      1.149    -0.0004 0.0000e+00
   1512.131  -39.48408   60.00024   1168.000   1182.470     3.5094     3.5095   3.253404   3.253409    97.7416    -0.0591     2.0180      98.73          0  1033.1865  1033.1864    34.8721    34.8720    1483.88    1483.88   1512.131    6.50521   88.65179      1.065     0.0001   1168.000  1033.1866  1033.1865    34.8722    34.8721    1483.88    1483.88    6.50087      0.686     0.0001 0.0000e+00
   1514.252  -39.48408   60.00026   1169.000   1183.485     3.5095     3.5098   3.253465   3.253466    97.7416    -0.0591     2.0181      98.73          0  1033.1912  1033.1910    34.8721    34.8719    1483.90    1483.90   1514.252    6.50163   88.60339      0.411     0.0002   1169.000  1033.1913  1033.1910    34.8722    34.8720    1483.90    1483.90    6.50198      0.506     0.0002 0.0000e+00
   1515.683  -39.48408   60.00026   1170.000   1184.500     3.5094     3.5097   3.253496   3.253524    97.7509    -0.0594     2.0182      98.73          0  1033.1958  1033.1958    34.8721    34.8721    1483.91    1483.92   1515.683    6.50297   88.62132      0.648     0.0003   1170.000  1033.1959  1033.1959    34.8722    34.8722    1483.91    1483.92    6.50330      0.915     0.0003 0.0000e+00
   1516.651  -39.48408   60.00026   1171.000   1185.516     3.5093     3.5096   3.253546   3.253561    97.7434    -0.0592     2.0183      98.73          0  1033.2007  1033.2004    34.8723    34.8721    1483.93    1483.93   1516.651    6.50386   88.63344      0.914     0.0003   1171.000  1033.2007  1033.2004    34.8724    34.8722    1483.93    1483.93    6.50480      1.142     0.0003 0.0000e+00
   1517.469  -39.48408   60.00026   1172.000   1186.531     3.5095     3.5097   3.253613   3.253613    97.7510    -0.0598     2.0181      98.73          0  1033.2052  1033.2051    34.8723    34.8722    1483.95    1483.95   1517.469    6.50503   88.64979      1.104     0.0002   1172.000  1033.2053  1033.2052    34.8724    34.8722    1483.95    1483.95    6.50459      1.339     0.0002 0.0000e+00
   1518.180  -39.48408   60.00026   1173.000   1187.546     3.5099     3.5100   3.253685   3.253692    97.7414    -0.0589     2.0181      98.73          0  1033.2097  1033.2097    34.8723    34.8722    1483.97    1483.97   1518.180    6.50648   88.67036      1.274     0.0001   1173.000  1033.2098  1033.2098    34.8724    34.8723    1483.97    1483.97    6.50542      1.478     0.0001 0.0000e+00
   1518.844  -39.48408   60.00026   1174.000   1188.562     3.5099     3.5101   3.253740   3.253753    97.7375    -0.0585     2.0178      98.73          0  1033.2145  1033.2144    34.8724    34.8722    1483.98    1483.99   1518.844    6.50710   88.67896      1.425     0.0002   1174.000  1033.2145  1033.2145    34.8725    34.8724    1483.98    1483.99    6.50520      1.553     0.0002 0.0000e+00
