Ship_data/Irminger/Irminger-2/ctd/process/dat30_005.cnv
* Sea-Bird SBE 9 Data File:
* FileName = C:\data\ctd\at30_005.hdr
* Software Version Seasave V 7.21f
* Temperature SN = 2265
* Conductivity SN = 3021
* Number of Bytes Per Scan = 40
* Number of Voltage Words = 5
* Number of Scans Averaged by the Deck Unit = 1
* NMEA Latitude = 59 59.33 N
* NMEA Longitude = 039 27.67 W
* NMEA UTC (Time) = Aug 14 2015  19:36:17
# nquan = 36
# nvalues = 2654                        
# units = specified
# name 0 = timeS: Time, Elapsed [seconds]
# name 1 = longitude: Longitude [deg]
# name 2 = latitude: Latitude [deg]
# name 3 = depSM: Depth [salt water, m]
# name 4 = prDM: Pressure, Digiquartz [db]
# name 5 = t090C: Temperature [ITS-90, deg C]
# name 6 = t190C: Temperature, 2 [ITS-90, deg C]
# name 7 = c0S/m: Conductivity [S/m]
# name 8 = c1S/m: Conductivity, 2 [S/m]
# name 9 = CStarTr0: Beam Transmission, WET Labs C-Star [%]
# name 10 = flECO-AFL: Fluorescence, WET Labs ECO-AFL/FL [mg/m^3]
# name 11 = sbeox0V: Oxygen raw, SBE 43 [V]
# name 12 = altM: Altimeter [m]
# name 13 = nbf: Bottles Fired
# name 14 = density00: Density [density, Kg/m^3]
# name 15 = density11: Density, 2 [density, Kg/m^3]
# name 16 = sal00: Salinity, Practical [PSU]
# name 17 = sal11: Salinity, Practical, 2 [PSU]
# name 18 = svCM: Sound Velocity [Chen-Millero, m/s]
# name 19 = svCM1: Sound Velocity, 2 [Chen-Millero, m/s]
# name 20 = timeS: Time, Elapsed [seconds]
# name 21 = sbeox0ML/L: Oxygen, SBE 43 [ml/l]
# name 22 = sbeox0PS: Oxygen, SBE 43 [% saturation]
# name 23 = dz/dtM: Descent Rate [m/s]
# name 24 = T2-T190C: Temperature Difference, 2 - 1 [ITS-90, deg C]
# name 25 = depSM: Depth [salt water, m], lat = 59.9888
# name 26 = density00: Density [density, Kg/m^3]
# name 27 = density11: Density, 2 [density, Kg/m^3]
# name 28 = sal00: Salinity, Practical [PSU]
# name 29 = sal11: Salinity, Practical, 2 [PSU]
# name 30 = svCM: Sound Velocity [Chen-Millero, m/s]
# name 31 = svCM1: Sound Velocity, 2 [Chen-Millero, m/s]
# name 32 = sbeox0ML/L: Oxygen, SBE 43 [ml/l], WS = 2
# name 33 = dz/dtM: Descent Rate [m/s], WS = 2
# name 34 = T2-T190C: Temperature Difference, 2 - 1 [ITS-90, deg C]
# name 35 = flag: flag
# span 0 =     50.580,   3328.056       
# span 1 =  -39.47345,  -39.46130       
# span 2 =   59.98893,   59.99421       
# span 3 =      8.000,   2660.999       
# span 4 =      8.076,   2703.598       
# span 5 =     1.4169,     8.5989       
# span 6 =     1.4177,     8.6154       
# span 7 =   3.133017,   3.666565       
# span 8 =   3.133057,   3.667836       
# span 9 =    92.5648,    97.4600       
# span 10 =    -0.0370,     2.2559      
# span 11 =     1.6922,     2.5529      
# span 12 =       9.23,      99.71      
# span 13 =          0,          0      
# span 14 =  1027.1355,  1040.3412      
# span 15 =  1027.1287,  1040.3407      
# span 16 =    34.8666,    35.0067      
# span 17 =    34.8664,    35.0070      
# span 18 =    1471.60,    1501.75      
# span 19 =    1471.60,    1501.75      
# span 20 =     50.580,   3328.056      
# span 21 =    6.01238,    6.94033      
# span 22 =   81.55310,  102.40530      
# span 23 =     -0.112,      1.718      
# span 24 =    -0.0859,     0.0240      
# span 25 =      8.000,   2661.000      
# span 26 =  1027.1326,  1040.3412      
# span 27 =  1027.1278,  1040.3408      
# span 28 =    34.8476,    35.0077      
# span 29 =    34.8522,    35.0084      
# span 30 =    1471.60,    1501.75      
# span 31 =    1471.60,    1501.75      
# span 32 =    6.01011,    6.94310      
# span 33 =     -0.032,      1.717      
# span 34 =    -0.0859,     0.0240      
# span 35 = 0.0000e+00, 0.0000e+00      
# interval = meters: 1                  
# start_time = Aug 14 2015 19:36:17 [NMEA time, header]
# bad_flag = -9.990e-29
*END*
[from data line 2499]
   2954.825  -39.47186   59.99352   2506.999   2546.202     2.3082     2.3089   3.206124   3.206155    97.2130    -0.0229     1.6923      98.78          0  1039.5232  1039.5227    34.9133    34.9128    1501.68    1501.68   2954.825    6.29139   83.25636      0.937     0.0007   2507.000  1039.5226  1039.5222    34.9125    34.9122    1501.68    1501.68    6.28528      1.114     0.0007 0.0000e+00
   2955.704  -39.47187   59.99352   2507.999   2547.224     2.3041     2.3047   3.205777   3.205842    97.2127    -0.0229     1.6924      98.78          0  1039.5284  1039.5284    34.9134    34.9135    1501.68    1501.68   2955.704    6.28940   83.22148      1.100     0.0007   2508.000  1039.5276  1039.5275    34.9122    34.9123    1501.67    1501.68    6.28739      1.164     0.0007 0.0000e+00
   2956.583  -39.47188   59.99352   2508.999   2548.246     2.3002     2.3009   3.205481   3.205517    97.2058    -0.0239     1.6924      98.78          0  1039.5333  1039.5328    34.9131    34.9127    1501.68    1501.68   2956.583    6.28989   83.21983      1.161     0.0007   2509.000  1039.5327  1039.5323    34.9123    34.9120    1501.68    1501.68    6.28899      1.124     0.0007 0.0000e+00
   2957.533  -39.47188   59.99352   2509.999   2549.268     2.2940     2.2947   3.204874   3.204951    97.1932    -0.0225     1.6924      98.78          0  1039.5383  1039.5383    34.9125    34.9127    1501.67    1501.67   2957.533    6.29054   83.21509      1.126     0.0008   2510.000  1039.5372  1039.5372    34.9111    34.9112    1501.66    1501.67    6.29085      1.039     0.0008 0.0000e+00
   2958.557  -39.47189   59.99352   2510.999   2550.289     2.2881     2.2886   3.204364   3.204405    97.2037    -0.0236     1.6923      98.78          0  1039.5433  1039.5432    34.9121    34.9119    1501.66    1501.66   2958.557    6.29306   83.23599      1.035     0.0005   2511.000  1039.5422  1039.5422    34.9106    34.9106    1501.66    1501.66    6.29235      0.983     0.0005 0.0000e+00
   2959.604  -39.47190   59.99352   2511.999   2551.311     2.2765     2.2780   3.203235   3.203388    97.2046    -0.0228     1.6922      98.78          0  1039.5486  1039.5486    34.9108    34.9110    1501.62    1501.63   2959.604    6.29588   83.24837      0.980     0.0015   2512.000  1039.5472  1039.5471    34.9089    34.9091    1501.62    1501.63    6.29479      0.983     0.0015 0.0000e+00
   2960.630  -39.47190   59.99352   2512.999   2552.333     2.2704     2.2709   3.202696   3.202729    97.1925    -0.0222     1.6925      98.78          0  1039.5533  1039.5532    34.9098    34.9098    1501.61    1501.61   2960.630    6.29770   83.25922      0.984     0.0005   2513.000  1039.5522  1039.5520    34.9083    34.9082    1501.61    1501.61    6.29838      0.995     0.0005 0.0000e+00
   2961.660  -39.47190   59.99352   2513.999   2553.354     2.2629     2.2629   3.201985   3.201996    97.2133    -0.0230     1.6927      98.78          0  1039.5585  1039.5585    34.9091    34.9091    1501.60    1501.60   2961.660    6.29927   83.26395      0.995     0.0001   2514.000  1039.5570  1039.5570    34.9072    34.9073    1501.59    1501.59    6.30178      0.981     0.0001 0.0000e+00
   2962.726  -39.47190   59.99352   2514.999   2554.376     2.2549     2.2557   3.201317   3.201359    97.2222    -0.0236     1.6937      98.78          0  1039.5640  1039.5636    34.9088    34.9085    1501.58    1501.58   2962.726    6.30353   83.30360      0.978     0.0007   2515.000  1039.5626  1039.5623    34.9071    34.9068    1501.58    1501.58    6.30930      0.940     0.0007 0.0000e+00
   2963.823  -39.47190   59.99352   2515.999   2555.398     2.2498     2.2504   3.200915   3.200930    97.2466    -0.0241     1.6947      98.78          0  1039.5690  1039.5686    34.9085    34.9081    1501.57    1501.58   2963.823    6.30620   83.32800      0.937     0.0006   2516.000  1039.5680  1039.5675    34.9072    34.9067    1501.57    1501.57    6.31694      0.965     0.0006 0.0000e+00
   2964.830  -39.47190   59.99353   2516.999   2556.420     2.2486     2.2492   3.200864   3.200868    97.2807    -0.0238     1.6954      98.78          0  1039.5737  1039.5732    34.9085    34.9079    1501.59    1501.59   2964.830    6.31269   83.41141      0.968     0.0005   2517.000  1039.5728  1039.5724    34.9073    34.9068    1501.58    1501.59    6.32126      1.070     0.0005 0.0000e+00
   2965.739  -39.47191   59.99354   2517.999   2557.441     2.2461     2.2467   3.200666   3.200682    97.2802    -0.0226     1.6960      98.78          0  1039.5786  1039.5782    34.9085    34.9081    1501.59    1501.59   2965.739    6.31914   83.49117      1.062     0.0006   2518.000  1039.5776  1039.5771    34.9072    34.9068    1501.59    1501.59    6.32628      1.145     0.0006 0.0000e+00
   2966.622  -39.47193   59.99354   2518.999   2558.463     2.2400     2.2407   3.200133   3.200205    97.2794    -0.0229     1.6963      98.78          0  1039.5841  1039.5840    34.9085    34.9086    1501.58    1501.59   2966.622    6.32370   83.53879      1.139     0.0007   2519.000  1039.5826  1039.5826    34.9067    34.9068    1501.58    1501.58    6.32964      1.133     0.0007 0.0000e+00
   2967.563  -39.47194   59.99354   2519.999   2559.485     2.2331     2.2340   3.199591   3.199645    97.2904    -0.0231     1.6964      98.78          0  1039.5896  1039.5892    34.9085    34.9081    1501.57    1501.57   2967.563    6.32994   83.60688      1.133     0.0009   2520.000  1039.5885  1039.5881    34.9069    34.9067    1501.57    1501.57    6.33242      1.008     0.0009 0.0000e+00
   2968.694  -39.47194   59.99354   2520.999   2560.507     2.2290     2.2296   3.199259   3.199288    97.3055    -0.0231     1.6964      98.78          0  1039.5946  1039.5942    34.9082    34.9080    1501.57    1501.57   2968.694    6.33329   83.64229      0.981     0.0006   2521.000  1039.5935  1039.5931    34.9069    34.9065    1501.57    1501.57    6.33387      0.834     0.0006 0.0000e+00
   2970.003  -39.47194   59.99354   2521.999   2561.528     2.2263     2.2270   3.199085   3.199102    97.3140    -0.0236     1.6974      98.78          0  1039.5995  1039.5990    34.9081    34.9076    1501.58    1501.58   2970.003    6.33522   83.66216      0.800     0.0006   2522.000  1039.5986  1039.5983    34.9071    34.9066    1501.57    1501.58    6.34054      0.796     0.0006 0.0000e+00
   2971.193  -39.47194   59.99354   2522.999   2562.550     2.2249     2.2256   3.199013   3.199051    97.3159    -0.0230     1.6978      98.78          0  1039.6044  1039.6040    34.9083    34.9079    1501.59    1501.59   2971.193    6.33801   83.69605      0.811     0.0007   2523.000  1039.6036  1039.6031    34.9073    34.9070    1501.59    1501.59    6.34380      0.961     0.0007 0.0000e+00
   2972.161  -39.47194   59.99354   2523.999   2563.572     2.2247     2.2253   3.199139   3.199131    97.3124    -0.0244     1.6979      98.78          0  1039.6096  1039.6090    34.9092    34.9084    1501.60    1501.61   2972.161    6.34324   83.76509      0.960     0.0006   2524.000  1039.6091  1039.6085    34.9086    34.9078    1501.60    1501.60    6.34539      1.139     0.0006 0.0000e+00
   2973.007  -39.47194   59.99354   2524.999   2564.594     2.2262     2.2269   3.199356   3.199345    97.3152    -0.0229     1.6980      98.78          0  1039.6141  1039.6134    34.9095    34.9086    1501.63    1501.63   2973.007    6.34466   83.78737      1.117     0.0007   2525.000  1039.6139  1039.6130    34.9091    34.9082    1501.63    1501.63    6.34671      1.220     0.0007 0.0000e+00
   2973.839  -39.47195   59.99354   2525.999   2565.615     2.2279     2.2289   3.199608   3.199641    97.3050    -0.0233     1.6979      98.78          0  1039.6190  1039.6183    34.9101    34.9094    1501.65    1501.66   2973.839    6.34776   83.83224      1.211     0.0010   2526.000  1039.6188  1039.6182    34.9098    34.9092    1501.65    1501.66    6.34648      1.175     0.0010 0.0000e+00
   2974.779  -39.47196   59.99355   2526.999   2566.637     2.2274     2.2281   3.199618   3.199648    97.2727    -0.0230     1.6976      98.78          0  1039.6240  1039.6235    34.9106    34.9102    1501.67    1501.67   2974.779    6.34725   83.82458      1.172     0.0007   2527.000  1039.6235  1039.6232    34.9101    34.9097    1501.67    1501.67    6.34598      0.977     0.0007 0.0000e+00
   2976.028  -39.47196   59.99356   2527.999   2567.659     2.2269     2.2271   3.199615   3.199592    97.2393    -0.0238     1.6966      98.78          0  1039.6285  1039.6281    34.9105    34.9100    1501.68    1501.68   2976.028    6.34778   83.83051      0.913     0.0003   2528.000  1039.6282  1039.6277    34.9101    34.9095    1501.68    1501.68    6.34121      0.745     0.0003 0.0000e+00
   2977.411  -39.47196   59.99356   2528.999   2568.681     2.2243     2.2249   3.199411   3.199441    97.2230    -0.0233     1.6959      98.78          0  1039.6334  1039.6332    34.9105    34.9102    1501.69    1501.69   2977.411    6.34584   83.79953      0.722     0.0006   2529.000  1039.6329  1039.6326    34.9098    34.9096    1501.69    1501.69    6.33889      0.855     0.0006 0.0000e+00
   2978.449  -39.47196   59.99356   2529.999   2569.703     2.2187     2.2192   3.198868   3.198917    97.1994    -0.0240     1.6953      98.78          0  1039.6384  1039.6383    34.9099    34.9100    1501.68    1501.69   2978.449    6.34353   83.75694      0.868     0.0005   2530.000  1039.6375  1039.6375    34.9088    34.9088    1501.68    1501.68    6.33779      1.114     0.0005 0.0000e+00
   2979.288  -39.47198   59.99356   2530.999   2570.724     2.2150     2.2154   3.198612   3.198609    97.2050    -0.0242     1.6948      98.78          0  1039.6433  1039.6428    34.9097    34.9092    1501.68    1501.69   2979.288    6.34223   83.73186      1.081     0.0005   2531.000  1039.6428  1039.6423    34.9091    34.9086    1501.68    1501.68    6.33657      1.249     0.0005 0.0000e+00
   2980.091  -39.47198   59.99356   2531.999   2571.746     2.2132     2.2138   3.198504   3.198542    97.1967    -0.0234     1.6942      98.78          0  1039.6484  1039.6482    34.9102    34.9099    1501.69    1501.70   2980.091    6.34163   83.72048      1.233     0.0006   2532.000  1039.6477  1039.6475    34.9092    34.9091    1501.69    1501.70    6.33419      1.242     0.0006 0.0000e+00
   2980.949  -39.47198   59.99356   2532.999   2572.768     2.2047     2.2051   3.197754   3.197792    97.2079    -0.0235     1.6941      98.78          0  1039.6543  1039.6543    34.9102    34.9103    1501.67    1501.68   2980.949    6.34210   83.70882      1.247     0.0004   2533.000  1039.6532  1039.6531    34.9087    34.9087    1501.67    1501.67    6.33599      1.102     0.0004 0.0000e+00
   2981.994  -39.47198   59.99356   2533.999   2573.790     2.1995     2.2002   3.197337   3.197384    97.1955    -0.0237     1.6941      98.78          0  1039.6593  1039.6591    34.9099    34.9097    1501.67    1501.67   2981.994    6.33884   83.65483      1.086     0.0007   2534.000  1039.6584  1039.6582    34.9087    34.9086    1501.67    1501.67    6.33781      0.889     0.0007 0.0000e+00
   2983.287  -39.47198   59.99356   2534.999   2574.812     2.1947     2.1950   3.196949   3.196935    97.1894    -0.0232     1.6939      98.78          0  1039.6644  1039.6641    34.9096    34.9092    1501.67    1501.67   2983.287    6.33975   83.65663      0.841     0.0003   2535.000  1039.6636  1039.6632    34.9086    34.9082    1501.66    1501.66    6.33858      0.747     0.0003 0.0000e+00
   2984.674  -39.47198   59.99358   2535.999   2575.833     2.1932     2.1937   3.196855   3.196863    97.1862    -0.0237     1.6938      98.78          0  1039.6689  1039.6685    34.9093    34.9088    1501.68    1501.68   2984.674    6.34055   83.66386      0.734     0.0005   2536.000  1039.6683  1039.6680    34.9086    34.9081    1501.67    1501.68    6.33911      0.772     0.0005 0.0000e+00
   2985.891  -39.47199   59.99358   2536.999   2576.855     2.1932     2.1939   3.196911   3.196918    97.1840    -0.0233     1.6940      98.78          0  1039.6735  1039.6730    34.9093    34.9087    1501.69    1501.70   2985.891    6.33991   83.65547      0.795     0.0006   2537.000  1039.6731  1039.6725    34.9087    34.9081    1501.69    1501.69    6.34150      0.940     0.0006 0.0000e+00
   2986.877  -39.47200   59.99358   2537.999   2577.877     2.1915     2.1922   3.196791   3.196829    97.1819    -0.0235     1.6940      98.78          0  1039.6783  1039.6781    34.9095    34.9092    1501.70    1501.71   2986.877    6.34116   83.66833      0.941     0.0007   2538.000  1039.6779  1039.6775    34.9087    34.9084    1501.70    1501.70    6.34244      1.116     0.0007 0.0000e+00
   2987.745  -39.47200   59.99358   2538.999   2578.899     2.1898     2.1904   3.196693   3.196702    97.1762    -0.0230     1.6939      98.78          0  1039.6832  1039.6827    34.9095    34.9089    1501.71    1501.71   2987.745    6.34390   83.70101      1.100     0.0006   2539.000  1039.6827  1039.6823    34.9088    34.9083    1501.71    1501.71    6.34324      1.181     0.0006 0.0000e+00
   2988.620  -39.47200   59.99358   2539.999   2579.921     2.1864     2.1869   3.196408   3.196419    97.1819    -0.0239     1.6933      98.78          0  1039.6881  1039.6877    34.9094    34.9090    1501.72    1501.72   2988.620    6.34544   83.71428      1.180     0.0005   2540.000  1039.6875  1039.6870    34.9084    34.9081    1501.71    1501.72    6.34112      1.073     0.0005 0.0000e+00
   2990.440  -39.47201   59.99358   2540.999   2580.942     2.1862     2.1855   3.196436   3.196318    97.1672    -0.0234     1.6932      98.78          0  1039.6924  1039.6921    34.9090    34.9084    1501.73    1501.73   2990.440    6.34343   83.68703      0.693    -0.0008   2541.000  1039.6921  1039.6917    34.9085    34.9079    1501.73    1501.73    6.34162      0.458    -0.0008 0.0000e+00
   2993.935  -39.47202   59.99360   2541.999   2581.964     2.1863     2.1868   3.196452   3.196471    97.1757    -0.0228     1.6938      98.78          0  1039.6969  1039.6963    34.9088    34.9082    1501.75    1501.75   2993.935    6.34246   83.67448      0.191     0.0004   2542.000  1039.6963  1039.6960    34.9081    34.9079    1501.75    1501.75    6.34581      0.675     0.0004 0.0000e+00
   2994.851  -39.47202   59.99360   2542.999   2582.986     2.1675     2.1680   3.194584   3.194741    97.1806    -0.0231     1.6938      98.78          0  1039.7035  1039.7047    34.9079    34.9095    1501.68    1501.69   2994.851    6.34957   83.72826      0.764     0.0004   2543.000  1039.7012  1039.7023    34.9050    34.9064    1501.68    1501.68    6.35034      1.029     0.0004 0.0000e+00
   2995.788  -39.47203   59.99360   2543.999   2584.008     2.1549     2.1569   3.193578   3.193758    97.1830    -0.0226     1.6936      98.78          0  1039.7095  1039.7092    34.9074    34.9074    1501.65    1501.65   2995.788    6.35342   83.75233      1.023     0.0020   2544.000  1039.7081  1039.7080    34.9057    34.9058    1501.64    1501.65    6.35262      1.079     0.0020 0.0000e+00
   2996.771  -39.47204   59.99360   2544.999   2585.030     2.1504     2.1511   3.193247   3.193244    97.1892    -0.0242     1.6942      98.78          0  1039.7144  1039.7137    34.9070    34.9063    1501.64    1501.64   2996.771    6.35516   83.76557      1.076     0.0007   2545.000  1039.7135  1039.7129    34.9060    34.9052    1501.64    1501.64    6.35706      0.946     0.0007 0.0000e+00
   2998.249  -39.47204   59.99360   2545.999   2586.052     2.1532     2.1527   3.193528   3.193425    97.1964    -0.0240     1.6942      98.78          0  1039.7181  1039.7178    34.9065    34.9059    1501.67    1501.67   2998.249    6.35625   83.78542      0.793    -0.0005   2546.000  1039.7178  1039.7172    34.9060    34.9052    1501.67    1501.67    6.35788      0.518    -0.0005 0.0000e+00
