Ship_data/Irminger/Irminger-2/ctd/process/dat30_007.cnv
* Sea-Bird SBE 9 Data File:
* FileName = C:\data\ctd\at30_007.hdr
* Software Version Seasave V 7.21f
* Temperature SN = 2265
* Conductivity SN = 3021
* Number of Bytes Per Scan = 40
* Number of Voltage Words = 5
* Number of Scans Averaged by the Deck Unit = 1
* NMEA Latitude = 59 46.29 N
* NMEA Longitude = 039 52.92 W
* NMEA UTC (Time) = Aug 17 2015  23:01:49
** Site of FLMA 2015 -- need to confirm bottom depth
# nquan = 36
# nvalues = 2675                        
# units = specified
# name 0 = timeS: Time, Elapsed [seconds]
# name 1 = longitude: Longitude [deg]
# name 2 = latitude: Latitude [deg]
# name 3 = depSM: Depth [salt water, m]
# name 4 = prDM: Pressure, Digiquartz [db]
# name 5 = t090C: Temperature [ITS-90, deg C]
# name 6 = t190C: Temperature, 2 [ITS-90, deg C]
# name 7 = c0S/m: Conductivity [S/m]
# name 8 = c1S/m: Conductivity, 2 [S/m]
# name 9 = CStarTr0: Beam Transmission, WET Labs C-Star [%]
# name 10 = flECO-AFL: Fluorescence, WET Labs ECO-AFL/FL [mg/m^3]
# name 11 = sbeox0V: Oxygen raw, SBE 43 [V]
# name 12 = altM: Altimeter [m]
# name 13 = nbf: Bottles Fired
# name 14 = density00: Density [density, Kg/m^3]
# name 15 = density11: Density, 2 [density, Kg/m^3]
# name 16 = sal00: Salinity, Practical [PSU]
# name 17 = sal11: Salinity, Practical, 2 [PSU]
# name 18 = svCM: Sound Velocity [Chen-Millero, m/s]
# name 19 = svCM1: Sound Velocity, 2 [Chen-Millero, m/s]
# name 20 = timeS: Time, Elapsed [seconds]
# name 21 = sbeox0ML/L: Oxygen, SBE 43 [ml/l]
# name 22 = sbeox0PS: Oxygen, SBE 43 [% saturation]
# name 23 = dz/dtM: Descent Rate [m/s]
# name 24 = T2-T190C: Temperature Difference, 2 - 1 [ITS-90, deg C]
# name 25 = depSM: Depth [salt water, m], lat = 59.7715
# name 26 = density00: Density [density, Kg/m^3]
# name 27 = density11: Density, 2 [density, Kg/m^3]
# name 28 = sal00: Salinity, Practical [PSU]
# name 29 = sal11: Salinity, Practical, 2 [PSU]
# name 30 = svCM: Sound Velocity [Chen-Millero, m/s]
# name 31 = svCM1: Sound Velocity, 2 [Chen-Millero, m/s]
# name 32 = sbeox0ML/L: Oxygen, SBE 43 [ml/l], WS = 2
# name 33 = dz/dtM: Descent Rate [m/s], WS = 2
# name 34 = T2-T190C: Temperature Difference, 2 - 1 [ITS-90, deg C]
# name 35 = flag: flag
# span 0 =     17.110,   3228.210       
# span 1 =  -39.88204,  -39.88162       
# span 2 =   59.77140,   59.77155       
# span 3 =      5.000,   2679.000       
# span 4 =      5.048,   2721.954       
# span 5 =     1.4900,     8.5923       
# span 6 =     1.4906,     8.5920       
# span 7 =   3.140022,   3.663040       
# span 8 =   3.140058,   3.663105       
# span 9 =    93.3736,    97.8154       
# span 10 =    -0.0375,     1.5977      
# span 11 =     1.6862,     2.5319      
# span 12 =       8.80,      99.37      
# span 13 =          0,          0      
# span 14 =  1027.0958,  1040.4120      
# span 15 =  1027.0948,  1040.4116      
# span 16 =    34.8553,    34.9336      
# span 17 =    34.8545,    34.9334      
# span 18 =    1469.81,    1502.03      
# span 19 =    1469.81,    1502.04      
# span 20 =     17.110,   3228.210      
# span 21 =    6.01101,    6.95318      
# span 22 =   81.32693,  101.89458      
# span 23 =      0.012,      1.648      
# span 24 =    -0.0535,     0.0812      
# span 25 =      5.000,   2679.000      
# span 26 =  1027.0958,  1040.4121      
# span 27 =  1027.0953,  1040.4117      
# span 28 =    34.8505,    34.9335      
# span 29 =    34.8550,    34.9332      
# span 30 =    1469.81,    1502.03      
# span 31 =    1469.81,    1502.04      
# span 32 =    6.00866,    6.92904      
# span 33 =     -0.003,      1.669      
# span 34 =    -0.0535,     0.0812      
# span 35 = 0.0000e+00, 0.0000e+00      
# interval = meters: 1                  
# start_time = Aug 17 2015 23:01:49 [NMEA time, header]
# bad_flag = -9.990e-29
*END*
[from data line 283]
    581.077  -39.88166   59.77142    288.000    290.941     3.8387     3.8387   3.246206   3.246297    97.5894    -0.0338     2.2336      98.78          0  1029.0791  1029.0798    34.9048    34.9058    1470.59    1470.59    581.077    6.57126   90.29259      1.168    -0.0000    288.000  1029.0784  1029.0793    34.9040    34.9051    1470.59    1470.59    6.56352      1.235    -0.0000 0.0000e+00
    581.909  -39.88166   59.77141    289.000    291.952     3.8303     3.8309   3.245436   3.245577    97.6015    -0.0317     2.2336      98.78          0  1029.0842  1029.0851    34.9043    34.9055    1470.57    1470.58    581.909    6.57003   90.25697      1.235     0.0006    289.000  1029.0834  1029.0842    34.9032    34.9043    1470.57    1470.57    6.56587      1.165     0.0006 0.0000e+00
    582.822  -39.88166   59.77140    290.000    292.962     3.8281     3.8281   3.245314   3.245376    97.6148    -0.0228     2.2341      98.78          0  1029.0890  1029.0896    34.9040    34.9048    1470.58    1470.58    582.822    6.56914   90.23969      1.173    -0.0000    290.000  1029.0886  1029.0892    34.9036    34.9043    1470.58    1470.58    6.56884      1.072    -0.0000 0.0000e+00
    583.794  -39.88166   59.77141    291.000    293.973     3.8282     3.8282   3.245373   3.245426    97.6046    -0.0278     2.2346      98.78          0  1029.0936  1029.0941    34.9040    34.9047    1470.60    1470.60    583.794    6.56763   90.21914      1.073     0.0000    291.000  1029.0934  1029.0939    34.9036    34.9042    1470.59    1470.60    6.57171      1.036     0.0000 0.0000e+00
    584.765  -39.88166   59.77142    292.000    294.984     3.8283     3.8284   3.245443   3.245492    97.6235    -0.0179     2.2344      98.78          0  1029.0985  1029.0988    34.9042    34.9046    1470.61    1470.61    584.765    6.57060   90.26024      1.037     0.0001    292.000  1029.0981  1029.0985    34.9038    34.9043    1470.61    1470.61    6.57165      1.048     0.0001 0.0000e+00
    585.732  -39.88166   59.77142    293.000    295.995     3.8280     3.8280   3.245448   3.245515    97.6245    -0.0182     2.2348      98.78          0  1029.1030  1029.1036    34.9040    34.9048    1470.63    1470.63    585.732    6.57359   90.30050      1.047     0.0001    293.000  1029.1028  1029.1034    34.9037    34.9044    1470.63    1470.63    6.57424      1.023     0.0001 0.0000e+00
    586.746  -39.88166   59.77142    294.000    297.006     3.8282     3.8282   3.245536   3.245579    97.6173    -0.0216     2.2351      98.78          0  1029.1078  1029.1083    34.9041    34.9047    1470.64    1470.65    586.746    6.57369   90.30247      1.022    -0.0000    294.000  1029.1077  1029.1080    34.9039    34.9045    1470.64    1470.65    6.57618      0.991    -0.0000 0.0000e+00
    587.766  -39.88166   59.77142    295.000    298.017     3.8295     3.8291   3.245755   3.245735    97.6071    -0.0174     2.2348      98.78          0  1029.1124  1029.1127    34.9043    34.9045    1470.67    1470.67    587.766    6.57586   90.33508      0.990    -0.0003    295.000  1029.1128  1029.1129    34.9046    34.9048    1470.67    1470.67    6.57565      0.995    -0.0003 0.0000e+00
    588.784  -39.88166   59.77141    296.000    299.028     3.8351     3.8350   3.246344   3.246372    97.6255    -0.0218     2.2348      98.78          0  1029.1171  1029.1174    34.9050    34.9054    1470.71    1470.71    588.784    6.57659   90.35808      0.994    -0.0001    296.000  1029.1172  1029.1176    34.9051    34.9056    1470.71    1470.71    6.57551      0.960    -0.0001 0.0000e+00
    589.894  -39.88166   59.77140    297.000    300.039     3.8360     3.8360   3.246489   3.246532    97.5848    -0.0221     2.2345      98.78          0  1029.1218  1029.1222    34.9052    34.9057    1470.73    1470.73    589.894    6.57637   90.35702      0.949    -0.0000    297.000  1029.1219  1029.1224    34.9053    34.9059    1470.73    1470.73    6.57487      0.881    -0.0000 0.0000e+00
    591.058  -39.88166   59.77140    298.000    301.050     3.8368     3.8369   3.246614   3.246670    97.6063    -0.0181     2.2336      98.78          0  1029.1266  1029.1271    34.9054    34.9060    1470.75    1470.75    591.058    6.57709   90.36878      0.873     0.0001    298.000  1029.1266  1029.1271    34.9054    34.9060    1470.75    1470.75    6.57212      0.918     0.0001 0.0000e+00
    592.081  -39.88166   59.77140    299.000    302.061     3.8364     3.8364   3.246621   3.246685    97.6274    -0.0101     2.2325      98.78          0  1029.1313  1029.1318    34.9054    34.9060    1470.76    1470.76    592.081    6.57612   90.35462      0.922     0.0001    299.000  1029.1313  1029.1318    34.9054    34.9061    1470.76    1470.76    6.56893      1.054     0.0001 0.0000e+00
    592.995  -39.88166   59.77140    300.000    303.072     3.8357     3.8357   3.246590   3.246646    97.6266    -0.0123     2.2322      98.78          0  1029.1360  1029.1366    34.9053    34.9060    1470.78    1470.78    592.995    6.57454   90.33141      1.045    -0.0000    300.000  1029.1359  1029.1365    34.9052    34.9059    1470.78    1470.78    6.56887      1.081    -0.0000 0.0000e+00
    593.982  -39.88166   59.77140    301.000    304.083     3.8330     3.8330   3.246368   3.246437    97.6325    -0.0215     2.2319      98.78          0  1029.1409  1029.1415    34.9052    34.9060    1470.78    1470.78    593.982    6.57186   90.28857      1.074    -0.0000    301.000  1029.1406  1029.1414    34.9049    34.9057    1470.78    1470.78    6.56908      0.931    -0.0000 0.0000e+00
    595.231  -39.88166   59.77142    302.000    305.094     3.8315     3.8315   3.246284   3.246331    97.6212    -0.0198     2.2325      98.78          0  1029.1456  1029.1461    34.9050    34.9056    1470.79    1470.79    595.231    6.57110   90.27469      0.880    -0.0000    302.000  1029.1455  1029.1460    34.9050    34.9055    1470.79    1470.79    6.57243      0.770    -0.0000 0.0000e+00
    596.487  -39.88166   59.77142    303.000    306.105     3.8314     3.8314   3.246324   3.246372    97.6104    -0.0204     2.2334      98.78          0  1029.1503  1029.1508    34.9050    34.9057    1470.81    1470.81    596.487    6.57148   90.27981      0.762    -0.0001    303.000  1029.1503  1029.1508    34.9049    34.9056    1470.81    1470.81    6.57664      0.960    -0.0001 0.0000e+00
    597.388  -39.88166   59.77142    304.000    307.116     3.8313     3.8313   3.246357   3.246414    97.6068    -0.0266     2.2326      98.78          0  1029.1550  1029.1556    34.9051    34.9058    1470.82    1470.83    597.388    6.57460   90.32240      0.946    -0.0000    304.000  1029.1549  1029.1554    34.9049    34.9056    1470.82    1470.83    6.57449      1.243    -0.0000 0.0000e+00
    598.133  -39.88166   59.77140    305.000    308.127     3.8292     3.8292   3.246178   3.246258    97.6258    -0.0256     2.2315      98.78          0  1029.1598  1029.1606    34.9049    34.9059    1470.83    1470.83    598.133    6.57953   90.38523      1.176     0.0000    305.000  1029.1595  1029.1603    34.9046    34.9055    1470.83    1470.83    6.57158      1.400     0.0000 0.0000e+00
    598.833  -39.88166   59.77140    306.000    309.138     3.8273     3.8273   3.246052   3.246125    97.6261    -0.0175     2.2308      98.78          0  1029.1647  1029.1653    34.9048    34.9056    1470.84    1470.84    598.833    6.57837   90.36521      1.356     0.0001    306.000  1029.1644  1029.1650    34.9045    34.9053    1470.84    1470.84    6.56999      1.421     0.0001 0.0000e+00
    599.559  -39.88166   59.77140    307.000    310.149     3.8251     3.8252   3.245883   3.245969    97.6134    -0.0262     2.2300      98.78          0  1029.1694  1029.1702    34.9047    34.9057    1470.85    1470.85    599.559    6.57788   90.35375      1.424     0.0001    307.000  1029.1691  1029.1698    34.9042    34.9052    1470.85    1470.85    6.56834      1.290     0.0001 0.0000e+00
    600.440  -39.88166   59.77140    308.000    311.160     3.8232     3.8233   3.245767   3.245832    97.6073    -0.0168     2.2302      98.78          0  1029.1743  1029.1748    34.9047    34.9053    1470.86    1470.86    600.440    6.57436   90.30107      1.307     0.0001    308.000  1029.1741  1029.1746    34.9043    34.9050    1470.86    1470.86    6.57025      1.037     0.0001 0.0000e+00
    601.582  -39.88166   59.77140    309.000    312.171     3.8227     3.8228   3.245762   3.245815    97.6042    -0.0183     2.2298      98.78          0  1029.1788  1029.1794    34.9045    34.9051    1470.87    1470.87    601.582    6.57087   90.25201      0.997     0.0000    309.000  1029.1787  1029.1792    34.9042    34.9048    1470.87    1470.87    6.56986      0.817     0.0000 0.0000e+00
    602.889  -39.88166   59.77140    310.000    313.182     3.8225     3.8226   3.245789   3.245850    97.6097    -0.0176     2.2292      98.78          0  1029.1836  1029.1841    34.9044    34.9050    1470.89    1470.89    602.889    6.57181   90.26438      0.785     0.0001    310.000  1029.1835  1029.1840    34.9043    34.9049    1470.89    1470.89    6.56823      0.801     0.0001 0.0000e+00
    604.055  -39.88166   59.77140    311.000    314.193     3.8228     3.8229   3.245867   3.245924    97.5806    -0.0191     2.2284      98.78          0  1029.1882  1029.1887    34.9044    34.9050    1470.90    1470.91    604.055    6.57124   90.25723      0.819     0.0001    311.000  1029.1881  1029.1886    34.9043    34.9049    1470.90    1470.91    6.56603      0.925     0.0001 0.0000e+00
    605.109  -39.88166   59.77140    312.000    315.204     3.8226     3.8227   3.245878   3.245947    97.6104    -0.0222     2.2273      98.78          0  1029.1929  1029.1935    34.9043    34.9051    1470.92    1470.92    605.109    6.56950   90.23286      0.932     0.0000    312.000  1029.1926  1029.1932    34.9041    34.9049    1470.92    1470.92    6.56268      0.948     0.0000 0.0000e+00
    606.211  -39.88166   59.77140    313.000    316.215     3.8203     3.8203   3.245695   3.245762    97.5680    -0.0181     2.2272      98.78          0  1029.1976  1029.1984    34.9042    34.9050    1470.93    1470.93    606.211    6.56771   90.20311      0.943    -0.0000    313.000  1029.1974  1029.1980    34.9039    34.9047    1470.93    1470.93    6.56377      0.894    -0.0000 0.0000e+00
    607.353  -39.88166   59.77140    314.000    317.226     3.8190     3.8191   3.245621   3.245692    97.6356    -0.0126     2.2275      98.78          0  1029.2024  1029.2030    34.9041    34.9049    1470.94    1470.94    607.353    6.56492   90.16174      0.890     0.0001    314.000  1029.2023  1029.2028    34.9039    34.9046    1470.94    1470.94    6.56592      0.923     0.0001 0.0000e+00
    608.378  -39.88166   59.77140    315.000    318.237     3.8176     3.8177   3.245552   3.245615    97.6380    -0.0203     2.2276      98.78          0  1029.2073  1029.2078    34.9041    34.9048    1470.95    1470.95    608.378    6.56632   90.17812      0.927     0.0001    315.000  1029.2072  1029.2076    34.9039    34.9046    1470.95    1470.95    6.56721      1.100     0.0001 0.0000e+00
    609.215  -39.88166   59.77140    316.000    319.248     3.8165     3.8165   3.245488   3.245548    97.6408    -0.0210     2.2276      98.78          0  1029.2120  1029.2128    34.9041    34.9049    1470.96    1470.96    609.215    6.56794   90.19790      1.068    -0.0001    316.000  1029.2118  1029.2124    34.9038    34.9045    1470.96    1470.96    6.56834      1.273    -0.0001 0.0000e+00
    609.975  -39.88166   59.77140    317.000    320.259     3.8153     3.8153   3.245422   3.245489    97.6322    -0.0181     2.2275      98.78          0  1029.2168  1029.2174    34.9040    34.9048    1470.97    1470.97    609.975    6.56954   90.21709      1.235     0.0000    317.000  1029.2167  1029.2172    34.9038    34.9045    1470.97    1470.97    6.56918      1.278     0.0000 0.0000e+00
    610.817  -39.88166   59.77140    318.000    321.270     3.8148     3.8149   3.245426   3.245493    97.6325    -0.0284     2.2279      98.78          0  1029.2216  1029.2220    34.9040    34.9047    1470.99    1470.99    610.817    6.57068   90.23177      1.286     0.0001    318.000  1029.2213  1029.2219    34.9038    34.9045    1470.99    1470.99    6.57156      1.054     0.0001 0.0000e+00
    611.995  -39.88166   59.77140    319.000    322.282     3.8134     3.8132   3.245327   3.245358    97.6418    -0.0185     2.2286      98.78          0  1029.2262  1029.2268    34.9039    34.9044    1471.00    1471.00    611.995    6.57170   90.24242      0.995    -0.0001    319.000  1029.2261  1029.2264    34.9036    34.9041    1471.00    1471.00    6.57543      0.784    -0.0001 0.0000e+00
    613.295  -39.88166   59.77140    320.000    323.293     3.8125     3.8124   3.245294   3.245339    97.6450    -0.0202     2.2294      98.78          0  1029.2310  1029.2314    34.9038    34.9044    1471.01    1471.01    613.295    6.57461   90.28057      0.764    -0.0001    320.000  1029.2308  1029.2313    34.9036    34.9042    1471.01    1471.01    6.57973      0.864    -0.0001 0.0000e+00
    614.336  -39.88166   59.77140    321.000    324.304     3.8119     3.8120   3.245278   3.245336    97.6164    -0.0178     2.2299      98.77          0  1029.2357  1029.2362    34.9037    34.9044    1471.02    1471.03    614.336    6.57885   90.33747      0.875     0.0000    321.000  1029.2355  1029.2360    34.9034    34.9041    1471.02    1471.02    6.58255      1.126     0.0000 0.0000e+00
    615.135  -39.88166   59.77140    322.000    325.315     3.8095     3.8097   3.245072   3.245163    97.6018    -0.0178     2.2299      98.78          0  1029.2404  1029.2410    34.9035    34.9042    1471.03    1471.03    615.135    6.58101   90.36169      1.074     0.0002    322.000  1029.2401  1029.2407    34.9030    34.9038    1471.03    1471.03    6.58379      1.338     0.0002 0.0000e+00
    615.848  -39.88166   59.77140    323.000    326.326     3.8089     3.8088   3.245077   3.245119    97.6113    -0.0291     2.2293      98.78          0  1029.2451  1029.2457    34.9034    34.9041    1471.04    1471.04    615.848    6.58542   90.42088      1.279    -0.0001    323.000  1029.2449  1029.2455    34.9032    34.9038    1471.04    1471.04    6.58239      1.390    -0.0001 0.0000e+00
    616.589  -39.88166   59.77140    324.000    327.337     3.8084     3.8086   3.245080   3.245152    97.6404    -0.0254     2.2286      98.78          0  1029.2499  1029.2504    34.9034    34.9040    1471.06    1471.06    616.589    6.58530   90.41798      1.394     0.0002    324.000  1029.2498  1029.2502    34.9032    34.9038    1471.06    1471.06    6.58064      1.248     0.0002 0.0000e+00
    617.536  -39.88166   59.77140    325.000    328.348     3.8070     3.8069   3.244972   3.245028    97.6229    -0.0222     2.2287      98.78          0  1029.2545  1029.2551    34.9032    34.9040    1471.07    1471.07    617.536    6.58602   90.42490      1.247    -0.0001    325.000  1029.2543  1029.2549    34.9028    34.9036    1471.07    1471.07    6.58204      0.939    -0.0001 0.0000e+00
    618.831  -39.88166   59.77140    326.000    329.359     3.8057     3.8058   3.244907   3.244957    97.6519    -0.0187     2.2286      98.78          0  1029.2593  1029.2598    34.9031    34.9037    1471.08    1471.08    618.831    6.58315   90.38250      0.866     0.0000    326.000  1029.2592  1029.2595    34.9029    34.9035    1471.08    1471.08    6.58309      0.729     0.0000 0.0000e+00
