Ship_data/Irminger/Irminger-2/ctd/process/dat30_007.cnv
* Sea-Bird SBE 9 Data File:
* FileName = C:\data\ctd\at30_007.hdr
* Software Version Seasave V 7.21f
* Temperature SN = 2265
* Conductivity SN = 3021
* Number of Bytes Per Scan = 40
* Number of Voltage Words = 5
* Number of Scans Averaged by the Deck Unit = 1
* NMEA Latitude = 59 46.29 N
* NMEA Longitude = 039 52.92 W
* NMEA UTC (Time) = Aug 17 2015  23:01:49
** Site of FLMA 2015 -- need to confirm bottom depth
# nquan = 36
# nvalues = 2675                        
# units = specified
# name 0 = timeS: Time, Elapsed [seconds]
# name 1 = longitude: Longitude [deg]
# name 2 = latitude: Latitude [deg]
# name 3 = depSM: Depth [salt water, m]
# name 4 = prDM: Pressure, Digiquartz [db]
# name 5 = t090C: Temperature [ITS-90, deg C]
# name 6 = t190C: Temperature, 2 [ITS-90, deg C]
# name 7 = c0S/m: Conductivity [S/m]
# name 8 = c1S/m: Conductivity, 2 [S/m]
# name 9 = CStarTr0: Beam Transmission, WET Labs C-Star [%]
# name 10 = flECO-AFL: Fluorescence, WET Labs ECO-AFL/FL [mg/m^3]
# name 11 = sbeox0V: Oxygen raw, SBE 43 [V]
# name 12 = altM: Altimeter [m]
# name 13 = nbf: Bottles Fired
# name 14 = density00: Density [density, Kg/m^3]
# name 15 = density11: Density, 2 [density, Kg/m^3]
# name 16 = sal00: Salinity, Practical [PSU]
# name 17 = sal11: Salinity, Practical, 2 [PSU]
# name 18 = svCM: Sound Velocity [Chen-Millero, m/s]
# name 19 = svCM1: Sound Velocity, 2 [Chen-Millero, m/s]
# name 20 = timeS: Time, Elapsed [seconds]
# name 21 = sbeox0ML/L: Oxygen, SBE 43 [ml/l]
# name 22 = sbeox0PS: Oxygen, SBE 43 [% saturation]
# name 23 = dz/dtM: Descent Rate [m/s]
# name 24 = T2-T190C: Temperature Difference, 2 - 1 [ITS-90, deg C]
# name 25 = depSM: Depth [salt water, m], lat = 59.7715
# name 26 = density00: Density [density, Kg/m^3]
# name 27 = density11: Density, 2 [density, Kg/m^3]
# name 28 = sal00: Salinity, Practical [PSU]
# name 29 = sal11: Salinity, Practical, 2 [PSU]
# name 30 = svCM: Sound Velocity [Chen-Millero, m/s]
# name 31 = svCM1: Sound Velocity, 2 [Chen-Millero, m/s]
# name 32 = sbeox0ML/L: Oxygen, SBE 43 [ml/l], WS = 2
# name 33 = dz/dtM: Descent Rate [m/s], WS = 2
# name 34 = T2-T190C: Temperature Difference, 2 - 1 [ITS-90, deg C]
# name 35 = flag: flag
# span 0 =     17.110,   3228.210       
# span 1 =  -39.88204,  -39.88162       
# span 2 =   59.77140,   59.77155       
# span 3 =      5.000,   2679.000       
# span 4 =      5.048,   2721.954       
# span 5 =     1.4900,     8.5923       
# span 6 =     1.4906,     8.5920       
# span 7 =   3.140022,   3.663040       
# span 8 =   3.140058,   3.663105       
# span 9 =    93.3736,    97.8154       
# span 10 =    -0.0375,     1.5977      
# span 11 =     1.6862,     2.5319      
# span 12 =       8.80,      99.37      
# span 13 =          0,          0      
# span 14 =  1027.0958,  1040.4120      
# span 15 =  1027.0948,  1040.4116      
# span 16 =    34.8553,    34.9336      
# span 17 =    34.8545,    34.9334      
# span 18 =    1469.81,    1502.03      
# span 19 =    1469.81,    1502.04      
# span 20 =     17.110,   3228.210      
# span 21 =    6.01101,    6.95318      
# span 22 =   81.32693,  101.89458      
# span 23 =      0.012,      1.648      
# span 24 =    -0.0535,     0.0812      
# span 25 =      5.000,   2679.000      
# span 26 =  1027.0958,  1040.4121      
# span 27 =  1027.0953,  1040.4117      
# span 28 =    34.8505,    34.9335      
# span 29 =    34.8550,    34.9332      
# span 30 =    1469.81,    1502.03      
# span 31 =    1469.81,    1502.04      
# span 32 =    6.00866,    6.92904      
# span 33 =     -0.003,      1.669      
# span 34 =    -0.0535,     0.0812      
# span 35 = 0.0000e+00, 0.0000e+00      
# interval = meters: 1                  
# start_time = Aug 17 2015 23:01:49 [NMEA time, header]
# bad_flag = -9.990e-29
*END*
[from data line 121]
    334.681  -39.88164   59.77142    126.000    127.236     4.3054     4.3056   3.281745   3.281841    97.4482    -0.0017     2.2956      98.78          0  1028.2797  1028.2803    34.9185    34.9194    1469.87    1469.87    334.681    6.57686   91.40235      0.372     0.0002    126.000  1028.2794  1028.2800    34.9182    34.9191    1469.87    1469.87    6.57443      0.413     0.0002 0.0000e+00
    336.736  -39.88164   59.77142    127.000    128.246     4.2966     4.2977   3.280895   3.281146    97.4489    -0.0043     2.2948      98.78          0  1028.2850  1028.2863    34.9182    34.9200    1469.85    1469.85    336.736    6.57717   91.38718      0.497     0.0011    127.000  1028.2841  1028.2853    34.9169    34.9187    1469.84    1469.85    6.57389      0.570     0.0011 0.0000e+00
    338.358  -39.88164   59.77142    128.000    129.256     4.2848     4.2843   3.279869   3.279921    97.4470     0.0008     2.2942      98.78          0  1028.2906  1028.2915    34.9177    34.9187    1469.81    1469.81    338.358    6.57813   91.37418      0.612    -0.0004    128.000  1028.2899  1028.2909    34.9168    34.9179    1469.81    1469.81    6.57483      0.699    -0.0004 0.0000e+00
    339.672  -39.88164   59.77142    129.000    130.267     4.2835     4.2834   3.279818   3.279886    97.4463    -0.0176     2.2928      98.78          0  1028.2954  1028.2963    34.9176    34.9186    1469.82    1469.83    339.672    6.57569   91.33747      0.735    -0.0001    129.000  1028.2949  1028.2957    34.9170    34.9179    1469.82    1469.82    6.57067      0.780    -0.0001 0.0000e+00
    342.379  -39.88165   59.77142    130.000    131.277     4.2841     4.2845   3.279936   3.280037    97.4367    -0.0103     2.2920      98.78          0  1028.2999  1028.3005    34.9176    34.9183    1469.84    1469.85    342.379    6.57086   91.27178      0.344     0.0003    130.000  1028.2997  1028.3003    34.9172    34.9180    1469.84    1469.85    6.56816      0.270     0.0003 0.0000e+00
    345.553  -39.88166   59.77142    131.000    132.287     4.2873     4.2882   3.280400   3.280542    97.4582    -0.0031     2.2906      98.77          0  1028.3049  1028.3055    34.9184    34.9192    1469.87    1469.88    345.553    6.56821   91.24238      0.441     0.0009    131.000  1028.3053  1028.3057    34.9188    34.9194    1469.87    1469.88    6.56318      0.974     0.0009 0.0000e+00
    346.345  -39.88166   59.77142    132.000    133.297     4.2911     4.2910   3.280842   3.280902    97.4389     0.0029     2.2884      98.78          0  1028.3099  1028.3104    34.9192    34.9199    1469.91    1469.91    346.345    6.56921   91.26517      0.925    -0.0001    132.000  1028.3101  1028.3107    34.9194    34.9202    1469.91    1469.91    6.55530      1.156    -0.0001 0.0000e+00
    347.289  -39.88166   59.77142    133.000    134.307     4.2915     4.2916   3.280962   3.281049    97.4460    -0.0086     2.2872      98.78          0  1028.3151  1028.3158    34.9199    34.9208    1469.93    1469.93    347.289    6.56535   91.21274      1.117     0.0001    133.000  1028.3151  1028.3158    34.9199    34.9208    1469.93    1469.93    6.55155      0.859     0.0001 0.0000e+00
    350.890  -39.88165   59.77142    134.000    135.317     4.2914     4.2913   3.280968   3.281025    97.4589    -0.0095     2.2874      98.78          0  1028.3193  1028.3201    34.9194    34.9203    1469.94    1469.94    350.890    6.55009   91.00033      0.070    -0.0001    134.000  1028.3193  1028.3201    34.9194    34.9202    1469.94    1469.94    6.55309      0.089    -0.0001 0.0000e+00
    353.010  -39.88166   59.77142    135.000    136.327     4.2881     4.2876   3.280741   3.280798    97.4657     0.0001     2.2872      98.78          0  1028.3251  1028.3260    34.9202    34.9213    1469.95    1469.95    353.010    6.55517   91.06411      0.614    -0.0005    135.000  1028.3247  1028.3257    34.9198    34.9210    1469.95    1469.94    6.55384      0.800    -0.0005 0.0000e+00
    354.223  -39.88166   59.77142    136.000    137.338     4.2820     4.2810   3.280200   3.280197    97.4689    -0.0068     2.2869      98.78          0  1028.3302  1028.3313    34.9200    34.9211    1469.94    1469.93    354.223    6.55630   91.06644      0.814    -0.0011    136.000  1028.3296  1028.3307    34.9192    34.9204    1469.94    1469.93    6.55491      0.782    -0.0011 0.0000e+00
    355.797  -39.88165   59.77142    137.000    138.348     4.2761     4.2758   3.279706   3.279758    97.4548    -0.0162     2.2859      98.78          0  1028.3353  1028.3362    34.9197    34.9206    1469.93    1469.93    355.797    6.55732   91.06739      0.684    -0.0003    137.000  1028.3350  1028.3357    34.9192    34.9201    1469.93    1469.93    6.55309      0.524    -0.0003 0.0000e+00
    358.376  -39.88165   59.77142    138.000    139.358     4.2735     4.2732   3.279519   3.279559    97.4660    -0.0143     2.2864      98.78          0  1028.3403  1028.3409    34.9196    34.9204    1469.93    1469.93    358.376    6.55465   91.02443      0.353    -0.0003    138.000  1028.3400  1028.3406    34.9192    34.9200    1469.93    1469.93    6.55602      0.373    -0.0003 0.0000e+00
    360.584  -39.88166   59.77142    139.000    140.368     4.2686     4.2687   3.279133   3.279220    97.4727    -0.0065     2.2849      98.78          0  1028.3456  1028.3463    34.9198    34.9206    1469.93    1469.93    360.584    6.55768   91.05596      0.479     0.0001    139.000  1028.3452  1028.3459    34.9193    34.9202    1469.93    1469.93    6.55242      0.489     0.0001 0.0000e+00
    362.892  -39.88166   59.77142    140.000    141.378     4.2653     4.2655   3.278899   3.278988    97.4850    -0.0085     2.2853      98.78          0  1028.3508  1028.3514    34.9200    34.9208    1469.93    1469.94    362.892    6.55351   90.99095      0.427     0.0002    140.000  1028.3505  1028.3511    34.9195    34.9203    1469.93    1469.94    6.55518      0.444     0.0002 0.0000e+00
    364.822  -39.88166   59.77142    141.000    142.389     4.2606     4.2605   3.278601   3.278666    97.4570    -0.0166     2.2843      98.78          0  1028.3567  1028.3574    34.9208    34.9218    1469.93    1469.93    364.822    6.55722   91.03278      0.527    -0.0001    141.000  1028.3563  1028.3571    34.9203    34.9212    1469.93    1469.93    6.55311      0.588    -0.0001 0.0000e+00
    366.563  -39.88166   59.77142    142.000    143.399     4.2583     4.2582   3.278499   3.278563    97.4896    -0.0141     2.2834      98.78          0  1028.3622  1028.3628    34.9215    34.9223    1469.94    1469.94    366.563    6.55539   91.00263      0.583    -0.0001    142.000  1028.3618  1028.3625    34.9211    34.9219    1469.94    1469.94    6.55099      0.545    -0.0001 0.0000e+00
    368.496  -39.88166   59.77142    143.000    144.409     4.2576     4.2574   3.278495   3.278552    97.4861    -0.0088     2.2820      98.78          0  1028.3669  1028.3677    34.9216    34.9224    1469.95    1469.95    368.496    6.55245   90.96039      0.520    -0.0001    143.000  1028.3667  1028.3674    34.9212    34.9220    1469.95    1469.95    6.54684      0.531    -0.0001 0.0000e+00
    370.286  -39.88166   59.77142    144.000    145.419     4.2539     4.2536   3.278202   3.278261    97.4787    -0.0024     2.2808      98.78          0  1028.3722  1028.3730    34.9217    34.9227    1469.96    1469.96    370.286    6.54868   90.90004      0.560    -0.0002    144.000  1028.3717  1028.3726    34.9211    34.9221    1469.95    1469.95    6.54386      0.597    -0.0002 0.0000e+00
    372.050  -39.88166   59.77142    145.000    146.429     4.2514     4.2513   3.278034   3.278093    97.4818    -0.0141     2.2799      98.78          0  1028.3771  1028.3777    34.9216    34.9224    1469.96    1469.96    372.050    6.54588   90.85563      0.579    -0.0001    145.000  1028.3768  1028.3774    34.9213    34.9220    1469.96    1469.96    6.54160      0.493    -0.0001 0.0000e+00
    374.953  -39.88166   59.77142    146.000    147.440     4.2502     4.2505   3.277986   3.278065    97.4904    -0.0151     2.2803      98.78          0  1028.3820  1028.3824    34.9217    34.9223    1469.97    1469.97    374.953    6.54322   90.81601      0.314     0.0003    146.000  1028.3817  1028.3822    34.9214    34.9221    1469.97    1469.97    6.54422      0.311     0.0003 0.0000e+00
    377.440  -39.88166   59.77142    147.000    148.450     4.2488     4.2489   3.277920   3.277993    97.4694    -0.0024     2.2784      98.78          0  1028.3870  1028.3876    34.9218    34.9226    1469.98    1469.99    377.440    6.54572   90.84794      0.444     0.0001    147.000  1028.3867  1028.3873    34.9215    34.9223    1469.98    1469.98    6.53838      0.573     0.0001 0.0000e+00
    379.006  -39.88166   59.77142    148.000    149.460     4.2444     4.2444   3.277598   3.277663    97.4871    -0.0086     2.2769      98.78          0  1028.3925  1028.3932    34.9224    34.9232    1469.98    1469.98    379.006    6.54334   90.80562      0.635    -0.0000    148.000  1028.3921  1028.3927    34.9219    34.9226    1469.98    1469.98    6.53414      0.712    -0.0000 0.0000e+00
    380.343  -39.88168   59.77142    149.000    150.470     4.2433     4.2432   3.277617   3.277674    97.4842    -0.0074     2.2765      98.78          0  1028.3978  1028.3984    34.9230    34.9238    1470.00    1470.00    380.343    6.53652   90.70890      0.734    -0.0001    149.000  1028.3976  1028.3982    34.9227    34.9235    1470.00    1470.00    6.53379      0.740    -0.0001 0.0000e+00
    381.916  -39.88167   59.77140    150.000    151.481     4.2406     4.2411   3.277420   3.277533    97.4723    -0.0068     2.2771      98.78          0  1028.4028  1028.4036    34.9231    34.9240    1470.00    1470.00    381.916    6.53571   90.69192      0.673     0.0004    150.000  1028.4026  1028.4032    34.9227    34.9236    1470.00    1470.00    6.53737      0.535     0.0004 0.0000e+00
    384.536  -39.88166   59.77141    151.000    152.491     4.2354     4.2355   3.276973   3.277057    97.4425    -0.0161     2.2756      98.78          0  1028.4080  1028.4087    34.9229    34.9238    1470.00    1470.00    384.536    6.53903   90.72639      0.360     0.0001    151.000  1028.4076  1028.4083    34.9224    34.9233    1470.00    1470.00    6.53373      0.325     0.0001 0.0000e+00
    387.268  -39.88168   59.77142    152.000    153.501     4.2280     4.2281   3.276375   3.276462    97.4928    -0.0174     2.2733      98.77          0  1028.4138  1028.4146    34.9234    34.9243    1469.98    1469.98    387.268    6.53322   90.62995      0.387     0.0001    152.000  1028.4133  1028.4139    34.9226    34.9235    1469.98    1469.98    6.52732      0.490     0.0001 0.0000e+00
    388.959  -39.88168   59.77142    153.000    154.511     4.2183     4.2185   3.275608   3.275701    97.4657    -0.0173     2.2723      98.78          0  1028.4203  1028.4210    34.9242    34.9251    1469.96    1469.96    388.959    6.53111   90.58003      0.580     0.0002    153.000  1028.4196  1028.4203    34.9233    34.9242    1469.96    1469.96    6.52578      0.668     0.0002 0.0000e+00
    390.530  -39.88166   59.77140    154.000    155.522     4.2156     4.2156   3.275418   3.275486    97.4790    -0.0137     2.2707      98.78          0  1028.4252  1028.4259    34.9241    34.9249    1469.97    1469.97    390.530    6.52806   90.53181      0.646    -0.0000    154.000  1028.4246  1028.4253    34.9234    34.9242    1469.96    1469.97    6.52146      0.537    -0.0000 0.0000e+00
    393.253  -39.88166   59.77141    155.000    156.532     4.2107     4.2108   3.275037   3.275113    97.4861    -0.0174     2.2682      98.78          0  1028.4304  1028.4310    34.9241    34.9249    1469.96    1469.96    393.253    6.52041   90.41495      0.324     0.0001    155.000  1028.4299  1028.4305    34.9235    34.9243    1469.96    1469.96    6.51367      0.349     0.0001 0.0000e+00
    395.286  -39.88168   59.77142    156.000    157.542     4.2088     4.2089   3.274945   3.275002    97.4850    -0.0185     2.2664      98.78          0  1028.4355  1028.4360    34.9243    34.9249    1469.97    1469.97    395.286    6.51502   90.33630      0.522     0.0000    156.000  1028.4352  1028.4357    34.9239    34.9245    1469.97    1469.97    6.50822      0.666     0.0000 0.0000e+00
    396.697  -39.88168   59.77142    157.000    158.552     4.2081     4.2081   3.274934   3.274986    97.4863    -0.0177     2.2662      98.78          0  1028.4403  1028.4408    34.9244    34.9250    1469.98    1469.98    396.697    6.51150   90.28586      0.704     0.0000    157.000  1028.4401  1028.4406    34.9240    34.9246    1469.98    1469.98    6.50852      0.716     0.0000 0.0000e+00
    398.135  -39.88168   59.77142    158.000    159.563     4.2076     4.2076   3.274943   3.274999    97.4950    -0.0057     2.2664      98.78          0  1028.4451  1028.4456    34.9243    34.9251    1470.00    1470.00    398.135    6.50938   90.25557      0.709    -0.0001    158.000  1028.4447  1028.4453    34.9240    34.9248    1470.00    1470.00    6.50988      0.690    -0.0001 0.0000e+00
    400.865  -39.88167   59.77142    159.000    160.573     4.2078     4.2076   3.274999   3.275041    97.4866    -0.0110     2.2656      98.78          0  1028.4496  1028.4502    34.9242    34.9249    1470.02    1470.02    400.865    6.50982   90.26183      0.345    -0.0002    159.000  1028.4495  1028.4500    34.9240    34.9247    1470.02    1470.02    6.50781      0.283    -0.0002 0.0000e+00
    404.287  -39.88168   59.77142    160.000    161.583     4.2060     4.2052   3.274871   3.274902    97.4812    -0.0150     2.2639      98.78          0  1028.4546  1028.4556    34.9244    34.9256    1470.02    1470.02    404.287    6.50718   90.22147      0.400    -0.0008    160.000  1028.4541  1028.4552    34.9238    34.9250    1470.02    1470.02    6.50251      0.851    -0.0008 0.0000e+00
    405.194  -39.88168   59.77142    161.000    162.593     4.2021     4.2020   3.274638   3.274691    97.4762    -0.0063     2.2628      98.78          0  1028.4602  1028.4607    34.9249    34.9256    1470.03    1470.03    405.194    6.50777   90.22141      0.852    -0.0001    161.000  1028.4600  1028.4606    34.9247    34.9254    1470.03    1470.03    6.49997      0.999    -0.0001 0.0000e+00
    406.406  -39.88166   59.77142    162.000    163.604     4.2018     4.2019   3.274660   3.274733    97.4856    -0.0123     2.2627      98.78          0  1028.4648  1028.4655    34.9250    34.9257    1470.04    1470.04    406.406    6.50413   90.17030      0.910     0.0002    162.000  1028.4647  1028.4652    34.9247    34.9254    1470.04    1470.04    6.50060      0.642     0.0002 0.0000e+00
    409.281  -39.88166   59.77142    163.000    164.614     4.2008     4.2006   3.274604   3.274651    97.4902    -0.0140     2.2633      98.78          0  1028.4696  1028.4702    34.9248    34.9256    1470.05    1470.05    409.281    6.50250   90.14552      0.261    -0.0002    163.000  1028.4694  1028.4700    34.9245    34.9253    1470.05    1470.05    6.50387      0.298    -0.0002 0.0000e+00
    411.419  -39.88166   59.77142    164.000    165.624     4.1940     4.1942   3.274032   3.274141    97.4992    -0.0166     2.2629      98.78          0  1028.4753  1028.4761    34.9252    34.9262    1470.04    1470.04    411.419    6.50607   90.18046      0.512     0.0002    164.000  1028.4747  1028.4756    34.9245    34.9255    1470.04    1470.04    6.50428      0.638     0.0002 0.0000e+00
    412.826  -39.88167   59.77142    165.000    166.635     4.1872     4.1873   3.273473   3.273572    97.4986    -0.0131     2.2617      98.78          0  1028.4808  1028.4816    34.9253    34.9263    1470.03    1470.03    412.826    6.50650   90.17181      0.682     0.0001    165.000  1028.4802  1028.4810    34.9245    34.9255    1470.03    1470.03    6.50196      0.774     0.0001 0.0000e+00
