Ship_data/Irminger/Irminger-2/ctd/process/dat30_007.cnv
* Sea-Bird SBE 9 Data File:
* FileName = C:\data\ctd\at30_007.hdr
* Software Version Seasave V 7.21f
* Temperature SN = 2265
* Conductivity SN = 3021
* Number of Bytes Per Scan = 40
* Number of Voltage Words = 5
* Number of Scans Averaged by the Deck Unit = 1
* NMEA Latitude = 59 46.29 N
* NMEA Longitude = 039 52.92 W
* NMEA UTC (Time) = Aug 17 2015  23:01:49
** Site of FLMA 2015 -- need to confirm bottom depth
# nquan = 36
# nvalues = 2675                        
# units = specified
# name 0 = timeS: Time, Elapsed [seconds]
# name 1 = longitude: Longitude [deg]
# name 2 = latitude: Latitude [deg]
# name 3 = depSM: Depth [salt water, m]
# name 4 = prDM: Pressure, Digiquartz [db]
# name 5 = t090C: Temperature [ITS-90, deg C]
# name 6 = t190C: Temperature, 2 [ITS-90, deg C]
# name 7 = c0S/m: Conductivity [S/m]
# name 8 = c1S/m: Conductivity, 2 [S/m]
# name 9 = CStarTr0: Beam Transmission, WET Labs C-Star [%]
# name 10 = flECO-AFL: Fluorescence, WET Labs ECO-AFL/FL [mg/m^3]
# name 11 = sbeox0V: Oxygen raw, SBE 43 [V]
# name 12 = altM: Altimeter [m]
# name 13 = nbf: Bottles Fired
# name 14 = density00: Density [density, Kg/m^3]
# name 15 = density11: Density, 2 [density, Kg/m^3]
# name 16 = sal00: Salinity, Practical [PSU]
# name 17 = sal11: Salinity, Practical, 2 [PSU]
# name 18 = svCM: Sound Velocity [Chen-Millero, m/s]
# name 19 = svCM1: Sound Velocity, 2 [Chen-Millero, m/s]
# name 20 = timeS: Time, Elapsed [seconds]
# name 21 = sbeox0ML/L: Oxygen, SBE 43 [ml/l]
# name 22 = sbeox0PS: Oxygen, SBE 43 [% saturation]
# name 23 = dz/dtM: Descent Rate [m/s]
# name 24 = T2-T190C: Temperature Difference, 2 - 1 [ITS-90, deg C]
# name 25 = depSM: Depth [salt water, m], lat = 59.7715
# name 26 = density00: Density [density, Kg/m^3]
# name 27 = density11: Density, 2 [density, Kg/m^3]
# name 28 = sal00: Salinity, Practical [PSU]
# name 29 = sal11: Salinity, Practical, 2 [PSU]
# name 30 = svCM: Sound Velocity [Chen-Millero, m/s]
# name 31 = svCM1: Sound Velocity, 2 [Chen-Millero, m/s]
# name 32 = sbeox0ML/L: Oxygen, SBE 43 [ml/l], WS = 2
# name 33 = dz/dtM: Descent Rate [m/s], WS = 2
# name 34 = T2-T190C: Temperature Difference, 2 - 1 [ITS-90, deg C]
# name 35 = flag: flag
# span 0 =     17.110,   3228.210       
# span 1 =  -39.88204,  -39.88162       
# span 2 =   59.77140,   59.77155       
# span 3 =      5.000,   2679.000       
# span 4 =      5.048,   2721.954       
# span 5 =     1.4900,     8.5923       
# span 6 =     1.4906,     8.5920       
# span 7 =   3.140022,   3.663040       
# span 8 =   3.140058,   3.663105       
# span 9 =    93.3736,    97.8154       
# span 10 =    -0.0375,     1.5977      
# span 11 =     1.6862,     2.5319      
# span 12 =       8.80,      99.37      
# span 13 =          0,          0      
# span 14 =  1027.0958,  1040.4120      
# span 15 =  1027.0948,  1040.4116      
# span 16 =    34.8553,    34.9336      
# span 17 =    34.8545,    34.9334      
# span 18 =    1469.81,    1502.03      
# span 19 =    1469.81,    1502.04      
# span 20 =     17.110,   3228.210      
# span 21 =    6.01101,    6.95318      
# span 22 =   81.32693,  101.89458      
# span 23 =      0.012,      1.648      
# span 24 =    -0.0535,     0.0812      
# span 25 =      5.000,   2679.000      
# span 26 =  1027.0958,  1040.4121      
# span 27 =  1027.0953,  1040.4117      
# span 28 =    34.8505,    34.9335      
# span 29 =    34.8550,    34.9332      
# span 30 =    1469.81,    1502.03      
# span 31 =    1469.81,    1502.04      
# span 32 =    6.00866,    6.92904      
# span 33 =     -0.003,      1.669      
# span 34 =    -0.0535,     0.0812      
# span 35 = 0.0000e+00, 0.0000e+00      
# interval = meters: 1                  
# start_time = Aug 17 2015 23:01:49 [NMEA time, header]
# bad_flag = -9.990e-29
*END*
[from data line 1935]
   2272.443  -39.88166   59.77140   1940.000   1967.643     3.0976     3.0981   3.254357   3.254385    97.7993    -0.0230     1.7673      98.78          0  1036.8372  1036.8370    34.9310    34.9309    1495.33    1495.33   2272.443    6.06184   81.81303      0.840     0.0005   1940.000  1036.8369  1036.8368    34.9307    34.9305    1495.33    1495.33    6.06004      0.750     0.0005 0.0000e+00
   2273.777  -39.88166   59.77140   1941.000   1968.662     3.0965     3.0973   3.254296   3.254349    97.8064    -0.0237     1.7673      98.78          0  1036.8417  1036.8414    34.9307    34.9305    1495.34    1495.34   2273.777    6.06206   81.81373      0.744     0.0008   1941.000  1036.8417  1036.8413    34.9306    34.9304    1495.34    1495.34    6.06120      0.850     0.0008 0.0000e+00
   2274.848  -39.88166   59.77141   1942.000   1969.681     3.0970     3.0975   3.254394   3.254421    97.7955    -0.0224     1.7666      98.78          0  1036.8463  1036.8461    34.9309    34.9306    1495.36    1495.36   2274.848    6.06132   81.80479      0.866     0.0005   1942.000  1036.8463  1036.8461    34.9308    34.9305    1495.36    1495.36    6.05828      1.066     0.0005 0.0000e+00
   2275.723  -39.88166   59.77141   1943.000   1970.700     3.0962     3.0967   3.254366   3.254385    97.7921    -0.0229     1.7667      98.78          0  1036.8511  1036.8508    34.9310    34.9307    1495.37    1495.37   2275.723    6.06306   81.82658      1.045     0.0005   1943.000  1036.8510  1036.8507    34.9308    34.9305    1495.37    1495.37    6.06014      1.224     0.0005 0.0000e+00
   2276.517  -39.88166   59.77140   1944.000   1971.719     3.0953     3.0959   3.254320   3.254360    97.7956    -0.0227     1.7665      98.78          0  1036.8558  1036.8556    34.9310    34.9308    1495.39    1495.39   2276.517    6.06141   81.80270      1.194     0.0006   1944.000  1036.8556  1036.8553    34.9307    34.9305    1495.39    1495.39    6.06006      1.292     0.0006 0.0000e+00
   2277.297  -39.88166   59.77140   1945.000   1972.738     3.0938     3.0944   3.254239   3.254259    97.7931    -0.0230     1.7665      98.78          0  1036.8606  1036.8602    34.9309    34.9306    1495.40    1495.40   2277.297    6.06213   81.80935      1.283     0.0006   1945.000  1036.8604  1036.8601    34.9308    34.9304    1495.40    1495.40    6.06082      1.264     0.0006 0.0000e+00
   2278.132  -39.88166   59.77140   1946.000   1973.757     3.0934     3.0939   3.254235   3.254264    97.8018    -0.0233     1.7658      98.78          0  1036.8651  1036.8649    34.9309    34.9306    1495.41    1495.41   2278.132    6.06178   81.80377      1.275     0.0005   1946.000  1036.8650  1036.8647    34.9307    34.9305    1495.41    1495.41    6.05865      1.178     0.0005 0.0000e+00
   2279.036  -39.88166   59.77140   1947.000   1974.776     3.0927     3.0933   3.254211   3.254244    97.7910    -0.0239     1.7652      98.78          0  1036.8699  1036.8696    34.9310    34.9307    1495.43    1495.43   2279.036    6.06321   81.82172      1.186     0.0006   1947.000  1036.8696  1036.8694    34.9306    34.9304    1495.43    1495.43    6.05668      1.099     0.0006 0.0000e+00
   2279.988  -39.88166   59.77140   1948.000   1975.795     3.0897     3.0903   3.253988   3.254034    97.7966    -0.0245     1.7648      98.78          0  1036.8749  1036.8748    34.9310    34.9309    1495.43    1495.43   2279.988    6.06181   81.79684      1.100     0.0006   1948.000  1036.8746  1036.8745    34.9306    34.9305    1495.43    1495.43    6.05601      1.050     0.0006 0.0000e+00
   2280.994  -39.88166   59.77140   1949.000   1976.814     3.0892     3.0898   3.253988   3.254022    97.8049    -0.0221     1.7648      98.78          0  1036.8795  1036.8793    34.9309    34.9307    1495.45    1495.45   2280.994    6.05906   81.75866      1.047     0.0005   1949.000  1036.8793  1036.8792    34.9307    34.9305    1495.45    1495.45    6.05675      0.941     0.0005 0.0000e+00
   2282.215  -39.88166   59.77140   1950.000   1977.833     3.0890     3.0895   3.254000   3.254022    97.8030    -0.0234     1.7644      98.78          0  1036.8839  1036.8837    34.9307    34.9305    1495.46    1495.46   2282.215    6.05831   81.74806      0.901     0.0005   1950.000  1036.8838  1036.8835    34.9306    34.9304    1495.46    1495.46    6.05554      0.773     0.0005 0.0000e+00
   2283.580  -39.88166   59.77140   1951.000   1978.852     3.0889     3.0893   3.254030   3.254053    97.8091    -0.0238     1.7647      98.78          0  1036.8885  1036.8883    34.9307    34.9306    1495.48    1495.48   2283.580    6.05654   81.72395      0.742     0.0004   1951.000  1036.8884  1036.8882    34.9305    34.9304    1495.48    1495.48    6.05798      0.814     0.0004 0.0000e+00
   2284.689  -39.88166   59.77142   1952.000   1979.871     3.0876     3.0883   3.253927   3.253995    97.8122    -0.0225     1.7646      98.78          0  1036.8932  1036.8931    34.9305    34.9306    1495.49    1495.49   2284.689    6.05824   81.74413      0.835     0.0007   1952.000  1036.8928  1036.8928    34.9302    34.9303    1495.49    1495.49    6.05844      1.028     0.0007 0.0000e+00
   2285.603  -39.88166   59.77142   1953.000   1980.890     3.0860     3.0865   3.253834   3.253858    97.8120    -0.0235     1.7648      98.78          0  1036.8979  1036.8977    34.9305    34.9303    1495.50    1495.50   2285.603    6.06017   81.76694      1.016     0.0005   1953.000  1036.8977  1036.8975    34.9303    34.9300    1495.50    1495.50    6.06041      1.136     0.0005 0.0000e+00
   2286.489  -39.88166   59.77142   1954.000   1981.909     3.0848     3.0852   3.253752   3.253775    97.8063    -0.0229     1.7642      98.78          0  1036.9026  1036.9023    34.9304    34.9303    1495.51    1495.51   2286.489    6.06070   81.77155      1.128     0.0004   1954.000  1036.9023  1036.9021    34.9301    34.9299    1495.51    1495.51    6.05882      1.132     0.0004 0.0000e+00
   2287.413  -39.88166   59.77142   1955.000   1982.928     3.0827     3.0828   3.253577   3.253579    97.8084    -0.0229     1.7644      98.78          0  1036.9073  1036.9072    34.9303    34.9301    1495.52    1495.52   2287.413    6.06297   81.79788      1.134     0.0001   1955.000  1036.9070  1036.9069    34.9298    34.9296    1495.52    1495.52    6.06102      1.063     0.0001 0.0000e+00
   2288.418  -39.88166   59.77142   1956.000   1983.947     3.0812     3.0818   3.253496   3.253528    97.7950    -0.0227     1.7643      98.78          0  1036.9120  1036.9116    34.9301    34.9298    1495.53    1495.53   2288.418    6.06120   81.77095      1.060     0.0006   1956.000  1036.9117  1036.9115    34.9298    34.9296    1495.53    1495.53    6.06136      0.959     0.0006 0.0000e+00
   2289.560  -39.88166   59.77142   1957.000   1984.966     3.0803     3.0808   3.253436   3.253479    97.8080    -0.0224     1.7640      98.78          0  1036.9166  1036.9165    34.9300    34.9300    1495.54    1495.55   2289.560    6.06316   81.79549      0.941     0.0005   1957.000  1036.9164  1036.9163    34.9297    34.9296    1495.54    1495.55    6.06098      0.849     0.0005 0.0000e+00
   2290.781  -39.88166   59.77142   1958.000   1985.985     3.0778     3.0782   3.253242   3.253271    97.7970    -0.0227     1.7641      98.78          0  1036.9214  1036.9214    34.9298    34.9299    1495.55    1495.55   2290.781    6.06316   81.79036      0.838     0.0004   1958.000  1036.9210  1036.9210    34.9294    34.9294    1495.55    1495.55    6.06273      0.894     0.0004 0.0000e+00
   2291.821  -39.88166   59.77142   1959.000   1987.004     3.0746     3.0753   3.252967   3.253031    97.8040    -0.0243     1.7641      98.78          0  1036.9264  1036.9263    34.9297    34.9297    1495.55    1495.56   2291.821    6.06366   81.79067      0.899     0.0007   1959.000  1036.9258  1036.9258    34.9291    34.9291    1495.55    1495.56    6.06396      1.106     0.0007 0.0000e+00
   2292.657  -39.88166   59.77142   1960.000   1988.023     3.0727     3.0733   3.252873   3.252892    97.8056    -0.0237     1.7639      98.78          0  1036.9310  1036.9308    34.9296    34.9292    1495.56    1495.56   2292.657    6.06519   81.80741      1.075     0.0006   1960.000  1036.9310  1036.9305    34.9295    34.9291    1495.56    1495.56    6.06393      1.284     0.0006 0.0000e+00
   2293.412  -39.88166   59.77142   1961.000   1989.042     3.0747     3.0753   3.253145   3.253158    97.8059    -0.0228     1.7637      98.78          0  1036.9358  1036.9354    34.9302    34.9297    1495.59    1495.59   2293.412    6.06573   81.81905      1.244     0.0005   1961.000  1036.9358  1036.9353    34.9301    34.9297    1495.59    1495.59    6.06378      1.361     0.0005 0.0000e+00
   2294.154  -39.88166   59.77140   1962.000   1990.061     3.0748     3.0752   3.253196   3.253214    97.8039    -0.0242     1.7631      98.78          0  1036.9406  1036.9403    34.9304    34.9301    1495.61    1495.61   2294.154    6.06616   81.82500      1.347     0.0005   1962.000  1036.9403  1036.9401    34.9302    34.9299    1495.61    1495.61    6.06122      1.310     0.0005 0.0000e+00
   2294.990  -39.88166   59.77141   1963.000   1991.080     3.0731     3.0736   3.253068   3.253109    97.8051    -0.0247     1.7628      98.78          0  1036.9454  1036.9452    34.9304    34.9303    1495.62    1495.62   2294.990    6.06599   81.81952      1.323     0.0005   1963.000  1036.9449  1036.9448    34.9298    34.9298    1495.62    1495.62    6.06122      1.097     0.0005 0.0000e+00
   2296.160  -39.88166   59.77142   1964.000   1992.099     3.0700     3.0704   3.252812   3.252838    97.7975    -0.0236     1.7627      98.78          0  1036.9501  1036.9500    34.9300    34.9299    1495.62    1495.62   2296.160    6.06435   81.79077      1.028     0.0005   1964.000  1036.9498  1036.9496    34.9297    34.9295    1495.62    1495.62    6.06215      0.728     0.0005 0.0000e+00
   2297.878  -39.88166   59.77142   1965.000   1993.118     3.0695     3.0700   3.252809   3.252843    97.7996    -0.0228     1.7622      98.78          0  1036.9546  1036.9543    34.9299    34.9297    1495.63    1495.64   2297.878    6.06305   81.77211      0.579     0.0005   1965.000  1036.9545  1036.9542    34.9297    34.9295    1495.63    1495.64    6.06017      0.638     0.0005 0.0000e+00
   2299.158  -39.88166   59.77142   1966.000   1994.137     3.0702     3.0708   3.252965   3.252977    97.7983    -0.0232     1.7621      98.78          0  1036.9595  1036.9590    34.9303    34.9298    1495.66    1495.66   2299.158    6.06297   81.77280      0.703     0.0006   1966.000  1036.9594  1036.9590    34.9303    34.9298    1495.66    1495.66    6.06030      1.023     0.0006 0.0000e+00
   2300.017  -39.88166   59.77142   1967.000   1995.156     3.0710     3.0715   3.253069   3.253105    97.8073    -0.0234     1.7617      98.78          0  1036.9639  1036.9637    34.9303    34.9302    1495.68    1495.68   2300.017    6.06139   81.75297      0.985     0.0006   1967.000  1036.9637  1036.9636    34.9302    34.9300    1495.68    1495.68    6.05914      1.289     0.0006 0.0000e+00
   2300.749  -39.88166   59.77141   1968.000   1996.176     3.0705     3.0710   3.253075   3.253117    97.7990    -0.0248     1.7616      98.78          0  1036.9688  1036.9685    34.9306    34.9305    1495.69    1495.69   2300.749    6.06121   81.74971      1.220     0.0005   1968.000  1036.9685  1036.9684    34.9303    34.9302    1495.69    1495.69    6.05951      1.405     0.0005 0.0000e+00
   2301.461  -39.88166   59.77140   1969.000   1997.195     3.0689     3.0689   3.252976   3.252962    97.7907    -0.0227     1.7614      98.78          0  1036.9736  1036.9734    34.9307    34.9305    1495.70    1495.70   2301.461    6.06268   81.76640      1.374     0.0001   1969.000  1036.9734  1036.9731    34.9303    34.9301    1495.70    1495.70    6.05965      1.375     0.0001 0.0000e+00
   2302.237  -39.88166   59.77140   1970.000   1998.214     3.0667     3.0671   3.252828   3.252831    97.7862    -0.0230     1.7615      98.78          0  1036.9784  1036.9780    34.9306    34.9302    1495.71    1495.71   2302.237    6.06228   81.75675      1.392     0.0003   1970.000  1036.9781  1036.9779    34.9303    34.9300    1495.71    1495.71    6.06125      1.190     0.0003 0.0000e+00
   2303.250  -39.88166   59.77142   1971.000   1999.233     3.0658     3.0664   3.252775   3.252805    97.7922    -0.0227     1.7615      98.78          0  1036.9830  1036.9827    34.9304    34.9302    1495.72    1495.72   2303.250    6.06237   81.75588      1.175     0.0006   1971.000  1036.9828  1036.9825    34.9302    34.9299    1495.72    1495.72    6.06230      0.872     0.0006 0.0000e+00
   2304.667  -39.88166   59.77142   1972.000   2000.252     3.0656     3.0662   3.252793   3.252822    97.7947    -0.0225     1.7612      98.78          0  1036.9875  1036.9872    34.9303    34.9301    1495.74    1495.74   2304.667    6.06366   81.77285      0.772     0.0006   1972.000  1036.9873  1036.9871    34.9301    34.9299    1495.74    1495.74    6.06193      0.702     0.0006 0.0000e+00
   2305.962  -39.88166   59.77142   1973.000   2001.271     3.0648     3.0647   3.252763   3.252734    97.8030    -0.0230     1.7615      98.78          0  1036.9922  1036.9921    34.9303    34.9301    1495.75    1495.75   2305.962    6.06253   81.75602      0.727    -0.0000   1973.000  1036.9921  1036.9918    34.9301    34.9298    1495.75    1495.75    6.06420      0.955    -0.0000 0.0000e+00
   2306.901  -39.88166   59.77142   1974.000   2002.290     3.0641     3.0639   3.252754   3.252698    97.8004    -0.0241     1.7617      98.78          0  1036.9968  1036.9967    34.9303    34.9301    1495.77    1495.77   2306.901    6.06429   81.77834      0.946    -0.0002   1974.000  1036.9968  1036.9965    34.9302    34.9298    1495.77    1495.76    6.06608      1.174    -0.0002 0.0000e+00
   2307.717  -39.88166   59.77141   1975.000   2003.309     3.0629     3.0633   3.252652   3.252672    97.7929    -0.0234     1.7609      98.78          0  1037.0016  1037.0011    34.9303    34.9297    1495.78    1495.78   2307.717    6.06654   81.80620      1.144     0.0004   1975.000  1037.0012  1037.0010    34.9298    34.9296    1495.78    1495.78    6.06326      1.262     0.0004 0.0000e+00
   2308.519  -39.88166   59.77140   1976.000   2004.328     3.0604     3.0613   3.252460   3.252533    97.7978    -0.0237     1.7611      98.78          0  1037.0063  1037.0062    34.9301    34.9300    1495.78    1495.79   2308.519    6.06785   81.81867      1.250     0.0010   1976.000  1037.0061  1037.0059    34.9297    34.9296    1495.78    1495.79    6.06539      1.245     0.0010 0.0000e+00
   2309.359  -39.88166   59.77140   1977.000   2005.347     3.0603     3.0608   3.252509   3.252529    97.7959    -0.0236     1.7604      98.78          0  1037.0109  1037.0106    34.9300    34.9297    1495.80    1495.80   2309.359    6.06702   81.80743      1.252     0.0005   1977.000  1037.0107  1037.0104    34.9299    34.9296    1495.80    1495.80    6.06296      1.163     0.0005 0.0000e+00
   2310.290  -39.88166   59.77142   1978.000   2006.367     3.0602     3.0613   3.252535   3.252603    97.7945    -0.0222     1.7604      98.78          0  1037.0155  1037.0150    34.9300    34.9297    1495.82    1495.82   2310.290    6.06740   81.81226      1.168     0.0011   1978.000  1037.0153  1037.0149    34.9298    34.9295    1495.82    1495.82    6.06381      1.013     0.0011 0.0000e+00
