Ship_data/Irminger/Irminger-2/ctd/process/dat30_012.cnv
* Sea-Bird SBE 9 Data File:
* FileName = C:\data\ctd\at30_012.hdr
* Software Version Seasave V 7.21f
* Temperature SN = 2265
* Conductivity SN = 3021
* Number of Bytes Per Scan = 40
* Number of Voltage Words = 5
* Number of Scans Averaged by the Deck Unit = 1
* NMEA Latitude = 59 59.98 N
* NMEA Longitude = 039 28.96 W
* NMEA UTC (Time) = Aug 23 2015  16:50:38
** Cal/Val for HYPM-2
# nquan = 36
# nvalues = 2646                        
# units = specified
# name 0 = timeS: Time, Elapsed [seconds]
# name 1 = longitude: Longitude [deg]
# name 2 = latitude: Latitude [deg]
# name 3 = depSM: Depth [salt water, m]
# name 4 = prDM: Pressure, Digiquartz [db]
# name 5 = t090C: Temperature [ITS-90, deg C]
# name 6 = t190C: Temperature, 2 [ITS-90, deg C]
# name 7 = c0S/m: Conductivity [S/m]
# name 8 = c1S/m: Conductivity, 2 [S/m]
# name 9 = CStarTr0: Beam Transmission, WET Labs C-Star [%]
# name 10 = flECO-AFL: Fluorescence, WET Labs ECO-AFL/FL [mg/m^3]
# name 11 = sbeox0V: Oxygen raw, SBE 43 [V]
# name 12 = altM: Altimeter [m]
# name 13 = nbf: Bottles Fired
# name 14 = density00: Density [density, Kg/m^3]
# name 15 = density11: Density, 2 [density, Kg/m^3]
# name 16 = sal00: Salinity, Practical [PSU]
# name 17 = sal11: Salinity, Practical, 2 [PSU]
# name 18 = svCM: Sound Velocity [Chen-Millero, m/s]
# name 19 = svCM1: Sound Velocity, 2 [Chen-Millero, m/s]
# name 20 = timeS: Time, Elapsed [seconds]
# name 21 = sbeox0ML/L: Oxygen, SBE 43 [ml/l]
# name 22 = sbeox0PS: Oxygen, SBE 43 [% saturation]
# name 23 = dz/dtM: Descent Rate [m/s]
# name 24 = T2-T190C: Temperature Difference, 2 - 1 [ITS-90, deg C]
# name 25 = depSM: Depth [salt water, m], lat = 59.9997
# name 26 = density00: Density [density, Kg/m^3]
# name 27 = density11: Density, 2 [density, Kg/m^3]
# name 28 = sal00: Salinity, Practical [PSU]
# name 29 = sal11: Salinity, Practical, 2 [PSU]
# name 30 = svCM: Sound Velocity [Chen-Millero, m/s]
# name 31 = svCM1: Sound Velocity, 2 [Chen-Millero, m/s]
# name 32 = sbeox0ML/L: Oxygen, SBE 43 [ml/l], WS = 2
# name 33 = dz/dtM: Descent Rate [m/s], WS = 2
# name 34 = T2-T190C: Temperature Difference, 2 - 1 [ITS-90, deg C]
# name 35 = flag: flag
# span 0 =     44.566,   3224.033       
# span 1 =  -39.48470,  -39.48252       
# span 2 =   59.99962,   60.00052       
# span 3 =      7.000,   2652.000       
# span 4 =      7.067,   2694.399       
# span 5 =     1.3173,     8.4998       
# span 6 =     1.3178,     8.5001       
# span 7 =   3.123007,   3.658136       
# span 8 =   3.123089,   3.658109       
# span 9 =    92.4950,    97.7881       
# span 10 =    -0.0818,     1.8353      
# span 11 =     1.6948,     2.5159      
# span 12 =       8.44,     100.23      
# span 13 =          0,          0      
# span 14 =  1027.1449,  1040.3141      
# span 15 =  1027.1442,  1040.3136      
# span 16 =    34.8337,    34.9553      
# span 17 =    34.8335,    34.9566      
# span 18 =    1470.39,    1501.01      
# span 19 =    1470.39,    1501.00      
# span 20 =     44.566,   3224.033      
# span 21 =    6.00224,    6.85173      
# span 22 =   81.34754,  101.05976      
# span 23 =      0.014,      1.742      
# span 24 =    -0.0197,     0.1179      
# span 25 =      7.000,   2652.000      
# span 26 =  1027.1449,  1040.3141      
# span 27 =  1027.1443,  1040.3137      
# span 28 =    34.8274,    34.9557      
# span 29 =    34.8265,    34.9565      
# span 30 =    1470.38,    1501.01      
# span 31 =    1470.38,    1501.00      
# span 32 =    6.00000,    6.85558      
# span 33 =     -0.445,      1.744      
# span 34 =    -0.0197,     0.1179      
# span 35 = 0.0000e+00, 0.0000e+00      
# interval = meters: 1                  
# start_time = Aug 23 2015 16:50:38 [NMEA time, header]
# bad_flag = -9.990e-29
*END*
[from data line 807]
   1150.842  -39.48372   60.00010    814.000    823.379     3.6327     3.6330   3.249941   3.249977    97.7025    -0.0585     2.1202      98.73          0  1031.5410  1031.5411    34.8853    34.8855    1478.47    1478.47   1150.842    6.61138   90.37813      1.661     0.0003    814.000  1031.5408  1031.5408    34.8849    34.8850    1478.47    1478.47    6.60531      1.403     0.0003 0.0000e+00
   1151.799  -39.48372   60.00010    815.000    824.393     3.6326     3.6325   3.249964   3.249957    97.7074    -0.0587     2.1198      98.73          0  1031.5455  1031.5454    34.8851    34.8849    1478.48    1478.48   1151.799    6.60823   90.33466      1.380    -0.0000    815.000  1031.5453  1031.5453    34.8848    34.8847    1478.48    1478.48    6.60464      0.844    -0.0000 0.0000e+00
   1153.592  -39.48371   60.00010    816.000    825.406     3.6307     3.6322   3.249797   3.249959    97.7209    -0.0587     2.1191      98.73          0  1031.5503  1031.5503    34.8849    34.8852    1478.49    1478.50   1153.592    6.60643   90.30584      0.558     0.0015    816.000  1031.5498  1031.5499    34.8843    34.8846    1478.49    1478.50    6.60295      0.546     0.0015 0.0000e+00
   1155.091  -39.48370   60.00010    817.000    826.420     3.6259     3.6259   3.249399   3.249396    97.7246    -0.0588     2.1187      98.73          0  1031.5549  1031.5551    34.8842    34.8844    1478.49    1478.49   1155.091    6.60516   90.27757      0.641     0.0000    817.000  1031.5548  1031.5548    34.8840    34.8840    1478.49    1478.49    6.60287      0.780     0.0000 0.0000e+00
   1156.348  -39.48370   60.00010    818.000    827.433     3.6261     3.6262   3.249434   3.249463    97.7084    -0.0585     2.1192      98.73          0  1031.5596  1031.5597    34.8843    34.8843    1478.51    1478.51   1156.348    6.60400   90.26199      0.795     0.0002    818.000  1031.5592  1031.5593    34.8838    34.8839    1478.50    1478.51    6.60606      0.823     0.0002 0.0000e+00
   1157.505  -39.48371   60.00010    819.000    828.447     3.6248     3.6251   3.249360   3.249410    97.7092    -0.0594     2.1192      98.73          0  1031.5643  1031.5645    34.8841    34.8843    1478.52    1478.52   1157.505    6.60667   90.29562      0.834     0.0003    819.000  1031.5640  1031.5641    34.8837    34.8840    1478.52    1478.52    6.60713      0.982     0.0003 0.0000e+00
   1158.439  -39.48372   60.00010    820.000    829.460     3.6241     3.6244   3.249346   3.249376    97.7301    -0.0589     2.1191      98.73          0  1031.5690  1031.5690    34.8840    34.8841    1478.53    1478.53   1158.439    6.60826   90.31577      0.971     0.0002    820.000  1031.5687  1031.5688    34.8837    34.8839    1478.53    1478.53    6.60759      1.207     0.0002 0.0000e+00
   1159.210  -39.48372   60.00010    821.000    830.474     3.6263     3.6250   3.249657   3.249497    97.7269    -0.0601     2.1190      98.73          0  1031.5736  1031.5732    34.8843    34.8837    1478.56    1478.55   1159.210    6.60872   90.32708      1.158    -0.0013    821.000  1031.5739  1031.5735    34.8846    34.8840    1478.56    1478.55    6.60752      1.319    -0.0013 0.0000e+00
   1159.971  -39.48372   60.00010    822.000    831.487     3.6289     3.6290   3.249925   3.249947    97.7043    -0.0580     2.1186      98.73          0  1031.5780  1031.5782    34.8845    34.8847    1478.58    1478.58   1159.971    6.60912   90.33843      1.303     0.0001    822.000  1031.5780  1031.5781    34.8845    34.8846    1478.58    1478.58    6.60628      1.259     0.0001 0.0000e+00
   1160.864  -39.48373   60.00010    823.000    832.501     3.6291     3.6294   3.249989   3.250022    97.7237    -0.0585     2.1180      98.73          0  1031.5828  1031.5828    34.8846    34.8846    1478.60    1478.60   1160.864    6.60903   90.33760      1.260     0.0003    823.000  1031.5828  1031.5828    34.8846    34.8847    1478.60    1478.60    6.60466      1.013     0.0003 0.0000e+00
   1162.034  -39.48374   60.00011    824.000    833.515     3.6293     3.6294   3.250042   3.250066    97.7173    -0.0590     2.1168      98.73          0  1031.5873  1031.5875    34.8845    34.8847    1478.62    1478.62   1162.034    6.60773   90.32016      0.964     0.0001    824.000  1031.5873  1031.5874    34.8845    34.8847    1478.62    1478.62    6.60067      0.846     0.0001 0.0000e+00
   1163.163  -39.48374   60.00012    825.000    834.528     3.6291     3.6293   3.250087   3.250102    97.7250    -0.0591     2.1167      98.73          0  1031.5922  1031.5922    34.8847    34.8848    1478.64    1478.64   1163.163    6.60545   90.28883      0.854     0.0001    825.000  1031.5920  1031.5920    34.8846    34.8846    1478.64    1478.64    6.60105      0.988     0.0001 0.0000e+00
   1164.119  -39.48372   60.00012    826.000    835.542     3.6276     3.6279   3.249983   3.250019    97.7199    -0.0592     2.1158      98.73          0  1031.5969  1031.5969    34.8846    34.8847    1478.65    1478.65   1164.119    6.60277   90.24884      0.985     0.0002    826.000  1031.5968  1031.5969    34.8845    34.8846    1478.65    1478.65    6.59854      1.096     0.0002 0.0000e+00
   1165.023  -39.48372   60.00012    827.000    836.555     3.6276     3.6278   3.250027   3.250057    97.7127    -0.0581     2.1162      98.73          0  1031.6014  1031.6016    34.8845    34.8846    1478.66    1478.66   1165.023    6.60365   90.26067      1.091     0.0002    827.000  1031.6014  1031.6014    34.8845    34.8846    1478.66    1478.66    6.60099      1.103     0.0002 0.0000e+00
   1165.964  -39.48372   60.00012    828.000    837.569     3.6278     3.6281   3.250097   3.250132    97.7203    -0.0597     2.1166      98.73          0  1031.6061  1031.6061    34.8845    34.8846    1478.68    1478.68   1165.964    6.60094   90.22414      1.103     0.0003    828.000  1031.6061  1031.6061    34.8845    34.8846    1478.68    1478.68    6.60371      1.042     0.0003 0.0000e+00
   1166.980  -39.48372   60.00012    829.000    838.582     3.6282     3.6283   3.250178   3.250176    97.7280    -0.0579     2.1167      98.73          0  1031.6107  1031.6107    34.8846    34.8845    1478.70    1478.70   1166.980    6.60235   90.24429      1.039     0.0001    829.000  1031.6107  1031.6106    34.8846    34.8845    1478.70    1478.70    6.60457      0.974     0.0001 0.0000e+00
   1168.049  -39.48374   60.00012    830.000    839.596     3.6305     3.6303   3.250451   3.250443    97.7108    -0.0585     2.1164      98.73          0  1031.6152  1031.6152    34.8848    34.8848    1478.73    1478.72   1168.049    6.60527   90.28928      0.969    -0.0002    830.000  1031.6154  1031.6155    34.8849    34.8850    1478.73    1478.72    6.60387      0.921    -0.0002 0.0000e+00
   1169.194  -39.48374   60.00010    831.000    840.610     3.6307     3.6309   3.250513   3.250542    97.7054    -0.0588     2.1165      98.73          0  1031.6199  1031.6200    34.8847    34.8850    1478.74    1478.74   1169.194    6.60593   90.29900      0.911     0.0001    831.000  1031.6199  1031.6201    34.8848    34.8850    1478.74    1478.74    6.60511      0.862     0.0001 0.0000e+00
   1170.375  -39.48374   60.00012    832.000    841.623     3.6308     3.6309   3.250566   3.250580    97.7182    -0.0588     2.1167      98.73          0  1031.6246  1031.6246    34.8849    34.8849    1478.76    1478.76   1170.375    6.60522   90.28941      0.857     0.0001    832.000  1031.6246  1031.6246    34.8849    34.8850    1478.76    1478.76    6.60682      0.920     0.0001 0.0000e+00
   1171.379  -39.48374   60.00012    833.000    842.637     3.6305     3.6306   3.250583   3.250595    97.7181    -0.0588     2.1158      98.73          0  1031.6293  1031.6293    34.8848    34.8849    1478.78    1478.78   1171.379    6.60757   90.32094      0.925     0.0001    833.000  1031.6293  1031.6293    34.8849    34.8849    1478.78    1478.78    6.60409      1.112     0.0001 0.0000e+00
   1172.218  -39.48374   60.00012    834.000    843.650     3.6302     3.6302   3.250606   3.250617    97.6712    -0.0585     2.1150      98.73          0  1031.6339  1031.6340    34.8848    34.8849    1478.79    1478.79   1172.218    6.60942   90.34552      1.083     0.0000    834.000  1031.6340  1031.6340    34.8849    34.8850    1478.79    1478.79    6.60147      1.256     0.0000 0.0000e+00
   1173.001  -39.48374   60.00012    835.000    844.664     3.6305     3.6307   3.250678   3.250709    97.7173    -0.0600     2.1144      98.73          0  1031.6385  1031.6387    34.8849    34.8850    1478.81    1478.81   1173.001    6.60675   90.30970      1.230     0.0002    835.000  1031.6387  1031.6387    34.8850    34.8851    1478.81    1478.81    6.60019      1.265     0.0002 0.0000e+00
   1173.837  -39.48374   60.00012    836.000    845.678     3.6305     3.6306   3.250729   3.250746    97.7134    -0.0582     2.1144      98.73          0  1031.6432  1031.6433    34.8849    34.8850    1478.83    1478.83   1173.837    6.60560   90.29412      1.270     0.0001    836.000  1031.6433  1031.6434    34.8850    34.8851    1478.83    1478.83    6.60081      1.073     0.0001 0.0000e+00
   1175.035  -39.48376   60.00011    837.000    846.691     3.6309     3.6311   3.250790   3.250819    97.6275    -0.0585     2.1151      98.73          0  1031.6477  1031.6478    34.8848    34.8849    1478.84    1478.85   1175.035    6.60201   90.24568      0.995     0.0002    837.000  1031.6477  1031.6478    34.8848    34.8849    1478.84    1478.85    6.60469      0.743     0.0002 0.0000e+00
   1176.469  -39.48376   60.00012    838.000    847.705     3.6318     3.6321   3.250942   3.250958    97.7037    -0.0591     2.1154      98.73          0  1031.6525  1031.6522    34.8850    34.8848    1478.86    1478.87   1176.469    6.60326   90.26482      0.678     0.0003    838.000  1031.6526  1031.6523    34.8852    34.8850    1478.87    1478.87    6.60643      0.839     0.0003 0.0000e+00
   1177.490  -39.48374   60.00012    839.000    848.719     3.6323     3.6323   3.251030   3.251039    97.7174    -0.0585     2.1157      98.73          0  1031.6570  1031.6572    34.8850    34.8852    1478.88    1478.88   1177.490    6.60819   90.33337      0.853    -0.0000    839.000  1031.6571  1031.6572    34.8851    34.8853    1478.88    1478.88    6.60835      1.127    -0.0000 0.0000e+00
   1178.307  -39.48374   60.00012    840.000    849.732     3.6322     3.6322   3.251063   3.251069    97.7249    -0.0585     2.1149      98.73          0  1031.6617  1031.6617    34.8850    34.8850    1478.90    1478.90   1178.307    6.60773   90.32686      1.087     0.0000    840.000  1031.6617  1031.6619    34.8851    34.8852    1478.90    1478.90    6.60626      1.267     0.0000 0.0000e+00
   1179.088  -39.48374   60.00012    841.000    850.746     3.6323     3.6326   3.251135   3.251152    97.7310    -0.0589     2.1148      98.73          0  1031.6665  1031.6664    34.8852    34.8852    1478.92    1478.92   1179.088    6.61016   90.36060      1.242     0.0003    841.000  1031.6665  1031.6664    34.8853    34.8852    1478.92    1478.92    6.60654      1.252     0.0003 0.0000e+00
   1179.935  -39.48376   60.00012    842.000    851.760     3.6333     3.6333   3.251298   3.251276    97.7264    -0.0598     2.1144      98.73          0  1031.6710  1031.6709    34.8853    34.8850    1478.94    1478.94   1179.935    6.60947   90.35339      1.261     0.0000    842.000  1031.6714  1031.6711    34.8856    34.8854    1478.94    1478.94    6.60563      1.132     0.0000 0.0000e+00
   1180.903  -39.48376   60.00012    843.000    852.773     3.6353     3.6354   3.251526   3.251542    97.7247    -0.0594     2.1137      98.73          0  1031.6757  1031.6757    34.8856    34.8856    1478.96    1478.96   1180.903    6.60775   90.33435      1.134     0.0001    843.000  1031.6758  1031.6758    34.8857    34.8858    1478.96    1478.97    6.60294      0.999     0.0001 0.0000e+00
   1181.974  -39.48376   60.00012    844.000    853.787     3.6354     3.6356   3.251577   3.251606    97.7258    -0.0585     2.1133      98.73          0  1031.6803  1031.6804    34.8855    34.8857    1478.98    1478.98   1181.974    6.60697   90.32402      0.990     0.0002    844.000  1031.6804  1031.6805    34.8857    34.8859    1478.98    1478.98    6.60248      0.907     0.0002 0.0000e+00
   1183.144  -39.48376   60.00012    845.000    854.801     3.6352     3.6355   3.251594   3.251625    97.7234    -0.0588     2.1130      98.73          0  1031.6849  1031.6849    34.8855    34.8856    1479.00    1479.00   1183.144    6.60481   90.29384      0.894     0.0003    845.000  1031.6851  1031.6851    34.8856    34.8857    1479.00    1479.00    6.60201      0.845     0.0003 0.0000e+00
   1184.351  -39.48376   60.00012    846.000    855.814     3.6336     3.6343   3.251472   3.251550    97.7137    -0.0590     2.1123      98.73          0  1031.6897  1031.6897    34.8854    34.8855    1479.01    1479.01   1184.351    6.60418   90.28175      0.841     0.0007    846.000  1031.6896  1031.6897    34.8853    34.8855    1479.01    1479.01    6.60042      0.867     0.0007 0.0000e+00
   1185.473  -39.48374   60.00012    847.000    856.828     3.6337     3.6338   3.251521   3.251557    97.7173    -0.0588     2.1127      98.73          0  1031.6942  1031.6943    34.8853    34.8855    1479.02    1479.03   1185.473    6.60350   90.27258      0.875     0.0001    847.000  1031.6942  1031.6945    34.8853    34.8856    1479.02    1479.03    6.60259      0.939     0.0001 0.0000e+00
   1186.517  -39.48375   60.00012    848.000    857.842     3.6336     3.6333   3.251579   3.251547    97.7279    -0.0585     2.1132      98.73          0  1031.6990  1031.6991    34.8854    34.8856    1479.04    1479.04   1186.517    6.60214   90.25385      0.943    -0.0003    848.000  1031.6991  1031.6991    34.8855    34.8854    1479.04    1479.04    6.60559      0.997    -0.0003 0.0000e+00
   1187.504  -39.48376   60.00012    849.000    858.855     3.6341     3.6336   3.251685   3.251621    97.7149    -0.0592     2.1122      98.73          0  1031.7037  1031.7034    34.8855    34.8851    1479.06    1479.06   1187.504    6.60459   90.28841      0.997    -0.0004    849.000  1031.7039  1031.7036    34.8858    34.8855    1479.06    1479.06    6.60249      1.072    -0.0004 0.0000e+00
   1188.411  -39.48376   60.00012    850.000    859.869     3.6350     3.6352   3.251801   3.251823    97.7182    -0.0588     2.1120      98.73          0  1031.7083  1031.7083    34.8856    34.8856    1479.08    1479.08   1188.411    6.60705   90.32420      1.065     0.0002    850.000  1031.7083  1031.7083    34.8856    34.8857    1479.08    1479.08    6.60225      1.140     0.0002 0.0000e+00
   1189.286  -39.48376   60.00012    851.000    860.883     3.6352     3.6350   3.251860   3.251854    97.7149    -0.0578     2.1120      98.73          0  1031.7128  1031.7129    34.8855    34.8857    1479.10    1479.10   1189.286    6.60496   90.29594      1.134    -0.0002    851.000  1031.7129  1031.7130    34.8856    34.8858    1479.10    1479.10    6.60312      1.166    -0.0002 0.0000e+00
   1190.151  -39.48376   60.00012    852.000    861.896     3.6345     3.6350   3.251827   3.251879    97.7141    -0.0581     2.1118      98.73          0  1031.7175  1031.7177    34.8855    34.8857    1479.11    1479.11   1190.151    6.60476   90.29168      1.165     0.0005    852.000  1031.7175  1031.7175    34.8854    34.8856    1479.11    1479.11    6.60337      1.164     0.0005 0.0000e+00
