Ship_data/Irminger/Irminger-2/ctd/process/uat30_009.cnv
* Sea-Bird SBE 9 Data File:
* FileName = C:\data\ctd\at30_009.hdr
* Software Version Seasave V 7.21f
* Temperature SN = 2265
* Conductivity SN = 3021
* Number of Bytes Per Scan = 40
* Number of Voltage Words = 5
* Number of Scans Averaged by the Deck Unit = 1
* NMEA Latitude = 59 42.40 N
* NMEA Longitude = 039 19.92 W
* NMEA UTC (Time) = Aug 19 2015  15:06:00
** FLMB 1 for cal
# nquan = 36
# nvalues = 2807                        
# units = specified
# name 0 = timeS: Time, Elapsed [seconds]
# name 1 = longitude: Longitude [deg]
# name 2 = latitude: Latitude [deg]
# name 3 = depSM: Depth [salt water, m]
# name 4 = prDM: Pressure, Digiquartz [db]
# name 5 = t090C: Temperature [ITS-90, deg C]
# name 6 = t190C: Temperature, 2 [ITS-90, deg C]
# name 7 = c0S/m: Conductivity [S/m]
# name 8 = c1S/m: Conductivity, 2 [S/m]
# name 9 = CStarTr0: Beam Transmission, WET Labs C-Star [%]
# name 10 = flECO-AFL: Fluorescence, WET Labs ECO-AFL/FL [mg/m^3]
# name 11 = sbeox0V: Oxygen raw, SBE 43 [V]
# name 12 = altM: Altimeter [m]
# name 13 = nbf: Bottles Fired
# name 14 = density00: Density [density, Kg/m^3]
# name 15 = density11: Density, 2 [density, Kg/m^3]
# name 16 = sal00: Salinity, Practical [PSU]
# name 17 = sal11: Salinity, Practical, 2 [PSU]
# name 18 = svCM: Sound Velocity [Chen-Millero, m/s]
# name 19 = svCM1: Sound Velocity, 2 [Chen-Millero, m/s]
# name 20 = timeS: Time, Elapsed [seconds]
# name 21 = sbeox0ML/L: Oxygen, SBE 43 [ml/l]
# name 22 = sbeox0PS: Oxygen, SBE 43 [% saturation]
# name 23 = dz/dtM: Descent Rate [m/s]
# name 24 = T2-T190C: Temperature Difference, 2 - 1 [ITS-90, deg C]
# name 25 = depSM: Depth [salt water, m], lat = 59.7067
# name 26 = density00: Density [density, Kg/m^3]
# name 27 = density11: Density, 2 [density, Kg/m^3]
# name 28 = sal00: Salinity, Practical [PSU]
# name 29 = sal11: Salinity, Practical, 2 [PSU]
# name 30 = svCM: Sound Velocity [Chen-Millero, m/s]
# name 31 = svCM1: Sound Velocity, 2 [Chen-Millero, m/s]
# name 32 = sbeox0ML/L: Oxygen, SBE 43 [ml/l], WS = 2
# name 33 = dz/dtM: Descent Rate [m/s], WS = 2
# name 34 = T2-T190C: Temperature Difference, 2 - 1 [ITS-90, deg C]
# name 35 = flag: flag
# span 0 =   3349.772,   7969.565       
# span 1 =  -39.33223,  -39.33163       
# span 2 =   59.70658,   59.70688       
# span 3 =      2.000,   2808.000       
# span 4 =      2.019,   2853.878       
# span 5 =     1.5427,     8.3155       
# span 6 =     1.5433,     8.3161       
# span 7 =   3.149839,   3.636607       
# span 8 =   3.149850,   3.636606       
# span 9 =    92.7291,    97.6021       
# span 10 =    -0.0218,    -0.0170      
# span 11 =     1.6701,     2.5218      
# span 12 =      16.91,     118.72      
# span 13 =          0,         12      
# span 14 =  1027.1127,  1040.9924      
# span 15 =  1027.1122,  1040.9916      
# span 16 =    34.8360,    34.9407      
# span 17 =    34.8333,    34.9409      
# span 18 =    1469.27,    1504.18      
# span 19 =    1469.27,    1504.16      
# span 20 =   3349.772,   7969.565      
# span 21 =    5.99499,    6.66344      
# span 22 =   81.47845,  100.97995      
# span 23 =     -1.894,      0.033      
# span 24 =    -0.4558,     0.0282      
# span 25 =      2.000,   2808.000      
# span 26 =  1027.1128,  1040.9924      
# span 27 =  1027.1121,  1040.9916      
# span 28 =    34.8421,    34.9434      
# span 29 =    34.8412,    34.9423      
# span 30 =    1469.27,    1504.18      
# span 31 =    1469.27,    1504.16      
# span 32 =    5.99600,    6.72815      
# span 33 =     -1.896,      0.042      
# span 34 =    -0.4558,     0.0282      
# span 35 = 0.0000e+00, 0.0000e+00      
# interval = meters: 1                  
# start_time = Aug 19 2015 15:06:00 [NMEA time, header]
# bad_flag = -9.990e-29
*END*
[from data line 1613]
   5645.716  -39.33198   59.70672   1195.000   1209.855     3.5350     3.5368   3.257355   3.257535    97.5198    -0.0209     1.9903      98.78          5  1033.3135  1033.3135    34.8791    34.8794    1484.45    1484.46   5645.716    6.38960   87.13490     -1.138     0.0018   1195.000  1033.3127  1033.3127    34.8782    34.8784    1484.45    1484.46    6.39843     -0.977     0.0018 0.0000e+00
   5646.905  -39.33198   59.70672   1194.000   1208.839     3.5341     3.5355   3.257213   3.257361    97.5249    -0.0200     1.9919      98.78          5  1033.3087  1033.3087    34.8789    34.8791    1484.43    1484.44   5646.905    6.39502   87.20673     -0.937     0.0014   1194.000  1033.3081  1033.3081    34.8780    34.8783    1484.43    1484.44    6.40477     -0.827     0.0014 0.0000e+00
   5648.074  -39.33198   59.70672   1193.000   1207.824     3.5297     3.5339   3.256672   3.257140    97.5112    -0.0195     1.9944      98.78          5  1033.3040  1033.3042    34.8780    34.8789    1484.40    1484.41   5648.074    6.40009   87.26596     -0.827     0.0042   1193.000  1033.3030  1033.3033    34.8767    34.8779    1484.39    1484.41    6.41537     -0.976     0.0042 0.0000e+00
   5649.021  -39.33198   59.70672   1192.000   1206.809     3.5242     3.5334   3.256043   3.257026    97.5267    -0.0195     1.9961      98.78          5  1033.2992  1033.2994    34.8768    34.8787    1484.35    1484.39   5649.021    6.40555   87.32812     -0.972     0.0092   1192.000  1033.2982  1033.2986    34.8755    34.8775    1484.35    1484.39    6.42325     -1.113     0.0092 0.0000e+00
   5649.917  -39.33198   59.70672   1191.000   1205.793     3.5200     3.5225   3.255598   3.255827    97.5348    -0.0182     1.9975      98.78          5  1033.2946  1033.2947    34.8762    34.8767    1484.32    1484.33   5649.917    6.41406   87.43483     -1.105     0.0025   1191.000  1033.2938  1033.2936    34.8752    34.8753    1484.32    1484.33    6.42912     -1.055     0.0025 0.0000e+00
   5651.021  -39.33198   59.70674   1190.000   1204.778     3.5189     3.5206   3.255445   3.255617    97.5319    -0.0180     1.9993      98.78          5  1033.2899  1033.2899    34.8759    34.8762    1484.30    1484.30   5651.021    6.42219   87.54303     -1.023     0.0017   1190.000  1033.2893  1033.2892    34.8751    34.8753    1484.30    1484.30    6.43640     -0.821     0.0017 0.0000e+00
   5652.362  -39.33196   59.70674   1189.000   1203.763     3.5183     3.5194   3.255347   3.255461    97.5155    -0.0197     2.0014      98.78          5  1033.2852  1033.2852    34.8757    34.8759    1484.28    1484.28   5652.362    6.43125   87.66517     -0.768     0.0011   1189.000  1033.2847  1033.2847    34.8750    34.8752    1484.28    1484.28    6.44467     -0.834     0.0011 0.0000e+00
   5653.414  -39.33196   59.70674   1188.000   1202.748     3.5185     3.5211   3.255308   3.255581    97.5280    -0.0182     2.0029      98.78          5  1033.2805  1033.2805    34.8756    34.8760    1484.26    1484.27   5653.414    6.43747   87.75027     -0.851     0.0026   1188.000  1033.2799  1033.2799    34.8749    34.8754    1484.26    1484.27    6.45024     -1.102     0.0026 0.0000e+00
   5654.253  -39.33196   59.70674   1187.000   1201.732     3.5155     3.5177   3.254948   3.255168    97.5410    -0.0196     2.0037      98.78          5  1033.2758  1033.2759    34.8751    34.8755    1484.23    1484.24   5654.253    6.44226   87.80888     -1.069     0.0022   1187.000  1033.2751  1033.2751    34.8743    34.8745    1484.23    1484.24    6.45369     -1.249     0.0022 0.0000e+00
   5655.040  -39.33196   59.70674   1186.000   1200.717     3.5142     3.5162   3.254786   3.254965    97.5245    -0.0188     2.0047      98.78          5  1033.2712  1033.2710    34.8750    34.8749    1484.21    1484.22   5655.040    6.44755   87.87800     -1.225     0.0021   1186.000  1033.2708  1033.2704    34.8743    34.8742    1484.21    1484.22    6.45756     -1.268     0.0021 0.0000e+00
   5655.862  -39.33196   59.70674   1185.000   1199.702     3.5141     3.5153   3.254738   3.254842    97.5284    -0.0189     2.0059      98.78          5  1033.2666  1033.2664    34.8748    34.8748    1484.19    1484.20   5655.862    6.45126   87.92837     -1.274     0.0012   1185.000  1033.2661  1033.2660    34.8743    34.8742    1484.19    1484.19    6.46184     -1.171     0.0012 0.0000e+00
   5656.806  -39.33196   59.70674   1184.000   1198.686     3.5141     3.5149   3.254699   3.254783    97.5253    -0.0194     2.0074      98.78          5  1033.2618  1033.2620    34.8748    34.8750    1484.17    1484.18   5656.806    6.45430   87.96986     -1.174     0.0008   1184.000  1033.2615  1033.2616    34.8743    34.8745    1484.17    1484.18    6.46732     -0.970     0.0008 0.0000e+00
   5658.050  -39.33196   59.70674   1183.000   1197.671     3.5135     3.5143   3.254591   3.254672    97.5377    -0.0202     2.0084      98.78          5  1033.2572  1033.2573    34.8746    34.8749    1484.15    1484.16   5658.050    6.46169   88.06905     -0.910     0.0008   1183.000  1033.2570  1033.2570    34.8742    34.8744    1484.15    1484.16    6.47096     -0.724     0.0008 0.0000e+00
   5659.591  -39.33195   59.70674   1182.000   1196.656     3.5136     3.5141   3.254564   3.254608    97.5350    -0.0202     2.0096      98.78          5  1033.2526  1033.2526    34.8746    34.8747    1484.14    1484.14   5659.591    6.46949   88.17560     -0.665     0.0005   1182.000  1033.2523  1033.2523    34.8743    34.8743    1484.14    1484.14    6.47527     -0.692     0.0005 0.0000e+00
   5660.913  -39.33194   59.70674   1181.000   1195.640     3.5139     3.5146   3.254542   3.254613    97.5327    -0.0180     2.0107      98.78          5  1033.2478  1033.2479    34.8745    34.8746    1484.12    1484.12   5660.913    6.47204   88.21095     -0.727     0.0007   1181.000  1033.2477  1033.2477    34.8742    34.8744    1484.12    1484.12    6.47925     -0.864     0.0007 0.0000e+00
   5661.987  -39.33194   59.70674   1180.000   1194.625     3.5107     3.5123   3.254122   3.254315    97.5241    -0.0204     2.0118      98.78          5  1033.2432  1033.2434    34.8739    34.8745    1484.09    1484.10   5661.987    6.47542   88.24987     -0.877     0.0016   1180.000  1033.2426  1033.2428    34.8731    34.8737    1484.09    1484.10    6.48377     -1.013     0.0016 0.0000e+00
   5662.938  -39.33194   59.70674   1179.000   1193.610     3.5073     3.5095   3.253756   3.253963    97.5333    -0.0201     2.0125      98.78          5  1033.2386  1033.2384    34.8734    34.8736    1484.06    1484.07   5662.938    6.47927   88.29466     -1.010     0.0022   1179.000  1033.2382  1033.2380    34.8729    34.8731    1484.06    1484.07    6.48649     -1.071     0.0022 0.0000e+00
   5663.919  -39.33194   59.70676   1178.000   1192.595     3.5044     3.5060   3.253392   3.253565    97.5282    -0.0194     2.0133      98.78          5  1033.2339  1033.2341    34.8728    34.8734    1484.03    1484.04   5663.919    6.48292   88.33770     -1.062     0.0016   1178.000  1033.2334  1033.2334    34.8722    34.8725    1484.03    1484.03    6.48978     -0.901     0.0016 0.0000e+00
   5666.063  -39.33194   59.70676   1177.000   1191.579     3.5046     3.5055   3.253437   3.253509    97.5245    -0.0197     2.0146      98.78          5  1033.2295  1033.2294    34.8732    34.8732    1484.01    1484.02   5666.063    6.48972   88.43116     -0.494     0.0008   1177.000  1033.2294  1033.2292    34.8730    34.8729    1484.01    1484.02    6.49476     -0.349     0.0008 0.0000e+00
   5668.313  -39.33194   59.70676   1176.000   1190.564     3.5032     3.5042   3.253199   3.253300    97.5264    -0.0198     2.0159      98.78          5  1033.2246  1033.2246    34.8726    34.8727    1483.99    1483.99   5668.313    6.49414   88.48791     -0.481     0.0010   1176.000  1033.2242  1033.2242    34.8721    34.8723    1483.99    1483.99    6.49985     -0.781     0.0010 0.0000e+00
   5669.483  -39.33193   59.70676   1175.000   1189.549     3.5032     3.5041   3.253169   3.253255    97.5279    -0.0194     2.0169      98.78          5  1033.2200  1033.2200    34.8726    34.8727    1483.97    1483.98   5669.483    6.49661   88.52163     -0.813     0.0008   1175.000  1033.2197  1033.2197    34.8723    34.8724    1483.97    1483.98    6.50337     -0.853     0.0008 0.0000e+00
   5670.704  -39.33192   59.70676   1174.000   1188.534     3.5027     3.5036   3.253078   3.253160    97.5189    -0.0202     2.0168      98.78          5  1033.2153  1033.2153    34.8725    34.8726    1483.95    1483.96   5670.704    6.50034   88.57124     -0.846     0.0008   1174.000  1033.2151  1033.2151    34.8722    34.8723    1483.95    1483.96    6.50207     -0.802     0.0008 0.0000e+00
   5672.063  -39.33194   59.70676   1173.000   1187.518     3.5025     3.5032   3.253015   3.253087    97.5265    -0.0199     2.0170      98.78          5  1033.2107  1033.2107    34.8724    34.8726    1483.94    1483.94   5672.063    6.50181   88.59083     -0.776     0.0007   1173.000  1033.2106  1033.2106    34.8722    34.8723    1483.94    1483.94    6.50197     -0.645     0.0007 0.0000e+00
   5675.258  -39.33192   59.70678   1172.000   1186.503     3.5018     3.5024   3.252918   3.252973    97.5272    -0.0195     2.0182      98.78          5  1033.2062  1033.2062    34.8725    34.8725    1483.92    1483.92   5675.258    6.50297   88.60514     -0.253     0.0006   1172.000  1033.2061  1033.2061    34.8723    34.8724    1483.92    1483.92    6.50645     -0.229     0.0006 0.0000e+00
   5677.880  -39.33190   59.70678   1171.000   1185.488     3.5013     3.5023   3.252785   3.252895    97.5238    -0.0192     2.0193      98.78          5  1033.2013  1033.2013    34.8720    34.8722    1483.90    1483.90   5677.880    6.50680   88.65587     -0.496     0.0010   1171.000  1033.2012  1033.2012    34.8718    34.8721    1483.90    1483.90    6.51055     -0.589     0.0010 0.0000e+00
   5682.101  -39.33192   59.70678   1170.000   1184.473     3.5004     3.5013   3.252689   3.252764    97.5401    -0.0202     2.0206      98.78          5  1033.1969  1033.1968    34.8721    34.8722    1483.88    1483.88   5682.101    6.51441   88.75792     -0.116     0.0008   1170.000  1033.1968  1033.1968    34.8721    34.8721    1483.88    1483.88    6.51565     -0.116     0.0008 0.0000e+00
   5684.419  -39.33190   59.70678   1169.000   1183.457     3.5007     3.5015   3.252638   3.252725    97.5264    -0.0190     2.0204      98.78          5  1033.1919  1033.1919    34.8718    34.8719    1483.86    1483.86   5684.419    6.51293   88.73806     -0.693     0.0008   1169.000  1033.1919  1033.1919    34.8717    34.8719    1483.86    1483.86    6.51389     -0.971     0.0008 0.0000e+00
   5686.689  -39.33191   59.70679   1168.000   1182.442     3.5007     3.5011   3.252615   3.252659    97.5237    -0.0193     2.0204      98.78          5  1033.1875  1033.1875    34.8720    34.8721    1483.84    1483.84   5686.689    6.51304   88.73964     -0.422     0.0004   1168.000  1033.1875  1033.1875    34.8720    34.8721    1483.84    1483.84    6.51290     -0.331     0.0004 0.0000e+00
   5691.146  -39.33190   59.70679   1167.000   1181.427     3.4996     3.5003   3.252461   3.252532    97.5265    -0.0195     2.0217      98.78          5  1033.1829  1033.1829    34.8719    34.8720    1483.82    1483.82   5691.146    6.51512   88.76558     -0.237     0.0007   1167.000  1033.1829  1033.1829    34.8718    34.8719    1483.82    1483.82    6.51771     -0.235     0.0007 0.0000e+00
   5694.382  -39.33190   59.70680   1166.000   1180.412     3.4992     3.4999   3.252351   3.252423    97.5125    -0.0197     2.0216      98.78          5  1033.1780  1033.1780    34.8715    34.8716    1483.80    1483.81   5694.382    6.51827   88.80737     -0.465     0.0007   1166.000  1033.1780  1033.1780    34.8715    34.8716    1483.80    1483.81    6.51656     -0.556     0.0007 0.0000e+00
   5698.556  -39.33190   59.70680   1165.000   1179.396     3.4990     3.4999   3.252311   3.252410    97.5377    -0.0200     2.0223      98.78          5  1033.1736  1033.1737    34.8717    34.8719    1483.79    1483.79   5698.556    6.51690   88.78839     -0.148     0.0009   1165.000  1033.1736  1033.1736    34.8717    34.8719    1483.79    1483.79    6.51869     -0.125     0.0009 0.0000e+00
   5700.740  -39.33190   59.70680   1164.000   1178.381     3.4982     3.4990   3.252161   3.252248    97.5225    -0.0207     2.0230      98.78          5  1033.1688  1033.1688    34.8714    34.8715    1483.76    1483.77   5700.740    6.51717   88.79013     -0.587     0.0008   1164.000  1033.1687  1033.1688    34.8713    34.8714    1483.76    1483.77    6.52132     -0.583     0.0008 0.0000e+00
   5710.949  -39.33190   59.70680   1163.000   1177.366     3.4979     3.4985   3.252106   3.252158    97.4790    -0.0194     2.0233      98.78          5  1033.1643  1033.1642    34.8715    34.8714    1483.75    1483.75   5710.949    6.51894   88.81362     -0.476     0.0006   1163.000  1033.1643  1033.1642    34.8715    34.8714    1483.75    1483.75    6.52168     -0.147     0.0006 0.0000e+00
   5721.953  -39.33191   59.70682   1162.000   1176.351     3.4974     3.4980   3.252013   3.252068    97.5364    -0.0197     2.0250      98.78          5  1033.1597  1033.1597    34.8713    34.8714    1483.73    1483.73   5721.953    6.52761   88.93067     -0.250     0.0005   1162.000  1033.1597  1033.1597    34.8713    34.8714    1483.73    1483.73    6.52839     -0.120     0.0005 0.0000e+00
   5733.108  -39.33192   59.70682   1161.000   1175.336     3.4978     3.4982   3.251991   3.252035    97.5282    -0.0197     2.0252      98.78          5  1033.1549  1033.1549    34.8712    34.8713    1483.71    1483.71   5733.108    6.52909   88.95152     -0.171     0.0004   1161.000  1033.1549  1033.1549    34.8713    34.8713    1483.71    1483.71    6.52846     -0.111     0.0004 0.0000e+00
   5775.921  -39.33194   59.70686   1160.000   1174.321     3.4978     3.4983   3.251960   3.252007    97.5208    -0.0194     2.0261      98.78          6  1033.1504  1033.1504    34.8713    34.8714    1483.70    1483.70   5775.921    6.52953   88.95762     -0.327     0.0004   1160.000  1033.1504  1033.1504    34.8713    34.8714    1483.70    1483.70    6.53116     -0.057     0.0004 0.0000e+00
   5785.570  -39.33194   59.70686   1159.000   1173.305     3.4979     3.4983   3.251914   3.251961    97.5200    -0.0198     2.0259      98.78          6  1033.1456  1033.1458    34.8712    34.8714    1483.68    1483.68   5785.570    6.52998   88.96389     -0.523     0.0004   1159.000  1033.1456  1033.1456    34.8712    34.8714    1483.68    1483.68    6.52957     -0.475     0.0004 0.0000e+00
   5788.654  -39.33194   59.70686   1158.000   1172.290     3.4975     3.4981   3.251840   3.251905    97.5280    -0.0200     2.0260      98.78          6  1033.1411  1033.1411    34.8713    34.8714    1483.66    1483.66   5788.654    6.52878   88.94666     -0.274     0.0006   1158.000  1033.1411  1033.1411    34.8713    34.8714    1483.66    1483.66    6.52906     -0.343     0.0006 0.0000e+00
   5790.362  -39.33194   59.70686   1157.000   1171.275     3.4975     3.4980   3.251770   3.251825    97.5295    -0.0201     2.0269      98.78          6  1033.1362  1033.1364    34.8710    34.8712    1483.64    1483.65   5790.362    6.52838   88.94106     -0.593     0.0005   1157.000  1033.1362  1033.1362    34.8709    34.8711    1483.64    1483.65    6.53218     -0.836     0.0005 0.0000e+00
