Ship_data/Irminger/Irminger-2/ctd/process/uat30_011.cnv
* Sea-Bird SBE 9 Data File:
* FileName = C:\data\ctd\at30_011.hdr
* Software Version Seasave V 7.21f
* Temperature SN = 2265
* Conductivity SN = 3021
* Number of Bytes Per Scan = 40
* Number of Voltage Words = 5
* Number of Scans Averaged by the Deck Unit = 1
* NMEA Latitude = 59 41.19 N
* NMEA Longitude = 039 21.93 W
* NMEA UTC (Time) = Aug 21 2015  19:14:51
** cal val post deployment at FLMB2
# nquan = 36
# nvalues = 2810                        
# units = specified
# name 0 = timeS: Time, Elapsed [seconds]
# name 1 = longitude: Longitude [deg]
# name 2 = latitude: Latitude [deg]
# name 3 = depSM: Depth [salt water, m]
# name 4 = prDM: Pressure, Digiquartz [db]
# name 5 = t090C: Temperature [ITS-90, deg C]
# name 6 = t190C: Temperature, 2 [ITS-90, deg C]
# name 7 = c0S/m: Conductivity [S/m]
# name 8 = c1S/m: Conductivity, 2 [S/m]
# name 9 = CStarTr0: Beam Transmission, WET Labs C-Star [%]
# name 10 = flECO-AFL: Fluorescence, WET Labs ECO-AFL/FL [mg/m^3]
# name 11 = sbeox0V: Oxygen raw, SBE 43 [V]
# name 12 = altM: Altimeter [m]
# name 13 = nbf: Bottles Fired
# name 14 = density00: Density [density, Kg/m^3]
# name 15 = density11: Density, 2 [density, Kg/m^3]
# name 16 = sal00: Salinity, Practical [PSU]
# name 17 = sal11: Salinity, Practical, 2 [PSU]
# name 18 = svCM: Sound Velocity [Chen-Millero, m/s]
# name 19 = svCM1: Sound Velocity, 2 [Chen-Millero, m/s]
# name 20 = timeS: Time, Elapsed [seconds]
# name 21 = sbeox0ML/L: Oxygen, SBE 43 [ml/l]
# name 22 = sbeox0PS: Oxygen, SBE 43 [% saturation]
# name 23 = dz/dtM: Descent Rate [m/s]
# name 24 = T2-T190C: Temperature Difference, 2 - 1 [ITS-90, deg C]
# name 25 = depSM: Depth [salt water, m], lat = 59.6865
# name 26 = density00: Density [density, Kg/m^3]
# name 27 = density11: Density, 2 [density, Kg/m^3]
# name 28 = sal00: Salinity, Practical [PSU]
# name 29 = sal11: Salinity, Practical, 2 [PSU]
# name 30 = svCM: Sound Velocity [Chen-Millero, m/s]
# name 31 = svCM1: Sound Velocity, 2 [Chen-Millero, m/s]
# name 32 = sbeox0ML/L: Oxygen, SBE 43 [ml/l], WS = 2
# name 33 = dz/dtM: Descent Rate [m/s], WS = 2
# name 34 = T2-T190C: Temperature Difference, 2 - 1 [ITS-90, deg C]
# name 35 = flag: flag
# span 0 =   3392.933,   7783.471       
# span 1 =  -39.35296,  -39.33056       
# span 2 =   59.68237,   59.68518       
# span 3 =      1.000,   2810.000       
# span 4 =      1.009,   2855.920       
# span 5 =     1.5254,     8.7308       
# span 6 =     1.5275,     8.7304       
# span 7 =   3.148592,   3.676690       
# span 8 =   3.148689,   3.676630       
# span 9 =    93.9434,    97.5300       
# span 10 =    -0.0675,    -0.0423      
# span 11 =     1.6755,     2.5431      
# span 12 =      19.15,     106.79      
# span 13 =          0,         12      
# span 14 =  1027.0594,  1041.0057      
# span 15 =  1027.0587,  1041.0046      
# span 16 =    34.8433,    34.9302      
# span 17 =    34.8400,    34.9298      
# span 18 =    1469.28,    1503.52      
# span 19 =    1469.27,    1503.52      
# span 20 =   3392.933,   7783.471      
# span 21 =    6.01022,    6.81851      
# span 22 =   81.29258,  102.00510      
# span 23 =     -2.042,      0.254      
# span 24 =    -0.1822,     0.1060      
# span 25 =      1.000,   2810.000      
# span 26 =  1027.0599,  1041.0059      
# span 27 =  1027.0594,  1041.0048      
# span 28 =    34.8475,    34.9304      
# span 29 =    34.8475,    34.9300      
# span 30 =    1469.28,    1503.52      
# span 31 =    1469.27,    1503.52      
# span 32 =    6.01314,    6.82745      
# span 33 =     -2.044,      0.136      
# span 34 =    -0.1822,     0.1060      
# span 35 = 0.0000e+00, 0.0000e+00      
# interval = meters: 1                  
# start_time = Aug 21 2015 19:14:51 [NMEA time, header]
# bad_flag = -9.990e-29
*END*
[from data line 1693]
   5678.938  -39.34190   59.68402   1117.000   1130.671     3.4456     3.4463   3.244755   3.244799    97.4446    -0.0449     2.0434      98.73          6  1032.9514  1032.9513    34.8630    34.8628    1482.74    1482.74   5678.938    6.57390   89.44305     -1.168     0.0006   1117.000  1032.9514  1032.9512    34.8629    34.8628    1482.74    1482.74    6.57923     -1.656     0.0006 0.0000e+00
   5679.507  -39.34189   59.68402   1116.000   1129.656     3.4456     3.4462   3.244689   3.244746    97.4446    -0.0467     2.0444      98.73          6  1032.9468  1032.9467    34.8629    34.8628    1482.72    1482.72   5679.507    6.57341   89.43611     -1.483     0.0007   1116.000  1032.9467  1032.9465    34.8627    34.8627    1482.72    1482.72    6.58270     -1.788     0.0007 0.0000e+00
   5680.060  -39.34188   59.68402   1115.000   1128.641     3.4453     3.4461   3.244626   3.244691    97.4297    -0.0470     2.0457      98.73          6  1032.9421  1032.9420    34.8629    34.8628    1482.70    1482.71   5680.060    6.57298   89.42971     -1.698     0.0008   1115.000  1032.9421  1032.9419    34.8628    34.8627    1482.70    1482.71    6.58761     -1.790     0.0008 0.0000e+00
   5680.631  -39.34187   59.68402   1114.000   1127.626     3.4454     3.4461   3.244599   3.244638    97.4346    -0.0444     2.0460      98.73          6  1032.9376  1032.9373    34.8629    34.8626    1482.69    1482.69   5680.631    6.57498   89.45716     -1.799     0.0007   1114.000  1032.9375  1032.9371    34.8629    34.8626    1482.69    1482.69    6.58788     -1.679     0.0007 0.0000e+00
   5681.272  -39.34186   59.68402   1113.000   1126.611     3.4455     3.4460   3.244568   3.244596    97.4447    -0.0457     2.0459      98.73          6  1032.9329  1032.9327    34.8629    34.8627    1482.67    1482.67   5681.272    6.57819   89.50114     -1.754     0.0005   1113.000  1032.9329  1032.9327    34.8629    34.8627    1482.67    1482.67    6.58663     -1.442     0.0005 0.0000e+00
   5682.105  -39.34186   59.68402   1112.000   1125.596     3.4455     3.4457   3.244521   3.244543    97.4467    -0.0448     2.0455      98.73          6  1032.9283  1032.9283    34.8630    34.8630    1482.65    1482.65   5682.105    6.58461   89.58839     -1.494     0.0002   1112.000  1032.9283  1032.9283    34.8629    34.8630    1482.65    1482.65    6.58395     -1.007     0.0002 0.0000e+00
   5684.495  -39.34186   59.68402   1111.000   1124.581     3.4455     3.4458   3.244484   3.244507    97.4431    -0.0447     2.0445      98.73          6  1032.9237  1032.9236    34.8630    34.8629    1482.64    1482.64   5684.495    6.58224   89.55608     -0.412     0.0004   1111.000  1032.9237  1032.9236    34.8630    34.8629    1482.64    1482.64    6.57855     -0.302     0.0004 0.0000e+00
   5686.634  -39.34185   59.68402   1110.000   1123.566     3.4457     3.4464   3.244450   3.244478    97.4503    -0.0445     2.0451      98.73          6  1032.9189  1032.9186    34.8629    34.8625    1482.62    1482.62   5686.634    6.57785   89.49682     -0.517     0.0007   1110.000  1032.9189  1032.9186    34.8628    34.8624    1482.62    1482.62    6.58051     -0.986     0.0007 0.0000e+00
   5687.466  -39.34184   59.68402   1109.000   1122.551     3.4458     3.4464   3.244411   3.244446    97.4487    -0.0438     2.0451      98.73          6  1032.9143  1032.9141    34.8628    34.8626    1482.60    1482.61   5687.466    6.57648   89.47836     -0.933     0.0006   1109.000  1032.9143  1032.9141    34.8628    34.8626    1482.60    1482.61    6.57965     -1.329     0.0006 0.0000e+00
   5688.161  -39.34184   59.68402   1108.000   1121.536     3.4461     3.4466   3.244409   3.244437    97.4325    -0.0458     2.0456      98.73          6  1032.9098  1032.9095    34.8630    34.8628    1482.59    1482.59   5688.161    6.57580   89.46984     -1.223     0.0005   1108.000  1032.9098  1032.9095    34.8630    34.8627    1482.59    1482.59    6.58091     -1.547     0.0005 0.0000e+00
   5688.775  -39.34182   59.68402   1107.000   1120.521     3.4463     3.4470   3.244382   3.244421    97.4375    -0.0444     2.0463      98.73          6  1032.9050  1032.9048    34.8629    34.8627    1482.57    1482.58   5688.775    6.57868   89.50952     -1.441     0.0006   1107.000  1032.9050  1032.9048    34.8629    34.8627    1482.57    1482.58    6.58277     -1.682     0.0006 0.0000e+00
   5689.362  -39.34182   59.68402   1106.000   1119.506     3.4465     3.4472   3.244360   3.244397    97.4425    -0.0450     2.0476      98.73          6  1032.9005  1032.9001    34.8630    34.8628    1482.56    1482.56   5689.362    6.57783   89.49847     -1.603     0.0006   1106.000  1032.9004  1032.9001    34.8630    34.8627    1482.56    1482.56    6.58734     -1.748     0.0006 0.0000e+00
   5689.933  -39.34182   59.68402   1105.000   1118.491     3.4466     3.4472   3.244329   3.244354    97.4390    -0.0439     2.0484      98.73          6  1032.8959  1032.8955    34.8631    34.8627    1482.54    1482.54   5689.933    6.57638   89.47894     -1.709     0.0006   1105.000  1032.8959  1032.8955    34.8631    34.8627    1482.54    1482.54    6.59022     -1.744     0.0006 0.0000e+00
   5690.520  -39.34181   59.68402   1104.000   1117.476     3.4474     3.4476   3.244387   3.244346    97.4409    -0.0439     2.0487      98.73          6  1032.8912  1032.8909    34.8632    34.8627    1482.53    1482.53   5690.520    6.57876   89.51306     -1.754     0.0002   1104.000  1032.8915  1032.8909    34.8634    34.8627    1482.53    1482.53    6.59034     -1.662     0.0002 0.0000e+00
   5691.155  -39.34180   59.68402   1103.000   1116.461     3.4491     3.4489   3.244505   3.244451    97.4430    -0.0443     2.0488      98.73          6  1032.8865  1032.8861    34.8633    34.8628    1482.52    1482.52   5691.155    6.58228   89.56488     -1.719    -0.0002   1103.000  1032.8866  1032.8864    34.8635    34.8631    1482.52    1482.52    6.58966     -1.468    -0.0002 0.0000e+00
   5691.954  -39.34180   59.68402   1102.000   1115.447     3.4508     3.4500   3.244622   3.244546    97.4435    -0.0436     2.0484      98.73          6  1032.8817  1032.8817    34.8635    34.8633    1482.51    1482.51   5691.954    6.58703   89.63319     -1.524    -0.0008   1102.000  1032.8820  1032.8820    34.8637    34.8636    1482.51    1482.51    6.58684     -1.098    -0.0008 0.0000e+00
   5693.397  -39.34180   59.68402   1101.000   1114.432     3.4510     3.4510   3.244608   3.244610    97.4460    -0.0447     2.0476      98.73          6  1032.8773  1032.8772    34.8637    34.8636    1482.49    1482.49   5693.397    6.58667   89.62890     -0.880     0.0001   1101.000  1032.8774  1032.8773    34.8638    34.8638    1482.49    1482.49    6.58240     -0.580     0.0001 0.0000e+00
   5695.227  -39.34179   59.68402   1100.000   1113.417     3.4513     3.4518   3.244586   3.244603    97.4428    -0.0443     2.0471      98.73          6  1032.8726  1032.8723    34.8636    34.8633    1482.48    1482.48   5695.227    6.58203   89.56646     -0.496     0.0004   1100.000  1032.8727  1032.8723    34.8637    34.8634    1482.48    1482.48    6.57914     -0.736     0.0004 0.0000e+00
   5696.368  -39.34177   59.68402   1099.000   1112.402     3.4508     3.4514   3.244471   3.244516    97.4544    -0.0436     2.0471      98.73          6  1032.8679  1032.8677    34.8635    34.8633    1482.46    1482.46   5696.368    6.57903   89.52422     -0.785     0.0007   1099.000  1032.8679  1032.8677    34.8635    34.8633    1482.46    1482.46    6.57837     -0.940     0.0007 0.0000e+00
   5697.425  -39.34176   59.68401   1098.000   1111.387     3.4510     3.4513   3.244452   3.244476    97.4530    -0.0444     2.0472      98.73          6  1032.8633  1032.8632    34.8635    34.8634    1482.44    1482.44   5697.425    6.57763   89.50569     -0.945     0.0003   1098.000  1032.8633  1032.8633    34.8635    34.8635    1482.44    1482.44    6.57783     -0.898     0.0003 0.0000e+00
   5698.726  -39.34177   59.68401   1097.000   1110.372     3.4505     3.4510   3.244357   3.244420    97.4562    -0.0449     2.0469      98.73          6  1032.8588  1032.8589    34.8635    34.8638    1482.42    1482.43   5698.726    6.57692   89.49518     -0.844     0.0004   1097.000  1032.8586  1032.8588    34.8634    34.8637    1482.42    1482.43    6.57600     -0.738     0.0004 0.0000e+00
   5700.034  -39.34178   59.68402   1096.000   1109.357     3.4476     3.4487   3.244029   3.244107    97.4366    -0.0448     2.0464      98.73          6  1032.8541  1032.8539    34.8632    34.8630    1482.39    1482.40   5700.034    6.57688   89.48811     -0.722     0.0011   1096.000  1032.8540  1032.8538    34.8630    34.8629    1482.39    1482.40    6.57330     -0.989     0.0011 0.0000e+00
   5700.885  -39.34176   59.68402   1095.000   1108.342     3.4472     3.4490   3.243946   3.244097    97.4494    -0.0447     2.0469      98.73          6  1032.8496  1032.8492    34.8631    34.8631    1482.38    1482.38   5700.885    6.57514   89.46341     -0.949     0.0018   1095.000  1032.8495  1032.8491    34.8630    34.8629    1482.37    1482.38    6.57476     -1.320     0.0018 0.0000e+00
   5701.590  -39.34176   59.68402   1094.000   1107.328     3.4471     3.4480   3.243885   3.243958    97.4495    -0.0433     2.0479      98.73          6  1032.8448  1032.8447    34.8631    34.8630    1482.36    1482.36   5701.590    6.57247   89.42682     -1.224     0.0009   1094.000  1032.8448  1032.8446    34.8630    34.8628    1482.36    1482.36    6.57850     -1.495     0.0009 0.0000e+00
   5702.241  -39.34175   59.68402   1093.000   1106.313     3.4471     3.4478   3.243844   3.243898    97.4407    -0.0459     2.0486      98.73          6  1032.8403  1032.8401    34.8632    34.8629    1482.34    1482.34   5702.241    6.57036   89.39801     -1.428     0.0008   1093.000  1032.8402  1032.8400    34.8630    34.8628    1482.34    1482.34    6.58065     -1.538     0.0008 0.0000e+00
   5702.904  -39.34174   59.68402   1092.000   1105.298     3.4469     3.4479   3.243787   3.243847    97.4496    -0.0456     2.0490      98.73          6  1032.8357  1032.8353    34.8631    34.8628    1482.32    1482.33   5702.904    6.57232   89.42445     -1.530     0.0010   1092.000  1032.8356  1032.8352    34.8630    34.8627    1482.32    1482.33    6.58147     -1.462     0.0010 0.0000e+00
   5703.637  -39.34172   59.68402   1091.000   1104.283     3.4471     3.4477   3.243767   3.243793    97.4474    -0.0451     2.0499      98.73          6  1032.8311  1032.8308    34.8632    34.8629    1482.31    1482.31   5703.637    6.57630   89.47890     -1.500     0.0006   1091.000  1032.8311  1032.8307    34.8631    34.8628    1482.31    1482.31    6.58432     -1.315     0.0006 0.0000e+00
   5704.466  -39.34172   59.68402   1090.000   1103.268     3.4479     3.4479   3.243814   3.243782    97.4376    -0.0452     2.0507      98.73          6  1032.8264  1032.8262    34.8633    34.8629    1482.29    1482.29   5704.466    6.57894   89.51661     -1.345     0.0001   1090.000  1032.8265  1032.8262    34.8634    34.8629    1482.29    1482.29    6.58694     -1.175     0.0001 0.0000e+00
   5705.380  -39.34172   59.68402   1089.000   1102.253     3.4486     3.4484   3.243833   3.243801    97.4465    -0.0451     2.0509      98.73          6  1032.8218  1032.8217    34.8633    34.8631    1482.28    1482.28   5705.380    6.58097   89.54598     -1.185    -0.0002   1089.000  1032.8218  1032.8217    34.8633    34.8632    1482.28    1482.28    6.58642     -1.078    -0.0002 0.0000e+00
   5706.359  -39.34172   59.68401   1088.000   1101.238     3.4491     3.4492   3.243834   3.243828    97.4446    -0.0445     2.0509      98.73          6  1032.8170  1032.8169    34.8632    34.8631    1482.27    1482.27   5706.359    6.58466   89.59718     -1.078     0.0001   1088.000  1032.8170  1032.8169    34.8633    34.8631    1482.27    1482.27    6.58545     -0.986     0.0001 0.0000e+00
   5707.480  -39.34173   59.68400   1087.000   1100.224     3.4506     3.4504   3.243956   3.243914    97.4529    -0.0441     2.0508      98.73          6  1032.8124  1032.8123    34.8635    34.8633    1482.26    1482.25   5707.480    6.58458   89.59938     -0.966    -0.0001   1087.000  1032.8126  1032.8124    34.8637    34.8634    1482.26    1482.25    6.58405     -0.798    -0.0001 0.0000e+00
   5709.223  -39.34173   59.68402   1086.000   1099.209     3.4541     3.4544   3.244268   3.244292    97.4522    -0.0441     2.0503      98.73          6  1032.8077  1032.8076    34.8640    34.8639    1482.25    1482.25   5709.223    6.58268   89.58159     -0.626     0.0003   1086.000  1032.8079  1032.8079    34.8642    34.8642    1482.25    1482.26    6.58037     -0.483     0.0003 0.0000e+00
   5711.202  -39.34169   59.68402   1085.000   1098.194     3.4563     3.4564   3.244426   3.244402    97.4407    -0.0455     2.0496      98.73          6  1032.8030  1032.8027    34.8642    34.8640    1482.25    1482.25   5711.202    6.57909   89.53770     -0.453     0.0001   1085.000  1032.8031  1032.8027    34.8643    34.8639    1482.25    1482.25    6.57587     -0.812     0.0001 0.0000e+00
   5712.095  -39.34168   59.68402   1084.000   1097.179     3.4555     3.4558   3.244315   3.244323    97.4558    -0.0442     2.0500      98.73          6  1032.7985  1032.7982    34.8642    34.8639    1482.23    1482.23   5712.095    6.57722   89.51055     -0.821     0.0003   1084.000  1032.7985  1032.7983    34.8643    34.8641    1482.23    1482.23    6.57706     -1.294     0.0003 0.0000e+00
   5712.785  -39.34168   59.68400   1083.000   1096.164     3.4560     3.4563   3.244323   3.244318    97.4430    -0.0443     2.0507      98.73          6  1032.7938  1032.7935    34.8643    34.8639    1482.21    1482.21   5712.785    6.57468   89.47707     -1.155     0.0003   1083.000  1032.7939  1032.7936    34.8644    34.8641    1482.21    1482.21    6.57903     -1.574     0.0003 0.0000e+00
   5713.385  -39.34168   59.68400   1082.000   1095.150     3.4564     3.4569   3.244338   3.244342    97.4519    -0.0439     2.0517      98.73          6  1032.7893  1032.7888    34.8645    34.8640    1482.20    1482.20   5713.385    6.57373   89.46507     -1.434     0.0005   1082.000  1032.7896  1032.7891    34.8647    34.8643    1482.20    1482.20    6.58253     -1.694     0.0005 0.0000e+00
   5713.968  -39.34168   59.68400   1081.000   1094.135     3.4591     3.4587   3.244591   3.244501    97.4429    -0.0439     2.0520      98.73          6  1032.7845  1032.7842    34.8648    34.8642    1482.19    1482.19   5713.968    6.57419   89.47751     -1.629    -0.0004   1081.000  1032.7850  1032.7845    34.8654    34.8647    1482.19    1482.19    6.58231     -1.660    -0.0004 0.0000e+00
   5714.603  -39.34168   59.68400   1080.000   1093.120     3.4614     3.4611   3.244756   3.244676    97.4479    -0.0439     2.0520      98.73          6  1032.7799  1032.7795    34.8651    34.8646    1482.19    1482.18   5714.603    6.57428   89.48391     -1.696    -0.0003   1080.000  1032.7802  1032.7797    34.8654    34.8648    1482.19    1482.18    6.58102     -1.462    -0.0003 0.0000e+00
   5715.426  -39.34168   59.68400   1079.000   1092.105     3.4619     3.4618   3.244752   3.244729    97.4528    -0.0441     2.0517      98.73          6  1032.7753  1032.7750    34.8651    34.8649    1482.17    1482.17   5715.426    6.57857   89.54337     -1.509    -0.0001   1079.000  1032.7754  1032.7753    34.8654    34.8652    1482.17    1482.17    6.57862     -1.015    -0.0001 0.0000e+00
