Ship_data/Irminger/Irminger-2/ctd/process/uat30_011.cnv
* Sea-Bird SBE 9 Data File:
* FileName = C:\data\ctd\at30_011.hdr
* Software Version Seasave V 7.21f
* Temperature SN = 2265
* Conductivity SN = 3021
* Number of Bytes Per Scan = 40
* Number of Voltage Words = 5
* Number of Scans Averaged by the Deck Unit = 1
* NMEA Latitude = 59 41.19 N
* NMEA Longitude = 039 21.93 W
* NMEA UTC (Time) = Aug 21 2015  19:14:51
** cal val post deployment at FLMB2
# nquan = 36
# nvalues = 2810                        
# units = specified
# name 0 = timeS: Time, Elapsed [seconds]
# name 1 = longitude: Longitude [deg]
# name 2 = latitude: Latitude [deg]
# name 3 = depSM: Depth [salt water, m]
# name 4 = prDM: Pressure, Digiquartz [db]
# name 5 = t090C: Temperature [ITS-90, deg C]
# name 6 = t190C: Temperature, 2 [ITS-90, deg C]
# name 7 = c0S/m: Conductivity [S/m]
# name 8 = c1S/m: Conductivity, 2 [S/m]
# name 9 = CStarTr0: Beam Transmission, WET Labs C-Star [%]
# name 10 = flECO-AFL: Fluorescence, WET Labs ECO-AFL/FL [mg/m^3]
# name 11 = sbeox0V: Oxygen raw, SBE 43 [V]
# name 12 = altM: Altimeter [m]
# name 13 = nbf: Bottles Fired
# name 14 = density00: Density [density, Kg/m^3]
# name 15 = density11: Density, 2 [density, Kg/m^3]
# name 16 = sal00: Salinity, Practical [PSU]
# name 17 = sal11: Salinity, Practical, 2 [PSU]
# name 18 = svCM: Sound Velocity [Chen-Millero, m/s]
# name 19 = svCM1: Sound Velocity, 2 [Chen-Millero, m/s]
# name 20 = timeS: Time, Elapsed [seconds]
# name 21 = sbeox0ML/L: Oxygen, SBE 43 [ml/l]
# name 22 = sbeox0PS: Oxygen, SBE 43 [% saturation]
# name 23 = dz/dtM: Descent Rate [m/s]
# name 24 = T2-T190C: Temperature Difference, 2 - 1 [ITS-90, deg C]
# name 25 = depSM: Depth [salt water, m], lat = 59.6865
# name 26 = density00: Density [density, Kg/m^3]
# name 27 = density11: Density, 2 [density, Kg/m^3]
# name 28 = sal00: Salinity, Practical [PSU]
# name 29 = sal11: Salinity, Practical, 2 [PSU]
# name 30 = svCM: Sound Velocity [Chen-Millero, m/s]
# name 31 = svCM1: Sound Velocity, 2 [Chen-Millero, m/s]
# name 32 = sbeox0ML/L: Oxygen, SBE 43 [ml/l], WS = 2
# name 33 = dz/dtM: Descent Rate [m/s], WS = 2
# name 34 = T2-T190C: Temperature Difference, 2 - 1 [ITS-90, deg C]
# name 35 = flag: flag
# span 0 =   3392.933,   7783.471       
# span 1 =  -39.35296,  -39.33056       
# span 2 =   59.68237,   59.68518       
# span 3 =      1.000,   2810.000       
# span 4 =      1.009,   2855.920       
# span 5 =     1.5254,     8.7308       
# span 6 =     1.5275,     8.7304       
# span 7 =   3.148592,   3.676690       
# span 8 =   3.148689,   3.676630       
# span 9 =    93.9434,    97.5300       
# span 10 =    -0.0675,    -0.0423      
# span 11 =     1.6755,     2.5431      
# span 12 =      19.15,     106.79      
# span 13 =          0,         12      
# span 14 =  1027.0594,  1041.0057      
# span 15 =  1027.0587,  1041.0046      
# span 16 =    34.8433,    34.9302      
# span 17 =    34.8400,    34.9298      
# span 18 =    1469.28,    1503.52      
# span 19 =    1469.27,    1503.52      
# span 20 =   3392.933,   7783.471      
# span 21 =    6.01022,    6.81851      
# span 22 =   81.29258,  102.00510      
# span 23 =     -2.042,      0.254      
# span 24 =    -0.1822,     0.1060      
# span 25 =      1.000,   2810.000      
# span 26 =  1027.0599,  1041.0059      
# span 27 =  1027.0594,  1041.0048      
# span 28 =    34.8475,    34.9304      
# span 29 =    34.8475,    34.9300      
# span 30 =    1469.28,    1503.52      
# span 31 =    1469.27,    1503.52      
# span 32 =    6.01314,    6.82745      
# span 33 =     -2.044,      0.136      
# span 34 =    -0.1822,     0.1060      
# span 35 = 0.0000e+00, 0.0000e+00      
# interval = meters: 1                  
# start_time = Aug 21 2015 19:14:51 [NMEA time, header]
# bad_flag = -9.990e-29
*END*
[from data line 1572]
   5472.475  -39.34300   59.68414   1238.000   1253.517     3.5264     3.5319   3.258405   3.258999    97.4521    -0.0449     1.9733      98.73          5  1033.5134  1033.5133    34.8795    34.8803    1485.14    1485.17   5472.475    6.34368   86.49068     -1.765     0.0056   1238.000  1033.5121  1033.5122    34.8778    34.8789    1485.14    1485.17    6.36174     -1.703     0.0056 0.0000e+00
   5473.095  -39.34300   59.68414   1237.000   1252.502     3.5230     3.5277   3.258030   3.258525    97.4624    -0.0448     1.9745      98.73          5  1033.5088  1033.5089    34.8789    34.8798    1485.11    1485.13   5473.095    6.35063   86.57806     -1.756     0.0047   1237.000  1033.5076  1033.5077    34.8773    34.8782    1485.11    1485.13    6.36676     -1.508     0.0047 0.0000e+00
   5473.862  -39.34300   59.68414   1236.000   1251.486     3.5218     3.5261   3.257879   3.258340    97.4584    -0.0439     1.9759      98.73          5  1033.5042  1033.5043    34.8786    34.8796    1485.09    1485.11   5473.862    6.35678   86.65923     -1.581     0.0043   1236.000  1033.5031  1033.5033    34.8773    34.8783    1485.09    1485.11    6.37237     -1.114     0.0043 0.0000e+00
   5476.656  -39.34298   59.68414   1235.000   1250.471     3.5232     3.5253   3.258046   3.258249    97.4527    -0.0441     1.9803      98.73          5  1033.4996  1033.4995    34.8790    34.8792    1485.08    1485.09   5476.656    6.37863   86.96011     -0.313     0.0021   1235.000  1033.4991  1033.4989    34.8784    34.8785    1485.08    1485.09    6.39047     -0.220     0.0021 0.0000e+00
   5479.053  -39.34296   59.68412   1234.000   1249.455     3.5208     3.5264   3.257558   3.258276    97.4538    -0.0446     1.9825      98.73          5  1033.4940  1033.4945    34.8775    34.8789    1485.05    1485.07   5479.053    6.39077   87.11971     -0.561     0.0057   1234.000  1033.4927  1033.4939    34.8756    34.8782    1485.05    1485.07    6.39981     -1.178     0.0057 0.0000e+00
   5479.776  -39.34296   59.68412   1233.000   1248.440     3.5176     3.5232   3.257428   3.257868    97.4594    -0.0429     1.9830      98.73          5  1033.4900  1033.4900    34.8776    34.8785    1485.02    1485.04   5479.776    6.39323   87.14645     -1.043     0.0056   1233.000  1033.4902  1033.4890    34.8780    34.8773    1485.02    1485.04    6.40180     -1.491     0.0056 0.0000e+00
   5480.404  -39.34296   59.68412   1232.000   1247.424     3.5092     3.5129   3.255926   3.256659    97.4483    -0.0438     1.9839      98.73          5  1033.4844  1033.4861    34.8749    34.8777    1484.96    1484.98   5480.404    6.39588   87.16325     -1.362     0.0037   1232.000  1033.4800  1033.4834    34.8694    34.8743    1484.96    1484.98    6.40670     -1.618     0.0037 0.0000e+00
   5481.020  -39.34296   59.68412   1231.000   1246.409     3.4873     3.4936   3.253932   3.254648    97.4502    -0.0444     1.9852      98.73          5  1033.4806  1033.4818    34.8724    34.8749    1484.85    1484.88   5481.020    6.40364   87.22084     -1.560     0.0063   1231.000  1033.4781  1033.4789    34.8694    34.8712    1484.85    1484.88    6.41517     -1.626     0.0063 0.0000e+00
   5481.649  -39.34296   59.68412   1230.000   1245.393     3.4822     3.4872   3.253565   3.254001    97.4544    -0.0439     1.9865      98.73          5  1033.4762  1033.4760    34.8719    34.8723    1484.81    1484.83   5481.649    6.40566   87.23726     -1.633     0.0049   1230.000  1033.4755  1033.4747    34.8709    34.8709    1484.81    1484.83    6.42109     -1.555     0.0049 0.0000e+00
   5482.333  -39.34296   59.68413   1229.000   1244.377     3.4835     3.4857   3.253604   3.253811    97.4534    -0.0442     1.9880      98.73          5  1033.4714  1033.4714    34.8719    34.8722    1484.80    1484.81   5482.333    6.40835   87.27660     -1.594     0.0022   1229.000  1033.4703  1033.4702    34.8705    34.8707    1484.80    1484.81    6.42676     -1.435     0.0022 0.0000e+00
   5483.075  -39.34296   59.68414   1228.000   1243.362     3.4832     3.4843   3.253493   3.253628    97.4538    -0.0439     1.9895      98.73          5  1033.4666  1033.4669    34.8716    34.8722    1484.78    1484.79   5483.075    6.41389   87.35109     -1.475     0.0012   1228.000  1033.4655  1033.4656    34.8701    34.8705    1484.78    1484.78    6.43222     -1.354     0.0012 0.0000e+00
   5483.832  -39.34296   59.68414   1227.000   1242.346     3.4825     3.4835   3.253402   3.253488    97.4446    -0.0435     1.9917      98.73          5  1033.4619  1033.4617    34.8714    34.8713    1484.76    1484.77   5483.832    6.42040   87.43810     -1.370     0.0010   1227.000  1033.4611  1033.4608    34.8703    34.8702    1484.76    1484.76    6.44131     -1.355     0.0010 0.0000e+00
   5484.576  -39.34296   59.68414   1226.000   1241.331     3.4821     3.4852   3.253304   3.253612    97.4522    -0.0447     1.9938      98.73          5  1033.4572  1033.4569    34.8711    34.8714    1484.74    1484.76   5484.576    6.42700   87.52718     -1.349     0.0030   1226.000  1033.4562  1033.4562    34.8700    34.8704    1484.74    1484.75    6.44974     -1.350     0.0030 0.0000e+00
   5485.338  -39.34295   59.68413   1225.000   1240.316     3.4824     3.4850   3.253309   3.253569    97.4473    -0.0435     1.9955      98.73          5  1033.4525  1033.4525    34.8711    34.8715    1484.73    1484.74   5485.338    6.43363   87.61804     -1.357     0.0026   1225.000  1033.4518  1033.4518    34.8702    34.8706    1484.73    1484.74    6.45619     -1.221     0.0026 0.0000e+00
   5486.944  -39.34293   59.68412   1224.000   1239.300     3.4814     3.4829   3.253190   3.253332    97.4468    -0.0434     1.9973      98.73          5  1033.4480  1033.4480    34.8711    34.8714    1484.71    1484.71   5486.944    6.45022   87.84184     -0.822     0.0015   1224.000  1033.4474  1033.4474    34.8704    34.8705    1484.70    1484.71    6.46365     -0.524     0.0015 0.0000e+00
   5490.024  -39.34290   59.68412   1223.000   1238.285     3.4817     3.4821   3.253184   3.253215    97.4538    -0.0448     2.0003      98.73          5  1033.4432  1033.4432    34.8710    34.8710    1484.69    1484.69   5490.024    6.46682   88.06840     -0.252     0.0004   1223.000  1033.4429  1033.4427    34.8706    34.8704    1484.69    1484.69    6.47577     -0.566     0.0004 0.0000e+00
   5491.535  -39.34290   59.68412   1222.000   1237.269     3.4803     3.4813   3.252986   3.253091    97.4585    -0.0438     2.0003      98.73          5  1033.4386  1033.4386    34.8707    34.8708    1484.67    1484.67   5491.535    6.47347   88.15582     -0.640     0.0010   1222.000  1033.4382  1033.4382    34.8702    34.8704    1484.67    1484.67    6.47533     -0.612     0.0010 0.0000e+00
   5493.115  -39.34290   59.68412   1221.000   1236.254     3.4706     3.4797   3.251770   3.252860    97.4514    -0.0441     2.0007      98.73          5  1033.4337  1033.4341    34.8688    34.8708    1484.61    1484.65   5493.115    6.47679   88.17905     -0.618     0.0091   1221.000  1033.4319  1033.4333    34.8664    34.8699    1484.60    1484.65    6.47780     -0.808     0.0091 0.0000e+00
   5494.148  -39.34290   59.68412   1220.000   1235.238     3.4551     3.4685   3.250238   3.251645    97.4472    -0.0445     2.0013      98.73          5  1033.4292  1033.4297    34.8664    34.8692    1484.52    1484.58   5494.148    6.47825   88.16409     -0.833     0.0134   1220.000  1033.4281  1033.4285    34.8651    34.8677    1484.52    1484.58    6.48269     -1.131     0.0134 0.0000e+00
   5494.966  -39.34290   59.68412   1219.000   1234.223     3.4524     3.4584   3.249937   3.250559    97.4524    -0.0447     2.0028      98.73          5  1033.4246  1033.4255    34.8660    34.8682    1484.49    1484.52   5494.966    6.47864   88.16334     -1.086     0.0060   1219.000  1033.4237  1033.4238    34.8649    34.8659    1484.49    1484.52    6.48872     -1.296     0.0060 0.0000e+00
   5495.724  -39.34290   59.68412   1218.000   1233.207     3.4509     3.4540   3.249732   3.250059    97.4515    -0.0438     2.0041      98.73          5  1033.4199  1033.4200    34.8657    34.8664    1484.47    1484.48   5495.724    6.48140   88.19739     -1.265     0.0031   1218.000  1033.4191  1033.4192    34.8646    34.8652    1484.47    1484.48    6.49382     -1.316     0.0031 0.0000e+00
   5496.514  -39.34290   59.68412   1217.000   1232.192     3.4506     3.4521   3.249666   3.249823    97.4499    -0.0446     2.0049      98.73          5  1033.4153  1033.4154    34.8656    34.8660    1484.45    1484.46   5496.514    6.48323   88.22170     -1.320     0.0015   1217.000  1033.4146  1033.4146    34.8646    34.8649    1484.45    1484.46    6.49686     -1.208     0.0015 0.0000e+00
   5497.441  -39.34289   59.68412   1216.000   1231.176     3.4498     3.4517   3.249556   3.249747    97.4437    -0.0447     2.0061      98.73          5  1033.4108  1033.4106    34.8655    34.8658    1484.43    1484.44   5497.441    6.49022   88.31501     -1.214     0.0019   1216.000  1033.4100  1033.4100    34.8647    34.8649    1484.43    1484.44    6.50136     -0.988     0.0019 0.0000e+00
   5498.649  -39.34287   59.68412   1215.000   1230.161     3.4471     3.4509   3.249232   3.249638    97.4471    -0.0441     2.0071      98.73          5  1033.4061  1033.4063    34.8651    34.8660    1484.40    1484.42   5498.649    6.49701   88.40125     -0.934     0.0038   1215.000  1033.4054  1033.4055    34.8642    34.8650    1484.40    1484.42    6.50512     -0.749     0.0038 0.0000e+00
   5500.192  -39.34285   59.68412   1214.000   1229.145     3.4426     3.4430   3.248714   3.248780    97.4479    -0.0442     2.0092      98.73          5  1033.4014  1033.4019    34.8642    34.8648    1484.36    1484.37   5500.192    6.50349   88.47926     -0.686     0.0004   1214.000  1033.4006  1033.4009    34.8632    34.8636    1484.36    1484.36    6.51443     -0.566     0.0004 0.0000e+00
   5503.719  -39.34285   59.68412   1213.000   1228.130     3.4378     3.4392   3.248225   3.248333    97.4485    -0.0442     2.0123      98.73          5  1033.3969  1033.3965    34.8635    34.8633    1484.33    1484.33   5503.719    6.52086   88.70483     -0.148     0.0014   1213.000  1033.3964  1033.3961    34.8630    34.8628    1484.32    1484.33    6.52815     -0.226     0.0014 0.0000e+00
   5505.417  -39.34285   59.68412   1212.000   1227.115     3.4383     3.4420   3.248209   3.248574    97.4413    -0.0435     2.0139      98.73          5  1033.3918  1033.3917    34.8632    34.8636    1484.31    1484.33   5505.417    6.52682   88.78677     -0.649     0.0036   1212.000  1033.3916  1033.3915    34.8628    34.8633    1484.31    1484.33    6.53407     -0.978     0.0036 0.0000e+00
   5506.357  -39.34284   59.68412   1211.000   1226.099     3.4378     3.4413   3.248083   3.248463    97.4446    -0.0445     2.0149      98.73          5  1033.3871  1033.3873    34.8630    34.8638    1484.29    1484.31   5506.357    6.52906   88.81589     -0.969     0.0035   1211.000  1033.3866  1033.3870    34.8624    34.8633    1484.29    1484.31    6.53774     -1.074     0.0035 0.0000e+00
   5507.321  -39.34283   59.68412   1210.000   1225.084     3.4363     3.4389   3.247907   3.248183    97.4380    -0.0442     2.0153      98.73          5  1033.3826  1033.3828    34.8628    34.8635    1484.27    1484.28   5507.321    6.53259   88.86063     -1.072     0.0026   1210.000  1033.3822  1033.3823    34.8624    34.8629    1484.27    1484.28    6.53892     -0.997     0.0026 0.0000e+00
   5508.416  -39.34282   59.68412   1209.000   1224.068     3.4358     3.4369   3.247823   3.247936    97.4239    -0.0439     2.0161      98.73          5  1033.3781  1033.3782    34.8628    34.8631    1484.25    1484.25   5508.416    6.53686   88.91757     -0.983     0.0011   1209.000  1033.3777  1033.3777    34.8624    34.8626    1484.25    1484.25    6.54190     -0.880     0.0011 0.0000e+00
   5509.634  -39.34281   59.68412   1208.000   1223.053     3.4356     3.4364   3.247749   3.247850    97.4375    -0.0448     2.0164      98.73          5  1033.3733  1033.3735    34.8626    34.8630    1484.23    1484.23   5509.634    6.53868   88.94179     -0.863     0.0008   1208.000  1033.3730  1033.3732    34.8623    34.8627    1484.23    1484.23    6.54212     -0.810     0.0008 0.0000e+00
   5510.966  -39.34280   59.68412   1207.000   1222.037     3.4356     3.4364   3.247723   3.247805    97.4450    -0.0447     2.0167      98.73          5  1033.3688  1033.3688    34.8627    34.8629    1484.21    1484.22   5510.966    6.54064   88.96838     -0.788     0.0008   1207.000  1033.3685  1033.3685    34.8625    34.8626    1484.21    1484.22    6.54261     -0.667     0.0008 0.0000e+00
   5516.348  -39.34278   59.68412   1206.000   1221.022     3.4354     3.4360   3.247680   3.247730    97.4550    -0.0442     2.0177      98.73          5  1033.3643  1033.3641    34.8628    34.8628    1484.20    1484.20   5516.348    6.54394   89.01302     -0.397     0.0006   1206.000  1033.3641  1033.3640    34.8627    34.8627    1484.20    1484.20    6.54616     -0.237     0.0006 0.0000e+00
   5520.453  -39.34276   59.68412   1205.000   1220.007     3.4361     3.4367   3.247683   3.247736    97.4456    -0.0442     2.0189      98.73          5  1033.3593  1033.3593    34.8625    34.8626    1484.18    1484.18   5520.453    6.54450   89.02200     -0.868     0.0006   1205.000  1033.3593  1033.3593    34.8625    34.8625    1484.18    1484.18    6.55071     -1.023     0.0006 0.0000e+00
   5521.393  -39.34276   59.68412   1204.000   1218.991     3.4363     3.4366   3.247664   3.247694    97.4389    -0.0439     2.0191      98.73          5  1033.3547  1033.3547    34.8626    34.8627    1484.17    1484.17   5521.393    6.54721   89.05944     -1.005     0.0003   1204.000  1033.3546  1033.3546    34.8625    34.8626    1484.17    1484.17    6.55066     -0.894     0.0003 0.0000e+00
   5526.533  -39.34272   59.68412   1203.000   1217.976     3.4362     3.4366   3.247630   3.247665    97.4447    -0.0444     2.0195      98.73          5  1033.3502  1033.3502    34.8628    34.8628    1484.15    1484.15   5526.533    6.55146   89.11700     -0.136     0.0004   1203.000  1033.3502  1033.3502    34.8628    34.8628    1484.15    1484.15    6.55134     -0.100     0.0004 0.0000e+00
   5531.438  -39.34270   59.68412   1202.000   1216.960     3.4369     3.4370   3.247633   3.247648    97.4481    -0.0446     2.0196      98.73          5  1033.3453  1033.3455    34.8626    34.8627    1484.13    1484.14   5531.438    6.54934   89.08965     -0.577     0.0001   1202.000  1033.3453  1033.3455    34.8626    34.8627    1484.13    1484.14    6.55060     -0.782     0.0001 0.0000e+00
   5532.673  -39.34270   59.68412   1201.000   1215.945     3.4364     3.4368   3.247529   3.247597    97.4487    -0.0443     2.0196      98.73          5  1033.3408  1033.3409    34.8625    34.8628    1484.12    1484.12   5532.673    6.54867   89.07943     -0.793     0.0004   1201.000  1033.3406  1033.3408    34.8624    34.8628    1484.12    1484.12    6.55017     -0.747     0.0004 0.0000e+00
   5535.747  -39.34268   59.68411   1200.000   1214.930     3.4357     3.4361   3.247442   3.247482    97.4480    -0.0443     2.0203      98.73          5  1033.3363  1033.3363    34.8626    34.8628    1484.10    1484.10   5535.747    6.55142   89.11535     -0.352     0.0004   1200.000  1033.3363  1033.3363    34.8626    34.8627    1484.10    1484.10    6.55256     -0.247     0.0004 0.0000e+00
   5586.269  -39.34241   59.68408   1199.000   1213.914     3.4363     3.4366   3.247445   3.247481    97.4401    -0.0439     2.0224      98.73          6  1033.3317  1033.3315    34.8627    34.8627    1484.08    1484.08   5586.269    6.55972   89.22935     -0.288     0.0003   1199.000  1033.3315  1033.3315    34.8626    34.8627    1484.08    1484.08    6.56046     -0.050     0.0003 0.0000e+00
