Ship_data/Irminger/Irminger-2/ctd/process/uat30_005.cnv
* Sea-Bird SBE 9 Data File:
* FileName = C:\data\ctd\at30_005.hdr
* Software Version Seasave V 7.21f
* Temperature SN = 2265
* Conductivity SN = 3021
* Number of Bytes Per Scan = 40
* Number of Voltage Words = 5
* Number of Scans Averaged by the Deck Unit = 1
* NMEA Latitude = 59 59.33 N
* NMEA Longitude = 039 27.67 W
* NMEA UTC (Time) = Aug 14 2015  19:36:17
# nquan = 36
# nvalues = 2660                        
# units = specified
# name 0 = timeS: Time, Elapsed [seconds]
# name 1 = longitude: Longitude [deg]
# name 2 = latitude: Latitude [deg]
# name 3 = depSM: Depth [salt water, m]
# name 4 = prDM: Pressure, Digiquartz [db]
# name 5 = t090C: Temperature [ITS-90, deg C]
# name 6 = t190C: Temperature, 2 [ITS-90, deg C]
# name 7 = c0S/m: Conductivity [S/m]
# name 8 = c1S/m: Conductivity, 2 [S/m]
# name 9 = CStarTr0: Beam Transmission, WET Labs C-Star [%]
# name 10 = flECO-AFL: Fluorescence, WET Labs ECO-AFL/FL [mg/m^3]
# name 11 = sbeox0V: Oxygen raw, SBE 43 [V]
# name 12 = altM: Altimeter [m]
# name 13 = nbf: Bottles Fired
# name 14 = density00: Density [density, Kg/m^3]
# name 15 = density11: Density, 2 [density, Kg/m^3]
# name 16 = sal00: Salinity, Practical [PSU]
# name 17 = sal11: Salinity, Practical, 2 [PSU]
# name 18 = svCM: Sound Velocity [Chen-Millero, m/s]
# name 19 = svCM1: Sound Velocity, 2 [Chen-Millero, m/s]
# name 20 = timeS: Time, Elapsed [seconds]
# name 21 = sbeox0ML/L: Oxygen, SBE 43 [ml/l]
# name 22 = sbeox0PS: Oxygen, SBE 43 [% saturation]
# name 23 = dz/dtM: Descent Rate [m/s]
# name 24 = T2-T190C: Temperature Difference, 2 - 1 [ITS-90, deg C]
# name 25 = depSM: Depth [salt water, m], lat = 59.9888
# name 26 = density00: Density [density, Kg/m^3]
# name 27 = density11: Density, 2 [density, Kg/m^3]
# name 28 = sal00: Salinity, Practical [PSU]
# name 29 = sal11: Salinity, Practical, 2 [PSU]
# name 30 = svCM: Sound Velocity [Chen-Millero, m/s]
# name 31 = svCM1: Sound Velocity, 2 [Chen-Millero, m/s]
# name 32 = sbeox0ML/L: Oxygen, SBE 43 [ml/l], WS = 2
# name 33 = dz/dtM: Descent Rate [m/s], WS = 2
# name 34 = T2-T190C: Temperature Difference, 2 - 1 [ITS-90, deg C]
# name 35 = flag: flag
# span 0 =   3335.183,   7561.619       
# span 1 =  -39.48472,  -39.47350       
# span 2 =   59.99422,   59.99906       
# span 3 =      1.000,   2659.999       
# span 4 =      1.010,   2702.575       
# span 5 =     1.4177,     8.6129       
# span 6 =     1.4183,     8.5811       
# span 7 =   3.132965,   3.665874       
# span 8 =   3.132972,   3.662972       
# span 9 =    93.2611,    97.4822       
# span 10 =    -0.0255,    -0.0214      
# span 11 =     1.6924,     2.5553      
# span 12 =       9.65,     105.35      
# span 13 =          0,         25      
# span 14 =  1027.0792,  1040.3367      
# span 15 =  1027.0842,  1040.3359      
# span 16 =    34.8481,    35.0142      
# span 17 =    34.8437,    35.0123      
# span 18 =    1472.20,    1501.65      
# span 19 =    1472.21,    1501.66      
# span 20 =   3335.183,   7561.619      
# span 21 =    6.01956,    6.83763      
# span 22 =   81.49043,  102.09776      
# span 23 =     -1.959,      0.061      
# span 24 =    -0.2375,     0.0861      
# span 25 =      1.000,   2660.000      
# span 26 =  1027.0801,  1040.3367      
# span 27 =  1027.0880,  1040.3359      
# span 28 =    34.8500,    35.0185      
# span 29 =    34.8489,    35.0151      
# span 30 =    1472.20,    1501.66      
# span 31 =    1472.21,    1501.66      
# span 32 =    6.02235,    6.83278      
# span 33 =     -1.964,      0.142      
# span 34 =    -0.2375,     0.0861      
# span 35 = 0.0000e+00, 0.0000e+00      
# interval = meters: 1                  
# start_time = Aug 14 2015 19:36:17 [NMEA time, header]
# bad_flag = -9.990e-29
*END*
[from data line 2096]
   6384.123  -39.48246   59.99812    564.000    570.152     3.8656     3.8607   3.261506   3.260921    97.3457    -0.0223     2.1588      98.78          9  1030.3671  1030.3666    34.9069    34.9056    1475.30    1475.27   6384.123    6.48103   89.11212     -1.376    -0.0049    564.000  1030.3680  1030.3673    34.9082    34.9065    1475.30    1475.27    6.50315     -1.232    -0.0049 0.0000e+00
   6385.130  -39.48246   59.99812    563.000    569.140     3.8729     3.8683   3.262086   3.261645    97.3556    -0.0219     2.1579      98.78          9  1030.3621  1030.3619    34.9075    34.9067    1475.31    1475.29   6385.130    6.49406   89.30741     -1.204    -0.0046    563.000  1030.3623  1030.3625    34.9079    34.9075    1475.31    1475.29    6.49751     -0.791    -0.0046 0.0000e+00
   6387.234  -39.48246   59.99812    562.000    568.127     3.8709     3.8677   3.261842   3.261516    97.3474    -0.0232     2.1532      98.78          9  1030.3574  1030.3575    34.9073    34.9069    1475.28    1475.27   6387.234    6.49706   89.34428     -0.447    -0.0033    562.000  1030.3577  1030.3578    34.9076    34.9072    1475.28    1475.27    6.47829     -0.455    -0.0033 0.0000e+00
   6388.800  -39.48246   59.99812    561.000    567.115     3.8742     3.8723   3.262120   3.261913    97.3494    -0.0227     2.1526      98.78          9  1030.3528  1030.3528    34.9077    34.9074    1475.28    1475.27   6388.800    6.47834   89.09411     -0.603    -0.0019    561.000  1030.3529  1030.3528    34.9080    34.9076    1475.28    1475.27    6.47440     -0.963    -0.0019 0.0000e+00
   6389.670  -39.48246   59.99812    560.000    566.103     3.8752     3.8744   3.262259   3.262085    97.3442    -0.0231     2.1526      98.77          9  1030.3483  1030.3478    34.9080    34.9073    1475.27    1475.27   6389.670    6.47371   89.03286     -0.923    -0.0008    560.000  1030.3491  1030.3481    34.9091    34.9079    1475.27    1475.27    6.47356     -1.317    -0.0008 0.0000e+00
   6390.366  -39.48246   59.99812    559.000    565.090     3.8788     3.8782   3.262489   3.262433    97.3432    -0.0223     2.1542      98.78          9  1030.3433  1030.3429    34.9082    34.9077    1475.27    1475.27   6390.366    6.47237   89.02236     -1.208    -0.0006    559.000  1030.3435  1030.3436    34.9086    34.9086    1475.27    1475.27    6.47833     -1.525    -0.0006 0.0000e+00
   6390.993  -39.48246   59.99812    558.000    564.078     3.8743     3.8804   3.261875   3.262612    97.3486    -0.0238     2.1553      98.78          9  1030.3384  1030.3381    34.9073    34.9079    1475.23    1475.26   6390.993    6.47175   89.00337     -1.430     0.0062    558.000  1030.3379  1030.3389    34.9066    34.9088    1475.23    1475.26    6.48255     -1.610     0.0062 0.0000e+00
   6391.613  -39.48246   59.99812    557.000    563.066     3.8720     3.8779   3.261761   3.262291    97.3470    -0.0229     2.1562      98.78          9  1030.3344  1030.3341    34.9077    34.9084    1475.21    1475.23   6391.613    6.47126   88.99197     -1.574     0.0060    557.000  1030.3347  1030.3340    34.9082    34.9082    1475.21    1475.23    6.48556     -1.557     0.0060 0.0000e+00
   6392.296  -39.48246   59.99812    556.000    562.054     3.8756     3.8793   3.261979   3.262385    97.3458    -0.0235     2.1564      98.78          9  1030.3292  1030.3290    34.9076    34.9080    1475.20    1475.22   6392.296    6.47609   89.06622     -1.595     0.0037    556.000  1030.3291  1030.3295    34.9075    34.9084    1475.20    1475.22    6.48494     -1.333     0.0037 0.0000e+00
   6393.297  -39.48246   59.99812    555.000    561.041     3.8717     3.8750   3.261590   3.261929    97.3413    -0.0235     2.1558      98.78          9  1030.3248  1030.3251    34.9075    34.9082    1475.17    1475.19   6393.297    6.48230   89.14317     -1.289     0.0032    555.000  1030.3248  1030.3250    34.9075    34.9081    1475.17    1475.19    6.48255     -0.804     0.0032 0.0000e+00
   6395.395  -39.48246   59.99812    554.000    560.029     3.8748     3.8754   3.261925   3.261947    97.3478    -0.0230     2.1536      98.78          9  1030.3203  1030.3201    34.9080    34.9078    1475.17    1475.17   6395.395    6.48113   89.13403     -0.410     0.0006    554.000  1030.3209  1030.3206    34.9088    34.9084    1475.17    1475.17    6.47230     -0.446     0.0006 0.0000e+00
   6396.938  -39.48247   59.99813    553.000    559.017     3.8892     3.8839   3.263279   3.262709    97.3457    -0.0224     2.1545      98.78          9  1030.3149  1030.3153    34.9094    34.9090    1475.21    1475.19   6396.938    6.46913   89.00086     -0.606    -0.0054    553.000  1030.3156  1030.3153    34.9101    34.9090    1475.21    1475.19    6.47265     -0.899    -0.0054 0.0000e+00
   6397.907  -39.48248   59.99814    552.000    558.005     3.8914     3.8856   3.263471   3.262863    97.3421    -0.0222     2.1548      98.78          9  1030.3104  1030.3099    34.9098    34.9083    1475.21    1475.18   6397.907    6.46880   89.00134     -0.899    -0.0058    552.000  1030.3110  1030.3109    34.9106    34.9095    1475.21    1475.18    6.47241     -1.090    -0.0058 0.0000e+00
   6398.784  -39.48248   59.99814    551.000    556.992     3.8918     3.8911   3.263440   3.263346    97.3413    -0.0226     2.1535      98.78          9  1030.3057  1030.3054    34.9097    34.9093    1475.19    1475.19   6398.784    6.47008   89.01994     -1.074    -0.0008    551.000  1030.3060  1030.3059    34.9103    34.9100    1475.19    1475.19    6.46619     -1.179    -0.0008 0.0000e+00
   6399.624  -39.48248   59.99814    550.000    555.980     3.8940     3.8933   3.263633   3.263551    97.3441    -0.0226     2.1523      98.78          9  1030.3011  1030.3009    34.9102    34.9098    1475.18    1475.18   6399.624    6.47057   89.03152     -1.168    -0.0007    550.000  1030.3016  1030.3015    34.9108    34.9106    1475.19    1475.18    6.46009     -1.232    -0.0007 0.0000e+00
   6400.433  -39.48248   59.99814    549.000    554.968     3.8959     3.8950   3.263778   3.263650    97.3427    -0.0234     2.1518      98.78          9  1030.2963  1030.2963    34.9102    34.9101    1475.18    1475.17   6400.433    6.46650   88.97953     -1.223    -0.0009    549.000  1030.2970  1030.2966    34.9111    34.9105    1475.18    1475.17    6.45705     -1.257    -0.0009 0.0000e+00
   6401.238  -39.48248   59.99814    548.000    553.956     3.9019     3.8985   3.264349   3.263966    97.3386    -0.0233     2.1513      98.78          9  1030.2914  1030.2911    34.9109    34.9100    1475.19    1475.17   6401.238    6.45935   88.89444     -1.254    -0.0033    548.000  1030.2924  1030.2919    34.9120    34.9110    1475.19    1475.17    6.45304     -1.221    -0.0033 0.0000e+00
   6402.096  -39.48248   59.99814    547.000    552.944     3.9025     3.8999   3.264266   3.264047    97.3414    -0.0230     2.1501      98.78          9  1030.2865  1030.2867    34.9107    34.9106    1475.17    1475.16   6402.096    6.45439   88.82740     -1.231    -0.0026    547.000  1030.2867  1030.2872    34.9110    34.9111    1475.17    1475.16    6.44733     -1.115    -0.0026 0.0000e+00
   6403.075  -39.48248   59.99814    546.000    551.931     3.9043     3.9023   3.264458   3.264249    97.3420    -0.0227     2.1487      98.78          9  1030.2819  1030.2819    34.9110    34.9107    1475.16    1475.15   6403.075    6.45221   88.80141     -1.114    -0.0020    546.000  1030.2826  1030.2825    34.9119    34.9115    1475.16    1475.15    6.44086     -0.990    -0.0020 0.0000e+00
   6404.131  -39.48248   59.99814    545.000    550.919     3.9072     3.9053   3.264666   3.264477    97.3431    -0.0233     2.1474      98.78          9  1030.2770  1030.2771    34.9112    34.9109    1475.16    1475.15   6404.131    6.44521   88.71152     -0.985    -0.0019    545.000  1030.2775  1030.2776    34.9118    34.9116    1475.16    1475.15    6.43428     -0.974    -0.0019 0.0000e+00
   6405.157  -39.48248   59.99814    544.000    549.907     3.9077     3.9061   3.264665   3.264502    97.3421    -0.0225     2.1459      98.78          9  1030.2723  1030.2723    34.9112    34.9110    1475.14    1475.14   6405.157    6.43792   88.61230     -0.975    -0.0016    544.000  1030.2728  1030.2728    34.9118    34.9115    1475.14    1475.14    6.42738     -0.960    -0.0016 0.0000e+00
   6406.309  -39.48250   59.99814    543.000    548.895     3.9104     3.9088   3.264889   3.264744    97.3401    -0.0230     2.1444      98.78          9  1030.2676  1030.2677    34.9114    34.9113    1475.14    1475.13   6406.309    6.43131   88.52721     -0.935    -0.0016    543.000  1030.2681  1030.2682    34.9121    34.9120    1475.14    1475.13    6.42016     -0.762    -0.0016 0.0000e+00
   6408.037  -39.48250   59.99814    542.000    547.883     3.9112     3.9110   3.264899   3.264902    97.3441    -0.0232     2.1424      98.78          9  1030.2628  1030.2629    34.9115    34.9117    1475.12    1475.12   6408.037    6.42058   88.38131     -0.608    -0.0002    542.000  1030.2632  1030.2633    34.9119    34.9121    1475.13    1475.12    6.41122     -0.527    -0.0002 0.0000e+00
   6409.671  -39.48250   59.99814    541.000    546.870     3.9112     3.9114   3.264854   3.264876    97.3464    -0.0229     2.1416      98.78          9  1030.2582  1030.2583    34.9116    34.9116    1475.11    1475.11   6409.671    6.40972   88.23190     -0.574     0.0002    541.000  1030.2584  1030.2585    34.9119    34.9119    1475.11    1475.11    6.40736     -0.877     0.0002 0.0000e+00
   6410.602  -39.48250   59.99814    540.000    545.858     3.9112     3.9115   3.264791   3.264824    97.3413    -0.0222     2.1430      98.78          9  1030.2534  1030.2535    34.9114    34.9115    1475.09    1475.09   6410.602    6.41095   88.24871     -0.870     0.0003    540.000  1030.2537  1030.2537    34.9117    34.9118    1475.09    1475.09    6.41181     -1.244     0.0003 0.0000e+00
   6411.335  -39.48250   59.99814    539.000    544.846     3.9111     3.9117   3.264748   3.264800    97.3446    -0.0240     2.1449      98.78          9  1030.2489  1030.2488    34.9116    34.9115    1475.07    1475.08   6411.335    6.40669   88.19003     -1.153     0.0006    539.000  1030.2490  1030.2490    34.9118    34.9118    1475.07    1475.08    6.41848     -1.472     0.0006 0.0000e+00
   6411.978  -39.48250   59.99814    538.000    543.834     3.9115     3.9120   3.264748   3.264784    97.3419    -0.0240     2.1456      98.78          9  1030.2443  1030.2441    34.9116    34.9115    1475.06    1475.06   6411.978    6.40447   88.16027     -1.377     0.0005    538.000  1030.2444  1030.2443    34.9119    34.9118    1475.06    1475.06    6.42052     -1.578     0.0005 0.0000e+00
   6412.608  -39.48250   59.99814    537.000    542.822     3.9134     3.9130   3.264921   3.264835    97.3433    -0.0219     2.1465      98.78          9  1030.2395  1030.2393    34.9118    34.9115    1475.05    1475.05   6412.608    6.40868   88.22239     -1.534    -0.0004    537.000  1030.2400  1030.2396    34.9125    34.9119    1475.05    1475.05    6.42297     -1.553    -0.0004 0.0000e+00
   6413.282  -39.48250   59.99814    536.000    541.810     3.9162     3.9151   3.265128   3.264998    97.3432    -0.0223     2.1472      98.78          9  1030.2347  1030.2345    34.9120    34.9117    1475.05    1475.04   6413.282    6.41530   88.31955     -1.579    -0.0011    536.000  1030.2351  1030.2349    34.9125    34.9121    1475.05    1475.04    6.42437     -1.412    -0.0011 0.0000e+00
   6414.072  -39.48252   59.99814    535.000    540.797     3.9190     3.9172   3.265351   3.265171    97.3412    -0.0232     2.1464      98.78          9  1030.2297  1030.2297    34.9121    34.9118    1475.04    1475.03   6414.072    6.41759   88.35708     -1.453    -0.0018    535.000  1030.2303  1030.2303    34.9128    34.9125    1475.04    1475.03    6.41959     -1.132    -0.0018 0.0000e+00
   6415.260  -39.48252   59.99814    534.000    539.785     3.9212     3.9193   3.265510   3.265337    97.3407    -0.0225     2.1447      98.78          9  1030.2251  1030.2252    34.9124    34.9123    1475.03    1475.03   6415.260    6.41999   88.39512     -1.042    -0.0019    534.000  1030.2255  1030.2256    34.9128    34.9127    1475.04    1475.03    6.41185     -0.702    -0.0019 0.0000e+00
   6416.986  -39.48252   59.99814    533.000    538.773     3.9225     3.9222   3.265602   3.265563    97.3406    -0.0232     2.1439      98.78          9  1030.2205  1030.2205    34.9126    34.9125    1475.02    1475.02   6416.986    6.41294   88.30087     -0.576    -0.0002    533.000  1030.2208  1030.2207    34.9131    34.9129    1475.02    1475.02    6.40746     -0.608    -0.0002 0.0000e+00
   6418.458  -39.48252   59.99814    532.000    537.761     3.9281     3.9233   3.266086   3.265608    97.3399    -0.0228     2.1440      98.78          9  1030.2153  1030.2155    34.9128    34.9123    1475.03    1475.01   6418.458    6.40556   88.21140     -0.660    -0.0049    532.000  1030.2157  1030.2159    34.9134    34.9129    1475.03    1475.01    6.40621     -0.785    -0.0049 0.0000e+00
   6419.624  -39.48252   59.99814    531.000    536.749     3.9280     3.9253   3.265993   3.265754    97.3315    -0.0233     2.1443      98.78          9  1030.2106  1030.2108    34.9127    34.9126    1475.01    1475.00   6419.624    6.40521   88.20638     -0.811    -0.0027    531.000  1030.2107  1030.2111    34.9129    34.9130    1475.01    1475.00    6.40652     -0.951    -0.0027 0.0000e+00
   6420.609  -39.48252   59.99814    530.000    535.737     3.9285     3.9277   3.266027   3.265949    97.3428    -0.0226     2.1449      98.78          9  1030.2059  1030.2059    34.9129    34.9126    1475.00    1475.00   6420.609    6.40489   88.20315     -0.952    -0.0008    530.000  1030.2063  1030.2063    34.9133    34.9132    1475.00    1475.00    6.40793     -1.068    -0.0008 0.0000e+00
   6421.530  -39.48252   59.99814    529.000    534.725     3.9286     3.9292   3.265980   3.266029    97.3364    -0.0232     2.1445      98.78          9  1030.2014  1030.2012    34.9130    34.9128    1474.98    1474.99   6421.530    6.40517   88.20723     -1.062     0.0006    529.000  1030.2015  1030.2015    34.9133    34.9132    1474.98    1474.99    6.40528     -1.111     0.0006 0.0000e+00
   6422.433  -39.48254   59.99814    528.000    533.712     3.9289     3.9292   3.265969   3.265996    97.3364    -0.0232     2.1440      98.78          9  1030.1968  1030.1967    34.9130    34.9131    1474.97    1474.97   6422.433    6.40565   88.21440     -1.108     0.0003    528.000  1030.1970  1030.1969    34.9133    34.9133    1474.97    1474.97    6.40279     -1.136     0.0003 0.0000e+00
   6423.310  -39.48254   59.99814    527.000    532.700     3.9307     3.9296   3.266109   3.265975    97.2435    -0.0233     2.1442      98.78          9  1030.1919  1030.1918    34.9131    34.9128    1474.96    1474.95   6423.310    6.40366   88.19091     -1.133    -0.0011    527.000  1030.1923  1030.1920    34.9136    34.9132    1474.96    1474.95    6.40220     -1.175    -0.0011 0.0000e+00
   6424.151  -39.48254   59.99814    526.000    531.688     3.9313     3.9307   3.266071   3.266040    97.3032    -0.0227     2.1451      98.78          9  1030.1871  1030.1871    34.9130    34.9130    1474.94    1474.94   6424.151    6.40135   88.16034     -1.169    -0.0006    526.000  1030.1871  1030.1874    34.9131    34.9133    1474.94    1474.94    6.40487     -1.197    -0.0006 0.0000e+00
   6425.006  -39.48256   59.99814    525.000    530.676     3.9312     3.9312   3.266067   3.266052    97.3323    -0.0229     2.1457      98.78          9  1030.1825  1030.1825    34.9131    34.9130    1474.93    1474.93   6425.006    6.39915   88.12997     -1.196    -0.0000    525.000  1030.1829  1030.1829    34.9136    34.9135    1474.93    1474.93    6.40654     -1.161    -0.0000 0.0000e+00
