Ship_data/Irminger/Irminger-2/ctd/process/uat30_006.cnv
* Sea-Bird SBE 9 Data File:
* FileName = C:\data\ctd\at30_006.hdr
* Software Version Seasave V 7.21f
* Temperature SN = 2265
* Conductivity SN = 3021
* Number of Bytes Per Scan = 40
* Number of Voltage Words = 5
* Number of Scans Averaged by the Deck Unit = 1
* NMEA Latitude = 59 51.06 N
* NMEA Longitude = 039 05.71 W
* NMEA UTC (Time) = Aug 17 2015  17:02:11
# nquan = 36
# nvalues = 1000                        
# units = specified
# name 0 = timeS: Time, Elapsed [seconds]
# name 1 = longitude: Longitude [deg]
# name 2 = latitude: Latitude [deg]
# name 3 = depSM: Depth [salt water, m]
# name 4 = prDM: Pressure, Digiquartz [db]
# name 5 = t090C: Temperature [ITS-90, deg C]
# name 6 = t190C: Temperature, 2 [ITS-90, deg C]
# name 7 = c0S/m: Conductivity [S/m]
# name 8 = c1S/m: Conductivity, 2 [S/m]
# name 9 = CStarTr0: Beam Transmission, WET Labs C-Star [%]
# name 10 = flECO-AFL: Fluorescence, WET Labs ECO-AFL/FL [mg/m^3]
# name 11 = sbeox0V: Oxygen raw, SBE 43 [V]
# name 12 = altM: Altimeter [m]
# name 13 = nbf: Bottles Fired
# name 14 = density00: Density [density, Kg/m^3]
# name 15 = density11: Density, 2 [density, Kg/m^3]
# name 16 = sal00: Salinity, Practical [PSU]
# name 17 = sal11: Salinity, Practical, 2 [PSU]
# name 18 = svCM: Sound Velocity [Chen-Millero, m/s]
# name 19 = svCM1: Sound Velocity, 2 [Chen-Millero, m/s]
# name 20 = timeS: Time, Elapsed [seconds]
# name 21 = sbeox0ML/L: Oxygen, SBE 43 [ml/l]
# name 22 = sbeox0PS: Oxygen, SBE 43 [% saturation]
# name 23 = dz/dtM: Descent Rate [m/s]
# name 24 = T2-T190C: Temperature Difference, 2 - 1 [ITS-90, deg C]
# name 25 = depSM: Depth [salt water, m], lat = 59.851
# name 26 = density00: Density [density, Kg/m^3]
# name 27 = density11: Density, 2 [density, Kg/m^3]
# name 28 = sal00: Salinity, Practical [PSU]
# name 29 = sal11: Salinity, Practical, 2 [PSU]
# name 30 = svCM: Sound Velocity [Chen-Millero, m/s]
# name 31 = svCM1: Sound Velocity, 2 [Chen-Millero, m/s]
# name 32 = sbeox0ML/L: Oxygen, SBE 43 [ml/l], WS = 2
# name 33 = dz/dtM: Descent Rate [m/s], WS = 2
# name 34 = T2-T190C: Temperature Difference, 2 - 1 [ITS-90, deg C]
# name 35 = flag: flag
# span 0 =   1490.516,   3543.226       
# span 1 =  -39.09567,  -39.09525       
# span 2 =   59.85218,   59.85512       
# span 3 =      1.000,   1000.000       
# span 4 =      1.010,   1011.966       
# span 5 =     3.6134,     8.6038       
# span 6 =     3.6143,     8.6042       
# span 7 =   3.239008,   3.665997       
# span 8 =   3.239062,   3.665992       
# span 9 =    93.4576,    97.6829       
# span 10 =    -0.0243,    -0.0218      
# span 11 =     2.0748,     2.5435      
# span 12 =      17.13,     101.15      
# span 13 =          2,         11      
# span 14 =  1027.0897,  1032.4042      
# span 15 =  1027.0891,  1032.4039      
# span 16 =    34.8614,    34.9252      
# span 17 =    34.8559,    34.9253      
# span 18 =    1469.54,    1484.70      
# span 19 =    1469.53,    1484.66      
# span 20 =   1490.516,   3543.226      
# span 21 =    6.46967,    6.79933      
# span 22 =   89.21260,  101.93974      
# span 23 =     -1.563,      0.007      
# span 24 =    -0.1579,     0.0781      
# span 25 =      1.000,   1000.000      
# span 26 =  1027.0896,  1032.4042      
# span 27 =  1027.0891,  1032.4039      
# span 28 =    34.8623,    34.9262      
# span 29 =    34.8632,    34.9262      
# span 30 =    1469.54,    1484.71      
# span 31 =    1469.53,    1484.67      
# span 32 =    6.47357,    6.80142      
# span 33 =     -1.562,      0.048      
# span 34 =    -0.1579,     0.0781      
# span 35 = 0.0000e+00, 0.0000e+00      
# interval = meters: 1                  
# start_time = Aug 17 2015 17:02:11 [NMEA time, header]
# bad_flag = -9.990e-29
*END*
[from data line 565]
   2238.224  -39.09542   59.85334    435.000    439.602     3.7223     3.7244   3.241710   3.241985    97.6777    -0.0222     2.2083      98.78          4  1029.7720  1029.7723    34.8949    34.8957    1472.53    1472.54   2238.224    6.61078   90.57299     -1.067     0.0022    435.000  1029.7715  1029.7720    34.8943    34.8953    1472.53    1472.54    6.61369     -1.106     0.0022 0.0000e+00
   2239.142  -39.09542   59.85334    434.000    438.590     3.7203     3.7222   3.241496   3.241711    97.6534    -0.0222     2.2083      98.78          4  1029.7673  1029.7676    34.8947    34.8954    1472.51    1472.51   2239.142    6.61072   90.56770     -1.106     0.0019    434.000  1029.7671  1029.7672    34.8944    34.8949    1472.50    1472.51    6.61331     -1.082     0.0019 0.0000e+00
   2240.116  -39.09542   59.85336    433.000    437.579     3.7191     3.7206   3.241318   3.241515    97.6495    -0.0234     2.2086      98.78          4  1029.7627  1029.7631    34.8946    34.8953    1472.48    1472.49   2240.116    6.61250   90.58936     -1.080     0.0015    433.000  1029.7623  1029.7627    34.8941    34.8949    1472.48    1472.49    6.61374     -0.950     0.0015 0.0000e+00
   2241.358  -39.09542   59.85336    432.000    436.567     3.7165     3.7178   3.240999   3.241173    97.6523    -0.0234     2.2087      98.78          4  1029.7579  1029.7583    34.8941    34.8949    1472.46    1472.46   2241.358    6.61259   90.58457     -0.897     0.0013    432.000  1029.7574  1029.7579    34.8936    34.8944    1472.45    1472.46    6.61405     -0.736     0.0013 0.0000e+00
   2242.784  -39.09542   59.85336    431.000    435.555     3.7161     3.7171   3.240929   3.241039    97.6656    -0.0223     2.2085      98.78          4  1029.7532  1029.7533    34.8940    34.8942    1472.44    1472.44   2242.784    6.61315   90.59124     -0.699     0.0010    431.000  1029.7531  1029.7531    34.8938    34.8940    1472.44    1472.44    6.61224     -0.805     0.0010 0.0000e+00
   2243.861  -39.09542   59.85336    430.000    434.544     3.7166     3.7175   3.240930   3.241019    97.6609    -0.0222     2.2094      98.78          4  1029.7484  1029.7485    34.8940    34.8942    1472.42    1472.43   2243.861    6.61230   90.58077     -0.828     0.0009    430.000  1029.7483  1029.7483    34.8938    34.8939    1472.42    1472.43    6.61491     -1.093     0.0009 0.0000e+00
   2244.692  -39.09542   59.85336    429.000    433.532     3.7156     3.7166   3.240745   3.240884    97.6420    -0.0226     2.2099      98.78          4  1029.7438  1029.7439    34.8938    34.8942    1472.40    1472.41   2244.692    6.61036   90.55183     -1.054     0.0010    429.000  1029.7432  1029.7435    34.8931    34.8937    1472.40    1472.41    6.61600     -1.246     0.0010 0.0000e+00
   2245.483  -39.09542   59.85336    428.000    432.520     3.7130     3.7147   3.240457   3.240637    97.6658    -0.0223     2.2101      98.78          4  1029.7391  1029.7393    34.8935    34.8939    1472.37    1472.38   2245.483    6.61237   90.57343     -1.223     0.0018    428.000  1029.7388  1029.7388    34.8931    34.8934    1472.37    1472.38    6.61655     -1.198     0.0018 0.0000e+00
   2246.433  -39.09542   59.85336    427.000    431.509     3.7127     3.7132   3.240391   3.240465    97.6703    -0.0227     2.2109      98.78          4  1029.7344  1029.7346    34.8934    34.8938    1472.36    1472.36   2246.433    6.61486   90.60675     -1.192     0.0005    427.000  1029.7343  1029.7344    34.8932    34.8935    1472.35    1472.36    6.61880     -0.905     0.0005 0.0000e+00
   2247.971  -39.09542   59.85336    426.000    430.497     3.7130     3.7134   3.240394   3.240439    97.6655    -0.0225     2.2105      98.78          4  1029.7299  1029.7299    34.8936    34.8937    1472.34    1472.34   2247.971    6.61666   90.63226     -0.737     0.0004    426.000  1029.7296  1029.7297    34.8934    34.8935    1472.34    1472.34    6.61625     -0.586     0.0004 0.0000e+00
   2249.545  -39.09542   59.85336    425.000    429.486     3.7134     3.7139   3.240379   3.240428    97.6612    -0.0232     2.2121      98.78          4  1029.7250  1029.7250    34.8935    34.8935    1472.33    1472.33   2249.545    6.61511   90.61200     -0.595     0.0005    425.000  1029.7249  1029.7249    34.8933    34.8933    1472.32    1472.33    6.62158     -0.857     0.0005 0.0000e+00
   2250.523  -39.09542   59.85336    424.000    428.474     3.7135     3.7139   3.240335   3.240374    97.6728    -0.0226     2.2125      98.78          4  1029.7202  1029.7202    34.8934    34.8934    1472.31    1472.31   2250.523    6.61543   90.61638     -0.864     0.0004    424.000  1029.7202  1029.7201    34.8933    34.8933    1472.31    1472.31    6.62238     -1.140     0.0004 0.0000e+00
   2251.347  -39.09542   59.85337    423.000    427.462     3.7138     3.7141   3.240323   3.240364    97.6722    -0.0222     2.2125      98.78          4  1029.7156  1029.7156    34.8935    34.8935    1472.29    1472.29   2251.347    6.61960   90.67418     -1.105     0.0004    423.000  1029.7155  1029.7156    34.8933    34.8934    1472.29    1472.29    6.62140     -1.220     0.0004 0.0000e+00
   2252.187  -39.09542   59.85338    422.000    426.451     3.7137     3.7141   3.240281   3.240324    97.6604    -0.0219     2.2129      98.78          4  1029.7109  1029.7111    34.8935    34.8937    1472.28    1472.28   2252.187    6.62021   90.68256     -1.218     0.0003    422.000  1029.7109  1029.7111    34.8934    34.8936    1472.28    1472.28    6.62221     -1.120     0.0003 0.0000e+00
   2253.232  -39.09543   59.85338    421.000    425.439     3.7141     3.7143   3.240271   3.240315    97.6644    -0.0230     2.2133      98.78          4  1029.7063  1029.7065    34.8935    34.8939    1472.26    1472.26   2253.232    6.61973   90.67682     -1.093     0.0002    421.000  1029.7062  1029.7064    34.8934    34.8938    1472.26    1472.26    6.62283     -0.824     0.0002 0.0000e+00
   2255.025  -39.09543   59.85338    420.000    424.428     3.7136     3.7140   3.240187   3.240240    97.6718    -0.0226     2.2136      98.78          4  1029.7017  1029.7018    34.8936    34.8938    1472.24    1472.24   2255.025    6.62216   90.70901     -0.617     0.0004    420.000  1029.7017  1029.7018    34.8935    34.8937    1472.24    1472.24    6.62320     -0.468     0.0004 0.0000e+00
   2257.204  -39.09543   59.85338    419.000    423.416     3.7139     3.7145   3.240155   3.240206    97.6599    -0.0234     2.2138      98.78          4  1029.6969  1029.6968    34.8934    34.8934    1472.23    1472.23   2257.204    6.62215   90.70947     -0.443     0.0006    419.000  1029.6968  1029.6968    34.8933    34.8934    1472.23    1472.23    6.62319     -0.569     0.0006 0.0000e+00
   2258.758  -39.09544   59.85338    418.000    422.405     3.7138     3.7142   3.240079   3.240144    97.6544    -0.0224     2.2149      98.78          4  1029.6920  1029.6923    34.8933    34.8936    1472.21    1472.21   2258.758    6.62228   90.71084     -0.632     0.0004    418.000  1029.6920  1029.6921    34.8931    34.8935    1472.21    1472.21    6.62663     -0.670     0.0004 0.0000e+00
   2260.285  -39.09544   59.85339    417.000    421.393     3.7119     3.7129   3.239837   3.239966    97.6581    -0.0226     2.2155      98.78          4  1029.6874  1029.6876    34.8930    34.8934    1472.19    1472.19   2260.285    6.62491   90.74249     -0.665     0.0010    417.000  1029.6873  1029.6875    34.8928    34.8932    1472.18    1472.19    6.62840     -0.639     0.0010 0.0000e+00
   2262.333  -39.09544   59.85340    416.000    420.381     3.7104     3.7110   3.239655   3.239738    97.6492    -0.0227     2.2149      98.78          4  1029.6829  1029.6830    34.8929    34.8932    1472.16    1472.17   2262.333    6.62781   90.77892     -0.497     0.0006    416.000  1029.6826  1029.6829    34.8927    34.8931    1472.16    1472.16    6.62535     -0.395     0.0006 0.0000e+00
   2264.820  -39.09544   59.85340    415.000    419.370     3.7100     3.7105   3.239556   3.239615    97.5543    -0.0224     2.2127      98.78          4  1029.6780  1029.6780    34.8926    34.8927    1472.14    1472.15   2264.820    6.62353   90.71912     -0.394     0.0006    415.000  1029.6779  1029.6780    34.8925    34.8927    1472.14    1472.15    6.61600     -0.572     0.0006 0.0000e+00
   2267.361  -39.09544   59.85340    414.000    418.358     3.7107     3.7110   3.239600   3.239646    97.6339    -0.0225     2.2118      98.78          4  1029.6735  1029.6736    34.8929    34.8931    1472.13    1472.13   2267.361    6.61511   90.60556     -0.324     0.0003    414.000  1029.6733  1029.6736    34.8929    34.8931    1472.13    1472.13    6.61137     -0.288     0.0003 0.0000e+00
   2271.412  -39.09544   59.85340    413.000    417.347     3.7115     3.7121   3.239614   3.239678    97.6766    -0.0227     2.2111      98.78          4  1029.6686  1029.6686    34.8928    34.8929    1472.12    1472.12   2271.412    6.60803   90.51028     -0.304     0.0006    413.000  1029.6685  1029.6686    34.8927    34.8929    1472.12    1472.12    6.60763     -0.647     0.0006 0.0000e+00
   2272.643  -39.09544   59.85340    412.000    416.335     3.7113     3.7117   3.239566   3.239615    97.6665    -0.0239     2.2113      98.78          4  1029.6639  1029.6641    34.8929    34.8931    1472.10    1472.10   2272.643    6.60733   90.50039     -0.699     0.0004    412.000  1029.6639  1029.6641    34.8929    34.8931    1472.10    1472.10    6.60767     -0.648     0.0004 0.0000e+00
   2276.719  -39.09544   59.85342    411.000    415.324     3.7118     3.7121   3.239583   3.239622    97.6042    -0.0225     2.2121      98.78          4  1029.6594  1029.6595    34.8931    34.8932    1472.09    1472.09   2276.719    6.60767   90.50622     -0.102     0.0003    411.000  1029.6594  1029.6595    34.8931    34.8933    1472.09    1472.09    6.60976     -0.104     0.0003 0.0000e+00
   2279.106  -39.09544   59.85342    410.000    414.312     3.7144     3.7137   3.239785   3.239715    97.6624    -0.0228     2.2121      98.78          4  1029.6544  1029.6545    34.8931    34.8931    1472.08    1472.08   2279.106    6.60999   90.54369     -0.569    -0.0007    410.000  1029.6547  1029.6547    34.8933    34.8932    1472.08    1472.08    6.60864     -0.575    -0.0007 0.0000e+00
   2281.879  -39.09544   59.85342    409.000    413.301     3.7195     3.7196   3.240254   3.240274    97.6750    -0.0230     2.2112      98.78          4  1029.6497  1029.6497    34.8937    34.8938    1472.09    1472.09   2281.879    6.60547   90.49350     -0.341     0.0001    409.000  1029.6499  1029.6500    34.8940    34.8941    1472.09    1472.09    6.60319     -0.276     0.0001 0.0000e+00
   2285.467  -39.09544   59.85342    408.000    412.289     3.7220     3.7223   3.240432   3.240488    97.6646    -0.0227     2.2119      98.78          4  1029.6449  1029.6451    34.8939    34.8942    1472.08    1472.08   2285.467    6.60244   90.45740     -0.286     0.0004    408.000  1029.6450  1029.6453    34.8941    34.8943    1472.08    1472.08    6.60476     -0.284     0.0004 0.0000e+00
   2288.378  -39.09544   59.85344    407.000    411.278     3.7217     3.7218   3.240347   3.240361    97.6449    -0.0222     2.2126      98.78          4  1029.6401  1029.6403    34.8938    34.8939    1472.06    1472.06   2288.378    6.60565   90.50077     -0.386     0.0001    407.000  1029.6403  1029.6403    34.8939    34.8939    1472.06    1472.06    6.60633     -0.506     0.0001 0.0000e+00
   2291.505  -39.09544   59.85344    406.000    410.266     3.7235     3.7234   3.240508   3.240499    97.6551    -0.0227     2.2136      98.78          4  1029.6356  1029.6356    34.8943    34.8943    1472.05    1472.05   2291.505    6.60657   90.51768     -0.272    -0.0001    406.000  1029.6357  1029.6359    34.8944    34.8944    1472.05    1472.05    6.60906     -0.244    -0.0001 0.0000e+00
   2294.129  -39.09544   59.85344    405.000    409.255     3.7218     3.7231   3.240265   3.240402    97.6734    -0.0227     2.2141      98.78          4  1029.6309  1029.6310    34.8939    34.8942    1472.03    1472.03   2294.129    6.60974   90.55719     -0.501     0.0012    405.000  1029.6309  1029.6310    34.8938    34.8942    1472.03    1472.03    6.61073     -0.533     0.0012 0.0000e+00
   2298.994  -39.09544   59.85345    404.000    408.243     3.7206     3.7209   3.240118   3.240169    97.6596    -0.0230     2.2138      98.78          4  1029.6263  1029.6266    34.8939    34.8942    1472.01    1472.01   2298.994    6.60917   90.54668     -0.158     0.0003    404.000  1029.6263  1029.6266    34.8939    34.8942    1472.01    1472.01    6.60890     -0.127     0.0003 0.0000e+00
   2306.403  -39.09544   59.85346    403.000    407.232     3.7204     3.7207   3.240044   3.240098    97.6131    -0.0227     2.2136      98.78          4  1029.6216  1029.6218    34.8938    34.8942    1471.99    1471.99   2306.403    6.60903   90.54430     -0.124     0.0003    403.000  1029.6216  1029.6218    34.8938    34.8941    1471.99    1471.99    6.60727     -0.108     0.0003 0.0000e+00
   2316.955  -39.09544   59.85349    402.000    406.220     3.7221     3.7223   3.240177   3.240211    97.6462    -0.0227     2.2127      98.78          4  1029.6169  1029.6171    34.8940    34.8942    1471.98    1471.98   2316.955    6.60075   90.43475     -0.107     0.0002    402.000  1029.6169  1029.6172    34.8941    34.8943    1471.98    1471.98    6.60257     -0.143     0.0002 0.0000e+00
   2324.167  -39.09544   59.85349    401.000    405.209     3.7237     3.7240   3.240288   3.240323    97.6101    -0.0232     2.2129      98.78          4  1029.6123  1029.6123    34.8943    34.8943    1471.97    1471.97   2324.167    6.60254   90.46275     -0.155     0.0003    401.000  1029.6123  1029.6123    34.8943    34.8944    1471.97    1471.97    6.60189     -0.128     0.0003 0.0000e+00
   2376.856  -39.09546   59.85357    400.000    404.197     3.7213     3.7221   3.239999   3.240100    97.6665    -0.0228     2.2150      98.78          4  1029.6077  1029.6078    34.8940    34.8943    1471.94    1471.95   2376.856    6.60988   90.55805     -0.291     0.0008    400.000  1029.6075  1029.6078    34.8939    34.8943    1471.94    1471.95    6.60991     -0.035     0.0008 0.0000e+00
   2456.314  -39.09548   59.85368    399.000    403.186     3.7120     3.7133   3.239008   3.239156    97.6650    -0.0227     2.2140      98.78          6  1029.6029  1029.6031    34.8927    34.8932    1471.89    1471.89   2456.314    6.60830   90.51508     -0.615     0.0013    399.000  1029.6028  1029.6030    34.8925    34.8930    1471.89    1471.89    6.60667     -0.577     0.0013 0.0000e+00
   2458.778  -39.09548   59.85370    398.000    402.174     3.7128     3.7128   3.239069   3.239062    97.6680    -0.0228     2.2136      98.78          6  1029.5983  1029.5984    34.8928    34.8929    1471.87    1471.87   2458.778    6.60560   90.48006     -0.550    -0.0000    398.000  1029.5984  1029.5984    34.8929    34.8929    1471.87    1471.87    6.60423     -0.505    -0.0000 0.0000e+00
   2461.302  -39.09548   59.85370    397.000    401.163     3.7188     3.7182   3.239605   3.239568    97.6775    -0.0237     2.2139      98.78          6  1029.5934  1029.5936    34.8933    34.8935    1471.88    1471.88   2461.302    6.60237   90.44911     -0.384    -0.0006    397.000  1029.5935  1029.5938    34.8935    34.8938    1471.88    1471.88    6.60341     -0.350    -0.0006 0.0000e+00
