Ship_data/Irminger/Irminger-2/ctd/process/uat30_011.cnv
* Sea-Bird SBE 9 Data File:
* FileName = C:\data\ctd\at30_011.hdr
* Software Version Seasave V 7.21f
* Temperature SN = 2265
* Conductivity SN = 3021
* Number of Bytes Per Scan = 40
* Number of Voltage Words = 5
* Number of Scans Averaged by the Deck Unit = 1
* NMEA Latitude = 59 41.19 N
* NMEA Longitude = 039 21.93 W
* NMEA UTC (Time) = Aug 21 2015  19:14:51
** cal val post deployment at FLMB2
# nquan = 36
# nvalues = 2810                        
# units = specified
# name 0 = timeS: Time, Elapsed [seconds]
# name 1 = longitude: Longitude [deg]
# name 2 = latitude: Latitude [deg]
# name 3 = depSM: Depth [salt water, m]
# name 4 = prDM: Pressure, Digiquartz [db]
# name 5 = t090C: Temperature [ITS-90, deg C]
# name 6 = t190C: Temperature, 2 [ITS-90, deg C]
# name 7 = c0S/m: Conductivity [S/m]
# name 8 = c1S/m: Conductivity, 2 [S/m]
# name 9 = CStarTr0: Beam Transmission, WET Labs C-Star [%]
# name 10 = flECO-AFL: Fluorescence, WET Labs ECO-AFL/FL [mg/m^3]
# name 11 = sbeox0V: Oxygen raw, SBE 43 [V]
# name 12 = altM: Altimeter [m]
# name 13 = nbf: Bottles Fired
# name 14 = density00: Density [density, Kg/m^3]
# name 15 = density11: Density, 2 [density, Kg/m^3]
# name 16 = sal00: Salinity, Practical [PSU]
# name 17 = sal11: Salinity, Practical, 2 [PSU]
# name 18 = svCM: Sound Velocity [Chen-Millero, m/s]
# name 19 = svCM1: Sound Velocity, 2 [Chen-Millero, m/s]
# name 20 = timeS: Time, Elapsed [seconds]
# name 21 = sbeox0ML/L: Oxygen, SBE 43 [ml/l]
# name 22 = sbeox0PS: Oxygen, SBE 43 [% saturation]
# name 23 = dz/dtM: Descent Rate [m/s]
# name 24 = T2-T190C: Temperature Difference, 2 - 1 [ITS-90, deg C]
# name 25 = depSM: Depth [salt water, m], lat = 59.6865
# name 26 = density00: Density [density, Kg/m^3]
# name 27 = density11: Density, 2 [density, Kg/m^3]
# name 28 = sal00: Salinity, Practical [PSU]
# name 29 = sal11: Salinity, Practical, 2 [PSU]
# name 30 = svCM: Sound Velocity [Chen-Millero, m/s]
# name 31 = svCM1: Sound Velocity, 2 [Chen-Millero, m/s]
# name 32 = sbeox0ML/L: Oxygen, SBE 43 [ml/l], WS = 2
# name 33 = dz/dtM: Descent Rate [m/s], WS = 2
# name 34 = T2-T190C: Temperature Difference, 2 - 1 [ITS-90, deg C]
# name 35 = flag: flag
# span 0 =   3392.933,   7783.471       
# span 1 =  -39.35296,  -39.33056       
# span 2 =   59.68237,   59.68518       
# span 3 =      1.000,   2810.000       
# span 4 =      1.009,   2855.920       
# span 5 =     1.5254,     8.7308       
# span 6 =     1.5275,     8.7304       
# span 7 =   3.148592,   3.676690       
# span 8 =   3.148689,   3.676630       
# span 9 =    93.9434,    97.5300       
# span 10 =    -0.0675,    -0.0423      
# span 11 =     1.6755,     2.5431      
# span 12 =      19.15,     106.79      
# span 13 =          0,         12      
# span 14 =  1027.0594,  1041.0057      
# span 15 =  1027.0587,  1041.0046      
# span 16 =    34.8433,    34.9302      
# span 17 =    34.8400,    34.9298      
# span 18 =    1469.28,    1503.52      
# span 19 =    1469.27,    1503.52      
# span 20 =   3392.933,   7783.471      
# span 21 =    6.01022,    6.81851      
# span 22 =   81.29258,  102.00510      
# span 23 =     -2.042,      0.254      
# span 24 =    -0.1822,     0.1060      
# span 25 =      1.000,   2810.000      
# span 26 =  1027.0599,  1041.0059      
# span 27 =  1027.0594,  1041.0048      
# span 28 =    34.8475,    34.9304      
# span 29 =    34.8475,    34.9300      
# span 30 =    1469.28,    1503.52      
# span 31 =    1469.27,    1503.52      
# span 32 =    6.01314,    6.82745      
# span 33 =     -2.044,      0.136      
# span 34 =    -0.1822,     0.1060      
# span 35 = 0.0000e+00, 0.0000e+00      
# interval = meters: 1                  
# start_time = Aug 21 2015 19:14:51 [NMEA time, header]
# bad_flag = -9.990e-29
*END*
[from data line 1169]
   4994.704  -39.34522   59.68435   1641.000   1663.180     3.4329     3.4327   3.271056   3.270990    97.4736    -0.0434     1.8247      98.73          4  1035.4146  1035.4141    34.9229    34.9223    1491.64    1491.64   4994.704    6.03579   82.12946     -1.287    -0.0002   1641.000  1035.4148  1035.4143    34.9232    34.9226    1491.64    1491.64    6.03617     -1.331    -0.0002 0.0000e+00
   4995.469  -39.34522   59.68434   1640.000   1662.162     3.4339     3.4340   3.271108   3.271070    97.4735    -0.0462     1.8247      98.73          4  1035.4098  1035.4093    34.9229    34.9223    1491.62    1491.62   4995.469    6.03410   82.10840     -1.331     0.0001   1640.000  1035.4100  1035.4097    34.9233    34.9227    1491.62    1491.62    6.03513     -1.317     0.0001 0.0000e+00
   4996.249  -39.34522   59.68434   1639.000   1661.145     3.4349     3.4347   3.271166   3.271097    97.4796    -0.0438     1.8251      98.73          4  1035.4052  1035.4047    34.9230    34.9224    1491.61    1491.61   4996.249    6.03472   82.11895     -1.321    -0.0002   1639.000  1035.4054  1035.4049    34.9234    34.9227    1491.61    1491.61    6.03581     -1.282    -0.0002 0.0000e+00
   4997.065  -39.34522   59.68434   1638.000   1660.127     3.4355     3.4355   3.271194   3.271145    97.4667    -0.0446     1.8258      98.73          4  1035.4006  1035.4003    34.9232    34.9227    1491.60    1491.60   4997.065    6.03277   82.09381     -1.292    -0.0001   1638.000  1035.4009  1035.4005    34.9236    34.9230    1491.60    1491.60    6.03817     -1.170    -0.0001 0.0000e+00
   4998.040  -39.34521   59.68434   1637.000   1659.110     3.4366     3.4362   3.271271   3.271192    97.4756    -0.0441     1.8258      98.73          4  1035.3961  1035.3959    34.9234    34.9231    1491.59    1491.58   4998.040    6.03369   82.10875     -1.165    -0.0005   1637.000  1035.3964  1035.3961    34.9238    34.9233    1491.59    1491.58    6.03734     -0.875    -0.0005 0.0000e+00
   4999.840  -39.34520   59.68435   1636.000   1658.092     3.4381     3.4365   3.271368   3.271192    97.4732    -0.0446     1.8258      98.73          4  1035.3914  1035.3912    34.9235    34.9231    1491.57    1491.57   4999.840    6.03649   82.14977     -0.606    -0.0015   1636.000  1035.3916  1035.3915    34.9239    34.9235    1491.57    1491.57    6.03638     -0.471    -0.0015 0.0000e+00
   5001.567  -39.34519   59.68435   1635.000   1657.075     3.4418     3.4413   3.271665   3.271564    97.4847    -0.0438     1.8258      98.73          4  1035.3864  1035.3861    34.9236    34.9233    1491.57    1491.57   5001.567    6.03519   82.13968     -0.549    -0.0006   1635.000  1035.3866  1035.3862    34.9240    34.9234    1491.57    1491.57    6.03480     -0.859    -0.0006 0.0000e+00
   5002.563  -39.34518   59.68434   1634.000   1656.057     3.4427     3.4407   3.271696   3.271467    97.4803    -0.0442     1.8260      98.73          4  1035.3816  1035.3812    34.9236    34.9229    1491.56    1491.55   5002.563    6.03403   82.12550     -0.871    -0.0020   1634.000  1035.3818  1035.3817    34.9240    34.9233    1491.56    1491.55    6.03463     -1.112    -0.0020 0.0000e+00
   5003.419  -39.34518   59.68434   1633.000   1655.040     3.4437     3.4433   3.271769   3.271671    97.4765    -0.0438     1.8259      98.73          4  1035.3771  1035.3765    34.9238    34.9231    1491.55    1491.54   5003.419    6.03303   82.11414     -1.089    -0.0004   1633.000  1035.3773  1035.3768    34.9242    34.9235    1491.55    1491.55    6.03315     -1.244    -0.0004 0.0000e+00
   5004.205  -39.34518   59.68434   1632.000   1654.023     3.4458     3.4459   3.271918   3.271872    97.4492    -0.0446     1.8264      98.73          4  1035.3722  1035.3716    34.9239    34.9231    1491.54    1491.54   5004.205    6.03216   82.10648     -1.221     0.0001   1632.000  1035.3726  1035.3719    34.9243    34.9236    1491.54    1491.54    6.03431     -1.293     0.0001 0.0000e+00
   5004.990  -39.34518   59.68434   1631.000   1653.005     3.4472     3.4479   3.272030   3.272013    97.4725    -0.0456     1.8269      98.73          4  1035.3676  1035.3668    34.9241    34.9232    1491.53    1491.53   5004.990    6.03164   82.10243     -1.285     0.0006   1631.000  1035.3680  1035.3672    34.9246    34.9237    1491.53    1491.53    6.03568     -1.267     0.0006 0.0000e+00
   5005.813  -39.34518   59.68436   1630.000   1651.988     3.4492     3.4484   3.272193   3.272053    97.4751    -0.0447     1.8267      98.73          4  1035.3629  1035.3624    34.9243    34.9236    1491.52    1491.52   5005.813    6.03060   82.09237     -1.278    -0.0008   1630.000  1035.3634  1035.3628    34.9249    34.9241    1491.52    1491.52    6.03359     -1.208    -0.0008 0.0000e+00
   5006.672  -39.34518   59.68436   1629.000   1650.970     3.4525     3.4517   3.272459   3.272309    97.4732    -0.0446     1.8269      98.73          4  1035.3580  1035.3575    34.9246    34.9237    1491.52    1491.51   5006.672    6.03239   82.12341     -1.217    -0.0008   1629.000  1035.3585  1035.3579    34.9252    34.9242    1491.52    1491.51    6.03299     -1.195    -0.0008 0.0000e+00
   5007.514  -39.34518   59.68436   1628.000   1649.953     3.4550     3.4528   3.272647   3.272371    97.4812    -0.0442     1.8270      98.73          4  1035.3531  1035.3528    34.9246    34.9237    1491.51    1491.50   5007.514    6.03189   82.12173     -1.193    -0.0022   1628.000  1035.3536  1035.3533    34.9252    34.9243    1491.51    1491.50    6.03227     -1.244    -0.0022 0.0000e+00
   5008.310  -39.34517   59.68435   1627.000   1648.935     3.4564     3.4561   3.272746   3.272644    97.4858    -0.0439     1.8275      98.73          4  1035.3486  1035.3479    34.9249    34.9240    1491.50    1491.50   5008.310    6.03050   82.10576     -1.232    -0.0004   1627.000  1035.3490  1035.3484    34.9254    34.9245    1491.50    1491.50    6.03383     -1.281    -0.0004 0.0000e+00
   5009.101  -39.34516   59.68434   1626.000   1647.918     3.4571     3.4569   3.272758   3.272692    97.4781    -0.0443     1.8280      98.73          4  1035.3439  1035.3435    34.9249    34.9243    1491.49    1491.48   5009.101    6.03044   82.10641     -1.279    -0.0002   1626.000  1035.3442  1035.3438    34.9253    34.9247    1491.49    1491.49    6.03534     -1.212    -0.0002 0.0000e+00
   5010.044  -39.34514   59.68434   1625.000   1646.900     3.4575     3.4577   3.272768   3.272746    97.4794    -0.0447     1.8281      98.73          4  1035.3394  1035.3390    34.9251    34.9246    1491.47    1491.47   5010.044    6.03109   82.11610     -1.205     0.0001   1625.000  1035.3397  1035.3394    34.9255    34.9251    1491.47    1491.47    6.03476     -0.876     0.0001 0.0000e+00
   5012.561  -39.34514   59.68434   1624.000   1645.883     3.4565     3.4566   3.272637   3.272613    97.4819    -0.0441     1.8271      98.73          4  1035.3351  1035.3347    34.9252    34.9248    1491.45    1491.45   5012.561    6.03348   82.14670     -0.308     0.0001   1624.000  1035.3353  1035.3350    34.9255    34.9251    1491.45    1491.45    6.02965     -0.286     0.0001 0.0000e+00
   5014.294  -39.34514   59.68434   1623.000   1644.866     3.4623     3.4615   3.273106   3.272998    97.4862    -0.0438     1.8270      98.73          4  1035.3296  1035.3293    34.9252    34.9247    1491.46    1491.45   5014.294    6.02777   82.08060     -0.612    -0.0008   1623.000  1035.3298  1035.3296    34.9255    34.9250    1491.46    1491.45    6.02718     -0.959    -0.0008 0.0000e+00
   5015.256  -39.34513   59.68435   1622.000   1643.848     3.4627     3.4619   3.273097   3.272992    97.4736    -0.0442     1.8266      98.73          4  1035.3250  1035.3245    34.9250    34.9244    1491.44    1491.44   5015.256    6.02782   82.08186     -0.956    -0.0007   1622.000  1035.3252  1035.3250    34.9255    34.9250    1491.44    1491.44    6.02426     -1.061    -0.0007 0.0000e+00
   5016.190  -39.34512   59.68436   1621.000   1642.831     3.4645     3.4641   3.273224   3.273135    97.4843    -0.0450     1.8264      98.73          4  1035.3202  1035.3197    34.9252    34.9246    1491.43    1491.43   5016.190    6.02535   82.05199     -1.058    -0.0003   1621.000  1035.3204  1035.3199    34.9256    34.9249    1491.43    1491.43    6.02262     -1.161    -0.0003 0.0000e+00
   5017.005  -39.34512   59.68436   1620.000   1641.813     3.4653     3.4652   3.273246   3.273193    97.4744    -0.0442     1.8268      98.73          4  1035.3154  1035.3149    34.9251    34.9245    1491.42    1491.42   5017.005    6.02330   82.02550     -1.136    -0.0001   1620.000  1035.3158  1035.3153    34.9255    34.9249    1491.42    1491.42    6.02319     -1.357    -0.0001 0.0000e+00
   5017.693  -39.34512   59.68436   1619.000   1640.796     3.4665     3.4664   3.273329   3.273259    97.4763    -0.0439     1.8270      98.73          4  1035.3108  1035.3102    34.9253    34.9244    1491.41    1491.41   5017.693    6.02067   81.99228     -1.280    -0.0001   1619.000  1035.3112  1035.3105    34.9257    34.9249    1491.41    1491.41    6.02322     -1.552    -0.0001 0.0000e+00
   5018.322  -39.34512   59.68436   1618.000   1639.779     3.4674     3.4676   3.273378   3.273324    97.4783    -0.0439     1.8275      98.73          4  1035.3062  1035.3055    34.9254    34.9245    1491.39    1491.39   5018.322    6.02046   81.99131     -1.454     0.0002   1618.000  1035.3065  1035.3059    34.9259    34.9250    1491.39    1491.39    6.02479     -1.695     0.0002 0.0000e+00
   5018.899  -39.34512   59.68434   1617.000   1638.761     3.4685     3.4687   3.273437   3.273395    97.4788    -0.0444     1.8283      98.73          4  1035.3015  1035.3009    34.9254    34.9247    1491.38    1491.38   5018.899    6.01974   81.98381     -1.612     0.0002   1617.000  1035.3018  1035.3011    34.9258    34.9251    1491.38    1491.38    6.02716     -1.747     0.0002 0.0000e+00
   5019.475  -39.34512   59.68434   1616.000   1637.744     3.4695     3.4697   3.273470   3.273441    97.4759    -0.0443     1.8283      98.73          4  1035.2968  1035.2963    34.9254    34.9248    1491.37    1491.37   5019.475    6.02057   81.99702     -1.718     0.0002   1616.000  1035.2970  1035.2965    34.9257    34.9252    1491.37    1491.37    6.02645     -1.688     0.0002 0.0000e+00
   5020.103  -39.34512   59.68434   1615.000   1636.726     3.4699     3.4702   3.273472   3.273458    97.4724    -0.0443     1.8292      98.73          4  1035.2921  1035.2916    34.9255    34.9250    1491.35    1491.35   5020.103    6.02062   81.99851     -1.731     0.0003   1615.000  1035.2924  1035.2920    34.9258    34.9253    1491.35    1491.36    6.02973     -1.470     0.0003 0.0000e+00
   5020.948  -39.34512   59.68434   1614.000   1635.709     3.4695     3.4701   3.273365   3.273426    97.4709    -0.0447     1.8293      98.73          4  1035.2875  1035.2874    34.9253    34.9252    1491.33    1491.34   5020.948    6.02424   82.04692     -1.507     0.0007   1614.000  1035.2876  1035.2875    34.9255    34.9255    1491.34    1491.34    6.02947     -0.946     0.0007 0.0000e+00
   5023.642  -39.34509   59.68434   1613.000   1634.692     3.4691     3.4692   3.273315   3.273295    97.4750    -0.0439     1.8289      98.73          4  1035.2831  1035.2830    34.9255    34.9253    1491.32    1491.32   5023.642    6.02934   82.11578     -0.140     0.0001   1613.000  1035.2833  1035.2831    34.9257    34.9254    1491.32    1491.32    6.02671     -0.201     0.0001 0.0000e+00
   5025.171  -39.34508   59.68434   1612.000   1633.674     3.4714     3.4701   3.273454   3.273300    97.4727    -0.0439     1.8294      98.73          4  1035.2780  1035.2778    34.9251    34.9249    1491.31    1491.30   5025.171    6.02475   82.05772     -0.662    -0.0014   1612.000  1035.2782  1035.2781    34.9255    34.9251    1491.31    1491.30    6.02818     -0.915    -0.0014 0.0000e+00
   5026.286  -39.34508   59.68434   1611.000   1632.657     3.4719     3.4710   3.273446   3.273349    97.4778    -0.0443     1.8296      98.73          4  1035.2733  1035.2732    34.9252    34.9249    1491.29    1491.29   5026.286    6.02694   82.08843     -0.908    -0.0009   1611.000  1035.2734  1035.2734    34.9254    34.9252    1491.29    1491.29    6.02785     -0.828    -0.0009 0.0000e+00
   5027.662  -39.34508   59.68434   1610.000   1631.640     3.4726     3.4730   3.273467   3.273485    97.4784    -0.0441     1.8293      98.73          4  1035.2686  1035.2683    34.9252    34.9250    1491.28    1491.28   5027.662    6.02655   82.08453     -0.777     0.0004   1610.000  1035.2688  1035.2686    34.9254    34.9252    1491.28    1491.28    6.02572     -0.750     0.0004 0.0000e+00
   5028.825  -39.34508   59.68434   1609.000   1630.622     3.4727     3.4727   3.273412   3.273395    97.4762    -0.0445     1.8294      98.73          4  1035.2639  1035.2635    34.9250    34.9247    1491.26    1491.26   5028.825    6.02618   82.07964     -0.783     0.0001   1609.000  1035.2639  1035.2638    34.9251    34.9249    1491.26    1491.26    6.02553     -1.082     0.0001 0.0000e+00
   5029.643  -39.34508   59.68434   1608.000   1629.605     3.4726     3.4734   3.273364   3.273397    97.4741    -0.0448     1.8294      98.73          4  1035.2593  1035.2588    34.9251    34.9245    1491.25    1491.25   5029.643    6.02384   82.04758     -1.020     0.0009   1608.000  1035.2594  1035.2589    34.9252    34.9246    1491.25    1491.25    6.02473     -1.400     0.0009 0.0000e+00
   5030.306  -39.34508   59.68434   1607.000   1628.587     3.4726     3.4734   3.273336   3.273358    97.4743    -0.0443     1.8294      98.73          4  1035.2548  1035.2543    34.9251    34.9246    1491.23    1491.23   5030.306    6.02411   82.05138     -1.281     0.0008   1607.000  1035.2549  1035.2543    34.9253    34.9247    1491.23    1491.23    6.02391     -1.617     0.0008 0.0000e+00
   5030.901  -39.34508   59.68434   1606.000   1627.570     3.4732     3.4740   3.273356   3.273368    97.4748    -0.0444     1.8296      98.73          4  1035.2501  1035.2495    34.9252    34.9245    1491.21    1491.22   5030.901    6.02317   82.03989     -1.499     0.0008   1606.000  1035.2504  1035.2496    34.9254    34.9247    1491.21    1491.22    6.02391     -1.745     0.0008 0.0000e+00
   5031.462  -39.34507   59.68434   1605.000   1626.553     3.4741     3.4745   3.273382   3.273369    97.4727    -0.0439     1.8305      98.73          4  1035.2454  1035.2449    34.9250    34.9245    1491.20    1491.20   5031.462    6.02223   82.02865     -1.661     0.0004   1605.000  1035.2455  1035.2450    34.9253    34.9247    1491.20    1491.20    6.02684     -1.791     0.0004 0.0000e+00
   5032.029  -39.34506   59.68434   1604.000   1625.535     3.4757     3.4754   3.273511   3.273417    97.4728    -0.0444     1.8311      98.73          4  1035.2406  1035.2401    34.9252    34.9245    1491.19    1491.19   5032.029    6.02114   82.01719     -1.762    -0.0003   1604.000  1035.2410  1035.2404    34.9256    34.9248    1491.19    1491.19    6.02879     -1.754    -0.0003 0.0000e+00
   5032.622  -39.34506   59.68434   1603.000   1624.518     3.4770     3.4769   3.273577   3.273512    97.4708    -0.0439     1.8317      98.73          4  1035.2360  1035.2352    34.9253    34.9244    1491.18    1491.18   5032.622    6.02011   82.00581     -1.788    -0.0001   1603.000  1035.2361  1035.2356    34.9255    34.9248    1491.18    1491.18    6.03056     -1.619    -0.0001 0.0000e+00
   5033.297  -39.34505   59.68434   1602.000   1623.501     3.4786     3.4777   3.273665   3.273561    97.4722    -0.0435     1.8319      98.73          4  1035.2310  1035.2310    34.9251    34.9249    1491.17    1491.17   5033.297    6.02277   82.04500     -1.695    -0.0008   1602.000  1035.2312  1035.2311    34.9254    34.9251    1491.17    1491.17    6.03025     -1.346    -0.0008 0.0000e+00
