Ship_data/Irminger/Irminger-2/ctd/process/uat30_006.cnv
* Sea-Bird SBE 9 Data File:
* FileName = C:\data\ctd\at30_006.hdr
* Software Version Seasave V 7.21f
* Temperature SN = 2265
* Conductivity SN = 3021
* Number of Bytes Per Scan = 40
* Number of Voltage Words = 5
* Number of Scans Averaged by the Deck Unit = 1
* NMEA Latitude = 59 51.06 N
* NMEA Longitude = 039 05.71 W
* NMEA UTC (Time) = Aug 17 2015  17:02:11
# nquan = 36
# nvalues = 1000                        
# units = specified
# name 0 = timeS: Time, Elapsed [seconds]
# name 1 = longitude: Longitude [deg]
# name 2 = latitude: Latitude [deg]
# name 3 = depSM: Depth [salt water, m]
# name 4 = prDM: Pressure, Digiquartz [db]
# name 5 = t090C: Temperature [ITS-90, deg C]
# name 6 = t190C: Temperature, 2 [ITS-90, deg C]
# name 7 = c0S/m: Conductivity [S/m]
# name 8 = c1S/m: Conductivity, 2 [S/m]
# name 9 = CStarTr0: Beam Transmission, WET Labs C-Star [%]
# name 10 = flECO-AFL: Fluorescence, WET Labs ECO-AFL/FL [mg/m^3]
# name 11 = sbeox0V: Oxygen raw, SBE 43 [V]
# name 12 = altM: Altimeter [m]
# name 13 = nbf: Bottles Fired
# name 14 = density00: Density [density, Kg/m^3]
# name 15 = density11: Density, 2 [density, Kg/m^3]
# name 16 = sal00: Salinity, Practical [PSU]
# name 17 = sal11: Salinity, Practical, 2 [PSU]
# name 18 = svCM: Sound Velocity [Chen-Millero, m/s]
# name 19 = svCM1: Sound Velocity, 2 [Chen-Millero, m/s]
# name 20 = timeS: Time, Elapsed [seconds]
# name 21 = sbeox0ML/L: Oxygen, SBE 43 [ml/l]
# name 22 = sbeox0PS: Oxygen, SBE 43 [% saturation]
# name 23 = dz/dtM: Descent Rate [m/s]
# name 24 = T2-T190C: Temperature Difference, 2 - 1 [ITS-90, deg C]
# name 25 = depSM: Depth [salt water, m], lat = 59.851
# name 26 = density00: Density [density, Kg/m^3]
# name 27 = density11: Density, 2 [density, Kg/m^3]
# name 28 = sal00: Salinity, Practical [PSU]
# name 29 = sal11: Salinity, Practical, 2 [PSU]
# name 30 = svCM: Sound Velocity [Chen-Millero, m/s]
# name 31 = svCM1: Sound Velocity, 2 [Chen-Millero, m/s]
# name 32 = sbeox0ML/L: Oxygen, SBE 43 [ml/l], WS = 2
# name 33 = dz/dtM: Descent Rate [m/s], WS = 2
# name 34 = T2-T190C: Temperature Difference, 2 - 1 [ITS-90, deg C]
# name 35 = flag: flag
# span 0 =   1490.516,   3543.226       
# span 1 =  -39.09567,  -39.09525       
# span 2 =   59.85218,   59.85512       
# span 3 =      1.000,   1000.000       
# span 4 =      1.010,   1011.966       
# span 5 =     3.6134,     8.6038       
# span 6 =     3.6143,     8.6042       
# span 7 =   3.239008,   3.665997       
# span 8 =   3.239062,   3.665992       
# span 9 =    93.4576,    97.6829       
# span 10 =    -0.0243,    -0.0218      
# span 11 =     2.0748,     2.5435      
# span 12 =      17.13,     101.15      
# span 13 =          2,         11      
# span 14 =  1027.0897,  1032.4042      
# span 15 =  1027.0891,  1032.4039      
# span 16 =    34.8614,    34.9252      
# span 17 =    34.8559,    34.9253      
# span 18 =    1469.54,    1484.70      
# span 19 =    1469.53,    1484.66      
# span 20 =   1490.516,   3543.226      
# span 21 =    6.46967,    6.79933      
# span 22 =   89.21260,  101.93974      
# span 23 =     -1.563,      0.007      
# span 24 =    -0.1579,     0.0781      
# span 25 =      1.000,   1000.000      
# span 26 =  1027.0896,  1032.4042      
# span 27 =  1027.0891,  1032.4039      
# span 28 =    34.8623,    34.9262      
# span 29 =    34.8632,    34.9262      
# span 30 =    1469.54,    1484.71      
# span 31 =    1469.53,    1484.67      
# span 32 =    6.47357,    6.80142      
# span 33 =     -1.562,      0.048      
# span 34 =    -0.1579,     0.0781      
# span 35 = 0.0000e+00, 0.0000e+00      
# interval = meters: 1                  
# start_time = Aug 17 2015 17:02:11 [NMEA time, header]
# bad_flag = -9.990e-29
*END*
[from data line 323]
   1993.074  -39.09536   59.85294    677.000    684.565     3.6727     3.6724   3.247909   3.247892    97.6317    -0.0229     2.1574      98.78          4  1030.9033  1030.9034    34.8908    34.8910    1476.35    1476.35   1993.074    6.63034   90.72897     -0.883    -0.0002    677.000  1030.9034  1030.9036    34.8909    34.8910    1476.35    1476.35    6.63071     -0.854    -0.0002 0.0000e+00
   1994.266  -39.09536   59.85292    676.000    683.552     3.6731     3.6727   3.247916   3.247871    97.6469    -0.0229     2.1581      98.78          4  1030.8987  1030.8987    34.8909    34.8908    1476.34    1476.33   1994.266    6.63113   90.74081     -0.852    -0.0004    676.000  1030.8988  1030.8988    34.8911    34.8910    1476.34    1476.33    6.63271     -0.852    -0.0004 0.0000e+00
   1995.431  -39.09536   59.85292    675.000    682.539     3.6737     3.6735   3.247925   3.247913    97.6442    -0.0224     2.1582      98.78          4  1030.8940  1030.8940    34.8910    34.8910    1476.32    1476.32   1995.431    6.62989   90.72513     -0.856    -0.0002    675.000  1030.8942  1030.8942    34.8911    34.8911    1476.32    1476.32    6.63214     -0.924    -0.0002 0.0000e+00
   1996.462  -39.09536   59.85293    674.000    681.526     3.6737     3.6739   3.247873   3.247901    97.6505    -0.0225     2.1584      98.78          4  1030.8893  1030.8894    34.8909    34.8910    1476.30    1476.31   1996.462    6.63122   90.74336     -0.928     0.0002    674.000  1030.8894  1030.8894    34.8910    34.8911    1476.30    1476.31    6.63217     -1.049     0.0002 0.0000e+00
   1997.372  -39.09536   59.85294    673.000    680.513     3.6740     3.6743   3.247860   3.247886    97.6540    -0.0233     2.1586      98.78          4  1030.8846  1030.8848    34.8910    34.8910    1476.29    1476.29   1997.372    6.62993   90.72639     -1.040     0.0003    673.000  1030.8848  1030.8848    34.8911    34.8911    1476.29    1476.29    6.63196     -1.154     0.0003 0.0000e+00
   1998.222  -39.09536   59.85294    672.000    679.501     3.6740     3.6745   3.247809   3.247851    97.6539    -0.0236     2.1586      98.78          4  1030.8800  1030.8800    34.8910    34.8909    1476.27    1476.27   1998.222    6.63052   90.73444     -1.141     0.0005    672.000  1030.8801  1030.8800    34.8910    34.8910    1476.27    1476.27    6.63106     -1.188     0.0005 0.0000e+00
   1999.082  -39.09536   59.85294    671.000    678.488     3.6737     3.6743   3.247738   3.247803    97.6579    -0.0218     2.1586      98.78          4  1030.8755  1030.8755    34.8910    34.8911    1476.26    1476.26   1999.082    6.63043   90.73262     -1.189     0.0005    671.000  1030.8754  1030.8755    34.8910    34.8912    1476.25    1476.26    6.63001     -1.128     0.0005 0.0000e+00
   2000.039  -39.09536   59.85294    670.000    677.475     3.6730     3.6738   3.247614   3.247706    97.6434    -0.0239     2.1586      98.78          4  1030.8707  1030.8708    34.8909    34.8911    1476.23    1476.24   2000.039    6.62959   90.71937     -1.128     0.0008    670.000  1030.8707  1030.8708    34.8908    34.8911    1476.23    1476.24    6.62964     -0.989     0.0008 0.0000e+00
   2001.163  -39.09536   59.85294    669.000    676.462     3.6722     3.6732   3.247499   3.247615    97.6574    -0.0229     2.1590      98.78          4  1030.8662  1030.8663    34.8909    34.8912    1476.21    1476.22   2001.163    6.62882   90.70699     -0.968     0.0010    669.000  1030.8662  1030.8663    34.8909    34.8911    1476.21    1476.22    6.63038     -0.843     0.0010 0.0000e+00
   2002.452  -39.09536   59.85294    668.000    675.449     3.6716     3.6724   3.247384   3.247487    97.6503    -0.0235     2.1599      98.78          4  1030.8615  1030.8616    34.8907    34.8910    1476.20    1476.20   2002.452    6.62804   90.69499     -0.813     0.0008    668.000  1030.8615  1030.8616    34.8906    34.8910    1476.20    1476.20    6.63312     -0.780     0.0008 0.0000e+00
   2003.688  -39.09536   59.85294    667.000    674.437     3.6716     3.6723   3.247358   3.247424    97.6487    -0.0218     2.1607      98.78          4  1030.8569  1030.8569    34.8909    34.8909    1476.18    1476.18   2003.688    6.63071   90.73171     -0.786     0.0007    667.000  1030.8569  1030.8568    34.8908    34.8908    1476.18    1476.18    6.63573     -0.923     0.0007 0.0000e+00
   2004.656  -39.09536   59.85294    666.000    673.424     3.6718     3.6723   3.247316   3.247367    97.6576    -0.0225     2.1608      98.78          4  1030.8522  1030.8522    34.8907    34.8908    1476.16    1476.16   2004.656    6.63230   90.75386     -0.926     0.0004    666.000  1030.8521  1030.8522    34.8906    34.8908    1476.16    1476.16    6.63530     -1.149     0.0004 0.0000e+00
   2005.473  -39.09536   59.85294    665.000    672.411     3.6709     3.6720   3.247162   3.247278    97.6429    -0.0219     2.1612      98.78          4  1030.8474  1030.8475    34.8906    34.8908    1476.14    1476.15   2005.473    6.63407   90.77589     -1.112     0.0010    665.000  1030.8473  1030.8474    34.8903    34.8906    1476.14    1476.15    6.63596     -1.299     0.0010 0.0000e+00
   2006.224  -39.09536   59.85294    664.000    671.398     3.6700     3.6711   3.247044   3.247141    97.6529    -0.0227     2.1619      98.78          4  1030.8428  1030.8428    34.8904    34.8905    1476.12    1476.13   2006.224    6.63397   90.77251     -1.268     0.0011    664.000  1030.8428  1030.8427    34.8903    34.8904    1476.12    1476.13    6.63836     -1.328     0.0011 0.0000e+00
   2007.001  -39.09536   59.85296    663.000    670.386     3.6700     3.6706   3.246993   3.247057    97.6402    -0.0226     2.1620      98.78          4  1030.8383  1030.8383    34.8905    34.8906    1476.10    1476.11   2007.001    6.63315   90.76128     -1.327     0.0006    663.000  1030.8381  1030.8381    34.8904    34.8905    1476.10    1476.11    6.63751     -1.215     0.0006 0.0000e+00
   2007.936  -39.09536   59.85296    662.000    669.373     3.6704     3.6704   3.247007   3.247010    97.6393    -0.0228     2.1620      98.78          4  1030.8336  1030.8336    34.8906    34.8907    1476.09    1476.09   2007.936    6.63558   90.79545     -1.219    -0.0000    662.000  1030.8336  1030.8336    34.8906    34.8906    1476.09    1476.09    6.63689     -0.969    -0.0000 0.0000e+00
   2009.152  -39.09536   59.85296    661.000    668.360     3.6715     3.6715   3.247075   3.247084    97.6525    -0.0228     2.1626      98.78          4  1030.8289  1030.8290    34.8907    34.8908    1476.08    1476.08   2009.152    6.63547   90.79649     -0.914    -0.0000    661.000  1030.8290  1030.8290    34.8908    34.8909    1476.08    1476.08    6.63807     -0.802    -0.0000 0.0000e+00
   2010.350  -39.09536   59.85296    660.000    667.347     3.6719     3.6716   3.247067   3.247029    97.6520    -0.0232     2.1632      98.77          4  1030.8242  1030.8242    34.8908    34.8907    1476.06    1476.06   2010.350    6.63582   90.80233     -0.810    -0.0004    660.000  1030.8242  1030.8242    34.8907    34.8907    1476.06    1476.06    6.63974     -0.954    -0.0004 0.0000e+00
   2011.314  -39.09536   59.85296    659.000    666.335     3.6719     3.6720   3.247006   3.247017    97.6552    -0.0222     2.1632      98.78          4  1030.8195  1030.8195    34.8906    34.8906    1476.05    1476.05   2011.314    6.63701   90.81833     -0.952     0.0001    659.000  1030.8195  1030.8195    34.8906    34.8906    1476.05    1476.05    6.63859     -1.108     0.0001 0.0000e+00
   2012.199  -39.09536   59.85296    658.000    665.322     3.6723     3.6724   3.247010   3.247020    97.6539    -0.0232     2.1632      98.78          4  1030.8148  1030.8148    34.8907    34.8907    1476.03    1476.03   2012.199    6.63791   90.83160     -1.096     0.0001    658.000  1030.8148  1030.8148    34.8907    34.8908    1476.03    1476.03    6.63773     -1.127     0.0001 0.0000e+00
   2013.127  -39.09536   59.85296    657.000    664.309     3.6727     3.6728   3.247006   3.247030    97.6413    -0.0231     2.1627      98.78          4  1030.8102  1030.8103    34.8908    34.8910    1476.02    1476.02   2013.127    6.63720   90.82279     -1.127     0.0001    657.000  1030.8102  1030.8103    34.8909    34.8910    1476.02    1476.02    6.63467     -1.027     0.0001 0.0000e+00
   2014.202  -39.09536   59.85296    656.000    663.296     3.6732     3.6730   3.247016   3.247015    97.6533    -0.0235     2.1622      98.78          4  1030.8055  1030.8057    34.8909    34.8911    1476.00    1476.00   2014.202    6.63557   90.80168     -1.013    -0.0002    656.000  1030.8055  1030.8058    34.8909    34.8911    1476.00    1476.00    6.63188     -0.872    -0.0002 0.0000e+00
   2015.433  -39.09536   59.85296    655.000    662.284     3.6731     3.6732   3.246966   3.246993    97.6566    -0.0231     2.1624      98.78          4  1030.8009  1030.8011    34.8909    34.8912    1475.99    1475.99   2015.433    6.63230   90.75691     -0.850     0.0001    655.000  1030.8009  1030.8011    34.8909    34.8912    1475.99    1475.99    6.63192     -0.847     0.0001 0.0000e+00
   2016.547  -39.09536   59.85296    654.000    661.271     3.6740     3.6734   3.246996   3.246949    97.6633    -0.0228     2.1632      98.78          4  1030.7960  1030.7963    34.8908    34.8910    1475.97    1475.97   2016.547    6.63022   90.73031     -0.860    -0.0006    654.000  1030.7961  1030.7963    34.8909    34.8910    1475.97    1475.97    6.63406     -1.009    -0.0006 0.0000e+00
   2017.467  -39.09536   59.85296    653.000    660.258     3.6745     3.6742   3.247009   3.246982    97.6501    -0.0237     2.1635      98.78          4  1030.7915  1030.7915    34.8910    34.8909    1475.96    1475.96   2017.467    6.63029   90.73244     -0.998    -0.0003    653.000  1030.7916  1030.7916    34.8911    34.8911    1475.96    1475.96    6.63436     -1.174    -0.0003 0.0000e+00
   2018.286  -39.09536   59.85296    652.000    659.245     3.6749     3.6750   3.246990   3.246997    97.6525    -0.0238     2.1639      98.78          4  1030.7867  1030.7867    34.8909    34.8909    1475.94    1475.94   2018.286    6.63126   90.74637     -1.148     0.0001    652.000  1030.7867  1030.7867    34.8910    34.8909    1475.94    1475.94    6.63502     -1.254     0.0001 0.0000e+00
   2019.087  -39.09536   59.85296    651.000    658.233     3.6750     3.6753   3.246965   3.246984    97.6590    -0.0219     2.1636      98.78          4  1030.7822  1030.7821    34.8911    34.8910    1475.93    1475.93   2019.087    6.63289   90.76907     -1.244     0.0003    651.000  1030.7822  1030.7821    34.8911    34.8910    1475.93    1475.93    6.63257     -1.198     0.0003 0.0000e+00
   2020.018  -39.09536   59.85298    650.000    657.220     3.6749     3.6751   3.246919   3.246949    97.6588    -0.0234     2.1636      98.78          4  1030.7776  1030.7777    34.8911    34.8913    1475.91    1475.91   2020.018    6.63241   90.76250     -1.194     0.0002    650.000  1030.7776  1030.7777    34.8911    34.8913    1475.91    1475.91    6.63173     -0.961     0.0002 0.0000e+00
   2021.296  -39.09536   59.85298    649.000    656.207     3.6750     3.6753   3.246894   3.246928    97.6515    -0.0221     2.1635      98.78          4  1030.7731  1030.7731    34.8913    34.8914    1475.89    1475.89   2021.296    6.63169   90.75282     -0.883     0.0003    649.000  1030.7731  1030.7731    34.8913    34.8914    1475.89    1475.89    6.63046     -0.760     0.0003 0.0000e+00
   2022.535  -39.09537   59.85298    648.000    655.195     3.6756     3.6756   3.246904   3.246891    97.6517    -0.0228     2.1636      98.78          4  1030.7683  1030.7683    34.8913    34.8912    1475.88    1475.88   2022.535    6.62942   90.72301     -0.755    -0.0000    648.000  1030.7683  1030.7683    34.8913    34.8912    1475.88    1475.88    6.63018     -0.982    -0.0000 0.0000e+00
   2023.436  -39.09538   59.85298    647.000    654.182     3.6756     3.6759   3.246834   3.246871    97.6458    -0.0222     2.1641      98.78          4  1030.7635  1030.7634    34.8911    34.8910    1475.86    1475.86   2023.436    6.62836   90.70839     -0.963     0.0003    647.000  1030.7634  1030.7634    34.8910    34.8911    1475.86    1475.86    6.63102     -1.217     0.0003 0.0000e+00
   2024.213  -39.09538   59.85298    646.000    653.169     3.6754     3.6760   3.246767   3.246841    97.6511    -0.0227     2.1645      98.78          4  1030.7588  1030.7589    34.8910    34.8912    1475.84    1475.85   2024.213    6.62894   90.71579     -1.174     0.0007    646.000  1030.7588  1030.7589    34.8910    34.8912    1475.84    1475.85    6.63211     -1.289     0.0007 0.0000e+00
   2025.009  -39.09536   59.85298    645.000    652.157     3.6753     3.6757   3.246711   3.246767    97.6608    -0.0234     2.1656      98.78          4  1030.7542  1030.7543    34.8910    34.8912    1475.83    1475.83   2025.009    6.62870   90.71231     -1.283     0.0005    645.000  1030.7542  1030.7543    34.8910    34.8912    1475.83    1475.83    6.63563     -1.206     0.0005 0.0000e+00
   2025.927  -39.09536   59.85298    644.000    651.144     3.6756     3.6757   3.246710   3.246742    97.6480    -0.0227     2.1658      98.78          4  1030.7495  1030.7498    34.8911    34.8914    1475.81    1475.81   2025.927    6.62941   90.72295     -1.210     0.0001    644.000  1030.7495  1030.7498    34.8911    34.8914    1475.81    1475.81    6.63556     -1.004     0.0001 0.0000e+00
   2027.076  -39.09536   59.85298    643.000    650.131     3.6758     3.6759   3.246697   3.246715    97.6539    -0.0231     2.1667      98.78          4  1030.7450  1030.7450    34.8912    34.8913    1475.80    1475.80   2027.076    6.63361   90.78085     -0.969     0.0001    643.000  1030.7450  1030.7450    34.8913    34.8914    1475.80    1475.80    6.63825     -0.847     0.0001 0.0000e+00
   2028.265  -39.09538   59.85298    642.000    649.119     3.6771     3.6767   3.246777   3.246729    97.6578    -0.0224     2.1670      98.78          4  1030.7402  1030.7402    34.8913    34.8912    1475.79    1475.78   2028.265    6.63448   90.79562     -0.840    -0.0004    642.000  1030.7402  1030.7402    34.8914    34.8913    1475.79    1475.78    6.63835     -0.898    -0.0004 0.0000e+00
   2029.332  -39.09538   59.85298    641.000    648.106     3.6775     3.6770   3.246760   3.246720    97.6549    -0.0228     2.1671      98.78          4  1030.7355  1030.7355    34.8913    34.8913    1475.77    1475.77   2029.332    6.63692   90.82993     -0.906    -0.0004    641.000  1030.7355  1030.7356    34.8913    34.8913    1475.77    1475.77    6.63776     -0.990    -0.0004 0.0000e+00
   2030.324  -39.09537   59.85298    640.000    647.093     3.6777     3.6777   3.246745   3.246740    97.6587    -0.0229     2.1670      98.78          4  1030.7308  1030.7308    34.8914    34.8914    1475.75    1475.75   2030.324    6.63679   90.82862     -0.991    -0.0000    640.000  1030.7310  1030.7310    34.8915    34.8914    1475.75    1475.75    6.63617     -1.029    -0.0000 0.0000e+00
   2031.310  -39.09536   59.85299    639.000    646.081     3.6781     3.6780   3.246736   3.246733    97.6559    -0.0233     2.1668      98.78          4  1030.7262  1030.7262    34.8914    34.8914    1475.74    1475.74   2031.310    6.63606   90.81961     -1.028    -0.0001    639.000  1030.7262  1030.7263    34.8914    34.8915    1475.74    1475.74    6.63470     -1.024    -0.0001 0.0000e+00
