Ship_data/Irminger/Irminger-2/ctd/process/uat30_005.cnv
* Sea-Bird SBE 9 Data File:
* FileName = C:\data\ctd\at30_005.hdr
* Software Version Seasave V 7.21f
* Temperature SN = 2265
* Conductivity SN = 3021
* Number of Bytes Per Scan = 40
* Number of Voltage Words = 5
* Number of Scans Averaged by the Deck Unit = 1
* NMEA Latitude = 59 59.33 N
* NMEA Longitude = 039 27.67 W
* NMEA UTC (Time) = Aug 14 2015  19:36:17
# nquan = 36
# nvalues = 2660                        
# units = specified
# name 0 = timeS: Time, Elapsed [seconds]
# name 1 = longitude: Longitude [deg]
# name 2 = latitude: Latitude [deg]
# name 3 = depSM: Depth [salt water, m]
# name 4 = prDM: Pressure, Digiquartz [db]
# name 5 = t090C: Temperature [ITS-90, deg C]
# name 6 = t190C: Temperature, 2 [ITS-90, deg C]
# name 7 = c0S/m: Conductivity [S/m]
# name 8 = c1S/m: Conductivity, 2 [S/m]
# name 9 = CStarTr0: Beam Transmission, WET Labs C-Star [%]
# name 10 = flECO-AFL: Fluorescence, WET Labs ECO-AFL/FL [mg/m^3]
# name 11 = sbeox0V: Oxygen raw, SBE 43 [V]
# name 12 = altM: Altimeter [m]
# name 13 = nbf: Bottles Fired
# name 14 = density00: Density [density, Kg/m^3]
# name 15 = density11: Density, 2 [density, Kg/m^3]
# name 16 = sal00: Salinity, Practical [PSU]
# name 17 = sal11: Salinity, Practical, 2 [PSU]
# name 18 = svCM: Sound Velocity [Chen-Millero, m/s]
# name 19 = svCM1: Sound Velocity, 2 [Chen-Millero, m/s]
# name 20 = timeS: Time, Elapsed [seconds]
# name 21 = sbeox0ML/L: Oxygen, SBE 43 [ml/l]
# name 22 = sbeox0PS: Oxygen, SBE 43 [% saturation]
# name 23 = dz/dtM: Descent Rate [m/s]
# name 24 = T2-T190C: Temperature Difference, 2 - 1 [ITS-90, deg C]
# name 25 = depSM: Depth [salt water, m], lat = 59.9888
# name 26 = density00: Density [density, Kg/m^3]
# name 27 = density11: Density, 2 [density, Kg/m^3]
# name 28 = sal00: Salinity, Practical [PSU]
# name 29 = sal11: Salinity, Practical, 2 [PSU]
# name 30 = svCM: Sound Velocity [Chen-Millero, m/s]
# name 31 = svCM1: Sound Velocity, 2 [Chen-Millero, m/s]
# name 32 = sbeox0ML/L: Oxygen, SBE 43 [ml/l], WS = 2
# name 33 = dz/dtM: Descent Rate [m/s], WS = 2
# name 34 = T2-T190C: Temperature Difference, 2 - 1 [ITS-90, deg C]
# name 35 = flag: flag
# span 0 =   3335.183,   7561.619       
# span 1 =  -39.48472,  -39.47350       
# span 2 =   59.99422,   59.99906       
# span 3 =      1.000,   2659.999       
# span 4 =      1.010,   2702.575       
# span 5 =     1.4177,     8.6129       
# span 6 =     1.4183,     8.5811       
# span 7 =   3.132965,   3.665874       
# span 8 =   3.132972,   3.662972       
# span 9 =    93.2611,    97.4822       
# span 10 =    -0.0255,    -0.0214      
# span 11 =     1.6924,     2.5553      
# span 12 =       9.65,     105.35      
# span 13 =          0,         25      
# span 14 =  1027.0792,  1040.3367      
# span 15 =  1027.0842,  1040.3359      
# span 16 =    34.8481,    35.0142      
# span 17 =    34.8437,    35.0123      
# span 18 =    1472.20,    1501.65      
# span 19 =    1472.21,    1501.66      
# span 20 =   3335.183,   7561.619      
# span 21 =    6.01956,    6.83763      
# span 22 =   81.49043,  102.09776      
# span 23 =     -1.959,      0.061      
# span 24 =    -0.2375,     0.0861      
# span 25 =      1.000,   2660.000      
# span 26 =  1027.0801,  1040.3367      
# span 27 =  1027.0880,  1040.3359      
# span 28 =    34.8500,    35.0185      
# span 29 =    34.8489,    35.0151      
# span 30 =    1472.20,    1501.66      
# span 31 =    1472.21,    1501.66      
# span 32 =    6.02235,    6.83278      
# span 33 =     -1.964,      0.142      
# span 34 =    -0.2375,     0.0861      
# span 35 = 0.0000e+00, 0.0000e+00      
# interval = meters: 1                  
# start_time = Aug 14 2015 19:36:17 [NMEA time, header]
# bad_flag = -9.990e-29
*END*
[from data line 242]
   3757.085  -39.47504   59.99488   2417.999   2455.292     2.5782     2.5749   3.226990   3.226564    97.4109    -0.0229     1.6964      98.78          2  1039.0833  1039.0825    34.9194    34.9179    1501.31    1501.29   3757.085    6.18405   82.39128     -0.896    -0.0033   2418.000  1039.0841  1039.0834    34.9205    34.9188    1501.31    1501.30    6.18307     -0.847    -0.0033 0.0000e+00
   3758.271  -39.47504   59.99488   2416.999   2454.271     2.5817     2.5793   3.227277   3.226951    97.4157    -0.0232     1.6962      98.78          2  1039.0785  1039.0778    34.9197    34.9184    1501.31    1501.30   3758.271    6.18335   82.38926     -0.847    -0.0024   2417.000  1039.0792  1039.0785    34.9207    34.9193    1501.31    1501.30    6.18019     -0.919    -0.0024 0.0000e+00
   3759.305  -39.47504   59.99488   2415.999   2453.250     2.5840     2.5809   3.227447   3.227069    97.4147    -0.0226     1.6960      98.78          2  1039.0739  1039.0732    34.9200    34.9187    1501.30    1501.29   3759.305    6.18012   82.35133     -0.924    -0.0031   2416.000  1039.0743  1039.0739    34.9208    34.9195    1501.30    1501.29    6.17817     -1.066    -0.0031 0.0000e+00
   3760.209  -39.47506   59.99488   2414.999   2452.228     2.5855     2.5844   3.227536   3.227360    97.4100    -0.0236     1.6958      98.78          2  1039.0690  1039.0681    34.9200    34.9186    1501.29    1501.28   3760.209    6.17792   82.32491     -1.056    -0.0011   2415.000  1039.0696  1039.0690    34.9208    34.9198    1501.29    1501.29    6.17572     -1.158    -0.0011 0.0000e+00
   3761.071  -39.47506   59.99488   2413.999   2451.207     2.5874     2.5873   3.227672   3.227576    97.4159    -0.0233     1.6956      98.78          2  1039.0642  1039.0634    34.9200    34.9189    1501.28    1501.28   3761.071    6.17656   82.31068     -1.149    -0.0001   2414.000  1039.0648  1039.0640    34.9209    34.9198    1501.28    1501.28    6.17349     -1.192    -0.0001 0.0000e+00
   3761.926  -39.47506   59.99488   2412.999   2450.186     2.5897     2.5891   3.227838   3.227701    97.4160    -0.0236     1.6954      98.78          2  1039.0594  1039.0587    34.9201    34.9191    1501.27    1501.27   3761.926    6.17389   82.27979     -1.189    -0.0006   2413.000  1039.0601  1039.0593    34.9209    34.9199    1501.28    1501.27    6.17129     -1.181    -0.0006 0.0000e+00
   3762.802  -39.47506   59.99489   2411.999   2449.165     2.5917     2.5905   3.227983   3.227793    97.4147    -0.0226     1.6950      98.78          2  1039.0547  1039.0540    34.9203    34.9191    1501.27    1501.26   3762.802    6.17146   82.25169     -1.184    -0.0012   2412.000  1039.0553  1039.0547    34.9210    34.9200    1501.27    1501.26    6.16791     -1.137    -0.0012 0.0000e+00
   3763.739  -39.47506   59.99490   2410.999   2448.143     2.5927     2.5925   3.228024   3.227939    97.4122    -0.0233     1.6950      98.78          2  1039.0500  1039.0493    34.9203    34.9195    1501.25    1501.25   3763.739    6.16926   82.22439     -1.138    -0.0002   2411.000  1039.0505  1039.0498    34.9209    34.9201    1501.25    1501.25    6.16705     -1.034    -0.0002 0.0000e+00
   3764.804  -39.47506   59.99490   2409.999   2447.122     2.5934     2.5927   3.228057   3.227921    97.4143    -0.0230     1.6946      98.78          2  1039.0454  1039.0449    34.9204    34.9196    1501.24    1501.23   3764.804    6.16644   82.18849     -1.023    -0.0008   2410.000  1039.0459  1039.0454    34.9210    34.9202    1501.24    1501.24    6.16399     -0.887    -0.0008 0.0000e+00
   3766.067  -39.47507   59.99490   2408.999   2446.101     2.5952     2.5946   3.228185   3.228065    97.4086    -0.0242     1.6944      98.78          2  1039.0406  1039.0402    34.9205    34.9198    1501.23    1501.23   3766.067    6.16389   82.15823     -0.853    -0.0007   2409.000  1039.0411  1039.0406    34.9211    34.9204    1501.23    1501.23    6.16176     -0.763    -0.0007 0.0000e+00
   3767.423  -39.47508   59.99490   2407.999   2445.080     2.5978     2.5960   3.228368   3.228139    97.4204    -0.0236     1.6945      98.78          2  1039.0358  1039.0354    34.9205    34.9197    1501.22    1501.21   3767.423    6.16065   82.12008     -0.750    -0.0017   2408.000  1039.0363  1039.0358    34.9211    34.9202    1501.22    1501.22    6.16082     -0.813    -0.0017 0.0000e+00
   3768.564  -39.47510   59.99490   2406.999   2444.058     2.5997     2.5966   3.228479   3.228148    97.4207    -0.0231     1.6949      98.78          2  1039.0308  1039.0308    34.9204    34.9197    1501.21    1501.20   3768.564    6.15932   82.10632     -0.833    -0.0031   2407.000  1039.0313  1039.0311    34.9209    34.9202    1501.21    1501.20    6.16178     -1.004    -0.0031 0.0000e+00
   3769.493  -39.47510   59.99490   2405.999   2443.037     2.6002     2.5993   3.228465   3.228341    97.4248    -0.0236     1.6945      98.78          2  1039.0261  1039.0256    34.9203    34.9195    1501.20    1501.19   3769.493    6.15829   82.09345     -0.996    -0.0009   2406.000  1039.0264  1039.0261    34.9207    34.9201    1501.20    1501.19    6.15909     -1.174    -0.0009 0.0000e+00
   3770.311  -39.47510   59.99490   2404.999   2442.016     2.6007     2.6009   3.228473   3.228420    97.4230    -0.0240     1.6944      98.78          2  1039.0214  1039.0208    34.9202    34.9193    1501.18    1501.18   3770.311    6.16159   82.13846     -1.148     0.0002   2405.000  1039.0219  1039.0211    34.9207    34.9198    1501.18    1501.18    6.15752     -1.267     0.0002 0.0000e+00
   3771.104  -39.47508   59.99490   2403.999   2440.995     2.6044     2.6036   3.228776   3.228623    97.4211    -0.0222     1.6953      98.78          2  1039.0165  1039.0157    34.9204    34.9193    1501.18    1501.18   3771.104    6.15630   82.07549     -1.250    -0.0008   2404.000  1039.0170  1039.0162    34.9210    34.9200    1501.18    1501.18    6.16082     -1.274    -0.0008 0.0000e+00
   3771.922  -39.47508   59.99490   2402.999   2439.974     2.6046     2.6046   3.228716   3.228663    97.4262    -0.0233     1.6951      98.78          2  1039.0117  1039.0111    34.9202    34.9193    1501.17    1501.16   3771.922    6.15644   82.07772     -1.277    -0.0000   2403.000  1039.0120  1039.0115    34.9204    34.9198    1501.17    1501.17    6.15870     -1.193    -0.0000 0.0000e+00
   3772.841  -39.47509   59.99490   2401.999   2438.952     2.6025     2.6040   3.228435   3.228564    97.4261    -0.0228     1.6951      98.78          2  1039.0071  1039.0068    34.9197    34.9195    1501.14    1501.14   3772.841    6.15810   82.09538     -1.200     0.0014   2402.000  1039.0072  1039.0070    34.9198    34.9198    1501.14    1501.15    6.15860     -1.027     0.0014 0.0000e+00
   3773.950  -39.47510   59.99490   2400.999   2437.931     2.6012     2.6026   3.228262   3.228384    97.4344    -0.0227     1.6953      98.78          2  1039.0026  1039.0023    34.9194    34.9194    1501.12    1501.12   3773.950    6.15790   82.08989     -1.003     0.0015   2401.000  1039.0027  1039.0024    34.9196    34.9195    1501.12    1501.12    6.15877     -0.869     0.0015 0.0000e+00
   3775.143  -39.47512   59.99490   2399.999   2436.910     2.6017     2.6029   3.228283   3.228336    97.4362    -0.0237     1.6956      98.78          2  1038.9979  1038.9973    34.9195    34.9189    1501.10    1501.10   3775.143    6.15701   82.07909     -0.860     0.0012   2400.000  1038.9982  1038.9976    34.9198    34.9191    1501.10    1501.11    6.15951     -0.883     0.0012 0.0000e+00
   3776.257  -39.47512   59.99492   2398.999   2435.889     2.6035     2.6034   3.228376   3.228320    97.4415    -0.0233     1.6955      98.78          2  1038.9929  1038.9926    34.9192    34.9187    1501.09    1501.09   3776.257    6.15825   82.09912     -0.892    -0.0001   2399.000  1038.9932  1038.9927    34.9194    34.9188    1501.09    1501.09    6.15796     -0.951    -0.0001 0.0000e+00
   3777.308  -39.47514   59.99492   2397.999   2434.868     2.6039     2.6037   3.228360   3.228298    97.4384    -0.0225     1.6957      98.78          2  1038.9883  1038.9879    34.9191    34.9186    1501.07    1501.07   3777.308    6.15718   82.08563     -0.954    -0.0002   2398.000  1038.9884  1038.9880    34.9193    34.9188    1501.08    1501.07    6.15787     -0.971    -0.0002 0.0000e+00
   3778.359  -39.47512   59.99490   2396.999   2433.847     2.6041     2.6048   3.228329   3.228329    97.4424    -0.0219     1.6959      98.78          2  1038.9835  1038.9829    34.9189    34.9182    1501.06    1501.06   3778.359    6.15637   82.07517     -0.972     0.0007   2397.000  1038.9838  1038.9832    34.9192    34.9185    1501.06    1501.06    6.15803     -0.997     0.0007 0.0000e+00
   3779.342  -39.47512   59.99490   2395.999   2432.825     2.6065     2.6066   3.228501   3.228426    97.4447    -0.0232     1.6963      98.78          2  1038.9786  1038.9779    34.9189    34.9179    1501.05    1501.05   3779.342    6.15609   82.07613     -0.997     0.0001   2396.000  1038.9789  1038.9781    34.9193    34.9182    1501.05    1501.05    6.15902     -1.074     0.0001 0.0000e+00
   3780.269  -39.47510   59.99490   2394.999   2431.804     2.6082     2.6084   3.228629   3.228553    97.4434    -0.0229     1.6965      98.78          2  1038.9739  1038.9730    34.9189    34.9179    1501.04    1501.04   3780.269    6.15584   82.07636     -1.069     0.0002   2395.000  1038.9742  1038.9733    34.9194    34.9183    1501.04    1501.04    6.15902     -1.103     0.0002 0.0000e+00
   3781.202  -39.47512   59.99492   2393.999   2430.783     2.6110     2.6102   3.228821   3.228680    97.4401    -0.0238     1.6965      98.78          2  1038.9688  1038.9681    34.9188    34.9179    1501.04    1501.03   3781.202    6.15643   82.08987     -1.103    -0.0008   2394.000  1038.9691  1038.9686    34.9192    34.9184    1501.04    1501.03    6.15778     -1.056    -0.0008 0.0000e+00
   3782.214  -39.47512   59.99492   2392.999   2429.762     2.6133     2.6115   3.229007   3.228769    97.4394    -0.0233     1.6966      98.78          2  1038.9641  1038.9637    34.9191    34.9183    1501.03    1501.02   3782.214    6.15648   82.09538     -1.054    -0.0018   2393.000  1038.9645  1038.9640    34.9195    34.9186    1501.03    1501.02    6.15691     -0.981    -0.0018 0.0000e+00
   3783.277  -39.47514   59.99492   2391.999   2428.741     2.6149     2.6136   3.229102   3.228925    97.4437    -0.0239     1.6971      98.78          2  1038.9594  1038.9590    34.9191    34.9184    1501.02    1501.01   3783.277    6.15565   82.08767     -0.977    -0.0013   2392.000  1038.9596  1038.9594    34.9195    34.9188    1501.02    1501.01    6.15878     -0.973    -0.0013 0.0000e+00
   3784.296  -39.47516   59.99492   2390.999   2427.720     2.6161     2.6153   3.229161   3.229017    97.4375    -0.0228     1.6972      98.78          2  1038.9546  1038.9540    34.9190    34.9181    1501.01    1501.00   3784.296    6.15485   82.07922     -0.974    -0.0008   2391.000  1038.9548  1038.9543    34.9194    34.9185    1501.01    1501.00    6.15789     -1.060    -0.0008 0.0000e+00
   3785.208  -39.47516   59.99492   2389.999   2426.699     2.6174     2.6171   3.229254   3.229148    97.4421    -0.0241     1.6978      98.78          2  1038.9500  1038.9493    34.9192    34.9183    1500.99    1500.99   3785.208    6.15634   82.10195     -1.053    -0.0003   2390.000  1038.9503  1038.9496    34.9196    34.9186    1501.00    1500.99    6.15987     -1.143    -0.0003 0.0000e+00
   3786.085  -39.47516   59.99492   2388.999   2425.677     2.6187     2.6187   3.229343   3.229253    97.4447    -0.0246     1.6980      98.78          2  1038.9453  1038.9445    34.9194    34.9183    1500.98    1500.98   3786.085    6.15601   82.10018     -1.136 7.9956e-07   2389.000  1038.9457  1038.9448    34.9198    34.9187    1500.98    1500.98    6.16010     -1.149 8.2605e-07 0.0000e+00
   3786.994  -39.47516   59.99492   2387.999   2424.656     2.6201     2.6195   3.229451   3.229305    97.4446    -0.0235     1.6981      98.78          2  1038.9407  1038.9399    34.9195    34.9185    1500.97    1500.97   3786.994    6.15736   82.12128     -1.150    -0.0006   2388.000  1038.9412  1038.9403    34.9201    34.9190    1500.97    1500.97    6.15928     -1.074    -0.0006 0.0000e+00
   3788.020  -39.47514   59.99492   2386.999   2423.635     2.6235     2.6228   3.229744   3.229587    97.4446    -0.0224     1.6978      98.78          2  1038.9359  1038.9352    34.9199    34.9188    1500.97    1500.97   3788.020    6.15766   82.13235     -1.066    -0.0007   2387.000  1038.9364  1038.9357    34.9205    34.9193    1500.97    1500.97    6.15656     -0.914    -0.0007 0.0000e+00
   3789.258  -39.47514   59.99492   2385.999   2422.614     2.6261     2.6250   3.229949   3.229765    97.4463    -0.0226     1.6982      98.78          2  1038.9312  1038.9305    34.9201    34.9191    1500.96    1500.96   3789.258    6.15618   82.11806     -0.876    -0.0011   2386.000  1038.9316  1038.9309    34.9207    34.9196    1500.97    1500.96    6.15716     -0.805    -0.0011 0.0000e+00
   3790.471  -39.47516   59.99494   2384.999   2421.593     2.6282     2.6268   3.230103   3.229876    97.4478    -0.0228     1.6982      98.78          2  1038.9264  1038.9258    34.9202    34.9192    1500.96    1500.95   3790.471    6.15468   82.10246     -0.810    -0.0015   2385.000  1038.9268  1038.9261    34.9207    34.9196    1500.96    1500.95    6.15590     -0.929    -0.0015 0.0000e+00
   3791.480  -39.47516   59.99494   2383.999   2420.572     2.6301     2.6285   3.230224   3.230011    97.4411    -0.0222     1.6985      98.78          2  1038.9216  1038.9209    34.9202    34.9191    1500.95    1500.94   3791.480    6.15496   82.10994     -0.934    -0.0015   2384.000  1038.9220  1038.9215    34.9207    34.9198    1500.95    1500.94    6.15658     -1.093    -0.0015 0.0000e+00
   3792.361  -39.47516   59.99494   2382.999   2419.551     2.6316     2.6312   3.230332   3.230208    97.4486    -0.0233     1.6990      98.78          2  1038.9170  1038.9161    34.9204    34.9193    1500.94    1500.93   3792.361    6.15365   82.09564     -1.078    -0.0004   2383.000  1038.9174  1038.9166    34.9209    34.9198    1500.94    1500.93    6.15783     -1.180    -0.0004 0.0000e+00
   3793.217  -39.47518   59.99494   2381.999   2418.530     2.6340     2.6338   3.230511   3.230394    97.4471    -0.0222     1.6990      98.78          2  1038.9121  1038.9111    34.9204    34.9192    1500.93    1500.93   3793.217    6.15270   82.08787     -1.173    -0.0002   2382.000  1038.9125  1038.9116    34.9210    34.9198    1500.93    1500.93    6.15665     -1.172    -0.0002 0.0000e+00
   3794.116  -39.47518   59.99494   2380.999   2417.509     2.6355     2.6351   3.230605   3.230481    97.4468    -0.0225     1.6992      98.78          2  1038.9073  1038.9065    34.9205    34.9194    1500.92    1500.92   3794.116    6.15572   82.13135     -1.173    -0.0004   2381.000  1038.9077  1038.9070    34.9210    34.9199    1500.92    1500.92    6.15682     -1.075    -0.0004 0.0000e+00
   3795.150  -39.47518   59.99494   2379.999   2416.488     2.6379     2.6364   3.230802   3.230574    97.4383    -0.0237     1.6993      98.78          2  1038.9026  1038.9020    34.9207    34.9197    1500.91    1500.90   3795.150    6.15477   82.12354     -1.065    -0.0015   2380.000  1038.9031  1038.9025    34.9213    34.9202    1500.91    1500.90    6.15587     -0.915    -0.0015 0.0000e+00
   3796.349  -39.47518   59.99494   2378.999   2415.467     2.6410     2.6396   3.231031   3.230831    97.4427    -0.0237     1.6991      98.78          2  1038.8976  1038.8970    34.9207    34.9196    1500.91    1500.90   3796.349    6.15462   82.12798     -0.888    -0.0014   2379.000  1038.8981  1038.8975    34.9212    34.9203    1500.91    1500.90    6.15361     -0.864    -0.0014 0.0000e+00
