Ship_data/Irminger/Irminger-2/ctd/process/uat30_005.cnv
* Sea-Bird SBE 9 Data File:
* FileName = C:\data\ctd\at30_005.hdr
* Software Version Seasave V 7.21f
* Temperature SN = 2265
* Conductivity SN = 3021
* Number of Bytes Per Scan = 40
* Number of Voltage Words = 5
* Number of Scans Averaged by the Deck Unit = 1
* NMEA Latitude = 59 59.33 N
* NMEA Longitude = 039 27.67 W
* NMEA UTC (Time) = Aug 14 2015  19:36:17
# nquan = 36
# nvalues = 2660                        
# units = specified
# name 0 = timeS: Time, Elapsed [seconds]
# name 1 = longitude: Longitude [deg]
# name 2 = latitude: Latitude [deg]
# name 3 = depSM: Depth [salt water, m]
# name 4 = prDM: Pressure, Digiquartz [db]
# name 5 = t090C: Temperature [ITS-90, deg C]
# name 6 = t190C: Temperature, 2 [ITS-90, deg C]
# name 7 = c0S/m: Conductivity [S/m]
# name 8 = c1S/m: Conductivity, 2 [S/m]
# name 9 = CStarTr0: Beam Transmission, WET Labs C-Star [%]
# name 10 = flECO-AFL: Fluorescence, WET Labs ECO-AFL/FL [mg/m^3]
# name 11 = sbeox0V: Oxygen raw, SBE 43 [V]
# name 12 = altM: Altimeter [m]
# name 13 = nbf: Bottles Fired
# name 14 = density00: Density [density, Kg/m^3]
# name 15 = density11: Density, 2 [density, Kg/m^3]
# name 16 = sal00: Salinity, Practical [PSU]
# name 17 = sal11: Salinity, Practical, 2 [PSU]
# name 18 = svCM: Sound Velocity [Chen-Millero, m/s]
# name 19 = svCM1: Sound Velocity, 2 [Chen-Millero, m/s]
# name 20 = timeS: Time, Elapsed [seconds]
# name 21 = sbeox0ML/L: Oxygen, SBE 43 [ml/l]
# name 22 = sbeox0PS: Oxygen, SBE 43 [% saturation]
# name 23 = dz/dtM: Descent Rate [m/s]
# name 24 = T2-T190C: Temperature Difference, 2 - 1 [ITS-90, deg C]
# name 25 = depSM: Depth [salt water, m], lat = 59.9888
# name 26 = density00: Density [density, Kg/m^3]
# name 27 = density11: Density, 2 [density, Kg/m^3]
# name 28 = sal00: Salinity, Practical [PSU]
# name 29 = sal11: Salinity, Practical, 2 [PSU]
# name 30 = svCM: Sound Velocity [Chen-Millero, m/s]
# name 31 = svCM1: Sound Velocity, 2 [Chen-Millero, m/s]
# name 32 = sbeox0ML/L: Oxygen, SBE 43 [ml/l], WS = 2
# name 33 = dz/dtM: Descent Rate [m/s], WS = 2
# name 34 = T2-T190C: Temperature Difference, 2 - 1 [ITS-90, deg C]
# name 35 = flag: flag
# span 0 =   3335.183,   7561.619       
# span 1 =  -39.48472,  -39.47350       
# span 2 =   59.99422,   59.99906       
# span 3 =      1.000,   2659.999       
# span 4 =      1.010,   2702.575       
# span 5 =     1.4177,     8.6129       
# span 6 =     1.4183,     8.5811       
# span 7 =   3.132965,   3.665874       
# span 8 =   3.132972,   3.662972       
# span 9 =    93.2611,    97.4822       
# span 10 =    -0.0255,    -0.0214      
# span 11 =     1.6924,     2.5553      
# span 12 =       9.65,     105.35      
# span 13 =          0,         25      
# span 14 =  1027.0792,  1040.3367      
# span 15 =  1027.0842,  1040.3359      
# span 16 =    34.8481,    35.0142      
# span 17 =    34.8437,    35.0123      
# span 18 =    1472.20,    1501.65      
# span 19 =    1472.21,    1501.66      
# span 20 =   3335.183,   7561.619      
# span 21 =    6.01956,    6.83763      
# span 22 =   81.49043,  102.09776      
# span 23 =     -1.959,      0.061      
# span 24 =    -0.2375,     0.0861      
# span 25 =      1.000,   2660.000      
# span 26 =  1027.0801,  1040.3367      
# span 27 =  1027.0880,  1040.3359      
# span 28 =    34.8500,    35.0185      
# span 29 =    34.8489,    35.0151      
# span 30 =    1472.20,    1501.66      
# span 31 =    1472.21,    1501.66      
# span 32 =    6.02235,    6.83278      
# span 33 =     -1.964,      0.142      
# span 34 =    -0.2375,     0.0861      
# span 35 = 0.0000e+00, 0.0000e+00      
# interval = meters: 1                  
# start_time = Aug 14 2015 19:36:17 [NMEA time, header]
# bad_flag = -9.990e-29
*END*
[from data line 605]
   4257.798  -39.47680   59.99564   2054.999   2084.891     3.0417     3.0426   3.253690   3.253740    97.4380    -0.0240     1.7514      98.78          3  1037.3662  1037.3657    34.9253    34.9248    1497.05    1497.06   4257.798    6.08899   82.06329     -0.899     0.0009   2055.000  1037.3663  1037.3660    34.9255    34.9252    1497.05    1497.06    6.08488     -0.843     0.0009 0.0000e+00
   4258.982  -39.47680   59.99564   2053.999   2083.871     3.0419     3.0426   3.253670   3.253686    97.4358    -0.0229     1.7518      98.78          3  1037.3616  1037.3611    34.9252    34.9247    1497.04    1497.04   4258.982    6.08578   82.02052     -0.845     0.0007   2054.000  1037.3618  1037.3613    34.9255    34.9250    1497.04    1497.04    6.08573     -0.937     0.0007 0.0000e+00
   4259.988  -39.47680   59.99564   2052.999   2082.852     3.0423     3.0427   3.253671   3.253639    97.4359    -0.0233     1.7517      98.78          3  1037.3569  1037.3564    34.9252    34.9246    1497.02    1497.02   4259.988    6.08331   81.98804     -0.940     0.0003   2053.000  1037.3572  1037.3566    34.9256    34.9248    1497.02    1497.02    6.08468     -1.095     0.0003 0.0000e+00
   4260.859  -39.47680   59.99564   2051.999   2081.832     3.0445     3.0437   3.253871   3.253686    97.4420    -0.0222     1.7522      98.78          3  1037.3523  1037.3516    34.9255    34.9244    1497.01    1497.01   4260.859    6.08389   82.00042     -1.078    -0.0008   2052.000  1037.3528  1037.3518    34.9262    34.9248    1497.01    1497.01    6.08579     -1.197    -0.0008 0.0000e+00
   4261.695  -39.47681   59.99564   2050.999   2080.813     3.0510     3.0502   3.254477   3.254288    97.4402    -0.0227     1.7525      98.78          3  1037.3473  1037.3462    34.9261    34.9246    1497.03    1497.02   4261.695    6.08155   81.98240     -1.188    -0.0009   2051.000  1037.3479  1037.3470    34.9270    34.9256    1497.03    1497.02    6.08551     -1.204    -0.0009 0.0000e+00
   4262.557  -39.47682   59.99565   2049.999   2079.793     3.0567     3.0558   3.255023   3.254809    97.4446    -0.0225     1.7527      98.78          3  1037.3424  1037.3413    34.9267    34.9252    1497.03    1497.03   4262.557    6.08032   81.97759     -1.207    -0.0009   2050.000  1037.3434  1037.3422    34.9280    34.9263    1497.03    1497.03    6.08434     -1.136    -0.0009 0.0000e+00
   4263.505  -39.47682   59.99566   2048.999   2078.774     3.0615     3.0595   3.255390   3.255111    97.4425    -0.0222     1.7525      98.78          3  1037.3373  1037.3367    34.9270    34.9257    1497.04    1497.03   4263.505    6.08255   82.01739     -1.138    -0.0020   2049.000  1037.3380  1037.3373    34.9278    34.9266    1497.04    1497.03    6.08170     -1.044    -0.0020 0.0000e+00
   4264.510  -39.47682   59.99566   2047.999   2077.754     3.0634     3.0627   3.255523   3.255385    97.4457    -0.0225     1.7519      98.78          3  1037.3325  1037.3319    34.9271    34.9262    1497.03    1497.02   4264.510    6.08171   82.01014     -1.042    -0.0007   2048.000  1037.3331  1037.3325    34.9278    34.9269    1497.03    1497.02    6.07775     -1.003    -0.0007 0.0000e+00
   4265.535  -39.47682   59.99566   2046.999   2076.735     3.0643     3.0636   3.255546   3.255426    97.4446    -0.0222     1.7519      98.78          3  1037.3279  1037.3275    34.9271    34.9265    1497.01    1497.01   4265.535    6.07971   81.98500     -1.002    -0.0008   2047.000  1037.3282  1037.3279    34.9276    34.9270    1497.02    1497.01    6.07702     -0.980    -0.0008 0.0000e+00
   4266.616  -39.47682   59.99566   2045.999   2075.715     3.0647     3.0637   3.255552   3.255394    97.4476    -0.0241     1.7514      98.78          3  1037.3234  1037.3229    34.9273    34.9264    1497.00    1496.99   4266.616    6.07639   81.94102     -0.973    -0.0010   2046.000  1037.3239  1037.3234    34.9278    34.9270    1497.00    1496.99    6.07351     -0.872    -0.0010 0.0000e+00
   4267.935  -39.47682   59.99566   2044.999   2074.696     3.0660     3.0657   3.255616   3.255544    97.4461    -0.0231     1.7514      98.78          3  1037.3186  1037.3181    34.9272    34.9266    1496.99    1496.99   4267.935    6.07429   81.91536     -0.823    -0.0003   2045.000  1037.3190  1037.3186    34.9277    34.9272    1496.99    1496.99    6.07256     -0.728    -0.0003 0.0000e+00
   4269.292  -39.47682   59.99566   2043.999   2073.676     3.0665     3.0669   3.255610   3.255580    97.4514    -0.0232     1.7511      98.78          3  1037.3138  1037.3132    34.9271    34.9264    1496.97    1496.97   4269.292    6.07150   81.87871     -0.726     0.0003   2044.000  1037.3142  1037.3136    34.9275    34.9268    1496.97    1496.97    6.06983     -0.872     0.0003 0.0000e+00
   4270.305  -39.47684   59.99566   2042.999   2072.657     3.0670     3.0671   3.255605   3.255553    97.4458    -0.0222     1.7509      98.78          3  1037.3092  1037.3087    34.9271    34.9264    1496.96    1496.96   4270.305    6.07004   81.85990     -0.884     0.0001   2043.000  1037.3094  1037.3090    34.9274    34.9268    1496.96    1496.96    6.06814     -1.116     0.0001 0.0000e+00
   4271.148  -39.47684   59.99566   2041.999   2071.637     3.0678     3.0681   3.255650   3.255594    97.4525    -0.0237     1.7511      98.78          3  1037.3047  1037.3038    34.9272    34.9262    1496.94    1496.94   4271.148    6.06812   81.83585     -1.086     0.0002   2042.000  1037.3049  1037.3042    34.9276    34.9267    1496.94    1496.94    6.06830     -1.262     0.0002 0.0000e+00
   4271.928  -39.47686   59.99566   2040.999   2070.618     3.0686     3.0689   3.255679   3.255617    97.4476    -0.0227     1.7512      98.78          3  1037.2999  1037.2991    34.9272    34.9262    1496.93    1496.93   4271.928    6.06665   81.81751     -1.233     0.0003   2041.000  1037.3003  1037.2994    34.9276    34.9266    1496.93    1496.93    6.06786     -1.330     0.0003 0.0000e+00
   4272.680  -39.47686   59.99567   2039.999   2069.598     3.0696     3.0701   3.255718   3.255689    97.4490    -0.0239     1.7514      98.78          3  1037.2952  1037.2944    34.9271    34.9263    1496.92    1496.92   4272.680    6.06566   81.80623     -1.317     0.0005   2040.000  1037.2954  1037.2947    34.9275    34.9266    1496.92    1496.92    6.06756     -1.316     0.0005 0.0000e+00
   4273.485  -39.47686   59.99568   2038.999   2068.579     3.0704     3.0708   3.255729   3.255708    97.4496    -0.0233     1.7515      98.78          3  1037.2904  1037.2898    34.9270    34.9263    1496.90    1496.90   4273.485    6.06622   81.81512     -1.325     0.0004   2039.000  1037.2906  1037.2900    34.9273    34.9266    1496.90    1496.90    6.06727     -1.193     0.0004 0.0000e+00
   4274.435  -39.47684   59.99568   2037.999   2067.560     3.0705     3.0709   3.255704   3.255693    97.4487    -0.0233     1.7513      98.78          3  1037.2859  1037.2854    34.9271    34.9266    1496.89    1496.89   4274.435    6.06580   81.80983     -1.194     0.0004   2038.000  1037.2861  1037.2856    34.9273    34.9268    1496.89    1496.89    6.06572     -0.944     0.0004 0.0000e+00
   4275.796  -39.47684   59.99568   2036.999   2066.540     3.0719     3.0717   3.255790   3.255738    97.4521    -0.0234     1.7514      98.78          3  1037.2811  1037.2809    34.9271    34.9267    1496.88    1496.87   4275.796    6.06509   81.80294     -0.841    -0.0002   2037.000  1037.2814  1037.2811    34.9274    34.9270    1496.88    1496.87    6.06495     -0.658    -0.0002 0.0000e+00
   4277.341  -39.47684   59.99568   2035.999   2065.521     3.0738     3.0742   3.255924   3.255895    97.4621    -0.0243     1.7517      98.78          3  1037.2764  1037.2756    34.9271    34.9263    1496.87    1496.87   4277.341    6.06370   81.78815     -0.624     0.0004   2036.000  1037.2766  1037.2760    34.9275    34.9267    1496.87    1496.87    6.06546     -0.801     0.0004 0.0000e+00
   4278.401  -39.47686   59.99568   2034.999   2064.501     3.0750     3.0736   3.255980   3.255795    97.4511    -0.0225     1.7516      98.78          3  1037.2715  1037.2714    34.9271    34.9266    1496.85    1496.85   4278.401    6.06361   81.78941     -0.834    -0.0015   2035.000  1037.2717  1037.2715    34.9274    34.9267    1496.85    1496.85    6.06398     -1.074    -0.0015 0.0000e+00
   4279.275  -39.47686   59.99568   2033.999   2063.482     3.0761     3.0750   3.256049   3.255889    97.4542    -0.0238     1.7520      98.78          3  1037.2668  1037.2664    34.9272    34.9263    1496.84    1496.84   4279.275    6.06307   81.78422     -1.052    -0.0011   2034.000  1037.2672  1037.2667    34.9276    34.9268    1496.84    1496.84    6.06452     -1.201    -0.0011 0.0000e+00
   4280.103  -39.47688   59.99568   2032.999   2062.462     3.0780     3.0774   3.256176   3.256061    97.4525    -0.0241     1.7520      98.78          3  1037.2621  1037.2616    34.9272    34.9264    1496.83    1496.83   4280.103    6.06312   81.78872     -1.187    -0.0006   2033.000  1037.2623  1037.2618    34.9276    34.9268    1496.83    1496.83    6.06359     -1.240    -0.0006 0.0000e+00
   4280.923  -39.47688   59.99568   2031.999   2061.443     3.0786     3.0784   3.256194   3.256112    97.4255    -0.0234     1.7525      98.78          3  1037.2574  1037.2570    34.9273    34.9265    1496.82    1496.82   4280.923    6.06160   81.76956     -1.236    -0.0002   2032.000  1037.2577  1037.2572    34.9276    34.9269    1496.82    1496.82    6.06539     -1.238    -0.0002 0.0000e+00
   4281.752  -39.47687   59.99568   2030.999   2060.424     3.0787     3.0793   3.256152   3.256148    97.4449    -0.0229     1.7523      98.78          3  1037.2528  1037.2522    34.9272    34.9266    1496.80    1496.80   4281.752    6.06097   81.76134     -1.240     0.0005   2031.000  1037.2531  1037.2524    34.9274    34.9268    1496.80    1496.80    6.06353     -1.185     0.0005 0.0000e+00
   4282.658  -39.47686   59.99568   2029.999   2059.404     3.0791     3.0795   3.256160   3.256134    97.4527    -0.0229     1.7525      98.78          3  1037.2483  1037.2477    34.9274    34.9266    1496.79    1496.79   4282.658    6.06354   81.79676     -1.192     0.0004   2030.000  1037.2485  1037.2479    34.9276    34.9269    1496.79    1496.79    6.06349     -1.033     0.0004 0.0000e+00
   4283.795  -39.47687   59.99568   2028.999   2058.385     3.0810     3.0806   3.256289   3.256200    97.4528    -0.0237     1.7524      98.78          3  1037.2434  1037.2430    34.9273    34.9267    1496.78    1496.77   4283.795    6.06240   81.78521     -0.997    -0.0005   2029.000  1037.2437  1037.2433    34.9276    34.9271    1496.78    1496.78    6.06188     -0.818    -0.0005 0.0000e+00
   4285.111  -39.47688   59.99568   2027.999   2057.365     3.0830     3.0822   3.256414   3.256305    97.4452    -0.0221     1.7529      98.78          3  1037.2385  1037.2383    34.9272    34.9268    1496.77    1496.76   4285.111    6.06107   81.77119     -0.777    -0.0007   2028.000  1037.2388  1037.2385    34.9276    34.9270    1496.77    1496.77    6.06311     -0.848    -0.0007 0.0000e+00
   4286.154  -39.47688   59.99568   2026.999   2056.346     3.0837     3.0829   3.256430   3.256307    97.4504    -0.0229     1.7532      98.78          3  1037.2339  1037.2335    34.9272    34.9267    1496.75    1496.75   4286.154    6.05995   81.75749     -0.866    -0.0008   2027.000  1037.2340  1037.2336    34.9274    34.9268    1496.75    1496.75    6.06359     -1.086    -0.0008 0.0000e+00
   4287.023  -39.47689   59.99570   2025.999   2055.327     3.0838     3.0836   3.256394   3.256331    97.4446    -0.0233     1.7539      98.78          3  1037.2294  1037.2288    34.9273    34.9266    1496.74    1496.74   4287.023    6.06078   81.76887     -1.064    -0.0002   2026.000  1037.2295  1037.2291    34.9275    34.9269    1496.74    1496.74    6.06616     -1.210    -0.0002 0.0000e+00
   4287.847  -39.47690   59.99570   2024.999   2054.307     3.0841     3.0844   3.256375   3.256349    97.4458    -0.0223     1.7535      98.78          3  1037.2247  1037.2241    34.9272    34.9266    1496.72    1496.72   4287.847    6.06216   81.78812     -1.194     0.0003   2025.000  1037.2249  1037.2244    34.9274    34.9268    1496.72    1496.72    6.06362     -1.187     0.0003 0.0000e+00
   4288.759  -39.47690   59.99570   2023.999   2053.288     3.0843     3.0848   3.256353   3.256352    97.4509    -0.0225     1.7533      98.78          3  1037.2201  1037.2195    34.9272    34.9266    1496.71    1496.71   4288.759    6.06350   81.80653     -1.189     0.0006   2024.000  1037.2202  1037.2197    34.9274    34.9268    1496.71    1496.71    6.06152     -1.009     0.0006 0.0000e+00
   4290.001  -39.47690   59.99570   2022.999   2052.269     3.0846     3.0851   3.256348   3.256351    97.4490    -0.0227     1.7535      98.78          3  1037.2156  1037.2151    34.9273    34.9268    1496.69    1496.69   4290.001    6.06163   81.78206     -0.936     0.0005   2023.000  1037.2157  1037.2152    34.9275    34.9270    1496.69    1496.69    6.06183     -0.707     0.0005 0.0000e+00
   4291.644  -39.47690   59.99570   2021.999   2051.249     3.0858     3.0863   3.256407   3.256402    97.4487    -0.0236     1.7541      98.78          3  1037.2107  1037.2102    34.9272    34.9266    1496.68    1496.68   4291.644    6.06013   81.76415     -0.619     0.0006   2022.000  1037.2109  1037.2103    34.9274    34.9268    1496.68    1496.68    6.06354     -0.655     0.0006 0.0000e+00
   4293.004  -39.47690   59.99570   2020.999   2050.230     3.0870     3.0866   3.256464   3.256378    97.4530    -0.0237     1.7540      98.78          3  1037.2059  1037.2056    34.9271    34.9266    1496.67    1496.66   4293.004    6.06221   81.79447     -0.705    -0.0004   2021.000  1037.2061  1037.2057    34.9273    34.9267    1496.67    1496.66    6.06233     -0.855    -0.0004 0.0000e+00
   4294.102  -39.47690   59.99570   2019.999   2049.210     3.0875     3.0873   3.256471   3.256401    97.4490    -0.0234     1.7541      98.78          3  1037.2013  1037.2008    34.9272    34.9265    1496.65    1496.65   4294.102    6.06214   81.79475     -0.872    -0.0002   2020.000  1037.2014  1037.2010    34.9273    34.9268    1496.65    1496.65    6.06176     -0.983    -0.0002 0.0000e+00
   4295.098  -39.47692   59.99570   2018.999   2048.191     3.0887     3.0887   3.256541   3.256485    97.4515    -0.0235     1.7543      98.78          3  1037.1965  1037.1960    34.9270    34.9265    1496.64    1496.64   4295.098    6.06010   81.76955     -0.985    -0.0000   2019.000  1037.1968  1037.1963    34.9274    34.9267    1496.64    1496.64    6.06158     -1.048    -0.0000 0.0000e+00
   4296.059  -39.47692   59.99570   2017.999   2047.172     3.0911     3.0902   3.256726   3.256583    97.4490    -0.0234     1.7544      98.78          3  1037.1918  1037.1913    34.9272    34.9266    1496.63    1496.63   4296.059    6.05991   81.77183     -1.046    -0.0009   2018.000  1037.1920  1037.1915    34.9276    34.9268    1496.63    1496.63    6.06130     -1.044    -0.0009 0.0000e+00
   4297.055  -39.47692   59.99572   2016.999   2046.152     3.0925     3.0923   3.256805   3.256725    97.4457    -0.0225     1.7546      98.78          3  1037.1869  1037.1864    34.9271    34.9265    1496.62    1496.62   4297.055    6.05945   81.76844     -1.044    -0.0002   2017.000  1037.1871  1037.1866    34.9275    34.9268    1496.62    1496.62    6.06117     -0.973    -0.0002 0.0000e+00
