Ship_data/Irminger/Irminger-2/ctd/process/uat30_006.cnv
* Sea-Bird SBE 9 Data File:
* FileName = C:\data\ctd\at30_006.hdr
* Software Version Seasave V 7.21f
* Temperature SN = 2265
* Conductivity SN = 3021
* Number of Bytes Per Scan = 40
* Number of Voltage Words = 5
* Number of Scans Averaged by the Deck Unit = 1
* NMEA Latitude = 59 51.06 N
* NMEA Longitude = 039 05.71 W
* NMEA UTC (Time) = Aug 17 2015  17:02:11
# nquan = 36
# nvalues = 1000                        
# units = specified
# name 0 = timeS: Time, Elapsed [seconds]
# name 1 = longitude: Longitude [deg]
# name 2 = latitude: Latitude [deg]
# name 3 = depSM: Depth [salt water, m]
# name 4 = prDM: Pressure, Digiquartz [db]
# name 5 = t090C: Temperature [ITS-90, deg C]
# name 6 = t190C: Temperature, 2 [ITS-90, deg C]
# name 7 = c0S/m: Conductivity [S/m]
# name 8 = c1S/m: Conductivity, 2 [S/m]
# name 9 = CStarTr0: Beam Transmission, WET Labs C-Star [%]
# name 10 = flECO-AFL: Fluorescence, WET Labs ECO-AFL/FL [mg/m^3]
# name 11 = sbeox0V: Oxygen raw, SBE 43 [V]
# name 12 = altM: Altimeter [m]
# name 13 = nbf: Bottles Fired
# name 14 = density00: Density [density, Kg/m^3]
# name 15 = density11: Density, 2 [density, Kg/m^3]
# name 16 = sal00: Salinity, Practical [PSU]
# name 17 = sal11: Salinity, Practical, 2 [PSU]
# name 18 = svCM: Sound Velocity [Chen-Millero, m/s]
# name 19 = svCM1: Sound Velocity, 2 [Chen-Millero, m/s]
# name 20 = timeS: Time, Elapsed [seconds]
# name 21 = sbeox0ML/L: Oxygen, SBE 43 [ml/l]
# name 22 = sbeox0PS: Oxygen, SBE 43 [% saturation]
# name 23 = dz/dtM: Descent Rate [m/s]
# name 24 = T2-T190C: Temperature Difference, 2 - 1 [ITS-90, deg C]
# name 25 = depSM: Depth [salt water, m], lat = 59.851
# name 26 = density00: Density [density, Kg/m^3]
# name 27 = density11: Density, 2 [density, Kg/m^3]
# name 28 = sal00: Salinity, Practical [PSU]
# name 29 = sal11: Salinity, Practical, 2 [PSU]
# name 30 = svCM: Sound Velocity [Chen-Millero, m/s]
# name 31 = svCM1: Sound Velocity, 2 [Chen-Millero, m/s]
# name 32 = sbeox0ML/L: Oxygen, SBE 43 [ml/l], WS = 2
# name 33 = dz/dtM: Descent Rate [m/s], WS = 2
# name 34 = T2-T190C: Temperature Difference, 2 - 1 [ITS-90, deg C]
# name 35 = flag: flag
# span 0 =   1490.516,   3543.226       
# span 1 =  -39.09567,  -39.09525       
# span 2 =   59.85218,   59.85512       
# span 3 =      1.000,   1000.000       
# span 4 =      1.010,   1011.966       
# span 5 =     3.6134,     8.6038       
# span 6 =     3.6143,     8.6042       
# span 7 =   3.239008,   3.665997       
# span 8 =   3.239062,   3.665992       
# span 9 =    93.4576,    97.6829       
# span 10 =    -0.0243,    -0.0218      
# span 11 =     2.0748,     2.5435      
# span 12 =      17.13,     101.15      
# span 13 =          2,         11      
# span 14 =  1027.0897,  1032.4042      
# span 15 =  1027.0891,  1032.4039      
# span 16 =    34.8614,    34.9252      
# span 17 =    34.8559,    34.9253      
# span 18 =    1469.54,    1484.70      
# span 19 =    1469.53,    1484.66      
# span 20 =   1490.516,   3543.226      
# span 21 =    6.46967,    6.79933      
# span 22 =   89.21260,  101.93974      
# span 23 =     -1.563,      0.007      
# span 24 =    -0.1579,     0.0781      
# span 25 =      1.000,   1000.000      
# span 26 =  1027.0896,  1032.4042      
# span 27 =  1027.0891,  1032.4039      
# span 28 =    34.8623,    34.9262      
# span 29 =    34.8632,    34.9262      
# span 30 =    1469.54,    1484.71      
# span 31 =    1469.53,    1484.67      
# span 32 =    6.47357,    6.80142      
# span 33 =     -1.562,      0.048      
# span 34 =    -0.1579,     0.0781      
# span 35 = 0.0000e+00, 0.0000e+00      
# interval = meters: 1                  
# start_time = Aug 17 2015 17:02:11 [NMEA time, header]
# bad_flag = -9.990e-29
*END*
[from data line 242]
   1912.020  -39.09536   59.85278    758.000    766.621     3.6637     3.6635   3.250628   3.250605    97.6432    -0.0230     2.1409      98.78          4  1031.2805  1031.2805    34.8898    34.8897    1477.67    1477.66   1912.020    6.63349   90.75156     -0.895    -0.0002    758.000  1031.2805  1031.2805    34.8898    34.8898    1477.67    1477.66    6.63594     -0.961    -0.0002 0.0000e+00
   1913.017  -39.09536   59.85278    757.000    765.607     3.6635     3.6638   3.250545   3.250579    97.6555    -0.0222     2.1404      98.78          4  1031.2758  1031.2758    34.8896    34.8897    1477.65    1477.65   1913.017    6.63499   90.77145     -0.962     0.0003    757.000  1031.2758  1031.2758    34.8896    34.8897    1477.65    1477.65    6.63308     -1.095     0.0003 0.0000e+00
   1913.883  -39.09536   59.85278    756.000    764.594     3.6631     3.6639   3.250470   3.250538    97.6552    -0.0222     2.1407      98.78          4  1031.2711  1031.2711    34.8896    34.8896    1477.63    1477.63   1913.883    6.63500   90.77082     -1.078     0.0007    756.000  1031.2711  1031.2711    34.8896    34.8896    1477.63    1477.63    6.63335     -1.219     0.0007 0.0000e+00
   1914.681  -39.09536   59.85278    755.000    763.581     3.6632     3.6638   3.250418   3.250477    97.6595    -0.0227     2.1409      98.78          4  1031.2665  1031.2664    34.8895    34.8895    1477.61    1477.62   1914.681    6.63218   90.73233     -1.195     0.0007    755.000  1031.2664  1031.2664    34.8895    34.8895    1477.61    1477.62    6.63342     -1.298     0.0007 0.0000e+00
   1915.444  -39.09536   59.85279    754.000    762.568     3.6625     3.6635   3.250308   3.250416    97.6582    -0.0231     2.1412      98.78          4  1031.2618  1031.2618    34.8895    34.8897    1477.59    1477.60   1915.444    6.63077   90.71158     -1.280     0.0010    754.000  1031.2617  1031.2618    34.8894    34.8896    1477.59    1477.60    6.63372     -1.320     0.0010 0.0000e+00
   1916.219  -39.09536   59.85280    753.000    761.555     3.6616     3.6627   3.250162   3.250283    97.6552    -0.0226     2.1420      98.78          4  1031.2572  1031.2572    34.8894    34.8895    1477.57    1477.58   1916.219    6.63138   90.71782     -1.320     0.0011    753.000  1031.2571  1031.2571    34.8891    34.8895    1477.57    1477.58    6.63626     -1.245     0.0011 0.0000e+00
   1917.097  -39.09536   59.85280    752.000    760.541     3.6605     3.6614   3.250027   3.250124    97.6429    -0.0228     2.1426      98.78          4  1031.2527  1031.2528    34.8893    34.8897    1477.55    1477.56   1917.097    6.63222   90.72697     -1.257     0.0008    752.000  1031.2526  1031.2527    34.8892    34.8895    1477.55    1477.56    6.63818     -1.016     0.0008 0.0000e+00
   1918.467  -39.09536   59.85280    751.000    759.528     3.6598     3.6611   3.249934   3.250068    97.6565    -0.0224     2.1431      98.78          4  1031.2482  1031.2482    34.8895    34.8896    1477.53    1477.54   1918.467    6.63578   90.77414     -0.872     0.0013    751.000  1031.2482  1031.2482    34.8894    34.8896    1477.53    1477.54    6.63968     -0.608     0.0013 0.0000e+00
   1920.197  -39.09536   59.85280    750.000    758.515     3.6597     3.6605   3.249850   3.249945    97.6504    -0.0223     2.1437      98.78          4  1031.2434  1031.2434    34.8892    34.8895    1477.51    1477.52   1920.197    6.63840   90.80952     -0.538     0.0009    750.000  1031.2433  1031.2433    34.8891    34.8893    1477.51    1477.52    6.64096     -0.760     0.0009 0.0000e+00
   1921.273  -39.09536   59.85280    749.000    757.502     3.6597     3.6605   3.249816   3.249892    97.6610    -0.0222     2.1436      98.78          4  1031.2386  1031.2386    34.8892    34.8893    1477.50    1477.50   1921.273    6.63968   90.82703     -0.801     0.0008    749.000  1031.2386  1031.2385    34.8892    34.8892    1477.50    1477.50    6.63976     -1.082     0.0008 0.0000e+00
   1922.128  -39.09536   59.85280    748.000    756.489     3.6597     3.6602   3.249770   3.249813    97.6594    -0.0223     2.1435      98.78          4  1031.2340  1031.2340    34.8892    34.8892    1477.48    1477.48   1922.128    6.63926   90.82138     -1.051     0.0005    748.000  1031.2340  1031.2339    34.8892    34.8891    1477.48    1477.48    6.63859     -1.207     0.0005 0.0000e+00
   1922.959  -39.09536   59.85280    747.000    755.475     3.6597     3.6602   3.249729   3.249759    97.6457    -0.0226     2.1437      98.78          4  1031.2295  1031.2294    34.8893    34.8892    1477.46    1477.47   1922.959    6.63788   90.80244     -1.198     0.0005    747.000  1031.2294  1031.2292    34.8892    34.8891    1477.46    1477.47    6.63853     -1.188     0.0005 0.0000e+00
   1923.842  -39.09536   59.85280    746.000    754.462     3.6605     3.6603   3.249765   3.249745    97.6468    -0.0229     2.1437      98.78          4  1031.2247  1031.2247    34.8893    34.8892    1477.45    1477.45   1923.842    6.63738   90.79733     -1.192    -0.0001    746.000  1031.2247  1031.2247    34.8893    34.8893    1477.45    1477.45    6.63747     -1.107    -0.0001 0.0000e+00
   1924.797  -39.09536   59.85282    745.000    753.449     3.6618     3.6608   3.249853   3.249767    97.6504    -0.0229     2.1435      98.78          4  1031.2200  1031.2202    34.8894    34.8895    1477.44    1477.44   1924.797    6.63604   90.78195     -1.110    -0.0010    745.000  1031.2201  1031.2202    34.8895    34.8895    1477.44    1477.44    6.63565     -1.035    -0.0010 0.0000e+00
   1925.801  -39.09536   59.85282    744.000    752.436     3.6625     3.6617   3.249881   3.249812    97.6559    -0.0233     2.1437      98.78          4  1031.2153  1031.2155    34.8896    34.8896    1477.43    1477.42   1925.801    6.63546   90.77570     -1.035    -0.0008    744.000  1031.2155  1031.2156    34.8896    34.8897    1477.43    1477.42    6.63531     -0.975    -0.0008 0.0000e+00
   1926.890  -39.09536   59.85282    743.000    751.423     3.6628     3.6625   3.249871   3.249841    97.6469    -0.0224     2.1435      98.78          4  1031.2107  1031.2108    34.8896    34.8897    1477.41    1477.41   1926.890    6.63396   90.75593     -0.968    -0.0004    743.000  1031.2108  1031.2108    34.8897    34.8897    1477.41    1477.41    6.63362     -0.913    -0.0004 0.0000e+00
   1927.993  -39.09536   59.85280    742.000    750.409     3.6630     3.6630   3.249837   3.249844    97.6412    -0.0222     2.1433      98.78          4  1031.2061  1031.2061    34.8896    34.8897    1477.39    1477.39   1927.993    6.63346   90.74949     -0.910     0.0000    742.000  1031.2061  1031.2062    34.8897    34.8897    1477.39    1477.39    6.63187     -0.979     0.0000 0.0000e+00
   1928.954  -39.09536   59.85280    741.000    749.396     3.6630     3.6632   3.249786   3.249811    97.6466    -0.0222     2.1434      98.78          4  1031.2014  1031.2013    34.8896    34.8895    1477.38    1477.38   1928.954    6.63209   90.73067     -0.976     0.0002    741.000  1031.2014  1031.2014    34.8896    34.8896    1477.38    1477.38    6.63150     -1.133     0.0002 0.0000e+00
   1929.797  -39.09536   59.85282    740.000    748.383     3.6632     3.6635   3.249768   3.249787    97.6568    -0.0226     2.1438      98.78          4  1031.1967  1031.1967    34.8896    34.8896    1477.36    1477.36   1929.797    6.63014   90.70448     -1.112     0.0003    740.000  1031.1968  1031.1967    34.8897    34.8896    1477.36    1477.36    6.63234     -1.207     0.0003 0.0000e+00
   1930.638  -39.09536   59.85282    739.000    747.370     3.6638     3.6638   3.249783   3.249782    97.6602    -0.0226     2.1436      98.78          4  1031.1921  1031.1920    34.8897    34.8897    1477.35    1477.35   1930.638    6.62975   90.70054     -1.202     0.0000    739.000  1031.1921  1031.1921    34.8897    34.8897    1477.35    1477.35    6.63054     -1.141     0.0000 0.0000e+00
   1931.619  -39.09536   59.85282    738.000    746.357     3.6641     3.6642   3.249787   3.249784    97.6559    -0.0224     2.1443      98.78          4  1031.1875  1031.1875    34.8899    34.8898    1477.33    1477.33   1931.619    6.63008   90.70600     -1.132     0.0000    738.000  1031.1876  1031.1875    34.8899    34.8899    1477.33    1477.33    6.63206     -0.931     0.0000 0.0000e+00
   1932.869  -39.09534   59.85282    737.000    745.344     3.6642     3.6643   3.249732   3.249760    97.6463    -0.0223     2.1444      98.78          4  1031.1829  1031.1830    34.8898    34.8900    1477.32    1477.32   1932.869    6.62938   90.69640     -0.878     0.0001    737.000  1031.1827  1031.1830    34.8898    34.8900    1477.32    1477.32    6.63167     -0.780     0.0001 0.0000e+00
   1934.128  -39.09534   59.85282    736.000    744.331     3.6632     3.6642   3.249580   3.249694    97.6491    -0.0227     2.1448      98.78          4  1031.1781  1031.1782    34.8896    34.8899    1477.30    1477.30   1934.128    6.63091   90.71494     -0.779     0.0010    736.000  1031.1781  1031.1782    34.8896    34.8898    1477.30    1477.30    6.63280     -0.882     0.0010 0.0000e+00
   1935.181  -39.09536   59.85282    735.000    743.318     3.6629     3.6638   3.249501   3.249600    97.6691    -0.0228     2.1456      98.78          4  1031.1733  1031.1735    34.8895    34.8897    1477.28    1477.28   1935.181    6.63096   90.71510     -0.894     0.0009    735.000  1031.1733  1031.1733    34.8894    34.8896    1477.28    1477.28    6.63521     -1.012     0.0009 0.0000e+00
   1936.141  -39.09536   59.85282    734.000    742.304     3.6628     3.6635   3.249449   3.249516    97.6536    -0.0240     2.1458      98.78          4  1031.1688  1031.1688    34.8895    34.8896    1477.26    1477.26   1936.141    6.63137   90.72041     -1.011     0.0007    734.000  1031.1688  1031.1687    34.8895    34.8895    1477.26    1477.26    6.63529     -1.069     0.0007 0.0000e+00
   1937.089  -39.09536   59.85282    733.000    741.291     3.6627     3.6633   3.249399   3.249454    97.6516    -0.0231     2.1459      98.78          4  1031.1642  1031.1642    34.8896    34.8896    1477.24    1477.25   1937.089    6.63311   90.74405     -1.068     0.0006    733.000  1031.1642  1031.1641    34.8895    34.8896    1477.24    1477.25    6.63479     -1.040     0.0006 0.0000e+00
   1938.103  -39.09534   59.85282    732.000    740.278     3.6623     3.6630   3.249320   3.249390    97.6345    -0.0225     2.1470      98.78          4  1031.1595  1031.1597    34.8896    34.8897    1477.22    1477.23   1938.103    6.63392   90.75439     -1.035     0.0006    732.000  1031.1595  1031.1595    34.8895    34.8896    1477.22    1477.23    6.63850     -0.986     0.0006 0.0000e+00
   1939.127  -39.09534   59.85283    731.000    739.265     3.6620     3.6628   3.249229   3.249319    97.6337    -0.0225     2.1477      98.78          4  1031.1549  1031.1548    34.8894    34.8895    1477.21    1477.21   1939.127    6.63348   90.74735     -0.983     0.0009    731.000  1031.1548  1031.1548    34.8893    34.8895    1477.21    1477.21    6.64059     -1.049     0.0009 0.0000e+00
   1940.035  -39.09534   59.85284    730.000    738.252     3.6613     3.6624   3.249104   3.249231    97.6525    -0.0229     2.1483      98.78          4  1031.1501  1031.1503    34.8893    34.8895    1477.19    1477.19   1940.035    6.63675   90.79047     -1.039     0.0011    730.000  1031.1500  1031.1501    34.8891    34.8894    1477.19    1477.19    6.64236     -1.189     0.0011 0.0000e+00
   1940.845  -39.09536   59.85284    729.000    737.239     3.6606     3.6616   3.248999   3.249087    97.6453    -0.0235     2.1489      98.78          4  1031.1455  1031.1455    34.8892    34.8893    1477.17    1477.17   1940.845    6.63852   90.81318     -1.162     0.0010    729.000  1031.1455  1031.1454    34.8891    34.8891    1477.17    1477.17    6.64396     -1.266     0.0010 0.0000e+00
   1941.637  -39.09536   59.85284    728.000    736.226     3.6606     3.6612   3.248974   3.249016    97.6409    -0.0223     2.1496      98.78          4  1031.1410  1031.1409    34.8893    34.8892    1477.15    1477.15   1941.637    6.63957   90.82767     -1.257     0.0006    728.000  1031.1409  1031.1407    34.8893    34.8892    1477.15    1477.15    6.64594     -1.202     0.0006 0.0000e+00
   1942.581  -39.09536   59.85284    727.000    735.213     3.6611     3.6613   3.248978   3.248998    97.6468    -0.0229     2.1495      98.78          4  1031.1364  1031.1364    34.8894    34.8895    1477.14    1477.14   1942.581    6.64168   90.85760     -1.196     0.0002    727.000  1031.1364  1031.1364    34.8894    34.8894    1477.14    1477.14    6.64467     -0.917     0.0002 0.0000e+00
   1944.078  -39.09534   59.85284    726.000    734.200     3.6611     3.6615   3.248950   3.248993    97.6449    -0.0222     2.1499      98.78          4  1031.1318  1031.1318    34.8896    34.8897    1477.12    1477.12   1944.078    6.64413   90.89138     -0.754     0.0004    726.000  1031.1318  1031.1318    34.8895    34.8897    1477.12    1477.12    6.64517     -0.613     0.0004 0.0000e+00
   1945.520  -39.09535   59.85284    725.000    733.187     3.6618     3.6622   3.248959   3.248991    97.6445    -0.0222     2.1499      98.78          4  1031.1270  1031.1270    34.8894    34.8894    1477.11    1477.11   1945.520    6.64367   90.88651     -0.636     0.0004    725.000  1031.1270  1031.1268    34.8894    34.8894    1477.11    1477.11    6.64410     -0.931     0.0004 0.0000e+00
   1946.433  -39.09536   59.85284    724.000    732.174     3.6619     3.6621   3.248912   3.248938    97.6465    -0.0229     2.1498      98.78          4  1031.1222  1031.1223    34.8893    34.8894    1477.09    1477.09   1946.433    6.64367   90.88649     -0.916     0.0002    724.000  1031.1222  1031.1223    34.8893    34.8895    1477.09    1477.09    6.64302     -1.219     0.0002 0.0000e+00
   1947.200  -39.09536   59.85284    723.000    731.160     3.6626     3.6629   3.248947   3.248961    97.6386    -0.0219     2.1493      98.78          4  1031.1177  1031.1174    34.8895    34.8893    1477.08    1477.08   1947.200    6.64217   90.86772     -1.162     0.0003    723.000  1031.1177  1031.1174    34.8895    34.8893    1477.08    1477.08    6.63997     -1.330     0.0003 0.0000e+00
   1947.957  -39.09536   59.85284    722.000    730.147     3.6627     3.6631   3.248909   3.248940    97.6525    -0.0226     2.1492      98.78          4  1031.1129  1031.1129    34.8895    34.8894    1477.06    1477.06   1947.957    6.64153   90.85932     -1.314     0.0003    722.000  1031.1129  1031.1128    34.8894    34.8894    1477.06    1477.06    6.63849     -1.248     0.0003 0.0000e+00
   1948.878  -39.09534   59.85284    721.000    729.134     3.6628     3.6631   3.248873   3.248912    97.6464    -0.0227     2.1488      98.78          4  1031.1083  1031.1084    34.8895    34.8897    1477.04    1477.04   1948.878    6.63951   90.83179     -1.246     0.0003    721.000  1031.1083  1031.1084    34.8895    34.8897    1477.04    1477.04    6.63586     -0.946     0.0003 0.0000e+00
   1950.260  -39.09535   59.85286    720.000    728.121     3.6624     3.6630   3.248805   3.248863    97.6464    -0.0225     2.1491      98.78          4  1031.1039  1031.1039    34.8897    34.8898    1477.02    1477.03   1950.260    6.63606   90.78375     -0.819     0.0006    720.000  1031.1039  1031.1038    34.8897    34.8897    1477.02    1477.03    6.63665     -0.694     0.0006 0.0000e+00
   1951.535  -39.09536   59.85286    719.000    727.108     3.6629     3.6635   3.248803   3.248845    97.6462    -0.0225     2.1503      98.78          4  1031.0990  1031.0989    34.8896    34.8895    1477.01    1477.01   1951.535    6.63373   90.75296     -0.706     0.0006    719.000  1031.0991  1031.0989    34.8896    34.8895    1477.01    1477.01    6.64029     -1.025     0.0006 0.0000e+00
