Ship_data/Irminger/Irminger-2/ctd/process/uat30_006.cnv
* Sea-Bird SBE 9 Data File:
* FileName = C:\data\ctd\at30_006.hdr
* Software Version Seasave V 7.21f
* Temperature SN = 2265
* Conductivity SN = 3021
* Number of Bytes Per Scan = 40
* Number of Voltage Words = 5
* Number of Scans Averaged by the Deck Unit = 1
* NMEA Latitude = 59 51.06 N
* NMEA Longitude = 039 05.71 W
* NMEA UTC (Time) = Aug 17 2015  17:02:11
# nquan = 36
# nvalues = 1000                        
# units = specified
# name 0 = timeS: Time, Elapsed [seconds]
# name 1 = longitude: Longitude [deg]
# name 2 = latitude: Latitude [deg]
# name 3 = depSM: Depth [salt water, m]
# name 4 = prDM: Pressure, Digiquartz [db]
# name 5 = t090C: Temperature [ITS-90, deg C]
# name 6 = t190C: Temperature, 2 [ITS-90, deg C]
# name 7 = c0S/m: Conductivity [S/m]
# name 8 = c1S/m: Conductivity, 2 [S/m]
# name 9 = CStarTr0: Beam Transmission, WET Labs C-Star [%]
# name 10 = flECO-AFL: Fluorescence, WET Labs ECO-AFL/FL [mg/m^3]
# name 11 = sbeox0V: Oxygen raw, SBE 43 [V]
# name 12 = altM: Altimeter [m]
# name 13 = nbf: Bottles Fired
# name 14 = density00: Density [density, Kg/m^3]
# name 15 = density11: Density, 2 [density, Kg/m^3]
# name 16 = sal00: Salinity, Practical [PSU]
# name 17 = sal11: Salinity, Practical, 2 [PSU]
# name 18 = svCM: Sound Velocity [Chen-Millero, m/s]
# name 19 = svCM1: Sound Velocity, 2 [Chen-Millero, m/s]
# name 20 = timeS: Time, Elapsed [seconds]
# name 21 = sbeox0ML/L: Oxygen, SBE 43 [ml/l]
# name 22 = sbeox0PS: Oxygen, SBE 43 [% saturation]
# name 23 = dz/dtM: Descent Rate [m/s]
# name 24 = T2-T190C: Temperature Difference, 2 - 1 [ITS-90, deg C]
# name 25 = depSM: Depth [salt water, m], lat = 59.851
# name 26 = density00: Density [density, Kg/m^3]
# name 27 = density11: Density, 2 [density, Kg/m^3]
# name 28 = sal00: Salinity, Practical [PSU]
# name 29 = sal11: Salinity, Practical, 2 [PSU]
# name 30 = svCM: Sound Velocity [Chen-Millero, m/s]
# name 31 = svCM1: Sound Velocity, 2 [Chen-Millero, m/s]
# name 32 = sbeox0ML/L: Oxygen, SBE 43 [ml/l], WS = 2
# name 33 = dz/dtM: Descent Rate [m/s], WS = 2
# name 34 = T2-T190C: Temperature Difference, 2 - 1 [ITS-90, deg C]
# name 35 = flag: flag
# span 0 =   1490.516,   3543.226       
# span 1 =  -39.09567,  -39.09525       
# span 2 =   59.85218,   59.85512       
# span 3 =      1.000,   1000.000       
# span 4 =      1.010,   1011.966       
# span 5 =     3.6134,     8.6038       
# span 6 =     3.6143,     8.6042       
# span 7 =   3.239008,   3.665997       
# span 8 =   3.239062,   3.665992       
# span 9 =    93.4576,    97.6829       
# span 10 =    -0.0243,    -0.0218      
# span 11 =     2.0748,     2.5435      
# span 12 =      17.13,     101.15      
# span 13 =          2,         11      
# span 14 =  1027.0897,  1032.4042      
# span 15 =  1027.0891,  1032.4039      
# span 16 =    34.8614,    34.9252      
# span 17 =    34.8559,    34.9253      
# span 18 =    1469.54,    1484.70      
# span 19 =    1469.53,    1484.66      
# span 20 =   1490.516,   3543.226      
# span 21 =    6.46967,    6.79933      
# span 22 =   89.21260,  101.93974      
# span 23 =     -1.563,      0.007      
# span 24 =    -0.1579,     0.0781      
# span 25 =      1.000,   1000.000      
# span 26 =  1027.0896,  1032.4042      
# span 27 =  1027.0891,  1032.4039      
# span 28 =    34.8623,    34.9262      
# span 29 =    34.8632,    34.9262      
# span 30 =    1469.54,    1484.71      
# span 31 =    1469.53,    1484.67      
# span 32 =    6.47357,    6.80142      
# span 33 =     -1.562,      0.048      
# span 34 =    -0.1579,     0.0781      
# span 35 = 0.0000e+00, 0.0000e+00      
# interval = meters: 1                  
# start_time = Aug 17 2015 17:02:11 [NMEA time, header]
# bad_flag = -9.990e-29
*END*
[from data line 444]
   2115.383  -39.09538   59.85312    556.000    562.047     3.6983     3.6987   3.245000   3.245042    97.6615    -0.0238     2.1827      98.78          4  1030.3387  1030.3387    34.8938    34.8939    1474.44    1474.44   2115.383    6.62353   90.69411     -1.004     0.0004    556.000  1030.3387  1030.3387    34.8938    34.8939    1474.44    1474.44    6.62226     -0.923     0.0004 0.0000e+00
   2116.539  -39.09539   59.85312    555.000    561.035     3.6986     3.6989   3.244976   3.245018    97.6539    -0.0229     2.1824      98.78          4  1030.3340  1030.3341    34.8937    34.8939    1474.43    1474.43   2116.539    6.62264   90.68239     -0.908     0.0003    555.000  1030.3341  1030.3341    34.8938    34.8939    1474.43    1474.43    6.62028     -0.880     0.0003 0.0000e+00
   2117.645  -39.09539   59.85314    554.000    560.023     3.6991     3.6992   3.244985   3.245002    97.6458    -0.0228     2.1819      98.78          4  1030.3293  1030.3293    34.8938    34.8938    1474.41    1474.41   2117.645    6.62045   90.65365     -0.881     0.0002    554.000  1030.3295  1030.3293    34.8939    34.8939    1474.41    1474.41    6.61730     -0.991     0.0002 0.0000e+00
   2118.596  -39.09538   59.85314    553.000    559.011     3.6995     3.6996   3.244973   3.244994    97.5492    -0.0232     2.1826      98.78          4  1030.3246  1030.3247    34.8937    34.8939    1474.40    1474.40   2118.596    6.61823   90.62421     -0.987     0.0001    553.000  1030.3246  1030.3247    34.8938    34.8939    1474.40    1474.40    6.61897     -1.111     0.0001 0.0000e+00
   2119.481  -39.09538   59.85314    552.000    557.999     3.6997     3.6999   3.244959   3.244983    97.6563    -0.0226     2.1831      98.78          4  1030.3201  1030.3201    34.8939    34.8940    1474.38    1474.38   2119.481    6.61594   90.59322     -1.100     0.0002    552.000  1030.3201  1030.3201    34.8940    34.8940    1474.38    1474.38    6.62028     -1.124     0.0002 0.0000e+00
   2120.399  -39.09538   59.85314    551.000    556.986     3.7011     3.7013   3.245064   3.245082    97.6552    -0.0233     2.1827      98.78          4  1030.3153  1030.3153    34.8941    34.8941    1474.37    1474.37   2120.399    6.61674   90.60754     -1.128     0.0002    551.000  1030.3154  1030.3154    34.8942    34.8942    1474.37    1474.37    6.61754     -1.076     0.0002 0.0000e+00
   2121.358  -39.09538   59.85314    550.000    555.974     3.7017     3.7019   3.245067   3.245084    97.6539    -0.0222     2.1831      98.78          4  1030.3105  1030.3105    34.8941    34.8941    1474.36    1474.36   2121.358    6.61801   90.62621     -1.079     0.0002    550.000  1030.3107  1030.3107    34.8941    34.8942    1474.36    1474.36    6.61804     -1.059     0.0002 0.0000e+00
   2122.305  -39.09538   59.85314    549.000    554.962     3.7012     3.7018   3.244964   3.245024    97.6506    -0.0228     2.1835      98.78          4  1030.3059  1030.3059    34.8940    34.8941    1474.34    1474.34   2122.305    6.61617   90.60001     -1.059     0.0005    549.000  1030.3059  1030.3060    34.8940    34.8941    1474.34    1474.34    6.61891     -1.091     0.0005 0.0000e+00
   2123.215  -39.09538   59.85314    548.000    553.950     3.7010     3.7015   3.244872   3.244949    97.6268    -0.0226     2.1831      98.77          4  1030.3011  1030.3013    34.8938    34.8941    1474.32    1474.32   2123.215    6.61659   90.60494     -1.088     0.0005    548.000  1030.3010  1030.3013    34.8937    34.8941    1474.32    1474.32    6.61648     -1.109     0.0005 0.0000e+00
   2124.137  -39.09538   59.85314    547.000    552.938     3.6996     3.7005   3.244689   3.244805    97.6427    -0.0238     2.1841      98.78          4  1030.2965  1030.2968    34.8937    34.8941    1474.30    1474.30   2124.137    6.61750   90.61434     -1.110     0.0009    547.000  1030.2964  1030.2966    34.8935    34.8939    1474.30    1474.30    6.61993     -1.063     0.0009 0.0000e+00
   2125.135  -39.09538   59.85314    546.000    551.925     3.6981     3.6993   3.244499   3.244632    97.6603    -0.0230     2.1852      98.78          4  1030.2919  1030.2921    34.8935    34.8939    1474.28    1474.28   2125.135    6.61558   90.58470     -1.061     0.0011    546.000  1030.2917  1030.2920    34.8933    34.8937    1474.27    1474.28    6.62369     -0.959     0.0011 0.0000e+00
   2126.280  -39.09539   59.85314    545.000    550.913     3.6981     3.6987   3.244454   3.244531    97.6298    -0.0229     2.1856      98.78          4  1030.2872  1030.2874    34.8935    34.8938    1474.26    1474.26   2126.280    6.61905   90.63206     -0.938     0.0006    545.000  1030.2871  1030.2874    34.8934    34.8937    1474.26    1474.26    6.62414     -0.833     0.0006 0.0000e+00
   2127.543  -39.09540   59.85314    544.000    549.901     3.6980     3.6986   3.244394   3.244470    97.6567    -0.0226     2.1866      98.78          4  1030.2826  1030.2827    34.8934    34.8937    1474.24    1474.24   2127.543    6.62297   90.68547     -0.815     0.0006    544.000  1030.2825  1030.2826    34.8934    34.8936    1474.24    1474.24    6.62736     -0.822     0.0006 0.0000e+00
   2128.715  -39.09538   59.85314    543.000    548.889     3.6981     3.6986   3.244364   3.244415    97.6636    -0.0235     2.1861      98.78          4  1030.2780  1030.2780    34.8935    34.8936    1474.22    1474.23   2128.715    6.62367   90.69528     -0.834     0.0005    543.000  1030.2778  1030.2778    34.8934    34.8935    1474.22    1474.23    6.62458     -0.921     0.0005 0.0000e+00
   2129.756  -39.09538   59.85314    542.000    547.877     3.6983     3.6986   3.244350   3.244379    97.6653    -0.0231     2.1858      98.78          4  1030.2732  1030.2732    34.8935    34.8936    1474.21    1474.21   2129.756    6.62613   90.72959     -0.927     0.0003    542.000  1030.2732  1030.2732    34.8935    34.8936    1474.21    1474.21    6.62233     -1.021     0.0003 0.0000e+00
   2130.704  -39.09538   59.85316    541.000    546.864     3.6989     3.6990   3.244347   3.244372    97.6827    -0.0235     2.1857      98.78          4  1030.2684  1030.2687    34.8934    34.8937    1474.19    1474.20   2130.704    6.62263   90.68298     -1.018     0.0000    541.000  1030.2684  1030.2686    34.8934    34.8936    1474.19    1474.20    6.62096     -1.093     0.0000 0.0000e+00
   2131.620  -39.09538   59.85316    540.000    545.852     3.6992     3.6993   3.244332   3.244365    97.6643    -0.0229     2.1856      98.78          4  1030.2638  1030.2639    34.8935    34.8937    1474.18    1474.18   2131.620    6.62063   90.65609     -1.090     0.0002    540.000  1030.2638  1030.2639    34.8935    34.8937    1474.18    1474.18    6.61959     -1.057     0.0002 0.0000e+00
   2132.650  -39.09538   59.85316    539.000    544.840     3.6993     3.6995   3.244303   3.244338    97.6567    -0.0227     2.1864      98.78          4  1030.2592  1030.2593    34.8936    34.8937    1474.16    1474.16   2132.650    6.61939   90.63939     -1.048     0.0002    539.000  1030.2592  1030.2593    34.8936    34.8937    1474.16    1474.16    6.62221     -0.926     0.0002 0.0000e+00
   2133.801  -39.09540   59.85316    538.000    543.828     3.6995     3.6997   3.244270   3.244303    97.6715    -0.0232     2.1867      98.78          4  1030.2544  1030.2546    34.8935    34.8938    1474.15    1474.15   2133.801    6.61866   90.62981     -0.911     0.0002    538.000  1030.2544  1030.2545    34.8935    34.8937    1474.15    1474.15    6.62215     -0.908     0.0002 0.0000e+00
   2134.851  -39.09540   59.85316    537.000    542.816     3.6996     3.6998   3.244234   3.244264    97.6717    -0.0232     2.1870      98.78          4  1030.2498  1030.2498    34.8935    34.8936    1474.13    1474.13   2134.851    6.62105   90.66284     -0.910     0.0002    537.000  1030.2496  1030.2498    34.8934    34.8936    1474.13    1474.13    6.62267     -1.050     0.0002 0.0000e+00
   2135.750  -39.09538   59.85316    536.000    541.804     3.6997     3.7000   3.244200   3.244246    97.6615    -0.0233     2.1884      98.78          4  1030.2450  1030.2451    34.8935    34.8937    1474.11    1474.12   2135.750    6.62033   90.65322     -1.036     0.0003    536.000  1030.2450  1030.2451    34.8935    34.8937    1474.11    1474.12    6.62712     -1.169     0.0003 0.0000e+00
   2136.594  -39.09538   59.85316    535.000    540.791     3.6998     3.7002   3.244162   3.244208    97.6588    -0.0229     2.1888      98.78          4  1030.2404  1030.2405    34.8935    34.8937    1474.10    1474.10   2136.594    6.62042   90.65459     -1.156     0.0004    535.000  1030.2404  1030.2404    34.8935    34.8936    1474.10    1474.10    6.62817     -1.190     0.0004 0.0000e+00
   2137.457  -39.09538   59.85316    534.000    539.779     3.6998     3.7001   3.244128   3.244163    97.6563    -0.0226     2.1892      98.78          4  1030.2357  1030.2358    34.8936    34.8937    1474.08    1474.08   2137.457    6.62363   90.69863     -1.190     0.0003    534.000  1030.2358  1030.2358    34.8936    34.8937    1474.08    1474.08    6.62885     -1.121     0.0003 0.0000e+00
   2138.419  -39.09538   59.85316    533.000    538.767     3.7001     3.7004   3.244114   3.244139    97.6636    -0.0234     2.1891      98.78          4  1030.2312  1030.2311    34.8937    34.8937    1474.07    1474.07   2138.419    6.62623   90.73494     -1.122     0.0003    533.000  1030.2312  1030.2311    34.8937    34.8937    1474.07    1474.07    6.62757     -0.976     0.0003 0.0000e+00
   2139.572  -39.09538   59.85316    532.000    537.755     3.7003     3.7005   3.244090   3.244124    97.6749    -0.0231     2.1882      98.78          4  1030.2266  1030.2266    34.8937    34.8939    1474.05    1474.05   2139.572    6.62720   90.74867     -0.948     0.0002    532.000  1030.2266  1030.2266    34.8937    34.8939    1474.05    1474.05    6.62300     -0.834     0.0002 0.0000e+00
   2140.792  -39.09540   59.85316    531.000    536.743     3.7006     3.7008   3.244065   3.244087    97.6750    -0.0233     2.1887      98.78          4  1030.2218  1030.2218    34.8937    34.8937    1474.04    1474.04   2140.792    6.62458   90.71339     -0.821     0.0002    531.000  1030.2218  1030.2218    34.8937    34.8937    1474.04    1474.04    6.62411     -0.896     0.0002 0.0000e+00
   2141.831  -39.09540   59.85316    530.000    535.731     3.7006     3.7010   3.244020   3.244048    97.6686    -0.0236     2.1893      98.78          4  1030.2170  1030.2169    34.8936    34.8936    1474.02    1474.02   2141.831    6.62114   90.66635     -0.902     0.0004    530.000  1030.2170  1030.2169    34.8936    34.8936    1474.02    1474.02    6.62534     -1.048     0.0004 0.0000e+00
   2142.748  -39.09538   59.85318    529.000    534.719     3.7008     3.7011   3.243990   3.244028    97.6791    -0.0229     2.1894      98.78          4  1030.2124  1030.2124    34.8937    34.8938    1474.00    1474.00   2142.748    6.62235   90.68327     -1.039     0.0003    529.000  1030.2124  1030.2124    34.8936    34.8938    1474.00    1474.00    6.62504     -1.102     0.0003 0.0000e+00
   2143.677  -39.09538   59.85318    528.000    533.707     3.7012     3.7014   3.244002   3.244016    97.6582    -0.0219     2.1904      98.77          4  1030.2078  1030.2078    34.8937    34.8938    1473.99    1473.99   2143.677    6.62358   90.70124     -1.101     0.0002    528.000  1030.2078  1030.2078    34.8938    34.8938    1473.99    1473.99    6.62810     -1.033     0.0002 0.0000e+00
   2144.758  -39.09538   59.85318    527.000    532.694     3.7016     3.7017   3.243976   3.244015    97.6803    -0.0231     2.1901      98.78          4  1030.2030  1030.2032    34.8936    34.8940    1473.97    1473.97   2144.758    6.62393   90.70676     -1.013     0.0001    527.000  1030.2030  1030.2032    34.8937    34.8941    1473.97    1473.97    6.62570     -0.849     0.0001 0.0000e+00
   2146.095  -39.09539   59.85318    526.000    531.682     3.7017     3.7019   3.243945   3.243989    97.6733    -0.0230     2.1904      98.78          4  1030.1984  1030.1986    34.8937    34.8940    1473.96    1473.96   2146.095    6.62623   90.73849     -0.796     0.0002    526.000  1030.1984  1030.1986    34.8937    34.8941    1473.96    1473.96    6.62617     -0.753     0.0002 0.0000e+00
   2147.330  -39.09540   59.85318    525.000    530.670     3.7020     3.7022   3.243927   3.243952    97.6783    -0.0233     2.1905      98.78          4  1030.1936  1030.1936    34.8937    34.8938    1473.94    1473.94   2147.330    6.62433   90.71310     -0.767     0.0002    525.000  1030.1936  1030.1937    34.8937    34.8938    1473.94    1473.94    6.62553     -0.961     0.0002 0.0000e+00
   2148.259  -39.09539   59.85318    524.000    529.658     3.7028     3.7026   3.243974   3.243952    97.6562    -0.0226     2.1907      98.78          4  1030.1890  1030.1891    34.8939    34.8939    1473.93    1473.93   2148.259    6.62443   90.71642     -0.953    -0.0002    524.000  1030.1891  1030.1891    34.8940    34.8939    1473.93    1473.93    6.62519     -1.191    -0.0002 0.0000e+00
   2149.043  -39.09538   59.85318    523.000    528.646     3.7034     3.7035   3.243990   3.243994    97.6568    -0.0227     2.1909      98.78          4  1030.1843  1030.1843    34.8940    34.8939    1473.91    1473.91   2149.043    6.62393   90.71089     -1.147     0.0001    523.000  1030.1844  1030.1844    34.8941    34.8940    1473.91    1473.91    6.62537     -1.311     0.0001 0.0000e+00
   2149.801  -39.09538   59.85318    522.000    527.634     3.7041     3.7044   3.244014   3.244029    97.6632    -0.0219     2.1910      98.78          4  1030.1796  1030.1794    34.8940    34.8939    1473.90    1473.90   2149.801    6.62237   90.69121     -1.288     0.0003    522.000  1030.1797  1030.1796    34.8941    34.8940    1473.90    1473.90    6.62451     -1.323     0.0003 0.0000e+00
   2150.580  -39.09538   59.85318    521.000    526.622     3.7048     3.7048   3.244025   3.244033    97.6644    -0.0226     2.1905      98.78          4  1030.1749  1030.1749    34.8940    34.8940    1473.89    1473.89   2150.580    6.62268   90.69683     -1.330     0.0001    521.000  1030.1749  1030.1749    34.8941    34.8941    1473.89    1473.89    6.62171     -1.207     0.0001 0.0000e+00
   2151.546  -39.09538   59.85319    520.000    525.610     3.7051     3.7050   3.244018   3.244026    97.6439    -0.0227     2.1905      98.78          4  1030.1702  1030.1704    34.8941    34.8943    1473.87    1473.87   2151.546    6.62276   90.69881     -1.196    -0.0001    520.000  1030.1703  1030.1704    34.8942    34.8944    1473.87    1473.87    6.62058     -0.904    -0.0001 0.0000e+00
   2152.958  -39.09540   59.85320    519.000    524.598     3.7053     3.7057   3.243996   3.244038    97.4526    -0.0235     2.1903      98.78          4  1030.1656  1030.1656    34.8943    34.8942    1473.86    1473.86   2152.958    6.61994   90.66052     -0.785     0.0005    519.000  1030.1658  1030.1656    34.8943    34.8943    1473.86    1473.86    6.61912     -0.693     0.0005 0.0000e+00
   2154.246  -39.09540   59.85318    518.000    523.586     3.7055     3.7056   3.243964   3.243961    97.6711    -0.0231     2.1906      98.78          4  1030.1608  1030.1609    34.8941    34.8941    1473.84    1473.84   2154.246    6.61871   90.64410     -0.710     0.0001    518.000  1030.1609  1030.1609    34.8942    34.8941    1473.84    1473.84    6.61942     -0.983     0.0001 0.0000e+00
