Ship_data/Irminger/Irminger-2/ctd/process/uat30_004.cnv
* Sea-Bird SBE 9 Data File:
* FileName = C:\data\ctd\at30_004.hdr
* Software Version Seasave V 7.21f
* Temperature SN = 2265
* Conductivity SN = 3021
* Number of Bytes Per Scan = 40
* Number of Voltage Words = 5
* Number of Scans Averaged by the Deck Unit = 1
* NMEA Latitude = 59 57.06 N
* NMEA Longitude = 039 25.14 W
* NMEA UTC (Time) = Aug 14 2015  14:16:48
# nquan = 36
# nvalues = 2688                        
# units = specified
# name 0 = timeS: Time, Elapsed [seconds]
# name 1 = longitude: Longitude [deg]
# name 2 = latitude: Latitude [deg]
# name 3 = depSM: Depth [salt water, m]
# name 4 = prDM: Pressure, Digiquartz [db]
# name 5 = t090C: Temperature [ITS-90, deg C]
# name 6 = t190C: Temperature, 2 [ITS-90, deg C]
# name 7 = c0S/m: Conductivity [S/m]
# name 8 = c1S/m: Conductivity, 2 [S/m]
# name 9 = CStarTr0: Beam Transmission, WET Labs C-Star [%]
# name 10 = flECO-AFL: Fluorescence, WET Labs ECO-AFL/FL [mg/m^3]
# name 11 = sbeox0V: Oxygen raw, SBE 43 [V]
# name 12 = altM: Altimeter [m]
# name 13 = nbf: Bottles Fired
# name 14 = density00: Density [density, Kg/m^3]
# name 15 = density11: Density, 2 [density, Kg/m^3]
# name 16 = sal00: Salinity, Practical [PSU]
# name 17 = sal11: Salinity, Practical, 2 [PSU]
# name 18 = svCM: Sound Velocity [Chen-Millero, m/s]
# name 19 = svCM1: Sound Velocity, 2 [Chen-Millero, m/s]
# name 20 = timeS: Time, Elapsed [seconds]
# name 21 = sbeox0ML/L: Oxygen, SBE 43 [ml/l]
# name 22 = sbeox0PS: Oxygen, SBE 43 [% saturation]
# name 23 = dz/dtM: Descent Rate [m/s]
# name 24 = T2-T190C: Temperature Difference, 2 - 1 [ITS-90, deg C]
# name 25 = depSM: Depth [salt water, m], lat = 59.951
# name 26 = density00: Density [density, Kg/m^3]
# name 27 = density11: Density, 2 [density, Kg/m^3]
# name 28 = sal00: Salinity, Practical [PSU]
# name 29 = sal11: Salinity, Practical, 2 [PSU]
# name 30 = svCM: Sound Velocity [Chen-Millero, m/s]
# name 31 = svCM1: Sound Velocity, 2 [Chen-Millero, m/s]
# name 32 = sbeox0ML/L: Oxygen, SBE 43 [ml/l], WS = 2
# name 33 = dz/dtM: Descent Rate [m/s], WS = 2
# name 34 = T2-T190C: Temperature Difference, 2 - 1 [ITS-90, deg C]
# name 35 = flag: flag
# span 0 =   3597.932,   8015.878       
# span 1 =  -39.41592,  -39.41578       
# span 2 =   59.94832,   59.94838       
# span 3 =      1.000,   2688.000       
# span 4 =      1.010,   2731.196       
# span 5 =     1.4237,     8.2610       
# span 6 =     1.4245,     8.2793       
# span 7 =   3.134174,   3.631838       
# span 8 =   3.134192,   3.633563       
# span 9 =    93.6364,    97.4206       
# span 10 =    -0.0264,    -0.0218      
# span 11 =     1.6895,     2.5372      
# span 12 =      11.20,     100.15      
# span 13 =          0,         11      
# span 14 =  1027.1240,  1040.4633      
# span 15 =  1027.1218,  1040.4623      
# span 16 =    34.8464,    34.9315      
# span 17 =    34.8304,    34.9309      
# span 18 =    1469.49,    1501.94      
# span 19 =    1469.50,    1501.94      
# span 20 =   3597.932,   8015.878      
# span 21 =    6.01403,    6.76076      
# span 22 =   81.18976,  101.46057      
# span 23 =     -2.422,      0.298      
# span 24 =    -0.2385,     0.1057      
# span 25 =      1.000,   2688.000      
# span 26 =  1027.1240,  1040.4633      
# span 27 =  1027.1213,  1040.4624      
# span 28 =    34.8471,    34.9320      
# span 29 =    34.8468,    34.9320      
# span 30 =    1469.49,    1501.95      
# span 31 =    1469.50,    1501.94      
# span 32 =    6.01634,    6.78505      
# span 33 =     -2.430,      0.109      
# span 34 =    -0.2385,     0.1057      
# span 35 = 0.0000e+00, 0.0000e+00      
# interval = meters: 1                  
# start_time = Aug 14 2015 14:16:48 [NMEA time, header]
# bad_flag = -9.990e-29
*END*
[from data line 242]
   4053.818  -39.41584   59.94832   2446.000   2483.881     2.5092     2.5099   3.221565   3.221554    97.3760    -0.0238     1.6964      98.78          0  1039.2166  1039.2159    34.9140    34.9133    1501.49    1501.49   4053.818    6.21858   82.70648     -0.973     0.0007   2446.000  1039.2172  1039.2164    34.9148    34.9140    1501.49    1501.49    6.21871     -0.913     0.0007 0.0000e+00
   4054.959  -39.41584   59.94832   2445.000   2482.860     2.5118     2.5108   3.221781   3.221601    97.3850    -0.0234     1.6963      98.78          0  1039.2118  1039.2112    34.9142    34.9133    1501.48    1501.48   4054.959    6.21667   82.68649     -0.907    -0.0010   2445.000  1039.2125  1039.2118    34.9152    34.9140    1501.49    1501.48    6.21680     -0.908    -0.0010 0.0000e+00
   4056.053  -39.41586   59.94832   2444.000   2481.839     2.5143     2.5142   3.221936   3.221861    97.3871    -0.0245     1.6963      98.78          0  1039.2069  1039.2063    34.9143    34.9134    1501.48    1501.48   4056.053    6.21656   82.69028     -0.913    -0.0001   2444.000  1039.2074  1039.2068    34.9149    34.9141    1501.48    1501.48    6.21567     -0.965    -0.0001 0.0000e+00
   4057.081  -39.41586   59.94832   2443.000   2480.817     2.5165     2.5181   3.222124   3.222179    97.3818    -0.0248     1.6964      98.78          0  1039.2021  1039.2010    34.9144    34.9132    1501.47    1501.48   4057.081    6.21481   82.67159     -0.967     0.0016   2443.000  1039.2029  1039.2019    34.9153    34.9143    1501.47    1501.48    6.21498     -1.011     0.0016 0.0000e+00
   4058.075  -39.41584   59.94832   2442.000   2479.796     2.5209     2.5214   3.222510   3.222452    97.3787    -0.0247     1.6959      98.78          0  1039.1971  1039.1963    34.9147    34.9136    1501.47    1501.47   4058.075    6.21263   82.65179     -1.011     0.0005   2442.000  1039.1980  1039.1970    34.9158    34.9145    1501.47    1501.47    6.21053     -1.040     0.0005 0.0000e+00
   4059.043  -39.41584   59.94832   2441.000   2478.775     2.5248     2.5261   3.222824   3.222841    97.3798    -0.0238     1.6959      98.78          0  1039.1921  1039.1910    34.9149    34.9136    1501.47    1501.48   4059.043    6.21168   82.64722     -1.040     0.0013   2441.000  1039.1930  1039.1919    34.9159    34.9147    1501.47    1501.48    6.20927     -1.082     0.0013 0.0000e+00
   4059.960  -39.41584   59.94832   2440.000   2477.753     2.5294     2.5295   3.223212   3.223105    97.3792    -0.0226     1.6960      98.78          0  1039.1871  1039.1863    34.9150    34.9139    1501.47    1501.47   4059.960    6.20724   82.59768     -1.078     0.0001   2440.000  1039.1880  1039.1869    34.9162    34.9148    1501.48    1501.47    6.20797     -1.159     0.0001 0.0000e+00
   4060.809  -39.41584   59.94832   2439.000   2476.732     2.5332     2.5332   3.223485   3.223403    97.3892    -0.0245     1.6957      98.78          0  1039.1820  1039.1810    34.9150    34.9138    1501.47    1501.47   4060.809    6.20713   82.60394     -1.148     0.0000   2439.000  1039.1826  1039.1819    34.9159    34.9149    1501.47    1501.47    6.20503     -1.188     0.0000 0.0000e+00
   4061.687  -39.41584   59.94832   2438.000   2475.710     2.5363     2.5364   3.223775   3.223686    97.3834    -0.0244     1.6957      98.78          0  1039.1774  1039.1764    34.9154    34.9143    1501.47    1501.47   4061.687    6.20543   82.58793     -1.187     0.0002   2438.000  1039.1782  1039.1772    34.9166    34.9154    1501.47    1501.47    6.20331     -1.093     0.0002 0.0000e+00
   4062.730  -39.41584   59.94832   2437.000   2474.689     2.5400     2.5386   3.224068   3.223847    97.3893    -0.0235     1.6957      98.78          0  1039.1724  1039.1719    34.9156    34.9148    1501.47    1501.46   4062.730    6.20224   82.55324     -1.079    -0.0014   2437.000  1039.1731  1039.1725    34.9166    34.9155    1501.47    1501.46    6.20185     -0.870    -0.0014 0.0000e+00
   4064.066  -39.41586   59.94832   2436.000   2473.668     2.5435     2.5385   3.224341   3.223812    97.3835    -0.0241     1.6957      98.78          0  1039.1675  1039.1676    34.9158    34.9150    1501.47    1501.44   4064.066    6.20056   82.53821     -0.809    -0.0050   2436.000  1039.1682  1039.1680    34.9167    34.9156    1501.47    1501.45    6.20026     -0.768    -0.0050 0.0000e+00
   4065.296  -39.41584   59.94832   2435.000   2472.646     2.5454     2.5411   3.224440   3.224014    97.3915    -0.0245     1.6956      98.78          0  1039.1627  1039.1626    34.9160    34.9150    1501.46    1501.44   4065.296    6.19936   82.52608     -0.784    -0.0043   2435.000  1039.1631  1039.1632    34.9164    34.9158    1501.46    1501.44    6.19901     -0.922    -0.0043 0.0000e+00
   4066.326  -39.41584   59.94832   2434.000   2471.625     2.5474     2.5497   3.224638   3.224761    97.3890    -0.0246     1.6955      98.78          0  1039.1580  1039.1565    34.9161    34.9146    1501.45    1501.46   4066.326    6.19790   82.51085     -0.928     0.0023   2434.000  1039.1588  1039.1577    34.9172    34.9162    1501.45    1501.46    6.19724     -1.010     0.0023 0.0000e+00
   4067.329  -39.41584   59.94832   2433.000   2470.604     2.5512     2.5529   3.224921   3.224985    97.3850    -0.0233     1.6956      98.78          0  1039.1530  1039.1520    34.9162    34.9153    1501.45    1501.46   4067.329    6.19643   82.49908     -1.009     0.0017   2433.000  1039.1536  1039.1525    34.9170    34.9160    1501.45    1501.46    6.19580     -1.017     0.0017 0.0000e+00
   4068.336  -39.41584   59.94832   2432.000   2469.583     2.5532     2.5541   3.225082   3.225059    97.3825    -0.0237     1.6954      98.78          0  1039.1482  1039.1472    34.9163    34.9153    1501.44    1501.44   4068.336    6.19470   82.48020     -1.017     0.0009   2432.000  1039.1490  1039.1479    34.9173    34.9161    1501.44    1501.44    6.19404     -1.018     0.0009 0.0000e+00
   4069.328  -39.41584   59.94832   2431.000   2468.561     2.5573     2.5563   3.225409   3.225225    97.3911    -0.0235     1.6957      98.78          0  1039.1432  1039.1423    34.9165    34.9153    1501.44    1501.44   4069.328    6.19308   82.46721     -1.018    -0.0010   2431.000  1039.1439  1039.1431    34.9174    34.9162    1501.44    1501.44    6.19355     -1.060    -0.0010 0.0000e+00
   4070.259  -39.41584   59.94832   2430.000   2467.540     2.5601     2.5591   3.225634   3.225448    97.3876    -0.0249     1.6956      98.78          0  1039.1383  1039.1375    34.9166    34.9153    1501.44    1501.43   4070.259    6.19112   82.44691     -1.057    -0.0010   2430.000  1039.1390  1039.1383    34.9176    34.9164    1501.44    1501.43    6.19191     -1.127    -0.0010 0.0000e+00
   4071.146  -39.41584   59.94832   2429.000   2466.519     2.5675     2.5635   3.226296   3.225802    97.3837    -0.0236     1.6957      98.78          0  1039.1329  1039.1324    34.9169    34.9156    1501.45    1501.43   4071.146    6.19010   82.44855     -1.121    -0.0039   2429.000  1039.1339  1039.1332    34.9182    34.9164    1501.45    1501.43    6.19030     -1.148    -0.0039 0.0000e+00
   4072.046  -39.41584   59.94832   2428.000   2465.497     2.5727     2.5722   3.226747   3.226596    97.3863    -0.0239     1.6956      98.78          0  1039.1279  1039.1267    34.9173    34.9156    1501.46    1501.45   4072.046    6.18808   82.43271     -1.149    -0.0005   2428.000  1039.1289  1039.1279    34.9186    34.9173    1501.46    1501.45    6.18768     -1.069    -0.0005 0.0000e+00
   4073.104  -39.41582   59.94833   2427.000   2464.476     2.5764     2.5739   3.227038   3.226736    97.3922    -0.0236     1.6952      98.78          0  1039.1230  1039.1228    34.9177    34.9168    1501.46    1501.44   4073.104    6.18726   82.42940     -1.053    -0.0024   2427.000  1039.1239  1039.1234    34.9187    34.9176    1501.46    1501.44    6.18448     -0.862    -0.0024 0.0000e+00
   4074.494  -39.41583   59.94834   2426.000   2463.455     2.5786     2.5726   3.227199   3.226567    97.3835    -0.0237     1.6950      98.78          0  1039.1183  1039.1187    34.9178    34.9171    1501.45    1501.42   4074.494    6.18518   82.40646     -0.786    -0.0061   2426.000  1039.1190  1039.1190    34.9187    34.9175    1501.45    1501.42    6.18197     -0.714    -0.0061 0.0000e+00
   4075.804  -39.41584   59.94834   2425.000   2462.433     2.5797     2.5739   3.227225   3.226663    97.3905    -0.0239     1.6946      98.78          0  1039.1136  1039.1136    34.9179    34.9167    1501.44    1501.41   4075.804    6.18150   82.35963     -0.725    -0.0058   2425.000  1039.1140  1039.1145    34.9183    34.9178    1501.44    1501.41    6.17880     -0.944    -0.0058 0.0000e+00
   4076.737  -39.41582   59.94834   2424.000   2461.412     2.5811     2.5823   3.227369   3.227361    97.3897    -0.0237     1.6945      98.78          0  1039.1090  1039.1074    34.9180    34.9162    1501.42    1501.43   4076.737    6.17862   82.32422     -0.936     0.0011   2424.000  1039.1099  1039.1086    34.9191    34.9177    1501.43    1501.43    6.17721     -1.201     0.0011 0.0000e+00
   4077.525  -39.41582   59.94834   2423.000   2460.391     2.5853     2.5866   3.227717   3.227711    97.3855    -0.0230     1.6945      98.78          0  1039.1041  1039.1028    34.9184    34.9169    1501.43    1501.43   4077.525    6.17643   82.30383     -1.154     0.0013   2423.000  1039.1049  1039.1035    34.9193    34.9178    1501.43    1501.43    6.17562     -1.317     0.0013 0.0000e+00
   4078.288  -39.41582   59.94833   2422.000   2459.370     2.5878     2.5891   3.227901   3.227916    97.3739    -0.0245     1.6944      98.78          0  1039.0991  1039.0980    34.9183    34.9171    1501.42    1501.42   4078.288    6.17481   82.28740     -1.299     0.0013   2422.000  1039.1000  1039.0988    34.9193    34.9181    1501.42    1501.42    6.17393     -1.299     0.0013 0.0000e+00
   4079.108  -39.41582   59.94832   2421.000   2458.348     2.5914     2.5911   3.228193   3.228068    97.3852    -0.0232     1.6943      98.78          0  1039.0942  1039.0935    34.9185    34.9175    1501.42    1501.41   4079.108    6.17271   82.26672     -1.314    -0.0003   2421.000  1039.0950  1039.0941    34.9195    34.9184    1501.42    1501.42    6.17165     -1.134    -0.0003 0.0000e+00
   4080.169  -39.41582   59.94834   2420.000   2457.327     2.5938     2.5914   3.228349   3.228064    97.3889    -0.0228     1.6935      98.78          0  1039.0894  1039.0890    34.9185    34.9177    1501.41    1501.40   4080.169    6.17190   82.26099     -1.107    -0.0024   2420.000  1039.0900  1039.0896    34.9193    34.9184    1501.41    1501.40    6.16628     -0.837    -0.0024 0.0000e+00
   4081.631  -39.41582   59.94834   2419.000   2456.306     2.5956     2.5912   3.228463   3.228002    97.3909    -0.0237     1.6935      98.78          0  1039.0845  1039.0847    34.9185    34.9180    1501.40    1501.38   4081.631    6.16679   82.19643     -0.739    -0.0044   2419.000  1039.0851  1039.0851    34.9193    34.9184    1501.40    1501.38    6.16504     -0.686    -0.0044 0.0000e+00
   4082.981  -39.41582   59.94834   2418.000   2455.284     2.5971     2.5914   3.228549   3.227996    97.3991    -0.0240     1.6932      98.78          0  1039.0800  1039.0801    34.9188    34.9179    1501.39    1501.36   4082.981    6.16449   82.16901     -0.714    -0.0057   2418.000  1039.0802  1039.0807    34.9192    34.9186    1501.39    1501.37    6.16252     -0.865    -0.0057 0.0000e+00
   4084.053  -39.41582   59.94834   2417.000   2454.263     2.5965     2.5985   3.228472   3.228569    97.3872    -0.0235     1.6933      98.78          0  1039.0756  1039.0741    34.9189    34.9174    1501.37    1501.38   4084.053    6.16262   82.14303     -0.880     0.0020   2417.000  1039.0759  1039.0750    34.9194    34.9184    1501.37    1501.38    6.16260     -1.034     0.0020 0.0000e+00
   4084.972  -39.41582   59.94834   2416.000   2453.242     2.5985     2.6020   3.228636   3.228847    97.3974    -0.0240     1.6932      98.78          0  1039.0708  1039.0693    34.9190    34.9177    1501.36    1501.38   4084.972    6.16086   82.12364     -1.025     0.0034   2416.000  1039.0714  1039.0699    34.9197    34.9186    1501.36    1501.38    6.16076     -1.170     0.0034 0.0000e+00
   4085.805  -39.41582   59.94834   2415.000   2452.221     2.6011     2.6031   3.228827   3.228911    97.3922    -0.0246     1.6933      98.78          0  1039.0659  1039.0649    34.9190    34.9181    1501.36    1501.36   4085.805    6.15988   82.11592     -1.150     0.0020   2415.000  1039.0664  1039.0653    34.9197    34.9186    1501.36    1501.36    6.15979     -1.259     0.0020 0.0000e+00
   4086.601  -39.41582   59.94834   2414.000   2451.199     2.6052     2.6051   3.229170   3.229061    97.3938    -0.0235     1.6933      98.78          0  1039.0608  1039.0598    34.9191    34.9178    1501.36    1501.35   4086.601    6.15831   82.10338     -1.245    -0.0001   2414.000  1039.0615  1039.0605    34.9200    34.9188    1501.36    1501.36    6.15821     -1.262    -0.0001 0.0000e+00
   4087.429  -39.41581   59.94834   2413.000   2450.178     2.6089     2.6083   3.229468   3.229315    97.3999    -0.0254     1.6932      98.78          0  1039.0558  1039.0552    34.9192    34.9183    1501.36    1501.35   4087.429    6.15595   82.07935     -1.266    -0.0006   2413.000  1039.0565  1039.0557    34.9202    34.9190    1501.36    1501.35    6.15648     -1.154    -0.0006 0.0000e+00
   4088.418  -39.41580   59.94834   2412.000   2449.157     2.6130     2.6095   3.229809   3.229391    97.3944    -0.0233     1.6933      98.78          0  1039.0507  1039.0507    34.9193    34.9185    1501.36    1501.34   4088.418    6.15588   82.08703     -1.147    -0.0036   2412.000  1039.0515  1039.0510    34.9204    34.9191    1501.36    1501.34    6.15529     -0.916    -0.0036 0.0000e+00
   4089.793  -39.41580   59.94834   2411.000   2448.136     2.6181     2.6104   3.230214   3.229452    97.3936    -0.0228     1.6933      98.78          0  1039.0455  1039.0461    34.9195    34.9188    1501.36    1501.33   4089.793    6.15344   82.06491     -0.821    -0.0077   2411.000  1039.0463  1039.0466    34.9203    34.9193    1501.36    1501.33    6.15334     -0.684    -0.0077 0.0000e+00
   4091.215  -39.41582   59.94834   2410.000   2447.115     2.6211     2.6129   3.230418   3.229632    97.3980    -0.0229     1.6931      98.78          0  1039.0408  1039.0409    34.9197    34.9184    1501.36    1501.32   4091.215    6.15286   82.06335     -0.681    -0.0083   2410.000  1039.0410  1039.0417    34.9201    34.9194    1501.36    1501.32    6.15134     -0.860    -0.0083 0.0000e+00
   4092.253  -39.41582   59.94834   2409.000   2446.094     2.6181     2.6187   3.230131   3.230106    97.3910    -0.0242     1.6933      98.78          0  1039.0366  1039.0354    34.9198    34.9183    1501.33    1501.33   4092.253    6.15112   82.03418     -0.875     0.0006   2409.000  1039.0371  1039.0363    34.9203    34.9193    1501.33    1501.33    6.15168     -1.088     0.0006 0.0000e+00
   4093.129  -39.41582   59.94834   2408.000   2445.072     2.6211     2.6252   3.230393   3.230654    97.3961    -0.0240     1.6933      98.78          0  1039.0317  1039.0302    34.9199    34.9186    1501.32    1501.34   4093.129    6.15008   82.02629     -1.068     0.0041   2408.000  1039.0325  1039.0309    34.9208    34.9196    1501.32    1501.34    6.15060     -1.185     0.0041 0.0000e+00
   4093.979  -39.41580   59.94834   2407.000   2444.051     2.6264     2.6275   3.230834   3.230830    97.3972    -0.0236     1.6934      98.78          0  1039.0265  1039.0255    34.9199    34.9189    1501.33    1501.33   4093.979    6.14831   82.01361     -1.175     0.0011   2407.000  1039.0272  1039.0261    34.9209    34.9197    1501.33    1501.33    6.14943     -1.177     0.0011 0.0000e+00
