Ship_data/Irminger/Irminger-2/ctd/process/uat30_004.cnv
* Sea-Bird SBE 9 Data File:
* FileName = C:\data\ctd\at30_004.hdr
* Software Version Seasave V 7.21f
* Temperature SN = 2265
* Conductivity SN = 3021
* Number of Bytes Per Scan = 40
* Number of Voltage Words = 5
* Number of Scans Averaged by the Deck Unit = 1
* NMEA Latitude = 59 57.06 N
* NMEA Longitude = 039 25.14 W
* NMEA UTC (Time) = Aug 14 2015  14:16:48
# nquan = 36
# nvalues = 2688                        
# units = specified
# name 0 = timeS: Time, Elapsed [seconds]
# name 1 = longitude: Longitude [deg]
# name 2 = latitude: Latitude [deg]
# name 3 = depSM: Depth [salt water, m]
# name 4 = prDM: Pressure, Digiquartz [db]
# name 5 = t090C: Temperature [ITS-90, deg C]
# name 6 = t190C: Temperature, 2 [ITS-90, deg C]
# name 7 = c0S/m: Conductivity [S/m]
# name 8 = c1S/m: Conductivity, 2 [S/m]
# name 9 = CStarTr0: Beam Transmission, WET Labs C-Star [%]
# name 10 = flECO-AFL: Fluorescence, WET Labs ECO-AFL/FL [mg/m^3]
# name 11 = sbeox0V: Oxygen raw, SBE 43 [V]
# name 12 = altM: Altimeter [m]
# name 13 = nbf: Bottles Fired
# name 14 = density00: Density [density, Kg/m^3]
# name 15 = density11: Density, 2 [density, Kg/m^3]
# name 16 = sal00: Salinity, Practical [PSU]
# name 17 = sal11: Salinity, Practical, 2 [PSU]
# name 18 = svCM: Sound Velocity [Chen-Millero, m/s]
# name 19 = svCM1: Sound Velocity, 2 [Chen-Millero, m/s]
# name 20 = timeS: Time, Elapsed [seconds]
# name 21 = sbeox0ML/L: Oxygen, SBE 43 [ml/l]
# name 22 = sbeox0PS: Oxygen, SBE 43 [% saturation]
# name 23 = dz/dtM: Descent Rate [m/s]
# name 24 = T2-T190C: Temperature Difference, 2 - 1 [ITS-90, deg C]
# name 25 = depSM: Depth [salt water, m], lat = 59.951
# name 26 = density00: Density [density, Kg/m^3]
# name 27 = density11: Density, 2 [density, Kg/m^3]
# name 28 = sal00: Salinity, Practical [PSU]
# name 29 = sal11: Salinity, Practical, 2 [PSU]
# name 30 = svCM: Sound Velocity [Chen-Millero, m/s]
# name 31 = svCM1: Sound Velocity, 2 [Chen-Millero, m/s]
# name 32 = sbeox0ML/L: Oxygen, SBE 43 [ml/l], WS = 2
# name 33 = dz/dtM: Descent Rate [m/s], WS = 2
# name 34 = T2-T190C: Temperature Difference, 2 - 1 [ITS-90, deg C]
# name 35 = flag: flag
# span 0 =   3597.932,   8015.878       
# span 1 =  -39.41592,  -39.41578       
# span 2 =   59.94832,   59.94838       
# span 3 =      1.000,   2688.000       
# span 4 =      1.010,   2731.196       
# span 5 =     1.4237,     8.2610       
# span 6 =     1.4245,     8.2793       
# span 7 =   3.134174,   3.631838       
# span 8 =   3.134192,   3.633563       
# span 9 =    93.6364,    97.4206       
# span 10 =    -0.0264,    -0.0218      
# span 11 =     1.6895,     2.5372      
# span 12 =      11.20,     100.15      
# span 13 =          0,         11      
# span 14 =  1027.1240,  1040.4633      
# span 15 =  1027.1218,  1040.4623      
# span 16 =    34.8464,    34.9315      
# span 17 =    34.8304,    34.9309      
# span 18 =    1469.49,    1501.94      
# span 19 =    1469.50,    1501.94      
# span 20 =   3597.932,   8015.878      
# span 21 =    6.01403,    6.76076      
# span 22 =   81.18976,  101.46057      
# span 23 =     -2.422,      0.298      
# span 24 =    -0.2385,     0.1057      
# span 25 =      1.000,   2688.000      
# span 26 =  1027.1240,  1040.4633      
# span 27 =  1027.1213,  1040.4624      
# span 28 =    34.8471,    34.9320      
# span 29 =    34.8468,    34.9320      
# span 30 =    1469.49,    1501.95      
# span 31 =    1469.50,    1501.94      
# span 32 =    6.01634,    6.78505      
# span 33 =     -2.430,      0.109      
# span 34 =    -0.2385,     0.1057      
# span 35 = 0.0000e+00, 0.0000e+00      
# interval = meters: 1                  
# start_time = Aug 14 2015 14:16:48 [NMEA time, header]
# bad_flag = -9.990e-29
*END*
[from data line 1935]
   6059.810  -39.41587   59.94834    753.000    761.561     3.5983     3.5972   3.243929   3.243839    97.3205    -0.0241     2.1370      98.78          2  1031.2589  1031.2590    34.8819    34.8820    1477.30    1477.29   6059.810    6.62496   90.48582     -0.766    -0.0011    753.000  1031.2589  1031.2592    34.8821    34.8822    1477.30    1477.29    6.62801     -0.862    -0.0011 0.0000e+00
   6060.873  -39.41588   59.94834    752.000    760.547     3.5978     3.5983   3.243837   3.243888    97.3215    -0.0237     2.1382      98.78          2  1031.2543  1031.2542    34.8820    34.8819    1477.28    1477.28   6060.873    6.62536   90.49008     -0.877     0.0005    752.000  1031.2544  1031.2544    34.8821    34.8821    1477.28    1477.28    6.63193     -1.017     0.0005 0.0000e+00
   6061.816  -39.41590   59.94834    751.000    759.534     3.5986     3.5993   3.243878   3.243941    97.3174    -0.0229     2.1389      98.78          2  1031.2495  1031.2495    34.8820    34.8820    1477.26    1477.27   6061.816    6.62659   90.50883     -1.012     0.0007    751.000  1031.2498  1031.2496    34.8822    34.8821    1477.26    1477.27    6.63384     -1.128     0.0007 0.0000e+00
   6062.680  -39.41590   59.94834    750.000    758.521     3.5995     3.5999   3.243915   3.243954    97.3239    -0.0243     2.1393      98.78          2  1031.2449  1031.2448    34.8820    34.8820    1477.25    1477.25   6062.680    6.62938   90.54879     -1.116     0.0004    750.000  1031.2450  1031.2450    34.8822    34.8822    1477.25    1477.25    6.63440     -1.193     0.0004 0.0000e+00
   6063.514  -39.41589   59.94834    749.000    757.508     3.6002     3.6011   3.243947   3.244017    97.3230    -0.0230     2.1400      98.78          2  1031.2402  1031.2400    34.8822    34.8820    1477.24    1477.24   6063.514    6.63161   90.58109     -1.184     0.0009    749.000  1031.2404  1031.2402    34.8823    34.8823    1477.24    1477.24    6.63619     -1.213     0.0009 0.0000e+00
   6064.356  -39.41588   59.94834    748.000    756.495     3.6005     3.6012   3.243931   3.244001    97.3225    -0.0226     2.1409      98.78          2  1031.2356  1031.2356    34.8823    34.8824    1477.22    1477.23   6064.356    6.63116   90.57555     -1.212     0.0007    748.000  1031.2357  1031.2357    34.8824    34.8825    1477.22    1477.23    6.63903     -1.146     0.0007 0.0000e+00
   6065.321  -39.41588   59.94834    747.000    755.481     3.6009     3.6010   3.243933   3.243945    97.3180    -0.0230     2.1411      98.78          2  1031.2310  1031.2311    34.8824    34.8824    1477.21    1477.21   6065.321    6.63403   90.61578     -1.143     0.0001    747.000  1031.2311  1031.2311    34.8825    34.8825    1477.21    1477.21    6.63896     -0.921     0.0001 0.0000e+00
   6066.667  -39.41588   59.94834    746.000    754.468     3.6011     3.6008   3.243909   3.243870    97.3309    -0.0239     2.1413      98.78          2  1031.2263  1031.2263    34.8824    34.8824    1477.19    1477.19   6066.667    6.63807   90.67151     -0.830    -0.0004    746.000  1031.2264  1031.2264    34.8825    34.8824    1477.19    1477.19    6.63896     -0.693    -0.0004 0.0000e+00
   6068.045  -39.41588   59.94834    745.000    753.455     3.6016     3.6010   3.243902   3.243844    97.2814    -0.0233     2.1414      98.78          2  1031.2216  1031.2217    34.8824    34.8823    1477.18    1477.17   6068.045    6.63786   90.66958     -0.706    -0.0006    745.000  1031.2217  1031.2217    34.8825    34.8824    1477.18    1477.17    6.63814     -0.822    -0.0006 0.0000e+00
   6069.174  -39.41588   59.94834    744.000    752.442     3.6013     3.6016   3.243828   3.243852    97.3140    -0.0228     2.1419      98.78          2  1031.2170  1031.2169    34.8824    34.8823    1477.16    1477.16   6069.174    6.63760   90.66537     -0.844     0.0003    744.000  1031.2170  1031.2170    34.8824    34.8824    1477.16    1477.16    6.63941     -0.949     0.0003 0.0000e+00
   6070.207  -39.41588   59.94834    743.000    751.429     3.6015     3.6022   3.243805   3.243877    97.2872    -0.0231     2.1424      98.78          2  1031.2124  1031.2123    34.8825    34.8825    1477.14    1477.15   6070.207    6.63626   90.64745     -0.954     0.0008    743.000  1031.2124  1031.2124    34.8825    34.8826    1477.14    1477.15    6.64050     -0.997     0.0008 0.0000e+00
   6071.210  -39.41588   59.94834    742.000    750.416     3.6021     3.6022   3.243815   3.243833    97.3275    -0.0233     2.1426      98.78          2  1031.2076  1031.2076    34.8824    34.8825    1477.13    1477.13   6071.210    6.63787   90.67079     -0.997     0.0002    742.000  1031.2078  1031.2076    34.8825    34.8825    1477.13    1477.13    6.64067     -1.040     0.0002 0.0000e+00
   6072.149  -39.41588   59.94834    741.000    749.402     3.6025     3.6029   3.243810   3.243853    97.3219    -0.0242     2.1434      98.78          2  1031.2030  1031.2029    34.8825    34.8825    1477.11    1477.12   6072.149    6.63862   90.68197     -1.035     0.0005    741.000  1031.2031  1031.2030    34.8826    34.8826    1477.11    1477.12    6.64295     -1.134     0.0005 0.0000e+00
   6072.997  -39.41588   59.94834    740.000    748.389     3.6026     3.6032   3.243778   3.243829    97.3297    -0.0241     2.1433      98.78          2  1031.1982  1031.1982    34.8825    34.8825    1477.10    1477.10   6072.997    6.63896   90.68700     -1.119     0.0006    740.000  1031.1984  1031.1982    34.8825    34.8825    1477.10    1477.10    6.64148     -1.217     0.0006 0.0000e+00
   6073.820  -39.41588   59.94834    739.000    747.376     3.6031     3.6035   3.243784   3.243815    97.3141    -0.0219     2.1437      98.78          2  1031.1937  1031.1936    34.8826    34.8825    1477.08    1477.08   6073.820    6.64051   90.70919     -1.205     0.0004    739.000  1031.1937  1031.1936    34.8827    34.8826    1477.08    1477.09    6.64223     -1.216     0.0004 0.0000e+00
   6074.668  -39.41588   59.94834    738.000    746.363     3.6037     3.6040   3.243802   3.243836    97.3180    -0.0226     2.1435      98.78          2  1031.1891  1031.1890    34.8827    34.8827    1477.07    1477.07   6074.668    6.63857   90.68402     -1.223     0.0004    738.000  1031.1891  1031.1891    34.8828    34.8828    1477.07    1477.07    6.64047     -1.135     0.0004 0.0000e+00
   6075.631  -39.41588   59.94834    737.000    745.350     3.6042     3.6042   3.243820   3.243814    97.3235    -0.0238     2.1441      98.78          2  1031.1844  1031.1844    34.8828    34.8828    1477.06    1477.05   6075.631    6.64041   90.71055     -1.134    -0.0000    737.000  1031.1846  1031.1844    34.8829    34.8829    1477.06    1477.06    6.64206     -0.960    -0.0000 0.0000e+00
   6076.873  -39.41588   59.94834    736.000    744.337     3.6048     3.6041   3.243824   3.243762    97.3163    -0.0234     2.1447      98.78          2  1031.1797  1031.1798    34.8828    34.8829    1477.04    1477.04   6076.873    6.63962   90.70096     -0.904    -0.0008    736.000  1031.1797  1031.1799    34.8829    34.8829    1477.04    1477.04    6.64321     -0.745    -0.0008 0.0000e+00
   6078.275  -39.41588   59.94834    735.000    743.324     3.6052     3.6041   3.243828   3.243727    97.3060    -0.0237     2.1448      98.78          2  1031.1750  1031.1753    34.8829    34.8830    1477.03    1477.02   6078.275    6.64153   90.72812     -0.707    -0.0012    735.000  1031.1752  1031.1754    34.8830    34.8831    1477.03    1477.02    6.64285     -0.822    -0.0012 0.0000e+00
   6079.343  -39.41588   59.94834    734.000    742.310     3.6049     3.6053   3.243739   3.243789    97.3283    -0.0242     2.1449      98.78          2  1031.1704  1031.1704    34.8829    34.8829    1477.01    1477.01   6079.343    6.64203   90.73411     -0.838     0.0005    734.000  1031.1704  1031.1704    34.8829    34.8830    1477.01    1477.01    6.64220     -1.093     0.0005 0.0000e+00
   6080.178  -39.41588   59.94834    733.000    741.297     3.6053     3.6062   3.243735   3.243798    97.3036    -0.0233     2.1453      98.78          2  1031.1658  1031.1655    34.8829    34.8827    1476.99    1477.00   6080.178    6.64119   90.72348     -1.057     0.0009    733.000  1031.1658  1031.1655    34.8829    34.8827    1476.99    1477.00    6.64315     -1.219     0.0009 0.0000e+00
   6081.003  -39.41588   59.94834    732.000    740.284     3.6059     3.6065   3.243758   3.243806    97.3239    -0.0230     2.1449      98.78          2  1031.1611  1031.1609    34.8830    34.8828    1476.98    1476.98   6081.003    6.64041   90.71423     -1.205     0.0007    732.000  1031.1613  1031.1610    34.8831    34.8830    1476.98    1476.98    6.64048     -1.147     0.0007 0.0000e+00
   6082.044  -39.41588   59.94834    731.000    739.271     3.6065     3.6067   3.243771   3.243799    97.3198    -0.0232     2.1449      98.78          2  1031.1564  1031.1565    34.8831    34.8832    1476.96    1476.97   6082.044    6.64059   90.71801     -1.111     0.0002    731.000  1031.1565  1031.1566    34.8832    34.8833    1476.96    1476.97    6.63949     -0.808     0.0002 0.0000e+00
   6083.656  -39.41587   59.94834    730.000    738.258     3.6069     3.6062   3.243762   3.243703    97.3080    -0.0229     2.1457      98.78          2  1031.1517  1031.1519    34.8830    34.8832    1476.95    1476.95   6083.656    6.63877   90.69410     -0.637    -0.0007    730.000  1031.1517  1031.1520    34.8832    34.8832    1476.95    1476.95    6.64174     -0.649    -0.0007 0.0000e+00
   6084.905  -39.41586   59.94834    729.000    737.245     3.6075     3.6076   3.243777   3.243799    97.3088    -0.0242     2.1455      98.78          2  1031.1471  1031.1471    34.8832    34.8832    1476.94    1476.94   6084.905    6.63957   90.70650     -0.716     0.0001    729.000  1031.1471  1031.1472    34.8832    34.8834    1476.94    1476.94    6.63984     -0.981     0.0001 0.0000e+00
   6085.829  -39.41588   59.94834    728.000    736.232     3.6075     3.6084   3.243734   3.243812    97.3138    -0.0236     2.1453      98.78          2  1031.1425  1031.1422    34.8832    34.8830    1476.92    1476.92   6085.829    6.63936   90.70345     -0.969     0.0009    728.000  1031.1426  1031.1423    34.8833    34.8832    1476.92    1476.92    6.63843     -1.127     0.0009 0.0000e+00
   6086.712  -39.41588   59.94834    727.000    735.219     3.6080     3.6087   3.243745   3.243798    97.3103    -0.0232     2.1456      98.78          2  1031.1378  1031.1377    34.8832    34.8832    1476.90    1476.91   6086.712    6.63800   90.68625     -1.117     0.0007    727.000  1031.1378  1031.1377    34.8833    34.8833    1476.90    1476.91    6.63845     -1.130     0.0007 0.0000e+00
   6087.624  -39.41588   59.94834    726.000    734.206     3.6083     3.6087   3.243734   3.243774    97.3253    -0.0229     2.1449      98.78          2  1031.1332  1031.1332    34.8834    34.8834    1476.89    1476.89   6087.624    6.63704   90.67379     -1.133     0.0004    726.000  1031.1332  1031.1332    34.8834    34.8835    1476.89    1476.89    6.63483     -1.113     0.0004 0.0000e+00
   6088.526  -39.41588   59.94834    725.000    733.193     3.6089     3.6093   3.243746   3.243783    97.3336    -0.0236     2.1447      98.78          2  1031.1284  1031.1284    34.8833    34.8834    1476.87    1476.88   6088.526    6.63638   90.66615     -1.112     0.0003    725.000  1031.1285  1031.1285    34.8834    34.8835    1476.88    1476.88    6.63307     -1.164     0.0003 0.0000e+00
   6089.366  -39.41587   59.94834    724.000    732.179     3.6092     3.6098   3.243731   3.243783    97.3274    -0.0227     2.1455      98.78          2  1031.1238  1031.1237    34.8834    34.8834    1476.86    1476.86   6089.366    6.63429   90.63829     -1.147     0.0006    724.000  1031.1239  1031.1238    34.8835    34.8835    1476.86    1476.86    6.63513     -1.267     0.0006 0.0000e+00
   6090.129  -39.41586   59.94834    723.000    731.166     3.6096     3.6102   3.243704   3.243777    97.3201    -0.0253     2.1461      98.78          2  1031.1190  1031.1191    34.8833    34.8835    1476.84    1476.85   6090.129    6.63155   90.60159     -1.240     0.0007    723.000  1031.1190  1031.1191    34.8833    34.8835    1476.84    1476.85    6.63675     -1.322     0.0007 0.0000e+00
   6090.896  -39.41586   59.94834    722.000    730.153     3.6092     3.6099   3.243623   3.243696    97.3220    -0.0235     2.1463      98.78          2  1031.1144  1031.1144    34.8832    34.8834    1476.83    1476.83   6090.896    6.63104   90.59376     -1.313     0.0007    722.000  1031.1144  1031.1144    34.8832    34.8834    1476.83    1476.83    6.63688     -1.240     0.0007 0.0000e+00
   6091.822  -39.41586   59.94834    721.000    729.140     3.6088     3.6094   3.243562   3.243618    97.3296    -0.0230     2.1471      98.78          2  1031.1100  1031.1099    34.8835    34.8835    1476.81    1476.81   6091.822    6.63462   90.64190     -1.240     0.0006    721.000  1031.1100  1031.1100    34.8835    34.8836    1476.81    1476.81    6.63927     -0.884     0.0006 0.0000e+00
   6093.877  -39.41586   59.94834    720.000    728.127     3.6090     3.6093   3.243541   3.243588    97.3227    -0.0233     2.1468      98.78          2  1031.1053  1031.1055    34.8836    34.8838    1476.79    1476.79   6093.877    6.63792   90.68743     -0.469     0.0003    720.000  1031.1053  1031.1055    34.8836    34.8838    1476.79    1476.79    6.63702     -0.403     0.0003 0.0000e+00
   6095.417  -39.41587   59.94834    719.000    727.114     3.6094     3.6097   3.243513   3.243532    97.3147    -0.0230     2.1473      98.78          2  1031.1005  1031.1003    34.8833    34.8832    1476.78    1476.78   6095.417    6.63643   90.66795     -0.605     0.0003    719.000  1031.1005  1031.1003    34.8833    34.8833    1476.78    1476.78    6.63807     -1.023     0.0003 0.0000e+00
   6096.265  -39.41588   59.94834    718.000    726.101     3.6096     3.6100   3.243490   3.243510    97.2344    -0.0231     2.1472      98.78          2  1031.0958  1031.0955    34.8834    34.8831    1476.76    1476.76   6096.265    6.63405   90.63582     -0.980     0.0005    718.000  1031.0958  1031.0956    34.8834    34.8832    1476.76    1476.76    6.63690     -1.220     0.0005 0.0000e+00
   6097.084  -39.41587   59.94834    717.000    725.088     3.6101     3.6108   3.243509   3.243549    97.3258    -0.0232     2.1475      98.78          2  1031.0912  1031.0909    34.8835    34.8833    1476.75    1476.75   6097.084    6.63626   90.66721     -1.196     0.0007    717.000  1031.0913  1031.0909    34.8836    34.8833    1476.75    1476.75    6.63723     -1.127     0.0007 0.0000e+00
   6098.193  -39.41585   59.94835    716.000    724.075     3.6109     3.6107   3.243548   3.243518    97.3263    -0.0232     2.1466      98.78          2  1031.0865  1031.0865    34.8836    34.8837    1476.73    1476.73   6098.193    6.63561   90.66032     -1.066    -0.0003    716.000  1031.0867  1031.0865    34.8837    34.8837    1476.73    1476.73    6.63258     -0.784    -0.0003 0.0000e+00
   6099.639  -39.41584   59.94836    715.000    723.062     3.6124     3.6110   3.243643   3.243512    97.3223    -0.0232     2.1462      98.78          2  1031.0818  1031.0818    34.8837    34.8836    1476.72    1476.72   6099.639    6.63402   90.64179     -0.675    -0.0014    715.000  1031.0819  1031.0820    34.8838    34.8838    1476.72    1476.72    6.62964     -0.851    -0.0014 0.0000e+00
