Ship_data/Irminger/Irminger-2/ctd/process/uat30_011.cnv
* Sea-Bird SBE 9 Data File:
* FileName = C:\data\ctd\at30_011.hdr
* Software Version Seasave V 7.21f
* Temperature SN = 2265
* Conductivity SN = 3021
* Number of Bytes Per Scan = 40
* Number of Voltage Words = 5
* Number of Scans Averaged by the Deck Unit = 1
* NMEA Latitude = 59 41.19 N
* NMEA Longitude = 039 21.93 W
* NMEA UTC (Time) = Aug 21 2015  19:14:51
** cal val post deployment at FLMB2
# nquan = 36
# nvalues = 2810                        
# units = specified
# name 0 = timeS: Time, Elapsed [seconds]
# name 1 = longitude: Longitude [deg]
# name 2 = latitude: Latitude [deg]
# name 3 = depSM: Depth [salt water, m]
# name 4 = prDM: Pressure, Digiquartz [db]
# name 5 = t090C: Temperature [ITS-90, deg C]
# name 6 = t190C: Temperature, 2 [ITS-90, deg C]
# name 7 = c0S/m: Conductivity [S/m]
# name 8 = c1S/m: Conductivity, 2 [S/m]
# name 9 = CStarTr0: Beam Transmission, WET Labs C-Star [%]
# name 10 = flECO-AFL: Fluorescence, WET Labs ECO-AFL/FL [mg/m^3]
# name 11 = sbeox0V: Oxygen raw, SBE 43 [V]
# name 12 = altM: Altimeter [m]
# name 13 = nbf: Bottles Fired
# name 14 = density00: Density [density, Kg/m^3]
# name 15 = density11: Density, 2 [density, Kg/m^3]
# name 16 = sal00: Salinity, Practical [PSU]
# name 17 = sal11: Salinity, Practical, 2 [PSU]
# name 18 = svCM: Sound Velocity [Chen-Millero, m/s]
# name 19 = svCM1: Sound Velocity, 2 [Chen-Millero, m/s]
# name 20 = timeS: Time, Elapsed [seconds]
# name 21 = sbeox0ML/L: Oxygen, SBE 43 [ml/l]
# name 22 = sbeox0PS: Oxygen, SBE 43 [% saturation]
# name 23 = dz/dtM: Descent Rate [m/s]
# name 24 = T2-T190C: Temperature Difference, 2 - 1 [ITS-90, deg C]
# name 25 = depSM: Depth [salt water, m], lat = 59.6865
# name 26 = density00: Density [density, Kg/m^3]
# name 27 = density11: Density, 2 [density, Kg/m^3]
# name 28 = sal00: Salinity, Practical [PSU]
# name 29 = sal11: Salinity, Practical, 2 [PSU]
# name 30 = svCM: Sound Velocity [Chen-Millero, m/s]
# name 31 = svCM1: Sound Velocity, 2 [Chen-Millero, m/s]
# name 32 = sbeox0ML/L: Oxygen, SBE 43 [ml/l], WS = 2
# name 33 = dz/dtM: Descent Rate [m/s], WS = 2
# name 34 = T2-T190C: Temperature Difference, 2 - 1 [ITS-90, deg C]
# name 35 = flag: flag
# span 0 =   3392.933,   7783.471       
# span 1 =  -39.35296,  -39.33056       
# span 2 =   59.68237,   59.68518       
# span 3 =      1.000,   2810.000       
# span 4 =      1.009,   2855.920       
# span 5 =     1.5254,     8.7308       
# span 6 =     1.5275,     8.7304       
# span 7 =   3.148592,   3.676690       
# span 8 =   3.148689,   3.676630       
# span 9 =    93.9434,    97.5300       
# span 10 =    -0.0675,    -0.0423      
# span 11 =     1.6755,     2.5431      
# span 12 =      19.15,     106.79      
# span 13 =          0,         12      
# span 14 =  1027.0594,  1041.0057      
# span 15 =  1027.0587,  1041.0046      
# span 16 =    34.8433,    34.9302      
# span 17 =    34.8400,    34.9298      
# span 18 =    1469.28,    1503.52      
# span 19 =    1469.27,    1503.52      
# span 20 =   3392.933,   7783.471      
# span 21 =    6.01022,    6.81851      
# span 22 =   81.29258,  102.00510      
# span 23 =     -2.042,      0.254      
# span 24 =    -0.1822,     0.1060      
# span 25 =      1.000,   2810.000      
# span 26 =  1027.0599,  1041.0059      
# span 27 =  1027.0594,  1041.0048      
# span 28 =    34.8475,    34.9304      
# span 29 =    34.8475,    34.9300      
# span 30 =    1469.28,    1503.52      
# span 31 =    1469.27,    1503.52      
# span 32 =    6.01314,    6.82745      
# span 33 =     -2.044,      0.136      
# span 34 =    -0.1822,     0.1060      
# span 35 = 0.0000e+00, 0.0000e+00      
# interval = meters: 1                  
# start_time = Aug 21 2015 19:14:51 [NMEA time, header]
# bad_flag = -9.990e-29
*END*
[from data line 2660]
   7218.825  -39.33342   59.68293    150.000    151.479     4.0905     4.0908   3.262723   3.262770    97.2863    -0.0446     2.2703      98.73         10  1028.4075  1028.4076    34.9080    34.9083    1469.36    1469.36   7218.825    6.53539   90.35047     -0.120     0.0003    150.000  1028.4075  1028.4077    34.9081    34.9083    1469.36    1469.36    6.53887      0.028     0.0003 0.0000e+00
   7239.988  -39.33330   59.68292    149.000    150.469     4.0934     4.0931   3.262915   3.262918    97.2849    -0.0452     2.2711      98.73         11  1028.4023  1028.4026    34.9078    34.9081    1469.35    1469.35   7239.988    6.52705   90.24138     -0.656    -0.0002    149.000  1028.4023  1028.4026    34.9078    34.9081    1469.35    1469.35    6.54053     -0.864    -0.0002 0.0000e+00
   7242.957  -39.33328   59.68292    148.000    149.459     4.0920     4.0923   3.262778   3.262820    97.2837    -0.0445     2.2702      98.73         11  1028.3981  1028.3982    34.9081    34.9084    1469.33    1469.33   7242.957    6.53665   90.37135     -0.368     0.0003    148.000  1028.3981  1028.3982    34.9082    34.9084    1469.33    1469.33    6.53671     -0.200     0.0003 0.0000e+00
   7246.545  -39.33327   59.68292    147.000    148.449     4.0957     4.0943   3.263072   3.262935    97.2937    -0.0443     2.2670      98.73         11  1028.3929  1028.3928    34.9081    34.9079    1469.33    1469.32   7246.545    6.49994   89.87183     -0.930    -0.0015    147.000  1028.3931  1028.3932    34.9083    34.9082    1469.33    1469.33    6.52317     -1.395    -0.0015 0.0000e+00
   7247.257  -39.33326   59.68291    146.000    147.439     4.0967     4.0966   3.263119   3.263110    97.2894    -0.0448     2.2718      98.73         11  1028.3882  1028.3882    34.9082    34.9082    1469.32    1469.32   7247.257    6.49633   89.82412     -1.302    -0.0002    146.000  1028.3883  1028.3884    34.9083    34.9084    1469.32    1469.32    6.54026     -1.466    -0.0002 0.0000e+00
   7247.951  -39.33326   59.68290    145.000    146.428     4.0973     4.0972   3.263135   3.263126    97.2947    -0.0439     2.2754      98.73         11  1028.3835  1028.3835    34.9083    34.9083    1469.30    1469.30   7247.951    6.50333   89.92221     -1.460    -0.0001    145.000  1028.3837  1028.3837    34.9085    34.9085    1469.31    1469.30    6.55268     -1.339    -0.0001 0.0000e+00
   7248.808  -39.33324   59.68290    144.000    145.418     4.0998     4.0981   3.263304   3.263173    97.2757    -0.0447     2.2769      98.73         11  1028.3784  1028.3788    34.9082    34.9083    1469.30    1469.29   7248.808    6.52646   90.24742     -1.362    -0.0016    144.000  1028.3787  1028.3789    34.9084    34.9086    1469.30    1469.29    6.55684     -0.978    -0.0016 0.0000e+00
   7252.976  -39.33322   59.68291    143.000    144.408     4.1000     4.1000   3.263279   3.263301    97.2920    -0.0442     2.2710      98.73         11  1028.3739  1028.3740    34.9084    34.9085    1469.28    1469.28   7252.976    6.55379   90.62576     -0.056     0.0001    143.000  1028.3740  1028.3741    34.9085    34.9087    1469.28    1469.28    6.53385     -0.034     0.0001 0.0000e+00
   7255.396  -39.33321   59.68290    142.000    143.398     4.1026     4.1003   3.263471   3.263274    97.2897    -0.0450     2.2700      98.73         11  1028.3688  1028.3690    34.9082    34.9082    1469.28    1469.27   7255.396    6.52211   90.19355     -0.721    -0.0023    142.000  1028.3690  1028.3694    34.9084    34.9086    1469.28    1469.27    6.52873     -0.911    -0.0023 0.0000e+00
   7256.512  -39.33320   59.68290    141.000    142.388     4.1101     4.1055   3.264201   3.263729    97.2728    -0.0441     2.2734      98.73         11  1028.3638  1028.3639    34.9088    34.9083    1469.29    1469.27   7256.512    6.52101   90.19494     -0.906    -0.0046    141.000  1028.3645  1028.3645    34.9097    34.9090    1469.29    1469.27    6.53919     -0.814    -0.0046 0.0000e+00
   7258.817  -39.33318   59.68290    140.000    141.377     4.1131     4.1128   3.264406   3.264400    97.2848    -0.0446     2.2731      98.73         11  1028.3590  1028.3591    34.9091    34.9093    1469.29    1469.29   7258.817    6.53621   90.41194     -0.467    -0.0003    140.000  1028.3593  1028.3595    34.9095    34.9097    1469.29    1469.29    6.53679     -0.328    -0.0003 0.0000e+00
   7262.092  -39.33318   59.68290    139.000    140.367     4.1152     4.1143   3.264610   3.264456    97.2913    -0.0440     2.2692      98.73         11  1028.3541  1028.3540    34.9091    34.9089    1469.28    1469.28   7262.092    6.53083   90.34209     -0.304    -0.0009    139.000  1028.3550  1028.3544    34.9102    34.9093    1469.28    1469.28    6.52085     -0.784    -0.0009 0.0000e+00
   7262.903  -39.33318   59.68290    138.000    139.357     4.1248     4.1183   3.265514   3.264833    97.2666    -0.0442     2.2712      98.73         11  1028.3491  1028.3492    34.9101    34.9093    1469.31    1469.28   7262.903    6.52234   90.24607     -0.799    -0.0065    138.000  1028.3501  1028.3499    34.9113    34.9101    1469.31    1469.28    6.52580     -1.188    -0.0065 0.0000e+00
   7263.685  -39.33316   59.68290    137.000    138.347     4.1310     4.1266   3.266038   3.265605    97.2861    -0.0439     2.2750      98.73         11  1028.3440  1028.3439    34.9104    34.9096    1469.32    1469.30   7263.685    6.51684   90.18372     -1.132    -0.0044    137.000  1028.3448  1028.3450    34.9114    34.9110    1469.32    1469.30    6.53805     -1.286    -0.0044 0.0000e+00
   7264.477  -39.33316   59.68290    136.000    137.337     4.1341     4.1317   3.266117   3.265973    97.2961    -0.0442     2.2764      98.73         11  1028.3378  1028.3386    34.9089    34.9097    1469.31    1469.30   7264.477    6.51832   90.21011     -1.274    -0.0024    136.000  1028.3384  1028.3392    34.9096    34.9105    1469.31    1469.30    6.54211     -1.131    -0.0024 0.0000e+00
   7268.299  -39.33313   59.68290    135.000    136.327     4.1466     4.1432   3.267097   3.266846    97.2899    -0.0441     2.2738      98.73         11  1028.3307  1028.3317    34.9077    34.9084    1469.34    1469.33   7268.299    6.53418   90.45596     -0.205    -0.0034    135.000  1028.3314  1028.3324    34.9086    34.9092    1469.34    1469.33    6.52927     -0.107    -0.0034 0.0000e+00
   7272.156  -39.33312   59.68288    134.000    135.316     4.1533     4.1450   3.267618   3.266932    97.2853    -0.0445     2.2728      98.73         11  1028.3253  1028.3269    34.9076    34.9085    1469.35    1469.32   7272.156    6.52319   90.31834     -0.552    -0.0083    134.000  1028.3257  1028.3271    34.9082    34.9088    1469.36    1469.32    6.52370     -0.710    -0.0083 0.0000e+00
   7273.335  -39.33312   59.68289    133.000    134.306     4.1562     4.1505   3.267871   3.267358    97.2942    -0.0453     2.2749      98.73         11  1028.3203  1028.3207    34.9076    34.9074    1469.35    1469.33   7273.335    6.52029   90.28447     -0.741    -0.0056    133.000  1028.3210  1028.3217    34.9086    34.9085    1469.35    1469.33    6.53018     -0.941    -0.0056 0.0000e+00
   7274.310  -39.33312   59.68290    132.000    133.296     4.1661     4.1589   3.268823   3.268054    97.2910    -0.0448     2.2780      98.73         11  1028.3146  1028.3147    34.9077    34.9069    1469.37    1469.34   7274.310    6.52102   90.31632     -0.940    -0.0072    132.000  1028.3163  1028.3159    34.9099    34.9085    1469.38    1469.35    6.53907     -1.039    -0.0072 0.0000e+00
   7275.312  -39.33312   59.68290    131.000    132.286     4.1913     4.1820   3.271281   3.270227    97.2746    -0.0441     2.2808      98.73         11  1028.3085  1028.3071    34.9095    34.9064    1469.46    1469.42   7275.312    6.52240   90.39129     -1.032    -0.0093    131.000  1028.3112  1028.3102    34.9129    34.9102    1469.47    1469.43    6.54391     -0.920    -0.0093 0.0000e+00
   7276.614  -39.33311   59.68290    130.000    131.276     4.2186     4.2080   3.273903   3.272768    97.2946    -0.0441     2.2810      98.73         11  1028.3029  1028.3024    34.9120    34.9100    1469.57    1469.52   7276.614    6.53202   90.58594     -0.853    -0.0106    130.000  1028.3054  1028.3049    34.9154    34.9132    1469.57    1469.52    6.53910     -0.664    -0.0106 0.0000e+00
   7279.895  -39.33308   59.68288    129.000    130.266     4.2328     4.2335   3.275146   3.275254    97.3003    -0.0447     2.2796      98.73         11  1028.2982  1028.2985    34.9142    34.9145    1469.61    1469.61   7279.895    6.53457   90.65353     -0.290     0.0007    129.000  1028.2994  1028.2998    34.9156    34.9161    1469.61    1469.62    6.53053     -0.231     0.0007 0.0000e+00
   7283.698  -39.33307   59.68288    128.000    129.256     4.1945     4.1966   3.270952   3.271364    97.2957    -0.0447     2.2778      98.73         11  1028.2936  1028.2949    34.9088    34.9107    1469.43    1469.44   7283.698    6.53128   90.52105     -0.404     0.0021    128.000  1028.2922  1028.2942    34.9071    34.9098    1469.43    1469.44    6.53011     -0.668     0.0021 0.0000e+00
   7284.923  -39.33306   59.68288    127.000    128.245     4.1971     4.1987   3.271278   3.271495    97.2912    -0.0441     2.2814      98.73         11  1028.2882  1028.2889    34.9083    34.9095    1469.42    1469.43   7284.923    6.52375   90.42204     -0.723     0.0016    127.000  1028.2886  1028.2891    34.9088    34.9096    1469.42    1469.43    6.54212     -0.798     0.0016 0.0000e+00
   7286.211  -39.33305   59.68288    126.000    127.235     4.2022     4.2015   3.271552   3.271585    97.2764    -0.0448     2.2823      98.73         11  1028.2821  1028.2830    34.9072    34.9083    1469.42    1469.42   7286.211    6.53572   90.59840     -0.793    -0.0007    126.000  1028.2821  1028.2831    34.9072    34.9083    1469.42    1469.42    6.54359     -0.753    -0.0007 0.0000e+00
   7287.582  -39.33304   59.68288    125.000    126.225     4.2088     4.2049   3.272200   3.271826    97.2802    -0.0448     2.2832      98.73         11  1028.2769  1028.2772    34.9075    34.9073    1469.44    1469.42   7287.582    6.54069   90.68189     -0.741    -0.0039    125.000  1028.2776  1028.2778    34.9084    34.9081    1469.44    1469.42    6.54474     -0.754    -0.0039 0.0000e+00
   7288.889  -39.33304   59.68288    124.000    125.215     4.2145     4.2116   3.272547   3.272365    97.2859    -0.0448     2.2858      98.73         11  1028.2711  1028.2720    34.9069    34.9076    1469.44    1469.43   7288.889    6.54005   90.68514     -0.765    -0.0029    124.000  1028.2712  1028.2722    34.9070    34.9079    1469.44    1469.43    6.55283     -0.758    -0.0029 0.0000e+00
   7291.458  -39.33302   59.68288    123.000    124.205     4.2082     4.2080   3.271757   3.271809    97.2810    -0.0443     2.2870      98.73         11  1028.2655  1028.2661    34.9049    34.9057    1469.40    1469.40   7291.458    6.55432   90.86792     -0.402    -0.0002    123.000  1028.2655  1028.2661    34.9049    34.9057    1469.40    1469.40    6.55766     -0.310    -0.0002 0.0000e+00
   7295.708  -39.33300   59.68288    122.000    123.195     4.2043     4.2055   3.271208   3.271393    97.2621    -0.0443     2.2842      98.73         11  1028.2599  1028.2603    34.9032    34.9038    1469.36    1469.37   7295.708    6.55535   90.87267     -0.288     0.0012    122.000  1028.2598  1028.2604    34.9031    34.9040    1469.36    1469.37    6.54693     -0.708     0.0012 0.0000e+00
   7296.555  -39.33300   59.68288    121.000    122.185     4.2041     4.2054   3.271105   3.271306    97.2794    -0.0436     2.2901      98.73         11  1028.2549  1028.2557    34.9027    34.9039    1469.34    1469.35   7296.555    6.54801   90.77017     -0.766     0.0013    121.000  1028.2548  1028.2554    34.9026    34.9036    1469.34    1469.35    6.56807     -0.943     0.0013 0.0000e+00
   7297.650  -39.33300   59.68287    120.000    121.175     4.2043     4.2044   3.271044   3.271121    97.2804    -0.0451     2.2921      98.73         11  1028.2499  1028.2505    34.9023    34.9031    1469.33    1469.33   7297.650    6.55014   90.79983     -0.933     0.0002    120.000  1028.2498  1028.2504    34.9023    34.9030    1469.33    1469.33    6.57476     -0.822     0.0002 0.0000e+00
   7299.232  -39.33299   59.68288    119.000    120.165     4.2050     4.2050   3.271002   3.271052    97.2726    -0.0443     2.2940      98.73         11  1028.2445  1028.2449    34.9015    34.9021    1469.31    1469.31   7299.232    6.57120   91.09277     -0.695     0.0000    119.000  1028.2445  1028.2449    34.9016    34.9021    1469.31    1469.31    6.58072     -0.532     0.0000 0.0000e+00
   7301.453  -39.33297   59.68288    118.000    119.155     4.2103     4.2114   3.271451   3.271554    97.2736    -0.0442     2.2938      98.73         11  1028.2390  1028.2389    34.9013    34.9013    1469.32    1469.32   7301.453    6.57895   91.21186     -0.456     0.0011    118.000  1028.2394  1028.2393    34.9017    34.9018    1469.32    1469.32    6.57822     -0.412     0.0011 0.0000e+00
   7304.238  -39.33296   59.68286    117.000    118.144     4.2212     4.2200   3.272386   3.272293    97.2555    -0.0440     2.2930      98.73         11  1028.2332  1028.2335    34.9013    34.9017    1469.35    1469.34   7304.238    6.57475   91.17753     -0.330    -0.0012    117.000  1028.2335  1028.2338    34.9018    34.9020    1469.35    1469.34    6.57264     -0.428    -0.0012 0.0000e+00
   7305.821  -39.33296   59.68286    116.000    117.134     4.2263     4.2182   3.272872   3.272085    97.2641    -0.0443     2.2958      98.73         11  1028.2281  1028.2289    34.9016    34.9015    1469.35    1469.32   7305.821    6.57060   91.13144     -0.601    -0.0081    116.000  1028.2290  1028.2294    34.9027    34.9020    1469.35    1469.32    6.58122     -0.787    -0.0081 0.0000e+00
   7307.153  -39.33295   59.68286    115.000    116.124     4.2308     4.2257   3.273180   3.272741    97.2804    -0.0442     2.2990      98.73         11  1028.2229  1028.2236    34.9016    34.9018    1469.35    1469.33   7307.153    6.57470   91.19820     -0.760    -0.0052    115.000  1028.2233  1028.2241    34.9021    34.9024    1469.35    1469.33    6.59128     -0.604    -0.0052 0.0000e+00
   7310.145  -39.33292   59.68286    114.000    115.114     4.2310     4.2307   3.273126   3.273124    97.2613    -0.0446     2.2977      98.73         11  1028.2181  1028.2184    34.9015    34.9018    1469.34    1469.34   7310.145    6.59189   91.43690     -0.234    -0.0003    114.000  1028.2184  1028.2186    34.9018    34.9021    1469.34    1469.34    6.58589     -0.275    -0.0003 0.0000e+00
   7312.369  -39.33293   59.68286    113.000    114.104     4.2319     4.2303   3.273131   3.273019    97.2725    -0.0449     2.2998      98.73         11  1028.2131  1028.2136    34.9012    34.9016    1469.32    1469.32   7312.369    6.58660   91.36529     -0.480    -0.0016    113.000  1028.2134  1028.2139    34.9015    34.9019    1469.33    1469.32    6.59257     -0.410    -0.0016 0.0000e+00
   7315.125  -39.33291   59.68286    112.000    113.094     4.2349     4.2342   3.273348   3.273289    97.2598    -0.0450     2.3007      98.73         11  1028.2079  1028.2081    34.9010    34.9011    1469.32    1469.32   7315.125    6.59338   91.46588     -0.326    -0.0007    112.000  1028.2083  1028.2084    34.9014    34.9015    1469.32    1469.32    6.59456     -0.470    -0.0007 0.0000e+00
   7316.743  -39.33290   59.68286    111.000    112.084     4.2402     4.2350   3.273794   3.273337    97.2530    -0.0441     2.3030      98.73         11  1028.2026  1028.2035    34.9010    34.9014    1469.33    1469.30   7316.743    6.59196   91.45794     -0.598    -0.0052    111.000  1028.2031  1028.2037    34.9016    34.9017    1469.33    1469.31    6.60127     -0.594    -0.0052 0.0000e+00
