Ship_data/Irminger/Irminger-2/ctd/process/uat30_009.cnv
* Sea-Bird SBE 9 Data File:
* FileName = C:\data\ctd\at30_009.hdr
* Software Version Seasave V 7.21f
* Temperature SN = 2265
* Conductivity SN = 3021
* Number of Bytes Per Scan = 40
* Number of Voltage Words = 5
* Number of Scans Averaged by the Deck Unit = 1
* NMEA Latitude = 59 42.40 N
* NMEA Longitude = 039 19.92 W
* NMEA UTC (Time) = Aug 19 2015  15:06:00
** FLMB 1 for cal
# nquan = 36
# nvalues = 2807                        
# units = specified
# name 0 = timeS: Time, Elapsed [seconds]
# name 1 = longitude: Longitude [deg]
# name 2 = latitude: Latitude [deg]
# name 3 = depSM: Depth [salt water, m]
# name 4 = prDM: Pressure, Digiquartz [db]
# name 5 = t090C: Temperature [ITS-90, deg C]
# name 6 = t190C: Temperature, 2 [ITS-90, deg C]
# name 7 = c0S/m: Conductivity [S/m]
# name 8 = c1S/m: Conductivity, 2 [S/m]
# name 9 = CStarTr0: Beam Transmission, WET Labs C-Star [%]
# name 10 = flECO-AFL: Fluorescence, WET Labs ECO-AFL/FL [mg/m^3]
# name 11 = sbeox0V: Oxygen raw, SBE 43 [V]
# name 12 = altM: Altimeter [m]
# name 13 = nbf: Bottles Fired
# name 14 = density00: Density [density, Kg/m^3]
# name 15 = density11: Density, 2 [density, Kg/m^3]
# name 16 = sal00: Salinity, Practical [PSU]
# name 17 = sal11: Salinity, Practical, 2 [PSU]
# name 18 = svCM: Sound Velocity [Chen-Millero, m/s]
# name 19 = svCM1: Sound Velocity, 2 [Chen-Millero, m/s]
# name 20 = timeS: Time, Elapsed [seconds]
# name 21 = sbeox0ML/L: Oxygen, SBE 43 [ml/l]
# name 22 = sbeox0PS: Oxygen, SBE 43 [% saturation]
# name 23 = dz/dtM: Descent Rate [m/s]
# name 24 = T2-T190C: Temperature Difference, 2 - 1 [ITS-90, deg C]
# name 25 = depSM: Depth [salt water, m], lat = 59.7067
# name 26 = density00: Density [density, Kg/m^3]
# name 27 = density11: Density, 2 [density, Kg/m^3]
# name 28 = sal00: Salinity, Practical [PSU]
# name 29 = sal11: Salinity, Practical, 2 [PSU]
# name 30 = svCM: Sound Velocity [Chen-Millero, m/s]
# name 31 = svCM1: Sound Velocity, 2 [Chen-Millero, m/s]
# name 32 = sbeox0ML/L: Oxygen, SBE 43 [ml/l], WS = 2
# name 33 = dz/dtM: Descent Rate [m/s], WS = 2
# name 34 = T2-T190C: Temperature Difference, 2 - 1 [ITS-90, deg C]
# name 35 = flag: flag
# span 0 =   3349.772,   7969.565       
# span 1 =  -39.33223,  -39.33163       
# span 2 =   59.70658,   59.70688       
# span 3 =      2.000,   2808.000       
# span 4 =      2.019,   2853.878       
# span 5 =     1.5427,     8.3155       
# span 6 =     1.5433,     8.3161       
# span 7 =   3.149839,   3.636607       
# span 8 =   3.149850,   3.636606       
# span 9 =    92.7291,    97.6021       
# span 10 =    -0.0218,    -0.0170      
# span 11 =     1.6701,     2.5218      
# span 12 =      16.91,     118.72      
# span 13 =          0,         12      
# span 14 =  1027.1127,  1040.9924      
# span 15 =  1027.1122,  1040.9916      
# span 16 =    34.8360,    34.9407      
# span 17 =    34.8333,    34.9409      
# span 18 =    1469.27,    1504.18      
# span 19 =    1469.27,    1504.16      
# span 20 =   3349.772,   7969.565      
# span 21 =    5.99499,    6.66344      
# span 22 =   81.47845,  100.97995      
# span 23 =     -1.894,      0.033      
# span 24 =    -0.4558,     0.0282      
# span 25 =      2.000,   2808.000      
# span 26 =  1027.1128,  1040.9924      
# span 27 =  1027.1121,  1040.9916      
# span 28 =    34.8421,    34.9434      
# span 29 =    34.8412,    34.9423      
# span 30 =    1469.27,    1504.18      
# span 31 =    1469.27,    1504.16      
# span 32 =    5.99600,    6.72815      
# span 33 =     -1.896,      0.042      
# span 34 =    -0.4558,     0.0282      
# span 35 = 0.0000e+00, 0.0000e+00      
# interval = meters: 1                  
# start_time = Aug 19 2015 15:06:00 [NMEA time, header]
# bad_flag = -9.990e-29
*END*
[from data line 2419]
   6924.610  -39.33172   59.70668    389.000    393.067     3.7378     3.7380   3.241212   3.241245    97.5111    -0.0205     2.2134      98.78          9  1029.5565  1029.5566    34.8967    34.8969    1471.83    1471.83   6924.610    6.59019   90.32603     -0.757     0.0002    389.000  1029.5566  1029.5568    34.8968    34.8970    1471.83    1471.83    6.59078     -0.719     0.0002 0.0000e+00
   6925.898  -39.33172   59.70668    388.000    392.055     3.7381     3.7379   3.241171   3.241180    97.5186    -0.0194     2.2134      98.78          9  1029.5516  1029.5520    34.8965    34.8969    1471.82    1471.82   6925.898    6.59138   90.34297     -0.740    -0.0002    388.000  1029.5516  1029.5520    34.8966    34.8969    1471.82    1471.82    6.59001     -0.879    -0.0002 0.0000e+00
   6926.975  -39.33172   59.70668    387.000    391.044     3.7380     3.7379   3.241128   3.241139    97.5189    -0.0198     2.2139      98.78          9  1029.5470  1029.5472    34.8966    34.8968    1471.80    1471.80   6926.975    6.58846   90.30289     -0.892    -0.0001    387.000  1029.5471  1029.5472    34.8967    34.8969    1471.80    1471.80    6.59132     -0.955    -0.0001 0.0000e+00
   6928.019  -39.33172   59.70668    386.000    390.032     3.7379     3.7383   3.241066   3.241122    97.4891    -0.0204     2.2136      98.78          9  1029.5424  1029.5425    34.8966    34.8968    1471.78    1471.79   6928.019    6.58847   90.30268     -0.955     0.0004    386.000  1029.5424  1029.5425    34.8966    34.8968    1471.78    1471.79    6.58898     -0.962     0.0004 0.0000e+00
   6929.083  -39.33172   59.70668    385.000    389.021     3.7379     3.7383   3.241023   3.241072    97.5106    -0.0188     2.2136      98.78          9  1029.5377  1029.5378    34.8966    34.8968    1471.77    1471.77   6929.083    6.58955   90.31741     -0.959     0.0004    385.000  1029.5377  1029.5378    34.8967    34.8968    1471.77    1471.77    6.58826     -0.919     0.0004 0.0000e+00
   6930.289  -39.33172   59.70668    384.000    388.010     3.7382     3.7382   3.241007   3.241040    97.5108    -0.0205     2.2135      98.78          9  1029.5331  1029.5332    34.8967    34.8970    1471.75    1471.75   6930.289    6.58738   90.28841     -0.893     0.0001    384.000  1029.5331  1029.5333    34.8967    34.8970    1471.75    1471.75    6.58685     -0.713     0.0001 0.0000e+00
   6932.661  -39.33170   59.70668    383.000    386.998     3.7380     3.7384   3.240954   3.241010    97.5189    -0.0188     2.2131      98.78          9  1029.5284  1029.5286    34.8968    34.8970    1471.73    1471.74   6932.661    6.58602   90.26937     -0.390     0.0004    383.000  1029.5284  1029.5287    34.8968    34.8971    1471.73    1471.74    6.58450     -0.326     0.0004 0.0000e+00
   6934.767  -39.33170   59.70668    382.000    385.987     3.7395     3.7397   3.241055   3.241065    97.5144    -0.0198     2.2129      98.78          9  1029.5237  1029.5236    34.8968    34.8968    1471.72    1471.73   6934.767    6.58334   90.23605     -0.498     0.0002    382.000  1029.5238  1029.5237    34.8970    34.8968    1471.72    1471.73    6.58271     -0.856     0.0002 0.0000e+00
   6935.680  -39.33170   59.70668    381.000    384.976     3.7404     3.7399   3.241108   3.241034    97.5093    -0.0200     2.2144      98.78          9  1029.5189  1029.5188    34.8969    34.8966    1471.71    1471.71   6935.680    6.58220   90.22243     -0.853    -0.0006    381.000  1029.5192  1029.5189    34.8972    34.8969    1471.71    1471.71    6.58757     -1.206    -0.0006 0.0000e+00
   6936.445  -39.33170   59.70668    380.000    383.964     3.7437     3.7431   3.241391   3.241319    97.5218    -0.0194     2.2145      98.78          9  1029.5140  1029.5140    34.8971    34.8970    1471.71    1471.71   6936.445    6.57957   90.19377     -1.143    -0.0006    380.000  1029.5144  1029.5144    34.8976    34.8974    1471.71    1471.71    6.58624     -1.276    -0.0006 0.0000e+00
   6937.295  -39.33170   59.70670    379.000    382.953     3.7461     3.7458   3.241604   3.241552    97.5092    -0.0197     2.2145      98.78          9  1029.5095  1029.5093    34.8976    34.8973    1471.70    1471.70   6937.295    6.58292   90.24516     -1.268    -0.0003    379.000  1029.5099  1029.5096    34.8981    34.8978    1471.70    1471.70    6.58496     -0.976    -0.0003 0.0000e+00
   6939.343  -39.33171   59.70670    378.000    381.941     3.7446     3.7445   3.241366   3.241389    97.5105    -0.0198     2.2143      98.78          9  1029.5049  1029.5051    34.8974    34.8977    1471.68    1471.68   6939.343    6.58474   90.26682     -0.526    -0.0001    378.000  1029.5049  1029.5051    34.8974    34.8977    1471.68    1471.68    6.58371     -0.367    -0.0001 0.0000e+00
   6941.273  -39.33168   59.70670    377.000    380.930     3.7499     3.7506   3.241933   3.241927    97.5129    -0.0203     2.2150      98.78          9  1029.5000  1029.4995    34.8980    34.8974    1471.69    1471.69   6941.273    6.58127   90.23111     -0.513     0.0007    377.000  1029.5009  1029.5002    34.8991    34.8983    1471.69    1471.69    6.58459     -0.905     0.0007 0.0000e+00
   6942.207  -39.33168   59.70670    376.000    379.919     3.7542     3.7509   3.242211   3.241905    97.5066    -0.0202     2.2154      98.78          9  1029.4950  1029.4954    34.8981    34.8981    1471.69    1471.67   6942.207    6.58032   90.22749     -0.899    -0.0033    376.000  1029.4952  1029.4955    34.8984    34.8982    1471.69    1471.67    6.58440     -1.054    -0.0033 0.0000e+00
   6943.213  -39.33170   59.70670    375.000    378.907     3.7554     3.7557   3.242313   3.242341    97.5169    -0.0187     2.2154      98.78          9  1029.4905  1029.4901    34.8985    34.8981    1471.68    1471.68   6943.213    6.58208   90.25459     -1.043     0.0003    375.000  1029.4907  1029.4907    34.8989    34.8989    1471.68    1471.68    6.58336     -0.859     0.0003 0.0000e+00
   6945.414  -39.33170   59.70670    374.000    377.896     3.7542     3.7542   3.242126   3.242156    97.4879    -0.0194     2.2157      98.78          9  1029.4858  1029.4862    34.8983    34.8988    1471.66    1471.66   6945.414    6.58295   90.26385     -0.500    -0.0001    374.000  1029.4858  1029.4862    34.8984    34.8988    1471.66    1471.66    6.58379     -0.335    -0.0001 0.0000e+00
   6948.439  -39.33168   59.70670    373.000    376.885     3.7556     3.7563   3.242280   3.242317    97.5033    -0.0196     2.2153      98.78          9  1029.4811  1029.4808    34.8985    34.8983    1471.64    1471.65   6948.439    6.58356   90.27546     -0.352     0.0007    373.000  1029.4817  1029.4814    34.8993    34.8990    1471.65    1471.65    6.58131     -0.546     0.0007 0.0000e+00
   6949.916  -39.33168   59.70670    372.000    375.873     3.7612     3.7604   3.242714   3.242664    97.5179    -0.0194     2.2155      98.78          9  1029.4762  1029.4764    34.8989    34.8992    1471.65    1471.65   6949.916    6.57950   90.23225     -0.634    -0.0008    372.000  1029.4763  1029.4766    34.8991    34.8993    1471.65    1471.65    6.58007     -0.735    -0.0008 0.0000e+00
   6951.249  -39.33168   59.70670    371.000    374.862     3.7616     3.7617   3.242723   3.242754    97.5109    -0.0197     2.2154      98.78          9  1029.4714  1029.4716    34.8990    34.8991    1471.64    1471.64   6951.249    6.57944   90.23238     -0.749     0.0001    371.000  1029.4717  1029.4719    34.8993    34.8996    1471.64    1471.64    6.57895     -0.702     0.0001 0.0000e+00
   6953.423  -39.33168   59.70672    370.000    373.851     3.7607     3.7616   3.242598   3.242707    97.5024    -0.0198     2.2148      98.78          9  1029.4670  1029.4672    34.8991    34.8995    1471.62    1471.62   6953.423    6.57775   90.20733     -0.458     0.0009    370.000  1029.4672  1029.4673    34.8993    34.8996    1471.62    1471.62    6.57582     -0.354     0.0009 0.0000e+00
   6955.806  -39.33168   59.70672    369.000    372.839     3.7648     3.7640   3.242977   3.242888    97.5201    -0.0192     2.2150      98.78          9  1029.4622  1029.4620    34.8995    34.8992    1471.62    1471.61   6955.806    6.57378   90.16191     -0.442    -0.0007    369.000  1029.4625  1029.4624    34.9000    34.8998    1471.62    1471.62    6.57494     -0.619    -0.0007 0.0000e+00
   6959.191  -39.33167   59.70672    368.000    371.828     3.7658     3.7656   3.243007   3.243005    97.5032    -0.0203     2.2150      98.78          9  1029.4574  1029.4576    34.8996    34.8998    1471.61    1471.61   6959.191    6.57308   90.15474     -0.248    -0.0002    368.000  1029.4576  1029.4578    34.8998    34.9000    1471.61    1471.61    6.57393     -0.224    -0.0002 0.0000e+00
   6964.218  -39.33166   59.70672    367.000    370.817     3.7693     3.7668   3.243293   3.243046    97.4898    -0.0207     2.2160      98.78          9  1029.4525  1029.4528    34.8998    34.8997    1471.60    1471.59   6964.218    6.57629   90.20637     -0.380    -0.0025    367.000  1029.4528  1029.4529    34.9001    34.8998    1471.60    1471.59    6.57639     -0.670    -0.0025 0.0000e+00
   6965.457  -39.33166   59.70673    366.000    369.805     3.7705     3.7694   3.243349   3.243266    97.5105    -0.0194     2.2156      98.78          9  1029.4478  1029.4480    34.8999    34.9000    1471.59    1471.59   6965.457    6.57520   90.19422     -0.672    -0.0010    366.000  1029.4479  1029.4481    34.9001    34.9002    1471.59    1471.59    6.57368     -0.563    -0.0010 0.0000e+00
   6969.277  -39.33166   59.70673    365.000    368.794     3.7684     3.7694   3.243104   3.243225    97.5148    -0.0197     2.2162      98.78          9  1029.4434  1029.4435    34.8999    34.9002    1471.57    1471.57   6969.277    6.57318   90.16183     -0.087     0.0010    365.000  1029.4434  1029.4436    34.8999    34.9003    1471.57    1471.57    6.57527     -0.197     0.0010 0.0000e+00
   6970.975  -39.33164   59.70674    364.000    367.783     3.7688     3.7695   3.243083   3.243167    97.5046    -0.0202     2.2170      98.78          9  1029.4385  1029.4386    34.8998    34.9000    1471.55    1471.56   6970.975    6.57471   90.18364     -0.592     0.0007    364.000  1029.4386  1029.4387    34.8998    34.9000    1471.55    1471.56    6.57764     -0.477     0.0007 0.0000e+00
   6981.710  -39.33163   59.70676    363.000    366.772     3.7590     3.7605   3.242033   3.242206    97.5042    -0.0194     2.2170      98.78          9  1029.4338  1029.4341    34.8984    34.8989    1471.49    1471.50   6981.710    6.57666   90.18825     -0.187     0.0015    363.000  1029.4337  1029.4338    34.8982    34.8987    1471.49    1471.50    6.57847     -0.171     0.0015 0.0000e+00
   6990.040  -39.33163   59.70676    362.000    365.760     3.7560     3.7573   3.241680   3.241831    97.5098    -0.0196     2.2184      98.78          9  1029.4291  1029.4292    34.8978    34.8982    1471.46    1471.47   6990.040    6.58149   90.24744     -0.329     0.0013    362.000  1029.4290  1029.4291    34.8977    34.8981    1471.46    1471.47    6.58387     -0.190     0.0013 0.0000e+00
   7005.232  -39.33165   59.70678    361.000    364.749     3.7576     3.7586   3.241785   3.241920    97.4954    -0.0195     2.2199      98.78          9  1029.4242  1029.4246    34.8978    34.8984    1471.45    1471.46   7005.232    6.58716   90.32865     -0.225     0.0010    361.000  1029.4242  1029.4246    34.8979    34.8984    1471.45    1471.46    6.58830     -0.072     0.0010 0.0000e+00
   7043.539  -39.33170   59.70678    360.000    363.738     3.7575     3.7577   3.241732   3.241771    97.5091    -0.0198     2.2187      98.78         10  1029.4196  1029.4198    34.8979    34.8981    1471.44    1471.44   7043.539    6.58563   90.30747     -0.411     0.0002    360.000  1029.4196  1029.4197    34.8979    34.8981    1471.44    1471.44    6.58298     -0.200     0.0002 0.0000e+00
   7053.251  -39.33170   59.70678    359.000    362.727     3.7577     3.7581   3.241681   3.241753    97.5030    -0.0194     2.2187      98.78         10  1029.4147  1029.4149    34.8976    34.8980    1471.42    1471.42   7053.251    6.57856   90.21077     -0.416     0.0004    359.000  1029.4147  1029.4149    34.8976    34.8980    1471.42    1471.42    6.58196     -0.677     0.0004 0.0000e+00
   7054.382  -39.33170   59.70678    358.000    361.715     3.7575     3.7579   3.241639   3.241697    97.4977    -0.0196     2.2195      98.78         10  1029.4102  1029.4104    34.8978    34.8981    1471.40    1471.40   7054.382    6.58120   90.24677     -0.521     0.0003    358.000  1029.4102  1029.4104    34.8978    34.8981    1471.40    1471.40    6.58437     -0.406     0.0003 0.0000e+00
   7057.275  -39.33170   59.70678    357.000    360.704     3.7586     3.7587   3.241716   3.241728    97.5151    -0.0203     2.2200      98.78         10  1029.4054  1029.4055    34.8979    34.8980    1471.39    1471.39   7057.275    6.58458   90.29543     -0.284     0.0001    357.000  1029.4056  1029.4056    34.8982    34.8982    1471.39    1471.39    6.58523     -0.544     0.0001 0.0000e+00
   7058.660  -39.33170   59.70678    356.000    359.693     3.7625     3.7598   3.242038   3.241793    97.5131    -0.0202     2.2197      98.78         10  1029.4004  1029.4010    34.8981    34.8984    1471.39    1471.38   7058.660    6.58288   90.28099     -0.659    -0.0028    356.000  1029.4006  1029.4010    34.8983    34.8983    1471.39    1471.38    6.58254     -0.696    -0.0028 0.0000e+00
   7060.474  -39.33170   59.70678    355.000    358.681     3.7649     3.7626   3.242230   3.242040    97.5068    -0.0198     2.2197      98.78         10  1029.3958  1029.3961    34.8984    34.8985    1471.38    1471.37   7060.474    6.58181   90.27167     -0.575    -0.0023    355.000  1029.3960  1029.3964    34.8987    34.8988    1471.38    1471.38    6.58099     -0.471    -0.0023 0.0000e+00
   7062.592  -39.33170   59.70678    354.000    357.670     3.7674     3.7671   3.242435   3.242415    97.5069    -0.0196     2.2193      98.78         10  1029.3910  1029.3912    34.8986    34.8989    1471.38    1471.38   7062.592    6.57998   90.25218     -0.470    -0.0003    354.000  1029.3912  1029.3914    34.8990    34.8990    1471.38    1471.38    6.57804     -0.567    -0.0003 0.0000e+00
   7064.111  -39.33170   59.70678    353.000    356.659     3.7693     3.7648   3.242556   3.242145    97.5010    -0.0202     2.2192      98.78         10  1029.3861  1029.3866    34.8987    34.8987    1471.37    1471.35   7064.111    6.57794   90.22856     -0.635    -0.0046    353.000  1029.3864  1029.3868    34.8989    34.8989    1471.37    1471.35    6.57666     -0.798    -0.0046 0.0000e+00
   7065.232  -39.33170   59.70678    352.000    355.648     3.7689     3.7682   3.242458   3.242422    97.5015    -0.0190     2.2197      98.78         10  1029.3813  1029.3816    34.8985    34.8988    1471.35    1471.35   7065.232    6.57523   90.19041     -0.824    -0.0007    352.000  1029.3815  1029.3818    34.8987    34.8990    1471.35    1471.35    6.57778     -0.963    -0.0007 0.0000e+00
   7066.289  -39.33170   59.70678    351.000    354.637     3.7695     3.7687   3.242491   3.242443    97.5068    -0.0193     2.2203      98.78         10  1029.3768  1029.3771    34.8988    34.8990    1471.34    1471.33   7066.289    6.57507   90.18958     -0.956    -0.0008    351.000  1029.3770  1029.3773    34.8990    34.8993    1471.34    1471.34    6.57894     -0.841    -0.0008 0.0000e+00
