Ship_data/Irminger/Irminger-2/ctd/process/uat30_009.cnv
* Sea-Bird SBE 9 Data File:
* FileName = C:\data\ctd\at30_009.hdr
* Software Version Seasave V 7.21f
* Temperature SN = 2265
* Conductivity SN = 3021
* Number of Bytes Per Scan = 40
* Number of Voltage Words = 5
* Number of Scans Averaged by the Deck Unit = 1
* NMEA Latitude = 59 42.40 N
* NMEA Longitude = 039 19.92 W
* NMEA UTC (Time) = Aug 19 2015  15:06:00
** FLMB 1 for cal
# nquan = 36
# nvalues = 2807                        
# units = specified
# name 0 = timeS: Time, Elapsed [seconds]
# name 1 = longitude: Longitude [deg]
# name 2 = latitude: Latitude [deg]
# name 3 = depSM: Depth [salt water, m]
# name 4 = prDM: Pressure, Digiquartz [db]
# name 5 = t090C: Temperature [ITS-90, deg C]
# name 6 = t190C: Temperature, 2 [ITS-90, deg C]
# name 7 = c0S/m: Conductivity [S/m]
# name 8 = c1S/m: Conductivity, 2 [S/m]
# name 9 = CStarTr0: Beam Transmission, WET Labs C-Star [%]
# name 10 = flECO-AFL: Fluorescence, WET Labs ECO-AFL/FL [mg/m^3]
# name 11 = sbeox0V: Oxygen raw, SBE 43 [V]
# name 12 = altM: Altimeter [m]
# name 13 = nbf: Bottles Fired
# name 14 = density00: Density [density, Kg/m^3]
# name 15 = density11: Density, 2 [density, Kg/m^3]
# name 16 = sal00: Salinity, Practical [PSU]
# name 17 = sal11: Salinity, Practical, 2 [PSU]
# name 18 = svCM: Sound Velocity [Chen-Millero, m/s]
# name 19 = svCM1: Sound Velocity, 2 [Chen-Millero, m/s]
# name 20 = timeS: Time, Elapsed [seconds]
# name 21 = sbeox0ML/L: Oxygen, SBE 43 [ml/l]
# name 22 = sbeox0PS: Oxygen, SBE 43 [% saturation]
# name 23 = dz/dtM: Descent Rate [m/s]
# name 24 = T2-T190C: Temperature Difference, 2 - 1 [ITS-90, deg C]
# name 25 = depSM: Depth [salt water, m], lat = 59.7067
# name 26 = density00: Density [density, Kg/m^3]
# name 27 = density11: Density, 2 [density, Kg/m^3]
# name 28 = sal00: Salinity, Practical [PSU]
# name 29 = sal11: Salinity, Practical, 2 [PSU]
# name 30 = svCM: Sound Velocity [Chen-Millero, m/s]
# name 31 = svCM1: Sound Velocity, 2 [Chen-Millero, m/s]
# name 32 = sbeox0ML/L: Oxygen, SBE 43 [ml/l], WS = 2
# name 33 = dz/dtM: Descent Rate [m/s], WS = 2
# name 34 = T2-T190C: Temperature Difference, 2 - 1 [ITS-90, deg C]
# name 35 = flag: flag
# span 0 =   3349.772,   7969.565       
# span 1 =  -39.33223,  -39.33163       
# span 2 =   59.70658,   59.70688       
# span 3 =      2.000,   2808.000       
# span 4 =      2.019,   2853.878       
# span 5 =     1.5427,     8.3155       
# span 6 =     1.5433,     8.3161       
# span 7 =   3.149839,   3.636607       
# span 8 =   3.149850,   3.636606       
# span 9 =    92.7291,    97.6021       
# span 10 =    -0.0218,    -0.0170      
# span 11 =     1.6701,     2.5218      
# span 12 =      16.91,     118.72      
# span 13 =          0,         12      
# span 14 =  1027.1127,  1040.9924      
# span 15 =  1027.1122,  1040.9916      
# span 16 =    34.8360,    34.9407      
# span 17 =    34.8333,    34.9409      
# span 18 =    1469.27,    1504.18      
# span 19 =    1469.27,    1504.16      
# span 20 =   3349.772,   7969.565      
# span 21 =    5.99499,    6.66344      
# span 22 =   81.47845,  100.97995      
# span 23 =     -1.894,      0.033      
# span 24 =    -0.4558,     0.0282      
# span 25 =      2.000,   2808.000      
# span 26 =  1027.1128,  1040.9924      
# span 27 =  1027.1121,  1040.9916      
# span 28 =    34.8421,    34.9434      
# span 29 =    34.8412,    34.9423      
# span 30 =    1469.27,    1504.18      
# span 31 =    1469.27,    1504.16      
# span 32 =    5.99600,    6.72815      
# span 33 =     -1.896,      0.042      
# span 34 =    -0.4558,     0.0282      
# span 35 = 0.0000e+00, 0.0000e+00      
# interval = meters: 1                  
# start_time = Aug 19 2015 15:06:00 [NMEA time, header]
# bad_flag = -9.990e-29
*END*
[from data line 1451]
   5311.980  -39.33198   59.70674   1357.000   1374.405     3.6941     3.6940   3.282551   3.282541    97.5378    -0.0204     1.8786      98.78          4  1034.0767  1034.0767    34.9264    34.9264    1487.92    1487.92   5311.980    6.00725   82.26536     -1.320    -0.0001   1357.000  1034.0768  1034.0768    34.9265    34.9264    1487.92    1487.92    6.00997     -1.013    -0.0001 0.0000e+00
   5313.429  -39.33199   59.70674   1356.000   1373.389     3.6935     3.6940   3.282470   3.282501    97.5351    -0.0203     1.8792      98.78          4  1034.0724  1034.0721    34.9266    34.9264    1487.90    1487.91   5313.429    6.00931   82.29253     -0.833     0.0005   1356.000  1034.0724  1034.0721    34.9266    34.9265    1487.90    1487.91    6.01186     -0.604     0.0005 0.0000e+00
   5315.064  -39.33198   59.70674   1355.000   1372.373     3.6936     3.6941   3.282431   3.282464    97.5367    -0.0201     1.8794      98.78          4  1034.0676  1034.0674    34.9265    34.9263    1487.89    1487.89   5315.064    6.01095   82.31497     -0.574     0.0006   1355.000  1034.0677  1034.0675    34.9266    34.9264    1487.89    1487.89    6.01206     -0.800     0.0006 0.0000e+00
   5316.164  -39.33198   59.70674   1354.000   1371.357     3.6946     3.6949   3.282465   3.282486    97.5472    -0.0200     1.8804      98.78          4  1034.0627  1034.0627    34.9264    34.9263    1487.87    1487.88   5316.164    6.01070   82.31353     -0.831     0.0004   1354.000  1034.0629  1034.0627    34.9264    34.9263    1487.87    1487.88    6.01558     -0.976     0.0004 0.0000e+00
   5317.172  -39.33198   59.70674   1353.000   1370.341     3.6962     3.6964   3.282569   3.282557    97.5438    -0.0206     1.8804      98.78          4  1034.0580  1034.0575    34.9263    34.9259    1487.86    1487.86   5317.172    6.01051   82.31406     -0.976     0.0003   1353.000  1034.0581  1034.0577    34.9265    34.9261    1487.86    1487.86    6.01465     -1.001     0.0003 0.0000e+00
   5318.204  -39.33198   59.70674   1352.000   1369.324     3.6975     3.6977   3.282640   3.282637    97.5440    -0.0198     1.8804      98.78          4  1034.0531  1034.0530    34.9263    34.9260    1487.85    1487.85   5318.204    6.01359   82.35889     -1.000     0.0002   1352.000  1034.0533  1034.0531    34.9265    34.9262    1487.85    1487.85    6.01363     -0.975     0.0002 0.0000e+00
   5319.250  -39.33198   59.70674   1351.000   1368.308     3.6988     3.6983   3.282713   3.282654    97.5282    -0.0185     1.8816      98.78          4  1034.0483  1034.0483    34.9263    34.9261    1487.84    1487.84   5319.250    6.01278   82.35046     -0.973    -0.0006   1351.000  1034.0485  1034.0485    34.9264    34.9263    1487.84    1487.84    6.01770     -0.990    -0.0006 0.0000e+00
   5320.249  -39.33198   59.70672   1350.000   1367.292     3.6994     3.7001   3.282742   3.282766    97.5356    -0.0206     1.8818      98.78          4  1034.0437  1034.0433    34.9264    34.9259    1487.83    1487.83   5320.249    6.01209   82.34219     -0.992     0.0006   1350.000  1034.0439  1034.0436    34.9266    34.9263    1487.83    1487.83    6.01783     -1.023     0.0006 0.0000e+00
   5321.250  -39.33198   59.70674   1349.000   1366.276     3.7013     3.7015   3.282838   3.282849    97.5322    -0.0188     1.8819      98.78          4  1034.0387  1034.0386    34.9261    34.9261    1487.82    1487.82   5321.250    6.01571   82.39540     -1.021     0.0002   1349.000  1034.0388  1034.0387    34.9263    34.9262    1487.82    1487.82    6.01707     -0.946     0.0002 0.0000e+00
   5322.954  -39.33198   59.70674   1348.000   1365.260     3.7003     3.7010   3.282709   3.282770    97.5429    -0.0199     1.8816      98.78          4  1034.0343  1034.0342    34.9263    34.9263    1487.80    1487.80   5322.954    6.01615   82.39967     -0.680     0.0007   1348.000  1034.0343  1034.0343    34.9263    34.9263    1487.80    1487.80    6.01527     -0.468     0.0007 0.0000e+00
   5325.473  -39.33198   59.70672   1347.000   1364.244     3.6993     3.6997   3.282594   3.282605    97.5401    -0.0196     1.8817      98.78          4  1034.0299  1034.0297    34.9263    34.9261    1487.78    1487.78   5325.473    6.01442   82.37395     -0.285     0.0003   1347.000  1034.0300  1034.0298    34.9265    34.9263    1487.78    1487.78    6.01512     -0.763     0.0003 0.0000e+00
   5326.456  -39.33198   59.70672   1346.000   1363.228     3.7013     3.7016   3.282692   3.282713    97.5422    -0.0193     1.8817      98.78          4  1034.0248  1034.0247    34.9260    34.9259    1487.77    1487.77   5326.456    6.01309   82.35961     -0.810     0.0002   1346.000  1034.0248  1034.0248    34.9261    34.9260    1487.77    1487.77    6.01395     -0.894     0.0002 0.0000e+00
   5329.361  -39.33198   59.70674   1345.000   1362.212     3.7003     3.7006   3.282573   3.282597    97.5394    -0.0210     1.8822      98.78          4  1034.0205  1034.0205    34.9262    34.9263    1487.75    1487.75   5329.361    6.01367   82.36554     -0.290     0.0003   1345.000  1034.0205  1034.0205    34.9263    34.9263    1487.75    1487.75    6.01540     -0.204     0.0003 0.0000e+00
   5331.884  -39.33198   59.70673   1344.000   1361.196     3.7012     3.7014   3.282601   3.282607    97.5403    -0.0194     1.8838      98.78          4  1034.0156  1034.0154    34.9260    34.9258    1487.73    1487.73   5331.884    6.01514   82.38749     -0.599     0.0002   1344.000  1034.0156  1034.0155    34.9261    34.9260    1487.73    1487.73    6.02158     -0.707     0.0002 0.0000e+00
   5333.720  -39.33198   59.70672   1343.000   1360.180     3.7018     3.7021   3.282621   3.282632    97.5430    -0.0203     1.8841      98.78          4  1034.0111  1034.0109    34.9262    34.9260    1487.72    1487.72   5333.720    6.02006   82.45612     -0.572     0.0003   1343.000  1034.0111  1034.0109    34.9263    34.9260    1487.72    1487.72    6.02183     -0.468     0.0003 0.0000e+00
   5335.683  -39.33198   59.70673   1342.000   1359.164     3.7034     3.7031   3.282715   3.282656    97.5407    -0.0193     1.8841      98.78          4  1034.0061  1034.0060    34.9261    34.9258    1487.71    1487.71   5335.683    6.02102   82.47240     -0.496    -0.0003   1342.000  1034.0062  1034.0060    34.9262    34.9258    1487.71    1487.71    6.02095     -0.676    -0.0003 0.0000e+00
   5337.103  -39.33198   59.70674   1341.000   1358.148     3.7033     3.7037   3.282668   3.282681    97.5376    -0.0194     1.8841      98.78          4  1034.0016  1034.0013    34.9262    34.9259    1487.69    1487.69   5337.103    6.02004   82.45887     -0.702     0.0004   1341.000  1034.0017  1034.0015    34.9262    34.9260    1487.69    1487.69    6.02027     -0.645     0.0004 0.0000e+00
   5339.348  -39.33198   59.70673   1340.000   1357.132     3.7036     3.7036   3.282639   3.282636    97.5436    -0.0199     1.8845      98.78          4  1033.9968  1033.9968    34.9260    34.9260    1487.67    1487.67   5339.348    6.01994   82.45796     -0.453    -0.0000   1340.000  1033.9969  1033.9969    34.9261    34.9261    1487.67    1487.67    6.02129     -0.361    -0.0000 0.0000e+00
   5342.050  -39.33198   59.70672   1339.000   1356.115     3.7042     3.7042   3.282652   3.282636    97.5297    -0.0194     1.8854      98.78          4  1033.9922  1033.9921    34.9260    34.9258    1487.66    1487.66   5342.050    6.02164   82.48240     -0.373    -0.0000   1339.000  1033.9923  1033.9922    34.9261    34.9260    1487.66    1487.66    6.02425     -0.540    -0.0000 0.0000e+00
   5343.577  -39.33198   59.70673   1338.000   1355.099     3.7051     3.7053   3.282680   3.282696    97.5471    -0.0201     1.8852      98.78          4  1033.9874  1033.9873    34.9260    34.9259    1487.65    1487.65   5343.577    6.02297   82.50237     -0.630     0.0003   1338.000  1033.9874  1033.9873    34.9260    34.9259    1487.65    1487.65    6.02249     -0.653     0.0003 0.0000e+00
   5345.525  -39.33198   59.70673   1337.000   1354.083     3.7054     3.7058   3.282668   3.282687    97.5306    -0.0201     1.8853      98.78          4  1033.9828  1033.9827    34.9260    34.9258    1487.63    1487.63   5345.525    6.02190   82.48837     -0.531     0.0003   1337.000  1033.9828  1033.9827    34.9260    34.9259    1487.63    1487.63    6.02207     -0.425     0.0003 0.0000e+00
   5347.908  -39.33198   59.70672   1336.000   1353.067     3.7050     3.7057   3.282546   3.282634    97.5413    -0.0197     1.8865      98.78          4  1033.9779  1033.9780    34.9256    34.9258    1487.61    1487.62   5347.908    6.02173   82.48497     -0.409     0.0007   1336.000  1033.9779  1033.9780    34.9256    34.9258    1487.61    1487.62    6.02645     -0.538     0.0007 0.0000e+00
   5349.520  -39.33198   59.70673   1335.000   1352.051     3.7052     3.7058   3.282524   3.282563    97.5480    -0.0201     1.8866      98.78          4  1033.9733  1033.9731    34.9255    34.9254    1487.60    1487.60   5349.520    6.02515   82.53232     -0.615     0.0005   1335.000  1033.9733  1033.9730    34.9255    34.9254    1487.60    1487.60    6.02632     -0.627     0.0005 0.0000e+00
   5351.484  -39.33198   59.70674   1334.000   1351.035     3.7066     3.7063   3.282616   3.282568    97.5432    -0.0203     1.8871      98.78          4  1033.9685  1033.9684    34.9255    34.9254    1487.59    1487.58   5351.484    6.02533   82.53758     -0.521    -0.0003   1334.000  1033.9685  1033.9684    34.9256    34.9254    1487.59    1487.58    6.02737     -0.443    -0.0003 0.0000e+00
   5353.854  -39.33198   59.70673   1333.000   1350.019     3.7078     3.7071   3.282670   3.282600    97.5389    -0.0192     1.8875      98.78          4  1033.9637  1033.9637    34.9255    34.9254    1487.57    1487.57   5353.854    6.02686   82.56084     -0.439    -0.0007   1333.000  1033.9637  1033.9637    34.9256    34.9255    1487.57    1487.57    6.02793     -0.392    -0.0007 0.0000e+00
   5356.665  -39.33197   59.70675   1332.000   1349.003     3.7075     3.7073   3.282598   3.282567    97.5359    -0.0196     1.8875      98.78          4  1033.9591  1033.9590    34.9255    34.9253    1487.55    1487.55   5356.665    6.02819   82.57852     -0.320    -0.0002   1332.000  1033.9591  1033.9590    34.9255    34.9254    1487.55    1487.55    6.02761     -0.498    -0.0002 0.0000e+00
   5358.043  -39.33198   59.70674   1331.000   1347.987     3.7073     3.7083   3.282503   3.282577    97.5391    -0.0201     1.8881      98.78          4  1033.9543  1033.9541    34.9252    34.9251    1487.54    1487.54   5358.043    6.02627   82.55159     -0.655     0.0010   1331.000  1033.9542  1033.9540    34.9251    34.9250    1487.54    1487.54    6.02913     -0.858     0.0010 0.0000e+00
   5359.185  -39.33198   59.70674   1330.000   1346.971     3.7072     3.7079   3.282430   3.282465    97.5383    -0.0202     1.8888      98.78          4  1033.9495  1033.9491    34.9249    34.9245    1487.52    1487.52   5359.185    6.02720   82.56393     -0.858     0.0007   1330.000  1033.9495  1033.9491    34.9249    34.9245    1487.52    1487.52    6.03155     -0.777     0.0007 0.0000e+00
   5362.310  -39.33196   59.70674   1329.000   1345.955     3.7074     3.7077   3.282425   3.282452    97.5286    -0.0200     1.8897      98.78          4  1033.9451  1033.9449    34.9252    34.9251    1487.50    1487.50   5362.310    6.03263   82.63884     -0.171     0.0004   1329.000  1033.9451  1033.9449    34.9252    34.9251    1487.50    1487.50    6.03493     -0.158     0.0004 0.0000e+00
   5364.074  -39.33196   59.70674   1328.000   1344.939     3.7075     3.7082   3.282333   3.282376    97.5322    -0.0203     1.8902      98.78          4  1033.9399  1033.9396    34.9245    34.9242    1487.49    1487.49   5364.074    6.03325   82.64716     -0.666     0.0007   1328.000  1033.9398  1033.9396    34.9245    34.9242    1487.49    1487.49    6.03638     -1.072     0.0007 0.0000e+00
   5364.956  -39.33198   59.70674   1327.000   1343.923     3.7074     3.7080   3.282261   3.282304    97.5384    -0.0209     1.8908      98.78          4  1033.9352  1033.9349    34.9243    34.9241    1487.47    1487.47   5364.956    6.03470   82.66682     -1.042     0.0006   1327.000  1033.9351  1033.9349    34.9242    34.9241    1487.47    1487.47    6.03798     -1.045     0.0006 0.0000e+00
   5368.492  -39.33197   59.70674   1326.000   1342.907     3.7073     3.7076   3.282236   3.282274    97.5149    -0.0199     1.8901      98.78          4  1033.9307  1033.9308    34.9245    34.9246    1487.45    1487.45   5368.492    6.03576   82.68121     -0.140     0.0004   1326.000  1033.9308  1033.9308    34.9245    34.9246    1487.45    1487.45    6.03413     -0.079     0.0004 0.0000e+00
   5371.266  -39.33196   59.70672   1325.000   1341.891     3.7077     3.7084   3.282181   3.282211    97.5220    -0.0197     1.8909      98.78          4  1033.9257  1033.9253    34.9240    34.9236    1487.44    1487.44   5371.266    6.03172   82.62627     -0.757     0.0007   1325.000  1033.9257  1033.9253    34.9240    34.9236    1487.44    1487.44    6.03702     -1.277     0.0007 0.0000e+00
   5371.907  -39.33198   59.70674   1324.000   1340.875     3.7080     3.7087   3.282138   3.282177    97.5246    -0.0198     1.8913      98.78          4  1033.9208  1033.9204    34.9237    34.9233    1487.42    1487.42   5371.907    6.03206   82.63139     -1.167     0.0007   1324.000  1033.9208  1033.9204    34.9237    34.9233    1487.42    1487.42    6.03762     -1.301     0.0007 0.0000e+00
   5372.742  -39.33198   59.70674   1323.000   1339.859     3.7081     3.7085   3.282099   3.282127    97.5242    -0.0204     1.8914      98.78          4  1033.9160  1033.9159    34.9236    34.9235    1487.40    1487.40   5372.742    6.03363   82.65320     -1.286     0.0004   1323.000  1033.9160  1033.9159    34.9236    34.9235    1487.40    1487.40    6.03726     -1.029     0.0004 0.0000e+00
   5375.736  -39.33196   59.70674   1322.000   1338.843     3.7076     3.7080   3.282044   3.282076    97.5312    -0.0194     1.8915      98.78          4  1033.9119  1033.9117    34.9240    34.9240    1487.38    1487.39   5375.736    6.03765   82.70744     -0.193     0.0004   1322.000  1033.9119  1033.9117    34.9240    34.9239    1487.38    1487.39    6.03704     -0.128     0.0004 0.0000e+00
   5377.906  -39.33196   59.70674   1321.000   1337.827     3.7079     3.7082   3.281999   3.282018    97.5231    -0.0197     1.8922      98.78          4  1033.9070  1033.9069    34.9236    34.9235    1487.37    1487.37   5377.906    6.03640   82.69064     -0.656     0.0003   1321.000  1033.9070  1033.9069    34.9236    34.9235    1487.37    1487.37    6.03922     -0.851     0.0003 0.0000e+00
   5379.778  -39.33196   59.70674   1320.000   1336.811     3.7078     3.7083   3.281952   3.281991    97.5275    -0.0198     1.8928      98.78          4  1033.9025  1033.9022    34.9237    34.9236    1487.35    1487.35   5379.778    6.03825   82.71582     -0.560     0.0006   1320.000  1033.9023  1033.9022    34.9237    34.9236    1487.35    1487.35    6.04121     -0.412     0.0006 0.0000e+00
   5382.596  -39.33198   59.70674   1319.000   1335.796     3.7080     3.7080   3.281926   3.281929    97.5331    -0.0196     1.8937      98.78          4  1033.8977  1033.8977    34.9236    34.9236    1487.33    1487.33   5382.596    6.04109   82.75515     -0.350     0.0001   1319.000  1033.8977  1033.8977    34.9237    34.9236    1487.33    1487.33    6.04441     -0.508     0.0001 0.0000e+00
   5384.773  -39.33198   59.70674   1318.000   1334.780     3.7082     3.7083   3.281898   3.281896    97.5319    -0.0204     1.8937      98.78          4  1033.8931  1033.8929    34.9236    34.9235    1487.32    1487.32   5384.773    6.04351   82.78880     -0.449     0.0001   1318.000  1033.8931  1033.8929    34.9236    34.9235    1487.32    1487.32    6.04344     -0.405     0.0001 0.0000e+00
