Ship_data/Irminger/Irminger-2/ctd/process/uat30_004.cnv
* Sea-Bird SBE 9 Data File:
* FileName = C:\data\ctd\at30_004.hdr
* Software Version Seasave V 7.21f
* Temperature SN = 2265
* Conductivity SN = 3021
* Number of Bytes Per Scan = 40
* Number of Voltage Words = 5
* Number of Scans Averaged by the Deck Unit = 1
* NMEA Latitude = 59 57.06 N
* NMEA Longitude = 039 25.14 W
* NMEA UTC (Time) = Aug 14 2015  14:16:48
# nquan = 36
# nvalues = 2688                        
# units = specified
# name 0 = timeS: Time, Elapsed [seconds]
# name 1 = longitude: Longitude [deg]
# name 2 = latitude: Latitude [deg]
# name 3 = depSM: Depth [salt water, m]
# name 4 = prDM: Pressure, Digiquartz [db]
# name 5 = t090C: Temperature [ITS-90, deg C]
# name 6 = t190C: Temperature, 2 [ITS-90, deg C]
# name 7 = c0S/m: Conductivity [S/m]
# name 8 = c1S/m: Conductivity, 2 [S/m]
# name 9 = CStarTr0: Beam Transmission, WET Labs C-Star [%]
# name 10 = flECO-AFL: Fluorescence, WET Labs ECO-AFL/FL [mg/m^3]
# name 11 = sbeox0V: Oxygen raw, SBE 43 [V]
# name 12 = altM: Altimeter [m]
# name 13 = nbf: Bottles Fired
# name 14 = density00: Density [density, Kg/m^3]
# name 15 = density11: Density, 2 [density, Kg/m^3]
# name 16 = sal00: Salinity, Practical [PSU]
# name 17 = sal11: Salinity, Practical, 2 [PSU]
# name 18 = svCM: Sound Velocity [Chen-Millero, m/s]
# name 19 = svCM1: Sound Velocity, 2 [Chen-Millero, m/s]
# name 20 = timeS: Time, Elapsed [seconds]
# name 21 = sbeox0ML/L: Oxygen, SBE 43 [ml/l]
# name 22 = sbeox0PS: Oxygen, SBE 43 [% saturation]
# name 23 = dz/dtM: Descent Rate [m/s]
# name 24 = T2-T190C: Temperature Difference, 2 - 1 [ITS-90, deg C]
# name 25 = depSM: Depth [salt water, m], lat = 59.951
# name 26 = density00: Density [density, Kg/m^3]
# name 27 = density11: Density, 2 [density, Kg/m^3]
# name 28 = sal00: Salinity, Practical [PSU]
# name 29 = sal11: Salinity, Practical, 2 [PSU]
# name 30 = svCM: Sound Velocity [Chen-Millero, m/s]
# name 31 = svCM1: Sound Velocity, 2 [Chen-Millero, m/s]
# name 32 = sbeox0ML/L: Oxygen, SBE 43 [ml/l], WS = 2
# name 33 = dz/dtM: Descent Rate [m/s], WS = 2
# name 34 = T2-T190C: Temperature Difference, 2 - 1 [ITS-90, deg C]
# name 35 = flag: flag
# span 0 =   3597.932,   8015.878       
# span 1 =  -39.41592,  -39.41578       
# span 2 =   59.94832,   59.94838       
# span 3 =      1.000,   2688.000       
# span 4 =      1.010,   2731.196       
# span 5 =     1.4237,     8.2610       
# span 6 =     1.4245,     8.2793       
# span 7 =   3.134174,   3.631838       
# span 8 =   3.134192,   3.633563       
# span 9 =    93.6364,    97.4206       
# span 10 =    -0.0264,    -0.0218      
# span 11 =     1.6895,     2.5372      
# span 12 =      11.20,     100.15      
# span 13 =          0,         11      
# span 14 =  1027.1240,  1040.4633      
# span 15 =  1027.1218,  1040.4623      
# span 16 =    34.8464,    34.9315      
# span 17 =    34.8304,    34.9309      
# span 18 =    1469.49,    1501.94      
# span 19 =    1469.50,    1501.94      
# span 20 =   3597.932,   8015.878      
# span 21 =    6.01403,    6.76076      
# span 22 =   81.18976,  101.46057      
# span 23 =     -2.422,      0.298      
# span 24 =    -0.2385,     0.1057      
# span 25 =      1.000,   2688.000      
# span 26 =  1027.1240,  1040.4633      
# span 27 =  1027.1213,  1040.4624      
# span 28 =    34.8471,    34.9320      
# span 29 =    34.8468,    34.9320      
# span 30 =    1469.49,    1501.95      
# span 31 =    1469.50,    1501.94      
# span 32 =    6.01634,    6.78505      
# span 33 =     -2.430,      0.109      
# span 34 =    -0.2385,     0.1057      
# span 35 = 0.0000e+00, 0.0000e+00      
# interval = meters: 1                  
# start_time = Aug 14 2015 14:16:48 [NMEA time, header]
# bad_flag = -9.990e-29
*END*
[from data line 2378]
   6647.748  -39.41586   59.94834    310.000    313.187     3.8739     3.8745   3.250718   3.250795    97.2722    -0.0230     2.2124      98.78          3  1029.1807  1029.1809    34.9079    34.9082    1471.11    1471.11   6647.748    6.50670   89.48380     -1.057     0.0005    310.000  1029.1809  1029.1812    34.9082    34.9086    1471.11    1471.11    6.49450     -0.628     0.0005 0.0000e+00
   6650.471  -39.41586   59.94834    309.000    312.176     3.8735     3.8734   3.250621   3.250645    97.2560    -0.0233     2.2089      98.78          3  1029.1760  1029.1764    34.9079    34.9083    1471.09    1471.09   6650.471    6.49018   89.25565     -0.246    -0.0001    309.000  1029.1761  1029.1765    34.9081    34.9084    1471.09    1471.09    6.47995     -0.363    -0.0001 0.0000e+00
   6652.091  -39.41586   59.94834    308.000    311.165     3.8730     3.8739   3.250498   3.250603    97.2774    -0.0225     2.2082      98.78          3  1029.1713  1029.1713    34.9077    34.9078    1471.07    1471.07   6652.091    6.47975   89.11105     -0.581     0.0009    308.000  1029.1713  1029.1714    34.9077    34.9080    1471.07    1471.07    6.47666     -1.047     0.0009 0.0000e+00
   6652.865  -39.41586   59.94834    307.000    310.154     3.8714     3.8737   3.250249   3.250513    97.2729    -0.0233     2.2091      98.78          3  1029.1663  1029.1665    34.9072    34.9078    1471.05    1471.06   6652.865    6.47663   89.06420     -0.951     0.0023    307.000  1029.1661  1029.1665    34.9070    34.9077    1471.05    1471.06    6.47943     -1.462     0.0023 0.0000e+00
   6653.482  -39.41587   59.94834    306.000    309.142     3.8723     3.8731   3.250334   3.250376    97.2720    -0.0229     2.2096      98.78          3  1029.1615  1029.1614    34.9072    34.9071    1471.03    1471.04   6653.482    6.47685   89.06934     -1.282     0.0008    306.000  1029.1619  1029.1615    34.9076    34.9072    1471.03    1471.04    6.48066     -1.669     0.0008 0.0000e+00
   6654.057  -39.41588   59.94834    305.000    308.131     3.8744     3.8745   3.250483   3.250477    97.2677    -0.0230     2.2107      98.78          3  1029.1567  1029.1566    34.9073    34.9072    1471.02    1471.03   6654.057    6.47341   89.02660     -1.549     0.0001    305.000  1029.1570  1029.1569    34.9076    34.9075    1471.03    1471.03    6.48338     -1.707     0.0001 0.0000e+00
   6654.654  -39.41586   59.94834    304.000    307.120     3.8759     3.8749   3.250569   3.250480    97.2446    -0.0224     2.2110      98.78          3  1029.1519  1029.1522    34.9073    34.9075    1471.01    1471.01   6654.654    6.47508   89.05277     -1.698    -0.0010    304.000  1029.1521  1029.1523    34.9076    34.9077    1471.02    1471.01    6.48335     -1.587    -0.0010 0.0000e+00
   6655.347  -39.41586   59.94834    303.000    306.109     3.8767     3.8757   3.250597   3.250533    97.2584    -0.0223     2.2110      98.78          3  1029.1472  1029.1476    34.9074    34.9077    1471.00    1471.00   6655.347    6.47691   89.07984     -1.658    -0.0010    303.000  1029.1473  1029.1477    34.9076    34.9079    1471.00    1471.00    6.48272     -1.331    -0.0010 0.0000e+00
   6656.226  -39.41586   59.94834    302.000    305.098     3.8771     3.8754   3.250617   3.250458    97.2669    -0.0237     2.2107      98.78          3  1029.1428  1029.1431    34.9078    34.9079    1470.99    1470.98   6656.226    6.48106   89.13791     -1.370    -0.0017    302.000  1029.1429  1029.1431    34.9080    34.9080    1470.99    1470.98    6.48046     -1.089    -0.0017 0.0000e+00
   6657.206  -39.41587   59.94833    301.000    304.087     3.8759     3.8749   3.250448   3.250368    97.2723    -0.0237     2.2114      98.78          3  1029.1383  1029.1384    34.9080    34.9079    1470.97    1470.96   6657.206    6.48099   89.13428     -1.093    -0.0010    301.000  1029.1383  1029.1385    34.9079    34.9080    1470.97    1470.96    6.48267     -1.035    -0.0010 0.0000e+00
   6658.184  -39.41588   59.94832    300.000    303.076     3.8764     3.8781   3.250461   3.250636    97.2797    -0.0223     2.2110      98.78          3  1029.1334  1029.1332    34.9078    34.9076    1470.95    1470.96   6658.184    6.47910   89.10939     -1.036     0.0017    300.000  1029.1337  1029.1338    34.9080    34.9083    1470.95    1470.96    6.47989     -0.993     0.0017 0.0000e+00
   6659.313  -39.41588   59.94832    299.000    302.065     3.8791     3.8819   3.250686   3.250963    97.2757    -0.0223     2.2108      98.77          3  1029.1288  1029.1290    34.9081    34.9088    1470.95    1470.96   6659.313    6.48000   89.12782     -0.965     0.0028    299.000  1029.1290  1029.1289    34.9084    34.9087    1470.95    1470.96    6.47793     -0.752     0.0028 0.0000e+00
   6661.374  -39.41588   59.94833    298.000    301.054     3.8745     3.8753   3.250187   3.250288    97.2702    -0.0229     2.2101      98.78          3  1029.1244  1029.1244    34.9078    34.9080    1470.91    1470.91   6661.374    6.47797   89.08978     -0.482     0.0008    298.000  1029.1244  1029.1245    34.9079    34.9082    1470.91    1470.91    6.47530     -0.423     0.0008 0.0000e+00
   6663.109  -39.41588   59.94834    297.000    300.043     3.8919     3.8884   3.251902   3.251513    97.2865    -0.0231     2.2098      98.78          3  1029.1184  1029.1180    34.9087    34.9076    1470.97    1470.95   6663.109    6.47216   89.04803     -0.530    -0.0035    297.000  1029.1198  1029.1194    34.9103    34.9094    1470.97    1470.95    6.47003     -1.014    -0.0035 0.0000e+00
   6663.892  -39.41588   59.94834    296.000    299.032     3.8973     3.8980   3.252397   3.252383    97.2878    -0.0242     2.2106      98.77          3  1029.1138  1029.1132    34.9095    34.9088    1470.97    1470.98   6663.892    6.46781   89.00027     -0.932     0.0006    296.000  1029.1150  1029.1143    34.9109    34.9101    1470.98    1470.98    6.47128     -1.420     0.0006 0.0000e+00
   6664.529  -39.41588   59.94834    295.000    298.022     3.9012     3.9022   3.252675   3.252743    97.2860    -0.0237     2.2116      98.78          3  1029.1089  1029.1084    34.9097    34.9093    1470.97    1470.98   6664.529    6.46725   89.00111     -1.262     0.0010    295.000  1029.1096  1029.1093    34.9107    34.9104    1470.98    1470.98    6.47377     -1.611     0.0010 0.0000e+00
   6665.131  -39.41588   59.94834    294.000    297.011     3.9051     3.9052   3.253031   3.252994    97.2675    -0.0224     2.2120      98.78          3  1029.1041  1029.1036    34.9101    34.9096    1470.97    1470.97   6665.131    6.46527   88.98239     -1.512     0.0001    294.000  1029.1051  1029.1046    34.9114    34.9108    1470.98    1470.98    6.47366     -1.645     0.0001 0.0000e+00
   6665.749  -39.41588   59.94834    293.000    296.000     3.9093     3.9070   3.253402   3.253140    97.2696    -0.0223     2.2119      98.78          3  1029.0992  1029.0994    34.9105    34.9104    1470.98    1470.97   6665.749    6.46630   89.00596     -1.639    -0.0023    293.000  1029.1003  1029.1000    34.9118    34.9111    1470.98    1470.97    6.47142     -1.543    -0.0023 0.0000e+00
   6666.450  -39.41588   59.94833    292.000    294.989     3.9123     3.9092   3.253625   3.253320    97.2883    -0.0227     2.2125      98.78          3  1029.0945  1029.0946    34.9109    34.9106    1470.97    1470.96   6666.450    6.46879   89.04695     -1.598    -0.0031    292.000  1029.0953  1029.0953    34.9118    34.9115    1470.97    1470.96    6.47249     -1.338    -0.0031 0.0000e+00
   6667.298  -39.41588   59.94832    291.000    293.978     3.9132     3.9110   3.253683   3.253482    97.2726    -0.0226     2.2131      98.78          3  1029.0901  1029.0902    34.9113    34.9112    1470.96    1470.95   6667.298    6.46967   89.06125     -1.380    -0.0022    291.000  1029.0907  1029.0909    34.9121    34.9121    1470.96    1470.95    6.47388     -1.074    -0.0022 0.0000e+00
   6668.427  -39.41587   59.94832    290.000    292.967     3.9126     3.9090   3.253539   3.253212    97.2711    -0.0228     2.2131      98.78          3  1029.0852  1029.0859    34.9110    34.9113    1470.94    1470.93   6668.427    6.47081   89.07546     -1.034    -0.0036    290.000  1029.0857  1029.0861    34.9116    34.9115    1470.94    1470.93    6.47289     -0.779    -0.0036 0.0000e+00
   6669.982  -39.41586   59.94832    289.000    291.956     3.9087     3.9076   3.253112   3.253035    97.2852    -0.0230     2.2130      98.78          3  1029.0809  1029.0812    34.9109    34.9110    1470.91    1470.90   6669.982    6.47309   89.09835     -0.675    -0.0011    289.000  1029.0812  1029.0814    34.9112    34.9115    1470.91    1470.90    6.47270     -0.646    -0.0011 0.0000e+00
   6671.361  -39.41588   59.94833    288.000    290.945     3.9156     3.9113   3.253747   3.253362    97.2802    -0.0229     2.2130      98.78          3  1029.0756  1029.0759    34.9111    34.9109    1470.92    1470.90   6671.361    6.47081   89.08212     -0.687    -0.0043    288.000  1029.0763  1029.0768    34.9119    34.9119    1470.92    1470.90    6.47056     -0.841    -0.0043 0.0000e+00
   6672.497  -39.41589   59.94834    287.000    289.934     3.9207     3.9239   3.254270   3.254561    97.2722    -0.0232     2.2130      98.78          3  1029.0712  1029.0707    34.9121    34.9119    1470.93    1470.94   6672.497    6.46900   89.06867     -0.857     0.0032    287.000  1029.0721  1029.0718    34.9133    34.9133    1470.93    1470.94    6.46873     -0.870     0.0032 0.0000e+00
   6673.686  -39.41590   59.94834    286.000    288.923     3.9287     3.9264   3.255025   3.254768    97.2791    -0.0232     2.2129      98.78          3  1029.0662  1029.0664    34.9129    34.9127    1470.94    1470.93   6673.686    6.46685   89.05686     -0.863    -0.0023    286.000  1029.0673  1029.0671    34.9143    34.9137    1470.95    1470.94    6.46604     -0.909    -0.0023 0.0000e+00
   6674.699  -39.41588   59.94834    285.000    287.912     3.9335     3.9299   3.255310   3.255041    97.2771    -0.0230     2.2121      98.78          3  1029.0612  1029.0614    34.9131    34.9128    1470.95    1470.93   6674.699    6.46469   89.03757     -0.905    -0.0036    285.000  1029.0612  1029.0620    34.9131    34.9137    1470.95    1470.93    6.46104     -1.156    -0.0036 0.0000e+00
   6675.483  -39.41588   59.94834    284.000    286.901     3.9328     3.9325   3.255319   3.255222    97.2898    -0.0240     2.2125      98.77          3  1029.0566  1029.0564    34.9132    34.9129    1470.93    1470.93   6675.483    6.46394   89.02569     -1.100    -0.0003    284.000  1029.0577  1029.0571    34.9146    34.9137    1470.93    1470.93    6.46192     -1.365    -0.0003 0.0000e+00
   6676.182  -39.41588   59.94834    283.000    285.890     3.9335     3.9341   3.255264   3.255333    97.2635    -0.0242     2.2141      98.77          3  1029.0519  1029.0518    34.9132    34.9131    1470.91    1470.92   6676.182    6.46046   88.97923     -1.299     0.0006    283.000  1029.0524  1029.0524    34.9137    34.9139    1470.91    1470.92    6.46707     -1.465     0.0006 0.0000e+00
   6676.858  -39.41588   59.94834    282.000    284.879     3.9339     3.9338   3.255263   3.255273    97.2616    -0.0236     2.2142      98.78          3  1029.0471  1029.0472    34.9132    34.9133    1470.90    1470.90   6676.858    6.45978   88.97090     -1.430    -0.0001    282.000  1029.0476  1029.0477    34.9138    34.9140    1470.90    1470.90    6.46668     -1.421    -0.0001 0.0000e+00
   6677.609  -39.41588   59.94832    281.000    283.868     3.9342     3.9340   3.255261   3.255255    97.2723    -0.0227     2.2143      98.78          3  1029.0426  1029.0427    34.9134    34.9136    1470.88    1470.88   6677.609    6.46055   88.98232     -1.447    -0.0002    281.000  1029.0431  1029.0432    34.9140    34.9141    1470.89    1470.88    6.46600     -1.238    -0.0002 0.0000e+00
   6678.542  -39.41588   59.94832    280.000    282.858     3.9344     3.9341   3.255241   3.255225    97.2741    -0.0228     2.2142      98.78          3  1029.0381  1029.0382    34.9136    34.9138    1470.87    1470.87   6678.542    6.46509   89.04538     -1.250    -0.0003    280.000  1029.0385  1029.0386    34.9141    34.9142    1470.87    1470.87    6.46466     -0.974    -0.0003 0.0000e+00
   6679.741  -39.41588   59.94832    279.000    281.847     3.9344     3.9343   3.255179   3.255187    97.2663    -0.0234     2.2152      98.78          3  1029.0333  1029.0334    34.9135    34.9137    1470.85    1470.85   6679.741    6.46407   89.03127     -0.931    -0.0002    279.000  1029.0336  1029.0338    34.9139    34.9141    1470.85    1470.85    6.46777     -0.769    -0.0002 0.0000e+00
   6681.275  -39.41588   59.94833    278.000    280.836     3.9342     3.9342   3.255114   3.255143    97.2835    -0.0234     2.2151      98.78          3  1029.0287  1029.0289    34.9136    34.9139    1470.83    1470.84   6681.275    6.46575   89.05387     -0.696     0.0001    278.000  1029.0289  1029.0292    34.9139    34.9142    1470.84    1470.84    6.46680     -0.587     0.0001 0.0000e+00
   6683.057  -39.41588   59.94834    277.000    279.825     3.9339     3.9342   3.255034   3.255092    97.2137    -0.0230     2.2146      98.78          3  1029.0240  1029.0243    34.9136    34.9139    1470.82    1470.82   6683.057    6.46706   89.07124     -0.547     0.0003    277.000  1029.0243  1029.0245    34.9138    34.9142    1470.82    1470.82    6.46407     -0.669     0.0003 0.0000e+00
   6684.261  -39.41588   59.94834    276.000    278.814     3.9333     3.9339   3.254905   3.254977    97.2704    -0.0225     2.2145      98.78          3  1029.0193  1029.0194    34.9134    34.9136    1470.80    1470.80   6684.261    6.46302   89.01438     -0.729     0.0006    276.000  1029.0193  1029.0194    34.9134    34.9137    1470.80    1470.80    6.46287     -1.061     0.0006 0.0000e+00
   6685.082  -39.41588   59.94834    275.000    277.803     3.9339     3.9339   3.254952   3.254927    97.2574    -0.0235     2.2154      98.78          3  1029.0145  1029.0144    34.9133    34.9132    1470.78    1470.78   6685.082    6.46308   89.01636     -1.003     0.0000    275.000  1029.0150  1029.0146    34.9139    34.9136    1470.78    1470.78    6.46537     -1.372     0.0000 0.0000e+00
   6685.755  -39.41588   59.94834    274.000    276.792     3.9397     3.9405   3.255567   3.255544    97.2596    -0.0229     2.2168      98.78          3  1029.0099  1029.0087    34.9142    34.9128    1470.79    1470.79   6685.755    6.46086   88.99876     -1.262     0.0008    274.000  1029.0110  1029.0100    34.9156    34.9145    1470.79    1470.80    6.46879     -1.558     0.0008 0.0000e+00
   6686.374  -39.41588   59.94834    273.000    275.781     3.9467     3.9479   3.256098   3.256193    97.2598    -0.0233     2.2182      98.78          3  1029.0044  1029.0042    34.9142    34.9140    1470.81    1470.81   6686.374    6.45769   88.97021     -1.472     0.0012    273.000  1029.0050  1029.0048    34.9150    34.9148    1470.81    1470.81    6.47206     -1.607     0.0012 0.0000e+00
   6687.004  -39.41588   59.94834    272.000    274.771     3.9482     3.9485   3.256184   3.256205    97.2685    -0.0233     2.2190      98.78          3  1028.9996  1028.9996    34.9143    34.9144    1470.79    1470.80   6687.004    6.46000   89.00540     -1.593     0.0003    272.000  1029.0001  1029.0001    34.9150    34.9149    1470.80    1470.80    6.47408     -1.543     0.0003 0.0000e+00
   6687.690  -39.41588   59.94834    271.000    273.760     3.9500     3.9493   3.256326   3.256265    97.2673    -0.0227     2.2191      98.77          3  1028.9949  1028.9952    34.9145    34.9148    1470.79    1470.78   6687.690    6.46405   89.06522     -1.584    -0.0008    271.000  1028.9955  1028.9956    34.9153    34.9153    1470.79    1470.78    6.47311     -1.376    -0.0008 0.0000e+00
