Ship_data/Irminger/Irminger-2/ctd/process/uat30_009.cnv
* Sea-Bird SBE 9 Data File:
* FileName = C:\data\ctd\at30_009.hdr
* Software Version Seasave V 7.21f
* Temperature SN = 2265
* Conductivity SN = 3021
* Number of Bytes Per Scan = 40
* Number of Voltage Words = 5
* Number of Scans Averaged by the Deck Unit = 1
* NMEA Latitude = 59 42.40 N
* NMEA Longitude = 039 19.92 W
* NMEA UTC (Time) = Aug 19 2015  15:06:00
** FLMB 1 for cal
# nquan = 36
# nvalues = 2807                        
# units = specified
# name 0 = timeS: Time, Elapsed [seconds]
# name 1 = longitude: Longitude [deg]
# name 2 = latitude: Latitude [deg]
# name 3 = depSM: Depth [salt water, m]
# name 4 = prDM: Pressure, Digiquartz [db]
# name 5 = t090C: Temperature [ITS-90, deg C]
# name 6 = t190C: Temperature, 2 [ITS-90, deg C]
# name 7 = c0S/m: Conductivity [S/m]
# name 8 = c1S/m: Conductivity, 2 [S/m]
# name 9 = CStarTr0: Beam Transmission, WET Labs C-Star [%]
# name 10 = flECO-AFL: Fluorescence, WET Labs ECO-AFL/FL [mg/m^3]
# name 11 = sbeox0V: Oxygen raw, SBE 43 [V]
# name 12 = altM: Altimeter [m]
# name 13 = nbf: Bottles Fired
# name 14 = density00: Density [density, Kg/m^3]
# name 15 = density11: Density, 2 [density, Kg/m^3]
# name 16 = sal00: Salinity, Practical [PSU]
# name 17 = sal11: Salinity, Practical, 2 [PSU]
# name 18 = svCM: Sound Velocity [Chen-Millero, m/s]
# name 19 = svCM1: Sound Velocity, 2 [Chen-Millero, m/s]
# name 20 = timeS: Time, Elapsed [seconds]
# name 21 = sbeox0ML/L: Oxygen, SBE 43 [ml/l]
# name 22 = sbeox0PS: Oxygen, SBE 43 [% saturation]
# name 23 = dz/dtM: Descent Rate [m/s]
# name 24 = T2-T190C: Temperature Difference, 2 - 1 [ITS-90, deg C]
# name 25 = depSM: Depth [salt water, m], lat = 59.7067
# name 26 = density00: Density [density, Kg/m^3]
# name 27 = density11: Density, 2 [density, Kg/m^3]
# name 28 = sal00: Salinity, Practical [PSU]
# name 29 = sal11: Salinity, Practical, 2 [PSU]
# name 30 = svCM: Sound Velocity [Chen-Millero, m/s]
# name 31 = svCM1: Sound Velocity, 2 [Chen-Millero, m/s]
# name 32 = sbeox0ML/L: Oxygen, SBE 43 [ml/l], WS = 2
# name 33 = dz/dtM: Descent Rate [m/s], WS = 2
# name 34 = T2-T190C: Temperature Difference, 2 - 1 [ITS-90, deg C]
# name 35 = flag: flag
# span 0 =   3349.772,   7969.565       
# span 1 =  -39.33223,  -39.33163       
# span 2 =   59.70658,   59.70688       
# span 3 =      2.000,   2808.000       
# span 4 =      2.019,   2853.878       
# span 5 =     1.5427,     8.3155       
# span 6 =     1.5433,     8.3161       
# span 7 =   3.149839,   3.636607       
# span 8 =   3.149850,   3.636606       
# span 9 =    92.7291,    97.6021       
# span 10 =    -0.0218,    -0.0170      
# span 11 =     1.6701,     2.5218      
# span 12 =      16.91,     118.72      
# span 13 =          0,         12      
# span 14 =  1027.1127,  1040.9924      
# span 15 =  1027.1122,  1040.9916      
# span 16 =    34.8360,    34.9407      
# span 17 =    34.8333,    34.9409      
# span 18 =    1469.27,    1504.18      
# span 19 =    1469.27,    1504.16      
# span 20 =   3349.772,   7969.565      
# span 21 =    5.99499,    6.66344      
# span 22 =   81.47845,  100.97995      
# span 23 =     -1.894,      0.033      
# span 24 =    -0.4558,     0.0282      
# span 25 =      2.000,   2808.000      
# span 26 =  1027.1128,  1040.9924      
# span 27 =  1027.1121,  1040.9916      
# span 28 =    34.8421,    34.9434      
# span 29 =    34.8412,    34.9423      
# span 30 =    1469.27,    1504.18      
# span 31 =    1469.27,    1504.16      
# span 32 =    5.99600,    6.72815      
# span 33 =     -1.896,      0.042      
# span 34 =    -0.4558,     0.0282      
# span 35 = 0.0000e+00, 0.0000e+00      
# interval = meters: 1                  
# start_time = Aug 19 2015 15:06:00 [NMEA time, header]
# bad_flag = -9.990e-29
*END*
[from data line 2540]
   7156.063  -39.33174   59.70672    268.000    270.722     3.9058     3.9060   3.251888   3.251920    97.4465    -0.0182     2.2329      98.78         10  1028.9825  1028.9822    34.9105    34.9101    1470.55    1470.55   7156.063    6.52833   89.85220     -0.893     0.0002    268.000  1028.9832  1028.9832    34.9112    34.9113    1470.55    1470.55    6.53122     -0.940     0.0003 0.0000e+00
   7157.104  -39.33174   59.70672    267.000    269.711     3.9081     3.9070   3.252102   3.251976    97.4577    -0.0192     2.2328      98.78         10  1028.9779  1028.9783    34.9108    34.9111    1470.54    1470.54   7157.104    6.52971   89.87640     -0.943    -0.0012    267.000  1028.9786  1028.9786    34.9118    34.9115    1470.54    1470.54    6.52945     -0.994    -0.0012 0.0000e+00
   7158.104  -39.33174   59.70672    266.000    268.700     3.9106     3.9084   3.252268   3.252093    97.4490    -0.0200     2.2332      98.78         10  1028.9730  1028.9733    34.9109    34.9109    1470.53    1470.52   7158.104    6.52878   89.86907     -0.994    -0.0022    266.000  1028.9736  1028.9741    34.9117    34.9120    1470.53    1470.53    6.52978     -1.008    -0.0022 0.0000e+00
   7159.106  -39.33174   59.70672    265.000    267.689     3.9127     3.9096   3.252458   3.252141    97.4577    -0.0185     2.2336      98.78         10  1028.9684  1028.9688    34.9113    34.9113    1470.53    1470.51   7159.106    6.52688   89.84771     -1.008    -0.0032    265.000  1028.9691  1028.9691    34.9122    34.9118    1470.53    1470.51    6.53013     -1.010    -0.0032 0.0000e+00
   7160.114  -39.33174   59.70672    264.000    266.679     3.9158     3.9116   3.252692   3.252313    97.4500    -0.0194     2.2336      98.78         10  1028.9636  1028.9639    34.9116    34.9113    1470.52    1470.51   7160.114    6.52760   89.86455     -1.010    -0.0041    264.000  1028.9641  1028.9645    34.9123    34.9122    1470.52    1470.51    6.52869     -0.981    -0.0041 0.0000e+00
   7161.192  -39.33174   59.70672    263.000    265.668     3.9176     3.9138   3.252847   3.252485    97.4352    -0.0203     2.2329      98.78         10  1028.9590  1028.9594    34.9119    34.9118    1470.51    1470.50   7161.192    6.52786   89.87234     -0.973    -0.0039    263.000  1028.9596  1028.9598    34.9127    34.9125    1470.52    1470.50    6.52476     -0.901    -0.0039 0.0000e+00
   7162.328  -39.33174   59.70672    262.000    264.657     3.9211     3.9180   3.253119   3.252848    97.4552    -0.0202     2.2319      98.78         10  1028.9540  1028.9543    34.9121    34.9120    1470.51    1470.50   7162.328    6.52614   89.85635     -0.895    -0.0031    262.000  1028.9546  1028.9550    34.9128    34.9129    1470.51    1470.50    6.51968     -0.955    -0.0031 0.0000e+00
   7163.307  -39.33174   59.70672    261.000    263.646     3.9216     3.9202   3.253127   3.252990    97.4430    -0.0203     2.2321      98.78         10  1028.9493  1028.9495    34.9122    34.9121    1470.50    1470.49   7163.307    6.52148   89.79328     -0.949    -0.0014    261.000  1028.9500  1028.9501    34.9129    34.9128    1470.50    1470.49    6.51933     -1.126    -0.0014 0.0000e+00
   7164.149  -39.33176   59.70672    260.000    262.635     3.9253     3.9229   3.253415   3.253209    97.4419    -0.0196     2.2327      98.78         10  1028.9443  1028.9447    34.9123    34.9123    1470.50    1470.49   7164.149    6.51828   89.75728     -1.102    -0.0024    260.000  1028.9449  1028.9453    34.9130    34.9131    1470.50    1470.49    6.52011     -1.205    -0.0024 0.0000e+00
   7164.998  -39.33175   59.70672    259.000    261.625     3.9265     3.9240   3.253494   3.253291    97.4457    -0.0199     2.2326      98.78         10  1028.9397  1028.9401    34.9126    34.9126    1470.49    1470.48   7164.998    6.51617   89.73100     -1.195    -0.0025    259.000  1028.9403  1028.9407    34.9132    34.9134    1470.49    1470.48    6.51846     -1.112    -0.0025 0.0000e+00
   7166.009  -39.33174   59.70672    258.000    260.614     3.9283     3.9266   3.253637   3.253488    97.4428    -0.0184     2.2329      98.78         10  1028.9352  1028.9353    34.9129    34.9129    1470.48    1470.47   7166.009    6.51744   89.75249     -1.103    -0.0017    258.000  1028.9357  1028.9359    34.9136    34.9136    1470.48    1470.47    6.51844     -0.905    -0.0017 0.0000e+00
   7167.276  -39.33175   59.70672    257.000    259.603     3.9294     3.9254   3.253696   3.253334    97.4389    -0.0196     2.2327      98.78         10  1028.9304  1028.9310    34.9130    34.9132    1470.47    1470.45   7167.276    6.51674   89.74549     -0.855    -0.0040    257.000  1028.9309  1028.9313    34.9136    34.9136    1470.47    1470.45    6.51679     -0.769    -0.0040 0.0000e+00
   7168.534  -39.33176   59.70672    256.000    258.592     3.9308     3.9270   3.253769   3.253447    97.4437    -0.0195     2.2325      98.78         10  1028.9258  1028.9261    34.9132    34.9131    1470.46    1470.44   7168.534    6.51613   89.74013     -0.774    -0.0038    256.000  1028.9260  1028.9266    34.9135    34.9137    1470.46    1470.44    6.51488     -0.914    -0.0038 0.0000e+00
   7169.521  -39.33176   59.70672    255.000    257.582     3.9309     3.9312   3.253789   3.253789    97.4482    -0.0194     2.2332      98.78         10  1028.9211  1028.9210    34.9133    34.9132    1470.44    1470.44   7169.521    6.51500   89.72488     -0.916     0.0002    255.000  1028.9219  1028.9216    34.9142    34.9139    1470.44    1470.44    6.51667     -1.138     0.0002 0.0000e+00
   7170.342  -39.33176   59.70672    254.000    256.571     3.9386     3.9339   3.254508   3.253993    97.4479    -0.0215     2.2338      98.78         10  1028.9160  1028.9160    34.9138    34.9132    1470.46    1470.44   7170.342    6.51167   89.69608     -1.102    -0.0047    254.000  1028.9171  1028.9167    34.9151    34.9140    1470.46    1470.44    6.51677     -1.308    -0.0047 0.0000e+00
   7171.077  -39.33176   59.70672    253.000    255.560     3.9447     3.9391   3.255036   3.254457    97.4341    -0.0202     2.2346      98.78         10  1028.9109  1028.9111    34.9141    34.9137    1470.47    1470.44   7171.077    6.51087   89.69849     -1.263    -0.0056    253.000  1028.9120  1028.9119    34.9154    34.9145    1470.47    1470.44    6.51788     -1.348    -0.0056 0.0000e+00
   7171.847  -39.33176   59.70672    252.000    254.549     3.9505     3.9440   3.255548   3.254920    97.4431    -0.0201     2.2339      98.78         10  1028.9060  1028.9060    34.9146    34.9138    1470.47    1470.45   7171.847    6.51207   89.72791     -1.345    -0.0065    252.000  1028.9070  1028.9072    34.9159    34.9153    1470.47    1470.45    6.51332     -1.168    -0.0065 0.0000e+00
   7173.010  -39.33176   59.70672    251.000    253.539     3.9506     3.9465   3.255456   3.255116    97.4369    -0.0194     2.2341      98.78         10  1028.9015  1028.9020    34.9149    34.9150    1470.46    1470.44   7173.010    6.51379   89.75191     -1.068    -0.0040    251.000  1028.9019  1028.9025    34.9153    34.9155    1470.46    1470.44    6.51309     -0.695    -0.0040 0.0000e+00
   7174.823  -39.33174   59.70672    250.000    252.528     3.9470     3.9419   3.255110   3.254618    97.4430    -0.0201     2.2335      98.78         10  1028.8972  1028.8976    34.9149    34.9146    1470.43    1470.40   7174.823    6.51285   89.73124     -0.495    -0.0051    250.000  1028.8977  1028.8979    34.9155    34.9151    1470.43    1470.40    6.51069     -0.694    -0.0051 0.0000e+00
   7175.882  -39.33176   59.70672    249.000    251.517     3.9552     3.9513   3.255850   3.255471    97.4371    -0.0187     2.2339      98.78         10  1028.8918  1028.8918    34.9151    34.9146    1470.44    1470.43   7175.882    6.50953   89.70356     -0.759    -0.0040    249.000  1028.8926  1028.8927    34.9161    34.9158    1470.45    1470.43    6.50995     -1.182    -0.0040 0.0000e+00
   7176.628  -39.33176   59.70672    248.000    250.506     3.9583     3.9556   3.256181   3.255831    97.4508    -0.0200     2.2345      98.78         10  1028.8872  1028.8868    34.9156    34.9148    1470.44    1470.43   7176.628    6.50640   89.66731     -1.086    -0.0027    248.000  1028.8885  1028.8878    34.9173    34.9161    1470.44    1470.43    6.51067     -1.396    -0.0027 0.0000e+00
   7177.326  -39.33176   59.70672    247.000    249.496     3.9636     3.9599   3.256583   3.256230    97.4447    -0.0202     2.2345      98.77         10  1028.8821  1028.8821    34.9159    34.9153    1470.45    1470.43   7177.326    6.50573   89.66971     -1.338    -0.0036    247.000  1028.8831  1028.8832    34.9170    34.9167    1470.45    1470.43    6.50876     -1.364    -0.0036 0.0000e+00
   7178.141  -39.33176   59.70672    246.000    248.485     3.9674     3.9642   3.256882   3.256605    97.4413    -0.0200     2.2347      98.78         10  1028.8773  1028.8776    34.9163    34.9162    1470.45    1470.43   7178.141    6.50687   89.69389     -1.380    -0.0031    246.000  1028.8781  1028.8784    34.9171    34.9171    1470.45    1470.43    6.50828     -1.063    -0.0031 0.0000e+00
   7179.392  -39.33176   59.70672    245.000    247.474     3.9680     3.9653   3.256881   3.256669    97.4344    -0.0202     2.2351      98.78         10  1028.8726  1028.8732    34.9163    34.9166    1470.43    1470.42   7179.392    6.50677   89.69386     -0.961    -0.0026    245.000  1028.8732  1028.8737    34.9170    34.9173    1470.43    1470.42    6.50859     -0.725    -0.0026 0.0000e+00
   7180.725  -39.33176   59.70672    244.000    246.464     3.9695     3.9661   3.257001   3.256713    97.4439    -0.0190     2.2353      98.78         10  1028.8678  1028.8684    34.9164    34.9166    1470.42    1470.41   7180.725    6.50692   89.69943     -0.720    -0.0034    244.000  1028.8685  1028.8690    34.9173    34.9175    1470.42    1470.41    6.50814     -0.904    -0.0034 0.0000e+00
   7181.698  -39.33176   59.70672    243.000    245.453     3.9699     3.9698   3.256974   3.257018    97.4340    -0.0201     2.2363      98.78         10  1028.8634  1028.8633    34.9167    34.9167    1470.41    1470.41   7181.698    6.50697   89.70104     -0.906    -0.0001    243.000  1028.8636  1028.8641    34.9172    34.9177    1470.41    1470.41    6.51118     -1.142    -0.0001 0.0000e+00
   7182.526  -39.33176   59.70672    242.000    244.442     3.9761     3.9733   3.257639   3.257292    97.4350    -0.0207     2.2363      98.78         10  1028.8584  1028.8585    34.9173    34.9170    1470.42    1470.41   7182.526    6.50424   89.67728     -1.112    -0.0028    242.000  1028.8597  1028.8591    34.9190    34.9178    1470.42    1470.41    6.50936     -1.238    -0.0028 0.0000e+00
   7183.335  -39.33176   59.70672    241.000    243.432     3.9837     3.9775   3.258264   3.257669    97.4197    -0.0198     2.2375      98.78         10  1028.8531  1028.8535    34.9176    34.9171    1470.43    1470.41   7183.335    6.50626   89.72173     -1.226    -0.0061    241.000  1028.8542  1028.8545    34.9189    34.9184    1470.43    1470.41    6.51174     -1.185    -0.0061 0.0000e+00
   7184.260  -39.33176   59.70672    240.000    242.421     3.9861     3.9829   3.258409   3.258130    97.3969    -0.0194     2.2375      98.77         10  1028.8484  1028.8488    34.9178    34.9178    1470.43    1470.41   7184.260    6.50633   89.72807     -1.188    -0.0032    240.000  1028.8490  1028.8494    34.9186    34.9187    1470.43    1470.41    6.51036     -0.984    -0.0032 0.0000e+00
   7185.461  -39.33176   59.70672    239.000    241.410     3.9870     3.9828   3.258465   3.258081    97.4431    -0.0196     2.2366      98.78         10  1028.8439  1028.8444    34.9181    34.9182    1470.41    1470.40   7185.461    6.50904   89.76763     -0.935    -0.0042    239.000  1028.8444  1028.8448    34.9188    34.9188    1470.42    1470.40    6.50574     -0.784    -0.0042 0.0000e+00
   7186.764  -39.33176   59.70671    238.000    240.400     3.9873     3.9808   3.258434   3.257838    97.4278    -0.0196     2.2358      98.78         10  1028.8392  1028.8398    34.9182    34.9181    1470.40    1470.37   7186.764    6.50803   89.75427     -0.768    -0.0065    238.000  1028.8396  1028.8402    34.9188    34.9186    1470.40    1470.37    6.50173     -0.822    -0.0065 0.0000e+00
   7187.904  -39.33176   59.70670    237.000    239.389     3.9864     3.9861   3.258313   3.258320    97.4285    -0.0199     2.2358      98.78         10  1028.8347  1028.8345    34.9183    34.9180    1470.38    1470.38   7187.904    6.50282   89.68060     -0.840    -0.0003    237.000  1028.8351  1028.8354    34.9188    34.9192    1470.38    1470.38    6.50116     -0.948    -0.0003 0.0000e+00
   7188.911  -39.33176   59.70670    236.000    238.378     3.9882     3.9870   3.258443   3.258322    97.4360    -0.0197     2.2363      98.78         10  1028.8300  1028.8300    34.9184    34.9184    1470.37    1470.37   7188.911    6.49968   89.64121     -0.951    -0.0012    236.000  1028.8303  1028.8303    34.9190    34.9188    1470.37    1470.37    6.50181     -1.057    -0.0012 0.0000e+00
   7189.817  -39.33176   59.70670    235.000    237.368     3.9896     3.9878   3.258527   3.258363    97.4286    -0.0198     2.2365      98.77         10  1028.8251  1028.8253    34.9184    34.9185    1470.36    1470.35   7189.817    6.49899   89.63479     -1.049    -0.0018    235.000  1028.8256  1028.8257    34.9190    34.9190    1470.36    1470.35    6.50139     -1.154    -0.0018 0.0000e+00
   7190.667  -39.33176   59.70670    234.000    236.357     3.9913     3.9884   3.258632   3.258375    97.4187    -0.0197     2.2371      98.78         10  1028.8203  1028.8206    34.9185    34.9184    1470.35    1470.34   7190.667    6.49934   89.64336     -1.143    -0.0029    234.000  1028.8207  1028.8210    34.9190    34.9191    1470.35    1470.34    6.50256     -1.177    -0.0029 0.0000e+00
   7191.542  -39.33177   59.70671    233.000    235.346     3.9929     3.9908   3.258769   3.258571    97.4386    -0.0189     2.2371      98.78         10  1028.8157  1028.8158    34.9188    34.9187    1470.34    1470.33   7191.542    6.49892   89.64123     -1.182    -0.0021    233.000  1028.8162  1028.8163    34.9194    34.9193    1470.34    1470.33    6.50144     -1.081    -0.0021 0.0000e+00
   7192.583  -39.33178   59.70672    232.000    234.336     3.9959     3.9915   3.259015   3.258601    97.4276    -0.0190     2.2368      98.78         10  1028.8108  1028.8114    34.9191    34.9191    1470.34    1470.32   7192.583    6.49958   89.65701     -1.067    -0.0044    232.000  1028.8113  1028.8116    34.9197    34.9195    1470.34    1470.32    6.49893     -0.887    -0.0044 0.0000e+00
   7193.829  -39.33177   59.70671    231.000    233.325     3.9982     3.9927   3.259159   3.258660    97.4277    -0.0190     2.2363      98.78         10  1028.8058  1028.8063    34.9189    34.9188    1470.33    1470.31   7193.829    6.49920   89.65654     -0.853    -0.0055    231.000  1028.8063  1028.8069    34.9195    34.9195    1470.33    1470.31    6.49572     -0.806    -0.0055 0.0000e+00
   7195.039  -39.33176   59.70670    230.000    232.314     3.9990     3.9996   3.259159   3.259301    97.4372    -0.0197     2.2367      98.78         10  1028.8011  1028.8011    34.9191    34.9192    1470.32    1470.32   7195.039    6.49696   89.62750     -0.812     0.0006    230.000  1028.8013  1028.8020    34.9193    34.9203    1470.32    1470.32    6.49630     -0.902     0.0006 0.0000e+00
