Ship_data/Irminger/Irminger-2/ctd/process/uat30_004.cnv
* Sea-Bird SBE 9 Data File:
* FileName = C:\data\ctd\at30_004.hdr
* Software Version Seasave V 7.21f
* Temperature SN = 2265
* Conductivity SN = 3021
* Number of Bytes Per Scan = 40
* Number of Voltage Words = 5
* Number of Scans Averaged by the Deck Unit = 1
* NMEA Latitude = 59 57.06 N
* NMEA Longitude = 039 25.14 W
* NMEA UTC (Time) = Aug 14 2015  14:16:48
# nquan = 36
# nvalues = 2688                        
# units = specified
# name 0 = timeS: Time, Elapsed [seconds]
# name 1 = longitude: Longitude [deg]
# name 2 = latitude: Latitude [deg]
# name 3 = depSM: Depth [salt water, m]
# name 4 = prDM: Pressure, Digiquartz [db]
# name 5 = t090C: Temperature [ITS-90, deg C]
# name 6 = t190C: Temperature, 2 [ITS-90, deg C]
# name 7 = c0S/m: Conductivity [S/m]
# name 8 = c1S/m: Conductivity, 2 [S/m]
# name 9 = CStarTr0: Beam Transmission, WET Labs C-Star [%]
# name 10 = flECO-AFL: Fluorescence, WET Labs ECO-AFL/FL [mg/m^3]
# name 11 = sbeox0V: Oxygen raw, SBE 43 [V]
# name 12 = altM: Altimeter [m]
# name 13 = nbf: Bottles Fired
# name 14 = density00: Density [density, Kg/m^3]
# name 15 = density11: Density, 2 [density, Kg/m^3]
# name 16 = sal00: Salinity, Practical [PSU]
# name 17 = sal11: Salinity, Practical, 2 [PSU]
# name 18 = svCM: Sound Velocity [Chen-Millero, m/s]
# name 19 = svCM1: Sound Velocity, 2 [Chen-Millero, m/s]
# name 20 = timeS: Time, Elapsed [seconds]
# name 21 = sbeox0ML/L: Oxygen, SBE 43 [ml/l]
# name 22 = sbeox0PS: Oxygen, SBE 43 [% saturation]
# name 23 = dz/dtM: Descent Rate [m/s]
# name 24 = T2-T190C: Temperature Difference, 2 - 1 [ITS-90, deg C]
# name 25 = depSM: Depth [salt water, m], lat = 59.951
# name 26 = density00: Density [density, Kg/m^3]
# name 27 = density11: Density, 2 [density, Kg/m^3]
# name 28 = sal00: Salinity, Practical [PSU]
# name 29 = sal11: Salinity, Practical, 2 [PSU]
# name 30 = svCM: Sound Velocity [Chen-Millero, m/s]
# name 31 = svCM1: Sound Velocity, 2 [Chen-Millero, m/s]
# name 32 = sbeox0ML/L: Oxygen, SBE 43 [ml/l], WS = 2
# name 33 = dz/dtM: Descent Rate [m/s], WS = 2
# name 34 = T2-T190C: Temperature Difference, 2 - 1 [ITS-90, deg C]
# name 35 = flag: flag
# span 0 =   3597.932,   8015.878       
# span 1 =  -39.41592,  -39.41578       
# span 2 =   59.94832,   59.94838       
# span 3 =      1.000,   2688.000       
# span 4 =      1.010,   2731.196       
# span 5 =     1.4237,     8.2610       
# span 6 =     1.4245,     8.2793       
# span 7 =   3.134174,   3.631838       
# span 8 =   3.134192,   3.633563       
# span 9 =    93.6364,    97.4206       
# span 10 =    -0.0264,    -0.0218      
# span 11 =     1.6895,     2.5372      
# span 12 =      11.20,     100.15      
# span 13 =          0,         11      
# span 14 =  1027.1240,  1040.4633      
# span 15 =  1027.1218,  1040.4623      
# span 16 =    34.8464,    34.9315      
# span 17 =    34.8304,    34.9309      
# span 18 =    1469.49,    1501.94      
# span 19 =    1469.50,    1501.94      
# span 20 =   3597.932,   8015.878      
# span 21 =    6.01403,    6.76076      
# span 22 =   81.18976,  101.46057      
# span 23 =     -2.422,      0.298      
# span 24 =    -0.2385,     0.1057      
# span 25 =      1.000,   2688.000      
# span 26 =  1027.1240,  1040.4633      
# span 27 =  1027.1213,  1040.4624      
# span 28 =    34.8471,    34.9320      
# span 29 =    34.8468,    34.9320      
# span 30 =    1469.49,    1501.95      
# span 31 =    1469.50,    1501.94      
# span 32 =    6.01634,    6.78505      
# span 33 =     -2.430,      0.109      
# span 34 =    -0.2385,     0.1057      
# span 35 = 0.0000e+00, 0.0000e+00      
# interval = meters: 1                  
# start_time = Aug 14 2015 14:16:48 [NMEA time, header]
# bad_flag = -9.990e-29
*END*
[from data line 283]
   4095.800  -39.41580   59.94834   2405.000   2442.009     2.6312     2.6311   3.231186   3.231091    97.3934    -0.0241     1.6933      98.78          0  1039.0168  1039.0160    34.9201    34.9191    1501.31    1501.31   4095.800    6.14737   82.01083     -1.128    -0.0001   2405.000  1039.0176  1039.0167    34.9210    34.9200    1501.32    1501.31    6.14611     -1.061    -0.0001 0.0000e+00
   4096.804  -39.41580   59.94834   2404.000   2440.987     2.6352     2.6336   3.231478   3.231277    97.3943    -0.0236     1.6934      98.78          0  1039.0116  1039.0112    34.9201    34.9193    1501.31    1501.31   4096.804    6.14476   81.98432     -1.058    -0.0017   2404.000  1039.0122  1039.0118    34.9207    34.9201    1501.32    1501.31    6.14541     -0.964    -0.0017 0.0000e+00
   4097.948  -39.41580   59.94835   2403.000   2439.966     2.6357     2.6363   3.231497   3.231488    97.3982    -0.0241     1.6934      98.78          0  1039.0072  1039.0066    34.9203    34.9196    1501.30    1501.30   4097.948    6.14389   81.97370     -0.946     0.0006   2403.000  1039.0077  1039.0071    34.9209    34.9202    1501.30    1501.30    6.14427     -0.827     0.0006 0.0000e+00
   4099.251  -39.41581   59.94836   2402.000   2438.945     2.6378     2.6344   3.231610   3.231299    97.3973    -0.0230     1.6935      98.78          0  1039.0022  1039.0026    34.9201    34.9199    1501.29    1501.28   4099.251    6.14345   81.97202     -0.802    -0.0034   2402.000  1039.0026  1039.0029    34.9206    34.9204    1501.29    1501.28    6.14356     -0.823    -0.0034 0.0000e+00
   4100.377  -39.41582   59.94836   2401.000   2437.924     2.6376     2.6383   3.231590   3.231594    97.3956    -0.0235     1.6935      98.78          0  1038.9979  1038.9969    34.9205    34.9193    1501.27    1501.27   4100.377    6.14214   81.95432     -0.837     0.0008   2401.000  1038.9984  1038.9977    34.9211    34.9203    1501.27    1501.28    6.14293     -1.039     0.0008 0.0000e+00
   4101.267  -39.41581   59.94835   2400.000   2436.903     2.6411     2.6426   3.231928   3.231927    97.3922    -0.0240     1.6938      98.78          0  1038.9932  1038.9918    34.9209    34.9194    1501.27    1501.28   4101.267    6.14164   81.95496     -1.020     0.0015   2400.000  1038.9940  1038.9926    34.9219    34.9203    1501.27    1501.28    6.14278     -1.207     0.0015 0.0000e+00
   4102.073  -39.41580   59.94834   2399.000   2435.882     2.6485     2.6488   3.232581   3.232490    97.3909    -0.0238     1.6940      98.78          0  1038.9878  1038.9866    34.9212    34.9197    1501.29    1501.29   4102.073    6.13886   81.93311     -1.181     0.0003   2399.000  1038.9886  1038.9875    34.9223    34.9209    1501.29    1501.29    6.14181     -1.255     0.0003 0.0000e+00
   4102.896  -39.41580   59.94834   2398.000   2434.860     2.6512     2.6515   3.232782   3.232715    97.3923    -0.0226     1.6940      98.78          0  1038.9832  1038.9823    34.9215    34.9205    1501.28    1501.28   4102.896    6.13918   81.94318     -1.255     0.0002   2398.000  1038.9838  1038.9829    34.9223    34.9213    1501.28    1501.28    6.14071     -1.171     0.0002 0.0000e+00
   4103.849  -39.41580   59.94834   2397.000   2433.839     2.6522     2.6527   3.232823   3.232801    97.3882    -0.0228     1.6940      98.78          0  1038.9785  1038.9778    34.9216    34.9209    1501.27    1501.27   4103.849    6.13993   81.95518     -1.171     0.0005   2397.000  1038.9790  1038.9784    34.9223    34.9216    1501.27    1501.27    6.13962     -0.976     0.0005 0.0000e+00
   4105.053  -39.41581   59.94835   2396.000   2432.818     2.6527     2.6515   3.232832   3.232663    97.3825    -0.0232     1.6942      98.78          0  1038.9740  1038.9736    34.9218    34.9212    1501.25    1501.25   4105.053    6.13814   81.93243     -0.931    -0.0012   2396.000  1038.9744  1038.9740    34.9223    34.9216    1501.25    1501.25    6.13946     -0.781    -0.0012 0.0000e+00
   4106.434  -39.41582   59.94836   2395.000   2431.797     2.6529     2.6521   3.232806   3.232676    97.3847    -0.0243     1.6944      98.78          0  1038.9695  1038.9691    34.9218    34.9212    1501.24    1501.23   4106.434    6.13845   81.93709     -0.750    -0.0009   2395.000  1038.9697  1038.9695    34.9223    34.9216    1501.24    1501.23    6.13963     -0.751    -0.0009 0.0000e+00
   4107.739  -39.41582   59.94836   2394.000   2430.776     2.6524     2.6525   3.232739   3.232671    97.3944    -0.0228     1.6941      98.78          0  1038.9651  1038.9645    34.9220    34.9212    1501.22    1501.22   4107.739    6.13854   81.93729     -0.764     0.0001   2394.000  1038.9655  1038.9648    34.9225    34.9216    1501.22    1501.22    6.13749     -0.825     0.0001 0.0000e+00
   4108.901  -39.41582   59.94836   2393.000   2429.755     2.6561     2.6567   3.233048   3.233024    97.3901    -0.0233     1.6937      98.78          0  1038.9601  1038.9592    34.9222    34.9211    1501.22    1501.22   4108.901    6.13774   81.93423     -0.840     0.0006   2393.000  1038.9606  1038.9598    34.9227    34.9218    1501.22    1501.22    6.13401     -0.968     0.0006 0.0000e+00
   4109.861  -39.41580   59.94836   2392.000   2428.734     2.6586     2.6611   3.233270   3.233395    97.3923    -0.0247     1.6935      98.78          0  1038.9554  1038.9541    34.9225    34.9211    1501.21    1501.22   4109.861    6.13448   81.89603     -0.965     0.0025   2392.000  1038.9561  1038.9548    34.9232    34.9221    1501.21    1501.22    6.13160     -1.176     0.0025 0.0000e+00
   4110.660  -39.41580   59.94836   2391.000   2427.712     2.6638     2.6645   3.233714   3.233663    97.3923    -0.0236     1.6935      98.78          0  1038.9502  1038.9492    34.9226    34.9214    1501.22    1501.22   4110.660    6.13157   81.86760     -1.131     0.0008   2391.000  1038.9510  1038.9498    34.9236    34.9222    1501.22    1501.22    6.12997     -1.388     0.0008 0.0000e+00
   4111.346  -39.41580   59.94835   2390.000   2426.691     2.6679     2.6683   3.234046   3.233956    97.3923    -0.0232     1.6935      98.78          0  1038.9453  1038.9440    34.9228    34.9212    1501.22    1501.22   4111.346    6.12892   81.84062     -1.309     0.0005   2390.000  1038.9460  1038.9447    34.9238    34.9222    1501.22    1501.22    6.12845     -1.549     0.0005 0.0000e+00
   4111.975  -39.41580   59.94834   2389.000   2425.670     2.6699     2.6701   3.234158   3.234088    97.3907    -0.0232     1.6935      98.78          0  1038.9403  1038.9395    34.9227    34.9216    1501.21    1501.21   4111.975    6.12700   81.81904     -1.473     0.0002   2389.000  1038.9409  1038.9401    34.9234    34.9224    1501.21    1501.21    6.12689     -1.606     0.0002 0.0000e+00
   4112.605  -39.41582   59.94834   2388.000   2424.649     2.6713     2.6711   3.234232   3.234128    97.3923    -0.0234     1.6935      98.78          0  1038.9354  1038.9348    34.9226    34.9217    1501.20    1501.19   4112.605    6.12641   81.81396     -1.586    -0.0002   2388.000  1038.9360  1038.9353    34.9233    34.9223    1501.20    1501.19    6.12584     -1.548    -0.0002 0.0000e+00
   4113.296  -39.41582   59.94835   2387.000   2423.628     2.6725     2.6720   3.234312   3.234185    97.3980    -0.0243     1.6936      98.78          0  1038.9308  1038.9303    34.9227    34.9219    1501.18    1501.18   4113.296    6.12528   81.80145     -1.586    -0.0006   2387.000  1038.9314  1038.9308    34.9234    34.9225    1501.19    1501.18    6.12552     -1.315    -0.0006 0.0000e+00
   4115.255  -39.41582   59.94836   2386.000   2422.607     2.6722     2.6719   3.234232   3.234150    97.3951    -0.0240     1.6937      98.78          0  1038.9265  1038.9260    34.9229    34.9222    1501.17    1501.16   4115.255    6.12519   81.79974     -0.724    -0.0003   2386.000  1038.9269  1038.9264    34.9233    34.9226    1501.17    1501.16    6.12516     -0.463    -0.0003 0.0000e+00
   4118.186  -39.41582   59.94836   2385.000   2421.586     2.6707     2.6700   3.234044   3.233904    97.3961    -0.0255     1.6935      98.78          0  1038.9221  1038.9218    34.9228    34.9223    1501.14    1501.14   4118.186    6.12397   81.78034     -0.314    -0.0007   2385.000  1038.9224  1038.9218    34.9231    34.9222    1501.14    1501.14    6.12389     -1.154    -0.0007 0.0000e+00
   4118.795  -39.41582   59.94836   2384.000   2420.565     2.6732     2.6713   3.234230   3.233984    97.3958    -0.0238     1.6937      98.78          0  1038.9171  1038.9165    34.9227    34.9216    1501.14    1501.13   4118.795    6.12246   81.76518     -0.931    -0.0020   2384.000  1038.9175  1038.9170    34.9232    34.9223    1501.14    1501.13    6.12324     -1.584    -0.0020 0.0000e+00
   4119.389  -39.41582   59.94836   2383.000   2419.543     2.6752     2.6759   3.234364   3.234323    97.3963    -0.0230     1.6939      98.78          0  1038.9121  1038.9109    34.9225    34.9210    1501.13    1501.13   4119.389    6.12131   81.75374     -1.373     0.0007   2383.000  1038.9126  1038.9115    34.9231    34.9219    1501.13    1501.13    6.12324     -1.790     0.0007 0.0000e+00
   4119.933  -39.41582   59.94836   2382.000   2418.522     2.6775     2.6777   3.234517   3.234422    97.3960    -0.0229     1.6936      98.78          0  1038.9070  1038.9061    34.9223    34.9211    1501.12    1501.12   4119.933    6.12057   81.74835     -1.649     0.0002   2382.000  1038.9076  1038.9066    34.9231    34.9217    1501.12    1501.12    6.12048     -1.877     0.0002 0.0000e+00
   4120.463  -39.41582   59.94835   2381.000   2417.501     2.6813     2.6802   3.234816   3.234605    97.3945    -0.0255     1.6937      98.78          0  1038.9019  1038.9012    34.9222    34.9212    1501.12    1501.11   4120.463    6.11863   81.73024     -1.809    -0.0011   2381.000  1038.9026  1038.9017    34.9231    34.9218    1501.12    1501.11    6.11958     -1.899    -0.0011 0.0000e+00
   4121.004  -39.41582   59.94834   2380.000   2416.480     2.6841     2.6828   3.235026   3.234810    97.3905    -0.0235     1.6945      98.78          0  1038.8970  1038.8962    34.9222    34.9211    1501.11    1501.11   4121.004    6.11822   81.73035     -1.883    -0.0013   2380.000  1038.8976  1038.8969    34.9231    34.9219    1501.11    1501.11    6.12266     -1.850    -0.0013 0.0000e+00
   4121.563  -39.41582   59.94834   2379.000   2415.459     2.6861     2.6848   3.235169   3.234964    97.3922    -0.0234     1.6947      98.78          0  1038.8923  1038.8915    34.9225    34.9213    1501.10    1501.10   4121.563    6.11794   81.73083     -1.892    -0.0013   2379.000  1038.8928  1038.8921    34.9232    34.9221    1501.11    1501.10    6.12249     -1.716    -0.0013 0.0000e+00
   4122.201  -39.41582   59.94834   2378.000   2414.438     2.6880     2.6865   3.235299   3.235077    97.3909    -0.0252     1.6947      98.78          0  1038.8876  1038.8870    34.9226    34.9216    1501.10    1501.09   4122.201    6.11585   81.70679     -1.804    -0.0015   2378.000  1038.8881  1038.8875    34.9232    34.9222    1501.10    1501.09    6.12142     -1.442    -0.0015 0.0000e+00
   4123.096  -39.41582   59.94835   2377.000   2413.417     2.6869     2.6858   3.235128   3.234997    97.3947    -0.0239     1.6948      98.78          0  1038.8832  1038.8828    34.9226    34.9220    1501.07    1501.07   4123.096    6.11951   81.75353     -1.467    -0.0011   2377.000  1038.8833  1038.8832    34.9228    34.9224    1501.07    1501.07    6.12104     -0.873    -0.0011 0.0000e+00
   4126.730  -39.41584   59.94836   2376.000   2412.396     2.6824     2.6848   3.234704   3.234859    97.3938    -0.0241     1.6951      98.78          0  1038.8794  1038.8785    34.9229    34.9222    1501.04    1501.05   4126.730    6.12212   81.77935      0.092     0.0025   2376.000  1038.8796  1038.8787    34.9230    34.9223    1501.04    1501.05    6.12241     -0.313     0.0025 0.0000e+00
   4127.682  -39.41584   59.94836   2375.000   2411.375     2.6840     2.6848   3.234800   3.234786    97.3938    -0.0247     1.6950      98.78          0  1038.8745  1038.8737    34.9226    34.9217    1501.03    1501.03   4127.682    6.12062   81.76243     -0.774     0.0008   2375.000  1038.8748  1038.8738    34.9229    34.9219    1501.03    1501.03    6.12090     -1.406     0.0008 0.0000e+00
   4128.345  -39.41584   59.94835   2374.000   2410.354     2.6877     2.6872   3.235143   3.234947    97.3943    -0.0236     1.6951      98.78          0  1038.8694  1038.8684    34.9226    34.9212    1501.02    1501.02   4128.345    6.11894   81.74757     -1.223    -0.0006   2374.000  1038.8701  1038.8689    34.9236    34.9218    1501.03    1501.02    6.12028     -1.667    -0.0006 0.0000e+00
   4128.924  -39.41584   59.94834   2373.000   2409.333     2.6941     2.6922   3.235680   3.235368    97.3943    -0.0241     1.6953      98.78          0  1038.8641  1038.8628    34.9228    34.9209    1501.04    1501.02   4128.924    6.11800   81.74796     -1.532    -0.0019   2373.000  1038.8649  1038.8638    34.9238    34.9221    1501.04    1501.03    6.11939     -1.781    -0.0019 0.0000e+00
   4129.488  -39.41584   59.94834   2372.000   2408.312     2.6972     2.6966   3.235925   3.235739    97.3879    -0.0218     1.6960      98.78          0  1038.8591  1038.8579    34.9229    34.9212    1501.03    1501.03   4129.488    6.11556   81.72177     -1.713    -0.0006   2372.000  1038.8599  1038.8586    34.9239    34.9223    1501.03    1501.03    6.12117     -1.801    -0.0006 0.0000e+00
   4130.054  -39.41584   59.94834   2371.000   2407.291     2.7016     2.6996   3.236323   3.235994    97.3888    -0.0234     1.6960      98.78          0  1038.8541  1038.8533    34.9232    34.9217    1501.03    1501.02   4130.054    6.11617   81.73888     -1.793    -0.0019   2371.000  1038.8552  1038.8540    34.9245    34.9226    1501.04    1501.02    6.11991     -1.724    -0.0019 0.0000e+00
   4130.670  -39.41584   59.94834   2370.000   2406.270     2.7050     2.7021   3.236525   3.236200    97.4011    -0.0233     1.6961      98.78          0  1038.8490  1038.8488    34.9231    34.9223    1501.03    1501.02   4130.670    6.11298   81.70303     -1.780    -0.0028   2370.000  1038.8496  1038.8492    34.9238    34.9229    1501.03    1501.02    6.11895     -1.531    -0.0028 0.0000e+00
   4131.424  -39.41584   59.94834   2369.000   2405.249     2.7056     2.7029   3.236559   3.236240    97.3983    -0.0239     1.6964      98.78          0  1038.8446  1038.8442    34.9234    34.9224    1501.02    1501.00   4131.424    6.11732   81.76238     -1.606    -0.0026   2369.000  1038.8452  1038.8447    34.9241    34.9231    1501.02    1501.00    6.11935     -1.167    -0.0026 0.0000e+00
   4133.151  -39.41584   59.94835   2368.000   2404.228     2.7017     2.6995   3.236155   3.235896    97.3963    -0.0236     1.6961      98.78          0  1038.8408  1038.8406    34.9236    34.9228    1500.98    1500.97   4133.151    6.11855   81.77112     -0.771    -0.0022   2368.000  1038.8409  1038.8407    34.9238    34.9231    1500.98    1500.97    6.11794     -0.453    -0.0022 0.0000e+00
   4135.608  -39.41586   59.94836   2367.000   2403.207     2.7023     2.6986   3.236155   3.235739    97.3957    -0.0233     1.6960      98.78          0  1038.8361  1038.8358    34.9234    34.9225    1500.97    1500.95   4135.608    6.11664   81.74672     -0.327    -0.0037   2367.000  1038.8363  1038.8359    34.9237    34.9226    1500.97    1500.95    6.11639     -0.864    -0.0037 0.0000e+00
