Ship_data/Irminger/Irminger-2/ctd/process/uat30_005.cnv
* Sea-Bird SBE 9 Data File:
* FileName = C:\data\ctd\at30_005.hdr
* Software Version Seasave V 7.21f
* Temperature SN = 2265
* Conductivity SN = 3021
* Number of Bytes Per Scan = 40
* Number of Voltage Words = 5
* Number of Scans Averaged by the Deck Unit = 1
* NMEA Latitude = 59 59.33 N
* NMEA Longitude = 039 27.67 W
* NMEA UTC (Time) = Aug 14 2015  19:36:17
# nquan = 36
# nvalues = 2660                        
# units = specified
# name 0 = timeS: Time, Elapsed [seconds]
# name 1 = longitude: Longitude [deg]
# name 2 = latitude: Latitude [deg]
# name 3 = depSM: Depth [salt water, m]
# name 4 = prDM: Pressure, Digiquartz [db]
# name 5 = t090C: Temperature [ITS-90, deg C]
# name 6 = t190C: Temperature, 2 [ITS-90, deg C]
# name 7 = c0S/m: Conductivity [S/m]
# name 8 = c1S/m: Conductivity, 2 [S/m]
# name 9 = CStarTr0: Beam Transmission, WET Labs C-Star [%]
# name 10 = flECO-AFL: Fluorescence, WET Labs ECO-AFL/FL [mg/m^3]
# name 11 = sbeox0V: Oxygen raw, SBE 43 [V]
# name 12 = altM: Altimeter [m]
# name 13 = nbf: Bottles Fired
# name 14 = density00: Density [density, Kg/m^3]
# name 15 = density11: Density, 2 [density, Kg/m^3]
# name 16 = sal00: Salinity, Practical [PSU]
# name 17 = sal11: Salinity, Practical, 2 [PSU]
# name 18 = svCM: Sound Velocity [Chen-Millero, m/s]
# name 19 = svCM1: Sound Velocity, 2 [Chen-Millero, m/s]
# name 20 = timeS: Time, Elapsed [seconds]
# name 21 = sbeox0ML/L: Oxygen, SBE 43 [ml/l]
# name 22 = sbeox0PS: Oxygen, SBE 43 [% saturation]
# name 23 = dz/dtM: Descent Rate [m/s]
# name 24 = T2-T190C: Temperature Difference, 2 - 1 [ITS-90, deg C]
# name 25 = depSM: Depth [salt water, m], lat = 59.9888
# name 26 = density00: Density [density, Kg/m^3]
# name 27 = density11: Density, 2 [density, Kg/m^3]
# name 28 = sal00: Salinity, Practical [PSU]
# name 29 = sal11: Salinity, Practical, 2 [PSU]
# name 30 = svCM: Sound Velocity [Chen-Millero, m/s]
# name 31 = svCM1: Sound Velocity, 2 [Chen-Millero, m/s]
# name 32 = sbeox0ML/L: Oxygen, SBE 43 [ml/l], WS = 2
# name 33 = dz/dtM: Descent Rate [m/s], WS = 2
# name 34 = T2-T190C: Temperature Difference, 2 - 1 [ITS-90, deg C]
# name 35 = flag: flag
# span 0 =   3335.183,   7561.619       
# span 1 =  -39.48472,  -39.47350       
# span 2 =   59.99422,   59.99906       
# span 3 =      1.000,   2659.999       
# span 4 =      1.010,   2702.575       
# span 5 =     1.4177,     8.6129       
# span 6 =     1.4183,     8.5811       
# span 7 =   3.132965,   3.665874       
# span 8 =   3.132972,   3.662972       
# span 9 =    93.2611,    97.4822       
# span 10 =    -0.0255,    -0.0214      
# span 11 =     1.6924,     2.5553      
# span 12 =       9.65,     105.35      
# span 13 =          0,         25      
# span 14 =  1027.0792,  1040.3367      
# span 15 =  1027.0842,  1040.3359      
# span 16 =    34.8481,    35.0142      
# span 17 =    34.8437,    35.0123      
# span 18 =    1472.20,    1501.65      
# span 19 =    1472.21,    1501.66      
# span 20 =   3335.183,   7561.619      
# span 21 =    6.01956,    6.83763      
# span 22 =   81.49043,  102.09776      
# span 23 =     -1.959,      0.061      
# span 24 =    -0.2375,     0.0861      
# span 25 =      1.000,   2660.000      
# span 26 =  1027.0801,  1040.3367      
# span 27 =  1027.0880,  1040.3359      
# span 28 =    34.8500,    35.0185      
# span 29 =    34.8489,    35.0151      
# span 30 =    1472.20,    1501.66      
# span 31 =    1472.21,    1501.66      
# span 32 =    6.02235,    6.83278      
# span 33 =     -1.964,      0.142      
# span 34 =    -0.2375,     0.0861      
# span 35 = 0.0000e+00, 0.0000e+00      
# interval = meters: 1                  
# start_time = Aug 14 2015 19:36:17 [NMEA time, header]
# bad_flag = -9.990e-29
*END*
[from data line 1129]
   5069.007  -39.47946   59.99682   1530.999   1551.321     3.5244     3.5248   3.274797   3.274797    97.4068    -0.0226     1.8457      98.78          5  1034.8993  1034.8990    34.9257    34.9253    1490.16    1490.16   5069.007    6.02732   82.19931     -1.484     0.0003   1531.000  1034.8995  1034.8993    34.9259    34.9256    1490.16    1490.16    6.02899     -1.178     0.0003 0.0000e+00
   5070.235  -39.47946   59.99682   1529.999   1550.304     3.5250     3.5253   3.274809   3.274816    97.4049    -0.0234     1.8453      98.78          5  1034.8948  1034.8945    34.9258    34.9255    1490.14    1490.14   5070.235    6.02810   82.21110     -1.047     0.0004   1530.000  1034.8950  1034.8947    34.9261    34.9257    1490.14    1490.14    6.02649     -0.666     0.0004 0.0000e+00
   5072.089  -39.47948   59.99682   1528.999   1549.287     3.5254     3.5261   3.274791   3.274816    97.4163    -0.0229     1.8455      98.78          5  1034.8900  1034.8895    34.9257    34.9252    1490.13    1490.13   5072.089    6.02685   82.19479     -0.468     0.0007   1529.000  1034.8901  1034.8898    34.9259    34.9254    1490.13    1490.13    6.02646     -0.710     0.0007 0.0000e+00
   5073.159  -39.47948   59.99682   1527.999   1548.270     3.5258     3.5260   3.274767   3.274755    97.4185    -0.0229     1.8457      98.78          5  1034.8853  1034.8850    34.9256    34.9252    1490.11    1490.11   5073.159    6.02339   82.14838     -0.777     0.0002   1528.000  1034.8854  1034.8851    34.9257    34.9253    1490.11    1490.11    6.02659     -1.098     0.0002 0.0000e+00
   5074.000  -39.47948   59.99684   1526.999   1547.253     3.5255     3.5261   3.274668   3.274713    97.4185    -0.0234     1.8461      98.78          5  1034.8805  1034.8802    34.9253    34.9251    1490.09    1490.10   5074.000    6.02544   82.17569     -1.060     0.0006   1527.000  1034.8805  1034.8804    34.9253    34.9252    1490.09    1490.10    6.02765     -1.244     0.0006 0.0000e+00
   5074.798  -39.47948   59.99684   1525.999   1546.236     3.5252     3.5259   3.274578   3.274628    97.4185    -0.0241     1.8464      98.78          5  1034.8757  1034.8755    34.9250    34.9248    1490.08    1490.08   5074.798    6.02472   82.16498     -1.223     0.0008   1526.000  1034.8759  1034.8755    34.9251    34.9249    1490.08    1490.08    6.02846     -1.245     0.0008 0.0000e+00
   5075.636  -39.47949   59.99684   1524.999   1545.219     3.5241     3.5254   3.274382   3.274510    97.4159    -0.0226     1.8466      98.78          5  1034.8710  1034.8708    34.9246    34.9246    1490.05    1490.06   5075.636    6.02578   82.17706     -1.252     0.0012   1525.000  1034.8708  1034.8707    34.9244    34.9246    1490.05    1490.06    6.02845     -1.156     0.0012 0.0000e+00
   5076.573  -39.47950   59.99684   1523.999   1544.202     3.5217     3.5235   3.274092   3.274272    97.4086    -0.0228     1.8469      98.78          5  1034.8663  1034.8663    34.9241    34.9243    1490.03    1490.03   5076.573    6.02685   82.18642     -1.162     0.0018   1524.000  1034.8663  1034.8662    34.9240    34.9242    1490.02    1490.03    6.02949     -1.047     0.0018 0.0000e+00
   5077.574  -39.47950   59.99684   1522.999   1543.185     3.5218     3.5228   3.274056   3.274134    97.4108    -0.0231     1.8473      98.78          5  1034.8617  1034.8615    34.9240    34.9239    1490.01    1490.01   5077.574    6.02761   82.19689     -1.047     0.0011   1523.000  1034.8617  1034.8613    34.9240    34.9238    1490.01    1490.01    6.03048     -1.006     0.0011 0.0000e+00
   5078.611  -39.47950   59.99684   1521.999   1542.168     3.5227     3.5232   3.274100   3.274118    97.4007    -0.0227     1.8477      98.78          5  1034.8568  1034.8567    34.9239    34.9237    1490.00    1490.00   5078.611    6.02781   82.20161     -1.003     0.0004   1522.000  1034.8569  1034.8567    34.9240    34.9238    1490.00    1490.00    6.03151     -0.922     0.0004 0.0000e+00
   5079.908  -39.47949   59.99684   1520.999   1541.151     3.5232     3.5236   3.274108   3.274116    97.4016    -0.0230     1.8481      98.78          5  1034.8523  1034.8519    34.9240    34.9237    1489.98    1489.98   5079.908    6.02937   82.22387     -0.859     0.0004   1521.000  1034.8523  1034.8521    34.9241    34.9237    1489.98    1489.98    6.03242     -0.648     0.0004 0.0000e+00
   5081.838  -39.47949   59.99684   1519.999   1540.135     3.5247     3.5252   3.274175   3.274193    97.4106    -0.0222     1.8482      98.78          5  1034.8473  1034.8470    34.9237    34.9235    1489.97    1489.97   5081.838    6.03183   82.26021     -0.483     0.0005   1520.000  1034.8473  1034.8470    34.9238    34.9235    1489.97    1489.97    6.03180     -0.611     0.0005 0.0000e+00
   5083.013  -39.47950   59.99684   1518.999   1539.118     3.5250     3.5247   3.274158   3.274090    97.4123    -0.0237     1.8480      98.78          5  1034.8427  1034.8424    34.9238    34.9234    1489.95    1489.95   5083.013    6.03009   82.23711     -0.702    -0.0003   1519.000  1034.8428  1034.8424    34.9238    34.9233    1489.95    1489.95    6.02990     -1.155    -0.0003 0.0000e+00
   5083.765  -39.47951   59.99684   1517.999   1538.101     3.5251     3.5254   3.274149   3.274126    97.4139    -0.0232     1.8479      98.78          5  1034.8383  1034.8376    34.9240    34.9234    1489.94    1489.94   5083.765    6.03150   82.25677     -1.053     0.0003   1518.000  1034.8383  1034.8378    34.9240    34.9235    1489.94    1489.94    6.02863     -1.458     0.0003 0.0000e+00
   5084.405  -39.47952   59.99684   1516.999   1537.084     3.5258     3.5263   3.274159   3.274162    97.4098    -0.0243     1.8486      98.78          5  1034.8334  1034.8330    34.9238    34.9234    1489.92    1489.92   5084.405    6.02892   82.22283     -1.336     0.0005   1517.000  1034.8335  1034.8330    34.9239    34.9235    1489.92    1489.92    6.03090     -1.604     0.0005 0.0000e+00
   5085.020  -39.47952   59.99686   1515.999   1536.067     3.5264     3.5268   3.274164   3.274165    97.4072    -0.0234     1.8491      98.78          5  1034.8286  1034.8282    34.9238    34.9234    1489.91    1489.91   5085.020    6.02718   82.20031     -1.535     0.0004   1516.000  1034.8287  1034.8284    34.9239    34.9235    1489.91    1489.91    6.03222     -1.631     0.0004 0.0000e+00
   5085.650  -39.47952   59.99686   1514.999   1535.050     3.5275     3.5277   3.274224   3.274200    97.4103    -0.0228     1.8493      98.78          5  1034.8240  1034.8235    34.9238    34.9233    1489.90    1489.90   5085.650    6.02701   82.20002     -1.628     0.0002   1515.000  1034.8241  1034.8236    34.9240    34.9235    1489.90    1489.90    6.03245     -1.541     0.0002 0.0000e+00
   5086.350  -39.47952   59.99686   1513.999   1534.033     3.5283     3.5282   3.274258   3.274209    97.4089    -0.0227     1.8499      98.78          5  1034.8192  1034.8190    34.9238    34.9235    1489.88    1489.88   5086.350    6.02719   82.20426     -1.588    -0.0001   1514.000  1034.8193  1034.8191    34.9240    34.9236    1489.88    1489.88    6.03406     -1.313    -0.0001 0.0000e+00
   5087.314  -39.47952   59.99686   1512.999   1533.016     3.5319     3.5308   3.274586   3.274422    97.4065    -0.0233     1.8502      98.78          5  1034.8143  1034.8140    34.9241    34.9234    1489.88    1489.88   5087.314    6.02936   82.24133     -1.302    -0.0012   1513.000  1034.8148  1034.8143    34.9246    34.9239    1489.88    1489.88    6.03405     -0.844    -0.0012 0.0000e+00
   5089.468  -39.47952   59.99686   1511.999   1531.999     3.5372     3.5354   3.275033   3.274814    97.4119    -0.0230     1.8496      98.78          5  1034.8092  1034.8091    34.9244    34.9238    1489.89    1489.88   5089.468    6.03196   82.28761     -0.409    -0.0018   1512.000  1034.8096  1034.8093    34.9248    34.9241    1489.89    1489.88    6.02952     -0.382    -0.0018 0.0000e+00
   5091.146  -39.47952   59.99686   1510.999   1530.982     3.5388     3.5375   3.275141   3.274955    97.3978    -0.0231     1.8504      98.78          5  1034.8047  1034.8043    34.9246    34.9239    1489.88    1489.87   5091.146    6.02824   82.24011     -0.586    -0.0013   1511.000  1034.8049  1034.8044    34.9249    34.9241    1489.88    1489.87    6.03243     -0.871    -0.0013 0.0000e+00
   5092.162  -39.47952   59.99686   1509.999   1529.965     3.5401     3.5385   3.275244   3.275035    97.4037    -0.0229     1.8504      98.78          5  1034.8000  1034.7997    34.9248    34.9241    1489.87    1489.86   5092.162    6.02965   82.26204     -0.884    -0.0016   1510.000  1034.8004  1034.7999    34.9253    34.9244    1489.87    1489.86    6.03126     -1.067    -0.0016 0.0000e+00
   5093.053  -39.47954   59.99686   1508.999   1528.948     3.5427     3.5413   3.275467   3.275253    97.4022    -0.0233     1.8508      98.78          5  1034.7953  1034.7947    34.9251    34.9240    1489.86    1489.85   5093.053    6.03047   82.27870     -1.052    -0.0014   1509.000  1034.7958  1034.7952    34.9256    34.9246    1489.86    1489.85    6.03161     -1.198    -0.0014 0.0000e+00
   5093.861  -39.47954   59.99686   1507.999   1527.932     3.5434     3.5430   3.275474   3.275373    97.3952    -0.0227     1.8512      98.78          5  1034.7908  1034.7900    34.9252    34.9243    1489.85    1489.84   5093.861    6.02920   82.26272     -1.172    -0.0004   1508.000  1034.7910  1034.7904    34.9255    34.9247    1489.85    1489.84    6.03253     -1.322    -0.0004 0.0000e+00
   5094.595  -39.47955   59.99686   1506.999   1526.915     3.5444     3.5446   3.275546   3.275504    97.3895    -0.0231     1.8518      98.78          5  1034.7861  1034.7855    34.9254    34.9247    1489.83    1489.83   5094.595    6.02909   82.26337     -1.287     0.0002   1507.000  1034.7865  1034.7859    34.9258    34.9251    1489.83    1489.83    6.03443     -1.393     0.0002 0.0000e+00
   5095.314  -39.47956   59.99686   1505.999   1525.898     3.5459     3.5459   3.275676   3.275580    97.3939    -0.0228     1.8529      98.78          5  1034.7815  1034.7808    34.9256    34.9247    1489.82    1489.82   5095.314    6.02949   82.27189     -1.377    -0.0000   1506.000  1034.7820  1034.7811    34.9263    34.9251    1489.82    1489.82    6.03842     -1.383    -0.0000 0.0000e+00
   5096.074  -39.47956   59.99686   1504.999   1524.881     3.5484     3.5475   3.275861   3.275711    97.3777    -0.0222     1.8529      98.78          5  1034.7767  1034.7762    34.9259    34.9250    1489.82    1489.81   5096.074    6.03016   82.28627     -1.396    -0.0009   1505.000  1034.7771  1034.7766    34.9263    34.9255    1489.82    1489.81    6.03696     -1.269    -0.0009 0.0000e+00
   5096.942  -39.47955   59.99686   1503.999   1523.864     3.5513     3.5500   3.276138   3.275930    97.3865    -0.0228     1.8535      98.78          5  1034.7720  1034.7715    34.9261    34.9253    1489.81    1489.81   5096.942    6.03339   82.33624     -1.287    -0.0013   1504.000  1034.7727  1034.7720    34.9271    34.9259    1489.81    1489.81    6.03857     -1.057    -0.0013 0.0000e+00
   5098.089  -39.47954   59.99686   1502.999   1522.847     3.5583     3.5564   3.276755   3.276539    97.3805    -0.0226     1.8541      98.78          5  1034.7670  1034.7665    34.9267    34.9259    1489.83    1489.82   5098.089    6.03458   82.36681     -1.011    -0.0019   1503.000  1034.7676  1034.7673    34.9275    34.9269    1489.83    1489.82    6.03944     -0.768    -0.0019 0.0000e+00
   5099.624  -39.47955   59.99686   1501.999   1521.830     3.5616     3.5600   3.277070   3.276844    97.3805    -0.0226     1.8555      98.78          5  1034.7622  1034.7618    34.9271    34.9264    1489.82    1489.82   5099.624    6.03695   82.40620     -0.689    -0.0016   1502.000  1034.7631  1034.7625    34.9282    34.9272    1489.83    1489.82    6.04434     -0.647    -0.0016 0.0000e+00
   5101.094  -39.47956   59.99686   1500.999   1520.813     3.5718     3.5687   3.277997   3.277627    97.3792    -0.0224     1.8565      98.78          5  1034.7568  1034.7565    34.9280    34.9270    1489.85    1489.84   5101.094    6.03896   82.45466     -0.670    -0.0032   1501.000  1034.7576  1034.7572    34.9289    34.9279    1489.85    1489.84    6.04604     -0.790    -0.0032 0.0000e+00
   5102.244  -39.47956   59.99688   1499.999   1519.797     3.5743     3.5682   3.278201   3.277546    97.3716    -0.0242     1.8568      98.78          5  1034.7522  1034.7522    34.9284    34.9273    1489.85    1489.82   5102.244    6.04447   82.53496     -0.815    -0.0060   1500.000  1034.7529  1034.7527    34.9293    34.9279    1489.85    1489.82    6.04654     -1.005    -0.0060 0.0000e+00
   5103.169  -39.47956   59.99688   1498.999   1518.780     3.5780     3.5740   3.278526   3.278090    97.3541    -0.0236     1.8577      98.78          5  1034.7474  1034.7469    34.9288    34.9275    1489.84    1489.83   5103.169    6.04320   82.52524     -0.994    -0.0040   1499.000  1034.7482  1034.7480    34.9297    34.9288    1489.85    1489.83    6.04874     -1.177    -0.0040 0.0000e+00
   5103.978  -39.47958   59.99688   1497.999   1517.763     3.5795     3.5778   3.278638   3.278419    97.3645    -0.0223     1.8583      98.78          5  1034.7429  1034.7424    34.9291    34.9282    1489.83    1489.83   5103.978    6.04312   82.52731     -1.147    -0.0017   1498.000  1034.7435  1034.7432    34.9300    34.9291    1489.84    1489.83    6.05081     -1.248    -0.0017 0.0000e+00
   5104.799  -39.47958   59.99688   1496.999   1516.746     3.5814     3.5805   3.278782   3.278636    97.3648    -0.0230     1.8588      98.78          5  1034.7383  1034.7377    34.9293    34.9284    1489.83    1489.82   5104.799    6.04558   82.56508     -1.243    -0.0009   1497.000  1034.7388  1034.7384    34.9301    34.9293    1489.83    1489.82    6.05184     -1.202    -0.0009 0.0000e+00
   5105.687  -39.47958   59.99688   1495.999   1515.729     3.5831     3.5817   3.278909   3.278729    97.3661    -0.0232     1.8591      98.78          5  1034.7335  1034.7333    34.9295    34.9289    1489.82    1489.81   5105.687    6.04728   82.59182     -1.212    -0.0014   1496.000  1034.7343  1034.7339    34.9303    34.9297    1489.82    1489.81    6.05217     -1.063    -0.0014 0.0000e+00
   5106.741  -39.47958   59.99688   1494.999   1514.712     3.5874     3.5848   3.279295   3.278992    97.3671    -0.0227     1.8591      98.78          5  1034.7288  1034.7284    34.9300    34.9291    1489.82    1489.81   5106.741    6.04967   82.63319     -1.050    -0.0026   1495.000  1034.7295  1034.7291    34.9309    34.9301    1489.82    1489.81    6.05041     -0.928    -0.0026 0.0000e+00
   5107.845  -39.47958   59.99688   1493.999   1513.695     3.5907     3.5890   3.279536   3.279337    97.3706    -0.0234     1.8600      98.78          5  1034.7238  1034.7234    34.9300    34.9293    1489.81    1489.81   5107.845    6.04948   82.63731     -0.919    -0.0016   1494.000  1034.7244  1034.7241    34.9308    34.9302    1489.82    1489.81    6.05333     -0.990    -0.0016 0.0000e+00
   5108.792  -39.47958   59.99688   1492.999   1512.679     3.5919     3.5894   3.279608   3.279328    97.3599    -0.0236     1.8603      98.78          5  1034.7191  1034.7190    34.9302    34.9296    1489.80    1489.79   5108.792    6.04841   82.62532     -0.988    -0.0024   1493.000  1034.7196  1034.7194    34.9309    34.9301    1489.80    1489.79    6.05354     -1.117    -0.0024 0.0000e+00
